0 33 -1.57339 7.42271
0 34 -1.98062 3.51316
0 35 -5.76758 2.512
0 36 -4.06463 3.52221
0 37 -2.54208 2.80588
0 38 5.35508 6.26735
0 39 -2.65637 2.60433
0 40 1.62035 2.3429
0 41 0.0127045 3.56649
0 42 1.33542 2.79427
0 43 -4.65974 0.325824
0 44 3.88101 1.14645
0 45 3.15988 -1.73375
0 46 -3.10212 2.53965
0 47 -0.564216 2.48357
0 48 -1.17358 2.51123
0 49 -0.101525 2.44122
0 50 -0.695366 -1.3697
0 51 -2.27797 2.36503
0 52 0.555786 -0.338771
0 53 0.533361 0.142183
0 54 0.248245 0.332323
0 56 0.476435 -0.139123
0 59 0.303142 1.13581
1 33 -0.509962 16.9232
1 34 2.33376 8.20677
1 35 3.54364 15.1664
1 36 2.3984 8.41671
1 37 -1.71776 12.8514
1 38 -4.68965 10.2009
1 39 11.2112 13.415
1 40 7.15944 6.77347
1 41 -0.544222 12.1981
1 42 -3.60756 8.75569
1 43 6.37209 9.61315
1 44 2.26081 7.05665
1 45 0.72837 8.14701
1 46 0.688297 6.52288
1 47 -0.0398368 3.23671
1 48 2.45414 2.61104
1 49 -0.135314 2.52137
1 50 3.08944 1.30647
1 51 0.260083 3.67677
1 52 2.59539 3.12073
1 53 1.49009 -0.704446
1 54 0.648582 1.62485
1 55 -1.41435 0.118665
1 56 -0.0540091 0.101234
1 57 0.298869 1.29415
1 58 -0.254381 0.324194
1 59 0.574351 0.235024
1 60 -1.00731 -0.164072
1 63 1.19359 -0.0519083
2 33 12.9134 22.5914
2 34 -12.6272 21.3683
2 35 -9.14573 11.3789
2 36 -3.94076 16.314
2 37 -1.1759 28.3662
2 38 -8.8562 16.2971
2 39 1.69689 13.5105
2 40 6.95596 14.8183
2 41 2.10014 17.4643
2 42 -5.56154 10.1148
2 43 -2.88693 13.2215
2 44 -7.54146 6.48937
2 45 -3.45896 10.1405
2 46 -0.434843 11.8949
2 47 -0.613112 6.71582
2 48 -1.17363 7.29599
2 49 -2.84534 7.94312
2 50 1.24905 3.5172
2 51 0.585763 2.48419
2 52 -4.4494 0.543359
2 53 -0.581825 3.42794
2 54 -1.11352 0.155495
2 55 -2.18348 2.50448
2 56 0.170655 -0.196416
2 57 1.17623 0.621563
2 58 0.52369 -0.262565
2 59 -0.278385 -0.148682
2 60 1.05113 -0.0562582
2 61 -0.206045 -0.46757
2 62 -0.0707288 0.171813
2 63 -0.920225 0.176049
2 64 -0.217917 -0.195161
2 65 0.120318 0.0240904
3 33 -12.0662 40.2433
3 34 -18.0948 31.6017
3 35 -10.3232 31.3061
3 36 2.21458 31.1589
3 37 -6.48446 28.029
3 38 2.42767 34.3274
3 39 -1.14018 16.1198
3 40 -3.22065 20.2115
3 41 -9.50574 9.3846
3 42 8.09145 20.2486
3 43 -19.1326 8.36863
3 44 18.3945 15.422
3 45 19.7401 17.9965
3 46 5.11333 8.6347
3 47 -1.7021 9.45432
3 48 2.04225 4.64899
3 49 -0.0869769 7.25734
3 50 -3.09934 5.51408
3 51 -1.99897 7.19868
3 52 -2.08892 0.44933
3 53 -2.78448 4.90408
3 54 1.34995 -2.89822
3 55 2.10086 -0.627257
3 56 1.58315 -0.656123
3 57 0.100798 -0.00423531
3 58 -2.22059 1.68947
3 59 0.465288 0.613012
3 61 -0.879803 0.399873
3 65 0.200664 -0.0120918
4 33 8.21371 39.9244
4 34 3.99444 22.8111
4 35 20.8595 33.514
4 36 3.66218 25.4713
4 37 -7.90684 26.6858
4 38 16.041 14.4266
4 39 3.79015 23.9919
4 40 4.56216 31.2294
4 41 -0.205296 21.7454
4 42 -6.50982 20.9609
4 43 -6.46609 21.7461
4 44 8.54776 21.2207
4 45 -1.90648 10.1952
4 46 6.61253 17.2762
4 47 5.93887 8.83377
4 48 7.60232 9.77946
4 49 -1.49323 6.82901
4 50 3.37708 3.05357
4 51 -0.6248 4.49617
4 52 -0.0940305 7.68384
4 53 1.78232 4.47366
4 54 -0.887469 0.78651
4 55 -0.918394 0.109525
4 56 0.26372 -0.0760868
4 57 0.0210232 0.0175812
4 58 -0.587462 1.49139
4 59 3.33819 0.501709
4 60 -0.283308 -1.44397
4 61 0.518958 0.517816
4 62 -0.0858084 -0.0981681
5 33 8.34497 38.9908
5 34 -6.43205 32.5935
5 35 -7.30782 38.0726
5 36 10.8368 16.5057
5 37 -5.41999 22.9421
5 38 12.4869 30.9407
5 39 8.24819 26.4686
5 40 8.0539 28.5738
5 41 2.19188 15.0523
5 42 -3.34692 27.5852
5 43 -7.61422 18.1328
5 44 -3.58698 21.2714
5 45 -6.43502 14.248
5 46 8.26004 8.07533
5 47 5.15326 14.0561
5 48 1.59383 0.395329
5 49 8.53217 5.47456
5 50 -0.214333 4.47997
5 51 -0.491887 9.6779
5 52 -0.0575962 4.54584
5 53 -0.0294514 4.65929
5 54 4.1195 4.88517
5 55 -0.730761 1.2516
5 56 -0.425504 -0.244295
5 57 -1.53381 -0.29815
5 58 0.670205 1.77958
5 59 0.738004 -0.604511
5 60 -0.623979 0.203598
5 61 0.137497 0.0146211
5 62 0.22786 0.123242
5 63 0.147761 -0.0770117
5 66 -0.0798139 0.0247668
6 33 0.595445 37.583
6 34 -7.37655 27.9556
6 35 2.55517 27.977
6 36 -0.718308 24.169
6 37 7.47194 22.576
6 38 0.0569791 25.9392
6 39 8.38019 31.3754
6 40 5.07997 21.4822
6 41 16.4466 12.9095
6 42 2.12015 22.7396
6 43 0.0637576 21.6321
6 44 -0.577265 8.5117
6 45 4.07548 15.9144
6 46 -0.319846 8.62768
6 47 5.92613 15.8439
6 48 8.08808 7.67598
6 49 -1.04623 4.99465
6 50 4.49271 2.63944
6 51 -2.83318 4.64265
6 52 3.36389 0.0015611
6 53 8.72458 2.74771
6 54 2.0027 -1.86758
6 55 -0.063867 0.138881
6 56 0.47716 0.0378527
6 57 -0.399427 0.0867186
6 58 0.749752 1.81428
6 59 -0.434101 -1.00653
6 60 0.254331 -0.696883
6 61 -0.0398355 -0.0535805
6 62 1.11804 0.940808
6 63 0.197049 0.36384
6 66 -0.373995 0.247821
7 33 8.78039 40.4482
7 34 4.12961 21.6295
7 35 0.109525 24.9133
7 36 15.3829 40.6194
7 37 -0.944785 24.1924
7 38 28.3613 33.6271
7 39 3.80377 26.5367
7 40 -12.705 17.6466
7 41 3.31915 17.1685
7 42 0.734623 21.0818
7 43 7.48256 28.0088
7 44 -5.71019 10.1682
7 45 -3.44932 19.5357
7 46 -1.07596 15.623
7 47 -9.00088 22.6132
7 48 -4.97543 9.64055
7 49 14.2885 4.60768
7 50 0.287522 10.8345
7 51 4.71133 4.32957
7 52 6.96658 4.60767
7 53 -2.77657 3.23893
7 54 0.235359 2.14275
7 55 -0.158474 2.04241
7 56 -1.63668 2.23569
7 57 0.234778 0.0181667
7 58 -0.355558 -2.33516
7 59 -1.22769 1.2301
7 60 -1.70264 1.12902
7 61 1.38288 1.85723
7 62 0.205225 1.34826
7 63 0.465092 -0.289202
7 64 0.608893 0.596063
7 65 -0.0217681 0.00741425
7 66 0.643665 0.274092
8 33 4.14175 29.2817
8 34 32.9702 26.9769
8 35 11.9567 30.5752
8 36 10.8351 26.4348
8 37 -10.4977 4.32313
8 38 23.1611 17.9414
8 39 15.0216 18.9753
8 40 0.642978 16.0681
8 41 -12.7697 13.1415
8 42 9.28077 23.1891
8 43 -6.9833 13.1553
8 44 -7.46914 18.1632
8 45 3.60837 8.67153
8 46 5.62389 11.0207
8 47 14.7262 14.3403
8 48 2.13278 4.73364
8 49 0.182947 9.48532
8 50 13.1457 8.32077
8 51 2.66289 1.14869
8 52 -5.46776 5.79101
8 53 1.62718 1.36709
8 54 7.14219 4.42722
8 55 -1.53179 2.34996
8 56 -1.34459 0.626795
8 57 -1.9484 0.469263
8 58 -0.435703 0.478992
8 59 0.448607 -0.798035
8 60 1.31339 0.452002
8 61 -0.0796123 0.235446
8 62 0.010801 -0.0127576
8 63 0.853796 0.127366
8 64 -0.730153 -0.893135
8 65 1.7895 0.121266
8 66 0.312979 0.00213486
9 33 -16.4852 30.7703
9 34 7.07976 16.1491
9 35 20.3521 12.1642
9 36 2.38454 14.9926
9 37 -8.83887 25.0761
9 38 -4.80884 17.1238
9 39 2.1813 13.804
9 40 -11.2121 23.1688
9 41 14.8557 17.0793
9 42 7.7565 6.16832
9 43 11.3949 11.4021
9 44 18.3359 16.3324
9 45 3.23062 17.1975
9 46 12.9567 6.53191
9 47 17.1654 11.9783
9 48 1.44121 2.62618
9 49 1.81595 13.1912
9 50 -0.151456 9.81909
9 51 6.69913 2.03295
9 52 4.80104 3.88256
9 53 0.501027 2.24555
9 54 1.71823 -1.1288
9 55 -0.419269 1.43258
9 56 -3.04956 -0.313015
9 57 -0.611813 0.62694
9 58 0.474331 1.54987
9 59 -0.282066 -0.0218525
9 60 0.52739 -0.309377
9 61 -0.14556 -0.103024
9 62 -0.0673451 -0.497355
9 63 0.876353 0.0166344
9 64 -0.348569 0.689687
9 65 -0.283644 0.605015
9 66 0.365492 0.143087
10 33 1.48705 17.0431
10 34 7.1838 5.93521
10 35 9.29384 15.6539
10 36 9.7213 10.3697
10 37 3.11448 17.2962
10 38 7.6802 19.358
10 39 0.604679 10.2643
10 40 3.04704 15.8202
10 41 -5.62256 14.1344
10 42 10.1725 7.81435
10 43 2.3992 15.264
10 44 2.94658 13.6725
10 45 -1.73301 14.0362
10 46 3.8015 10.0128
10 47 -1.59099 0.711596
10 48 8.91639 8.9959
10 49 -1.41551 5.34733
10 50 -0.665222 9.18636
10 51 -2.26013 5.69662
10 52 3.38522 2.42958
10 53 2.68374 7.23057
10 54 3.44591 3.71769
10 55 5.22402 2.39399
10 56 -0.222308 -1.44534
10 57 -1.00322 1.37677
10 58 0.145952 0.737611
10 59 -0.237946 -0.25727
10 60 -0.766938 -0.0274309
10 61 -2.59622 2.17852
10 62 -0.155775 -0.476389
10 63 -0.259536 -0.0805217
10 65 -0.993189 -0.16819
10 66 -0.65293 -0.270256
11 33 9.32102 17.2256
11 34 15.3967 2.235
11 35 -3.06534 16.8258
11 36 8.49114 13.5966
11 37 13.7939 4.57463
11 38 -10.9009 0.306116
11 39 13.3896 14.872
11 40 0.393172 14.5702
11 41 5.75352 11.4115
11 42 6.10523 10.9963
11 43 14.64 13.6706
11 44 11.8068 6.96854
11 45 -1.60436 11.6587
11 46 7.5538 7.53327
11 47 0.174962 9.3426
11 48 9.52268 4.06169
11 49 6.73174 13.5108
11 50 -7.3352 5.46227
11 51 7.02002 6.68101
11 52 0.752516 0.0617807
11 53 6.12516 6.33969
11 54 -1.73899 1.99528
11 55 6.98418 0.775476
11 56 -1.90164 1.69782
11 57 0.296409 -0.429457
11 58 2.87354 0.99
11 59 1.23697 0.785933
11 60 -1.73841 0.190923
11 61 -0.70278 -0.306351
11 62 -1.43022 0.380678
11 63 -0.637981 -0.0850339
11 64 -0.641275 -0.444622
11 65 0.759212 1.19337
11 66 -1.07534 0.73775
12 33 -10.5151 10.9644
12 34 -4.05047 9.86324
12 35 6.61128 2.30475
12 36 16.8627 2.40839
12 37 10.24 7.54617
12 38 12.9289 10.244
12 39 -9.27682 9.19577
12 40 6.46305 10.39
12 41 1.20708 0.168222
12 42 18.538 16.859
12 43 -0.101536 10.8423
12 44 6.72939 5.4587
12 45 -0.580535 7.44748
12 46 1.72637 -1.16056
12 47 8.28441 6.5089
12 48 -2.5928 3.64171
12 49 8.19556 12.877
12 50 4.51005 3.68652
12 51 3.06879 7.33574
12 52 6.49554 0.89813
12 53 3.21828 4.69139
12 54 6.35891 3.91839
12 55 1.5383 0.0759014
12 56 -4.15828 -0.342101
12 57 -2.3283 6.02191
12 58 -1.73835 1.01571
12 59 0.830362 0.70116
12 60 -0.0888612 -0.000404348
12 61 -1.71143 -0.0025974
12 62 -1.60874 -0.295098
12 63 2.0901 1.80943
12 64 -0.901556 0.309562
12 65 0.988066 0.063634
12 66 -0.316197 0.652114
13 33 8.69671 8.14009
13 34 2.1313 4.31513
13 35 9.11137 -0.113849
13 36 6.30878 4.12404
13 37 2.83714 7.49594
13 38 8.57539 -1.16409
13 39 9.33129 0.585406
13 40 10.2131 2.73125
13 41 6.71185 6.99371
13 42 7.38416 6.78517
13 43 14.672 -2.62138
13 44 11.7996 -0.850848
13 45 2.77825 4.46854
13 46 7.15533 10.789
13 47 7.01128 5.22458
13 48 8.741 6.01907
13 49 13.4049 9.624
13 50 4.92116 6.38847
13 51 -3.53992 4.38069
13 52 -1.77928 4.80104
13 53 -0.92104 5.24083
13 54 2.18158 -2.8992
13 55 4.44789 3.79349
13 56 -2.48925 0.306094
13 57 1.09871 3.84671
13 58 -0.129296 -0.0302304
13 59 -2.92466 1.66268
13 60 -0.326884 0.207752
13 61 -0.225539 -0.519543
13 62 1.64597 0.118288
13 63 -0.914382 0.90085
13 64 0.0214798 -0.128746
13 65 0.331195 -0.0212109
13 66 0.660881 0.161193
14 33 6.12248 3.0043
14 34 18.3236 1.14314
14 35 6.28753 -2.96868
14 36 4.62159 -2.50384
14 37 9.36309 -0.621762
14 38 5.30766 0.773897
14 39 -4.42095 11.2638
14 40 2.22679 10.6771
14 41 6.85965 3.15034
14 42 -0.939191 6.41569
14 43 4.2313 -1.14585
14 44 3.54119 4.07466
14 45 12.1562 12.4735
14 46 11.2732 -0.302465
14 47 5.66951 1.68272
14 48 9.65562 6.9445
14 49 8.40876 3.45139
14 50 4.76324 2.03001
14 51 7.21001 6.93534
14 52 6.28952 1.85531
14 53 1.44854 3.65779
14 54 -0.779329 2.9285
14 55 -0.196777 1.89709
14 56 0.341575 0.416758
14 57 -1.49374 -0.987795
14 58 -0.233887 1.92803
14 59 2.54859 0.265764
14 60 0.176995 0.619043
14 61 0.557047 -0.669086
14 62 0.787331 0.21892
14 63 0.865036 0.161793
14 64 -0.152216 0.0556434
14 65 -0.108062 0.15798
14 66 1.73723 0.0866461
15 33 4.90492 1.92762
15 34 13.156 0.278558
15 35 -6.68718 2.29111
15 36 8.14537 0.972867
15 37 13.0736 7.9429
15 38 9.90699 -1.06747
15 39 6.53935 3.04974
15 40 2.58684 7.32875
15 41 6.10212 0.0255611
15 42 12.7282 -2.96537
15 43 7.17062 -5.24443
15 44 10.6777 4.00121
15 45 10.7496 -1.43535
15 46 9.19071 5.2016
15 47 3.15224 6.9903
15 48 9.97315 1.01029
15 49 7.99073 4.90541
15 50 5.05376 6.3756
15 51 1.64866 -1.41478
15 52 2.77441 6.34141
15 53 5.75309 -2.26532
15 54 4.20196 1.5752
15 55 8.18314 3.27156
15 56 -0.234195 -0.823599
15 57 0.912969 0.712409
15 58 -0.286566 0.144835
15 59 -4.0548 3.47211
15 60 0.134604 0.663476
15 61 -0.170884 1.34451
15 62 0.266513 -0.10043
15 63 1.9047 -0.256596
15 64 -0.573058 -0.192742
15 65 -0.457927 0.442287
15 66 0.129256 0.0162692
16 33 4.20358 -1.21309
16 34 10.6919 -3.69912
16 35 6.68366 2.70869
16 36 0.988069 -4.59386
16 37 -0.915878 -4.89544
16 38 9.50521 -4.64769
16 39 0.333324 -2.23337
16 40 5.69182 -4.75527
16 41 15.3677 7.16739
16 42 -6.04732 -4.49266
16 43 12.2299 3.8555
16 44 9.27354 1.44006
16 45 4.73985 7.07468
16 46 10.3225 -0.791038
16 47 4.88805 0.419135
16 48 10.1755 0.331705
16 49 -2.09081 -6.12562
16 50 -0.14247 8.79644
16 51 2.05903 1.49992
16 52 12.4131 3.95809
16 53 -5.10083 3.80854
16 54 0.196658 3.08361
16 55 -4.074 1.90796
16 56 1.32326 1.48597
16 57 2.03498 -0.533425
16 58 3.42843 1.04528
16 59 0.320981 0.754152
16 60 1.46547 -2.76004
16 61 0.796978 -0.0343913
16 62 0.926206 -0.321127
16 63 0.408305 0.551192
16 64 0.328684 0.359641
16 65 -0.574667 -0.841049
16 66 0.800615 0.333286
17 33 -1.84588 -1.44296
17 34 9.52056 1.90973
17 35 9.50995 -1.54147
17 36 0.291661 0.226856
17 37 15.2204 1.03758
17 38 3.65734 -5.17484
17 39 5.78378 0.126195
17 40 6.57059 -0.0948255
17 41 11.649 -0.716624
17 42 2.94758 5.41341
17 43 5.3324 2.30887
17 44 8.49073 0.779333
17 45 -1.62033 -3.52576
17 46 4.71233 6.18704
17 47 10.5619 -1.9078
17 48 10.6426 6.2265
17 49 6.85038 6.26285
17 50 0.13605 1.50929
17 51 1.03497 3.14795
17 52 4.06559 -3.46863
17 53 -0.28476 1.80435
17 54 3.94029 2.59398
17 55 8.07152 1.31961
17 56 0.191204 0.801048
17 57 1.13257 1.36878
17 58 1.75532 -0.0493507
17 59 0.311555 1.53788
17 60 0.525456 -0.0775072
17 61 0.045938 0.134908
17 62 -0.319324 -0.148882
17 63 2.71727 0.824744
17 64 0.964015 -0.175293
17 65 -0.0175265 0.0426849
17 66 -0.537139 0.23942
18 33 4.78445 -5.89633
18 34 12.5945 -0.727219
18 35 12.1749 4.20829
18 36 6.93522 1.59786
18 37 1.60654 -3.91608
18 38 15.7127 -0.859366
18 39 7.91877 0.889429
18 40 -2.57111 4.57041
18 41 4.13275 3.48726
18 42 8.03515 -1.99648
18 43 4.43198 -4.07969
18 44 9.65251 1.81396
18 45 3.91021 7.43779
18 46 1.90143 9.17632
18 47 5.46957 6.33734
18 48 1.75507 0.82493
18 49 5.25194 -0.702132
18 50 9.08427 2.46106
18 51 1.35958 -1.79225
18 52 3.17729 0.0951067
18 53 4.44391 2.45503
18 54 1.68711 5.82879
18 55 2.55424 -0.568224
18 56 0.123146 2.94769
18 57 -0.176845 -0.999669
18 58 1.19014 -0.379361
18 59 -0.243499 -0.105429
18 60 0.0977802 -1.62773
18 61 -0.225211 0.841347
18 62 -0.818341 1.13607
18 63 1.51697 1.01425
18 64 1.67729 0.35657
18 65 -0.314996 0.258775
18 66 -0.997937 0.762734
19 33 5.01342 -3.39321
19 34 2.06147 -3.77183
19 35 -2.17869 1.95167
19 36 0.888493 -0.528397
19 37 6.32186 -1.57036
19 38 7.62347 1.83055
19 39 12.5535 2.41397
19 40 12.6725 -3.38171
19 41 9.79975 5.50624
19 42 8.05004 -0.817001
19 43 -1.33879 -4.73755
19 44 7.37226 -4.39485
19 45 10.7425 1.64641
19 46 2.71425 -4.11564
19 47 6.3415 -6.74493
19 48 3.88611 1.28819
19 49 5.38808 4.91818
19 50 2.51222 -0.609399
19 51 6.06199 -1.26348
19 52 4.65652 0.613729
19 53 4.45974 4.61999
19 54 -3.94736 0.232802
19 55 -1.26543 2.11035
19 56 6.52175 3.80685
19 57 3.58202 1.2018
19 58 -1.02661 2.17425
19 59 0.836118 2.76475
19 60 2.14577 1.54321
19 61 -0.568297 0.868061
19 62 -0.105914 1.36447
19 63 -2.46926 0.88533
19 64 0.462934 0.618736
19 65 -1.54373 0.162109
19 66 0.00405623 0.00470088
20 33 9.02601 -4.96787
20 34 6.0596 0.134631
20 35 5.62329 -4.16924
20 36 5.79341 -1.76405
20 37 4.70547 0.354174
20 38 4.77759 -3.92389
20 39 11.1826 4.90225
20 40 11.8194 -6.70891
20 41 2.4123 -2.71649
20 42 1.40202 -1.41629
20 43 7.07824 -3.84637
20 44 2.76369 4.13702
20 45 8.14757 -0.567957
20 46 3.94365 -6.48201
20 47 8.47365 0.748411
20 48 8.41439 -4.49487
20 49 7.3132 0.677821
20 50 10.6716 3.5592
20 51 6.81014 4.38764
20 52 -0.00169592 -1.83159
20 53 4.66477 2.49476
20 54 7.71972 -0.552194
20 55 1.83337 2.40445
20 56 1.50769 -1.86638
20 57 3.29002 0.479454
20 58 -3.86143 0.571166
20 59 -0.831764 0.335725
20 60 3.01915 2.5592
20 61 0.465434 0.15225
20 62 1.28495 0.370721
20 63 -1.70484 -0.660935
20 64 0.62075 0.319325
20 65 -0.49758 -0.192652
20 66 0.612503 0.898447
21 33 2.80885 -3.86753
21 34 6.9157 -4.32856
21 35 13.8843 -5.56853
21 36 0.927662 -2.88612
21 37 9.46207 1.3339
21 38 5.6938 0.35262
21 39 13.2577 -3.62867
21 40 10.0622 -0.260462
21 41 -1.73171 5.36187
21 42 8.69153 4.66413
21 43 3.03051 -4.34058
21 44 9.45834 7.60524
21 45 6.98028 -2.105
21 46 -7.07365 2.4653
21 47 -0.636676 2.58136
21 48 3.37682 2.33051
21 49 7.54052 -0.921682
21 50 -4.13443 2.61423
21 51 8.21049 -2.90059
21 52 1.89668 -1.46958
21 53 -1.50109 0.569394
21 54 -0.890892 -1.26828
21 55 1.17264 0.680984
21 56 2.35207 0.212847
21 57 -0.282425 -0.523964
21 58 0.71065 3.48978
21 59 1.63632 0.145814
21 60 3.17565 -1.75569
21 61 0.671938 -0.778859
21 62 -0.725145 0.704782
21 63 0.670559 1.25806
21 64 0.664118 0.411479
21 65 0.337062 0.273951
21 66 0.214041 -0.271795
22 33 4.68236 -2.94463
22 34 2.53328 2.10641
22 35 6.71779 -1.89144
22 36 9.77134 -2.70751
22 37 4.39377 1.97636
22 38 3.04444 -3.58489
22 39 9.96249 2.08406
22 40 21.7043 -4.19465
22 41 1.08211 8.88713
22 42 9.07203 -3.2839
22 43 0.811997 -0.705287
22 44 3.89397 2.98282
22 45 16.0309 3.60703
22 46 6.16714 4.33009
22 47 -4.59298 -1.27318
22 48 6.31178 5.65812
22 49 1.42259 5.56904
22 50 2.25743 1.04985
22 51 -6.84527 -3.81801
22 52 8.35198 -0.352006
22 53 5.97381 6.6033
22 54 -0.483454 -2.65115
22 55 3.71684 5.3641
22 56 6.45054 3.18545
22 57 -0.772186 -0.543388
22 58 2.78295 0.798289
22 59 -0.913309 0.37249
22 60 -1.33512 -0.736855
22 61 -0.66838 0.257033
22 62 1.29852 0.213992
22 63 -0.245975 0.468185
22 64 0.83204 -0.429772
22 65 -0.443509 0.0440466
22 66 -0.129688 0.0687154
23 33 5.44168 -5.42237
23 34 0.12973 2.15862
23 35 5.2831 -6.19538
23 36 5.86163 1.00184
23 37 8.69978 0.106301
23 38 0.215144 -2.10219
23 39 -2.32153 2.81373
23 40 15.5343 3.24786
23 41 9.64741 5.64144
23 42 10.6094 -2.69843
23 43 9.24729 -3.78323
23 44 11.2458 1.57023
23 45 8.51979 -2.36567
23 46 2.0827 5.41033
23 47 8.4972 2.28113
23 48 2.62454 3.21426
23 49 5.36864 0.674067
23 50 8.10687 -4.67561
23 51 8.74005 1.57308
23 52 9.61244 0.333046
23 53 1.86517 2.61435
23 54 -2.7898 0.883447
23 55 5.14783 0.515185
23 56 5.87262 -1.71923
23 57 0.628157 0.876455
23 58 1.41893 1.19489
23 59 1.89451 0.482439
23 60 4.06141 5.32019
23 61 -1.3379 1.30335
23 62 1.0526 -0.493536
23 63 0.0180381 1.05816
23 64 -0.474734 -0.362192
23 65 0.408522 -0.137894
23 66 0.458078 0.145659
24 33 1.2958 -1.7485
24 34 0.97693 0.999344
24 35 8.12755 -2.09906
24 36 4.91107 -2.87569
24 37 7.62649 3.83767
24 38 -1.17709 -3.99928
24 39 1.39311 -3.62616
24 40 1.06678 2.67903
24 41 11.3414 5.12736
24 42 -0.989447 2.89616
24 43 6.55716 4.34793
24 44 10.233 4.26367
24 45 11.6301 -1.04528
24 46 6.67241 1.826
24 47 -0.609579 2.52557
24 48 1.89159 3.45735
24 49 1.74023 1.07264
24 50 -1.771 3.73824
24 51 4.62373 1.00648
24 52 5.22781 2.14787
24 53 2.07174 -0.993893
24 54 1.86801 0.462004
24 55 4.14754 2.32008
24 56 2.73452 0.672198
24 57 1.50306 2.08765
24 58 2.00475 1.96277
24 59 0.743793 -0.400498
24 60 1.35029 1.69248
24 61 0.446498 0.53759
24 62 1.48139 -0.111619
24 63 0.807914 -0.783496
24 64 -0.0271102 -0.0163357
24 65 0.0677563 0.50202
24 66 0.0426607 -0.370315
25 33 3.21978 0.201728
25 34 4.39554 -1.65277
25 35 3.92696 0.248168
25 36 11.5651 0.0331687
25 37 7.78548 0.550894
25 38 2.50424 -2.06481
25 39 4.49395 1.19199
25 40 6.94539 -0.000838871
25 41 10.819 -4.53508
25 42 3.66664 0.477909
25 43 -1.99077 2.13276
25 44 -0.300362 5.84476
25 45 0.590509 2.10309
25 46 4.31616 -1.13583
25 47 11.1858 -1.08451
25 48 1.86953 0.330541
25 49 -2.71398 1.1652
25 50 -0.885486 -2.79459
25 51 2.95861 1.67904
25 52 13.284 4.06447
25 53 3.4849 0.445876
25 54 -2.45088 1.56423
25 55 -1.91079 1.72119
25 56 -1.50601 0.491316
25 57 1.74116 -0.0719586
25 58 -4.63408 1.72453
25 59 0.518371 -0.249546
25 60 -0.47448 1.36308
25 61 -0.126836 -0.308728
25 62 -0.0672383 -0.477441
25 63 1.02657 -0.249531
25 64 1.02995 0.625069
25 65 -0.0925761 0.134011
25 66 -0.0110482 0.26531
26 33 5.80969 -1.73082
26 34 10.7794 -2.5194
26 35 9.86175 -4.84907
26 36 3.41976 -2.51752
26 37 5.43675 0.156593
26 38 3.66372 2.3542
26 39 4.66522 0.765251
26 40 4.74607 5.5477
26 41 5.84007 1.63541
26 42 12.3322 -1.61828
26 43 0.797265 -1.49915
26 44 6.88452 3.46492
26 45 4.30051 -0.589273
26 46 7.38888 -0.348427
26 47 2.61643 -1.02937
26 48 3.50962 -1.748
26 49 2.97558 1.16415
26 50 5.10715 -1.75441
26 51 5.09999 -5.37106
26 52 3.92239 0.390054
26 53 5.20201 1.3687
26 54 4.9387 2.3241
26 55 7.2193 5.19836
26 56 1.70126 3.35507
26 57 0.6362 1.09036
26 58 2.93125 1.00894
26 59 -1.68463 3.29737
26 60 0.827294 0.226277
26 61 3.01777 -2.77366
26 62 1.56223 -0.227582
26 63 3.28224 1.20731
26 64 -0.805443 0.017868
26 65 0.568188 0.157901
26 66 0.885296 0.945175
27 33 2.81821 -3.07613
27 34 -2.15278 1.86117
27 35 -1.09205 1.7757
27 36 6.75014 0.0654241
27 37 4.14806 -0.855768
27 38 8.01604 -2.32502
27 39 -1.11731 -1.68016
27 40 11.0537 -2.09914
27 41 1.80507 -1.95829
27 42 18.3653 -2.32372
27 43 2.4708 -2.45442
27 44 0.530063 -2.46647
27 45 -2.62893 -8.27323
27 46 2.20232 3.99482
27 47 8.23484 4.19846
27 48 -2.19531 1.77362
27 49 0.853833 -0.0288739
27 50 3.06822 6.92967
27 51 1.06716 0.280909
27 52 3.86292 6.82779
27 53 7.78541 2.78621
27 54 3.9223 6.83453
27 55 3.24252 0.370464
27 56 4.14122 2.81997
27 57 2.43656 0.594258
27 58 3.49928 4.07876
27 59 0.387385 2.35309
27 60 0.364226 -1.63358
27 61 2.83177 -1.0383
27 62 -0.583268 0.381852
27 63 0.988889 0.84688
27 64 0.771942 -0.0749196
27 65 0.663504 -0.119997
27 66 0.449051 0.178074
28 33 6.79917 -0.908836
28 34 2.09581 0.0659939
28 35 10.175 -0.585441
28 36 6.80781 3.16236
28 37 5.85267 -3.27016
28 38 10.4947 -3.42633
28 39 5.1954 -0.37953
28 40 8.46141 -4.3633
28 41 12.0474 1.82232
28 42 4.77525 -4.25996
28 43 6.13172 -0.955913
28 44 12.4374 -0.403749
28 45 -0.931913 -0.250207
28 46 6.45769 3.67132
28 47 0.972867 2.66214
28 48 2.97963 -1.90981
28 49 6.78508 -0.973694
28 50 -5.37013 -1.6438
28 51 6.05987 0.143985
28 52 5.20325 1.85752
28 53 2.34849 0.600444
28 54 3.62729 -0.845495
28 55 7.07324 1.4265
28 56 1.60862 1.88477
28 57 -0.259235 -1.28364
28 58 3.63159 -1.0969
28 59 -0.252339 -0.632631
28 60 0.0926829 -0.114846
28 61 -0.546666 0.849286
28 62 1.7248 0.731051
28 63 0.186784 -2.44004
28 64 -0.420013 -0.0358438
28 65 0.575312 1.17769
28 66 0.924856 0.161291
29 33 3.99577 -4.72377
29 34 -2.76218 0.446255
29 35 -0.848841 -0.915045
29 36 6.26224 2.03493
29 37 4.84537 -3.27356
29 38 5.53022 -2.73263
29 39 9.10002 2.30071
29 40 -1.22413 3.99698
29 41 -3.01607 0.481987
29 42 0.95202 1.7237
29 43 0.439992 0.637834
29 44 8.97066 -1.49268
29 45 4.78285 4.03917
29 46 9.48683 -0.570407
29 47 -0.835931 4.16293
29 48 2.83585 2.48274
29 49 4.61859 2.63003
29 50 3.82212 -1.03956
29 51 7.79246 -0.482647
29 52 4.79179 -3.77415
29 53 -1.27204 -0.139741
29 54 6.44947 3.87561
29 55 8.36823 0.795975
29 56 -0.398596 4.54428
29 57 3.20715 -0.212967
29 58 -3.15156 1.63734
29 59 0.56545 -0.215582
29 60 1.26267 1.17464
29 61 -0.611929 0.952369
29 62 0.898686 -0.201356
29 63 0.36192 1.30717
29 64 -0.265043 -0.702492
29 65 0.0476814 2.22929
29 66 0.515605 0.234996
30 33 3.64415 -2.4094
30 34 2.65532 -3.45881
30 35 6.20975 -2.03701
30 36 4.18528 -0.565904
30 37 11.2309 -4.57893
30 38 2.77576 -5.08023
30 39 9.48162 3.3871
30 40 1.29463 -2.80082
30 41 1.22045 -0.690094
30 42 7.71187 0.494061
30 43 3.62128 0.00868167
30 44 0.615545 1.19793
30 45 4.68398 0.892395
30 46 4.39784 1.61593
30 47 11.4346 -0.934848
30 48 9.48708 -3.00183
30 49 9.26097 -3.06886
30 50 -3.59428 -0.630492
30 51 7.76646 6.78922
30 52 -1.89521 3.2432
30 53 1.74723 1.94521
30 54 3.50075 -2.15924
30 55 4.64257 2.17777
30 56 2.31829 1.38144
30 57 1.37094 -0.524779
30 58 -0.925479 2.03146
30 59 -1.26 2.81169
30 60 1.38267 -2.01109
30 61 -2.41683 -0.22796
30 62 -1.78887 0.237387
30 63 1.02982 1.07459
30 64 -1.05966 0.110149
30 65 0.0864705 -0.10099
30 66 0.250818 -0.180562
31 33 2.15516 -3.52647
31 34 2.1444 -1.55893
31 35 6.74158 -3.99676
31 36 -4.17838 -1.25746
31 37 11.021 0.0161418
31 38 12.1325 -2.3771
31 39 8.52943 -2.33409
31 40 1.21138 -2.79331
31 41 9.52914 -0.897686
31 42 6.25258 -4.13699
31 43 7.85819 -0.110787
31 44 3.15237 -2.07862
31 45 4.55024 4.29037
31 46 13.0291 4.69612
31 47 3.31997 1.99995
31 48 8.38569 0.919173
31 49 13.0931 0.585931
31 50 2.33154 3.3984
31 51 5.68275 -1.47252
31 52 3.35019 -0.0544836
31 53 6.32734 2.0055
31 54 4.07851 2.63475
31 55 5.41352 3.79094
31 56 2.15955 -0.282017
31 57 1.41998 -0.549878
31 58 -1.50538 0.132501
31 59 1.45843 0.0580036
31 60 0.418512 -0.220673
31 61 -1.36982 -0.424257
31 62 1.70313 0.107936
31 63 2.11938 0.3519
31 64 -3.15606 0.874219
31 65 0.180719 -0.405858
31 66 0.0838116 -0.174193
32 33 2.55359 -1.53883
32 34 5.65333 -4.26644
32 35 11.3321 0.208176
32 36 6.46256 0.771138
32 37 9.64422 -4.61897
32 38 8.87313 -2.79612
32 39 8.05957 1.0682
32 40 10.5903 -0.711731
32 41 7.65908 0.803024
32 42 -4.0077 0.342288
32 43 11.8474 -1.92546
32 44 7.06408 -0.63956
32 45 5.98193 -2.94962
32 46 1.96042 0.0468654
32 47 -0.878472 -1.99746
32 48 -3.32754 1.15704
32 49 8.26893 -1.36603
32 50 1.34409 1.05508
32 51 6.94165 -3.77082
32 52 5.07554 -4.47692
32 53 8.88318 -1.43308
32 54 0.362824 2.73359
32 55 -2.2671 1.17147
32 56 -0.255913 1.84699
32 57 0.582472 -2.53514
32 58 3.93319 1.98116
32 59 -2.31925 1.31434
32 60 -0.918944 1.38865
32 61 1.45645 -0.387835
32 62 1.18031 0.371628
32 63 -0.965824 0.857975
32 64 0.401701 0.385603
32 65 -1.43861 0.725634
32 66 0.0905662 -0.0562155
33 33 2.99344 0.587698
33 34 5.79886 2.41032
33 35 3.82182 -1.1403
33 36 5.09801 0.531037
33 37 6.68597 -3.95127
33 38 4.80406 2.01113
33 39 8.88184 -5.93396
33 40 6.84733 0.566436
33 41 6.5471 -0.894073
33 42 11.3023 1.51269
33 43 10.8804 -4.40403
33 44 6.02501 4.74226
33 45 11.9093 0.609938
33 46 4.07199 1.86896
33 47 14.6776 -0.032359
33 48 -0.991115 1.0447
33 49 10.1086 -0.980357
33 50 6.73901 0.948284
33 51 8.86435 0.798951
33 52 6.9445 -0.673298
33 53 5.44749 3.09837
33 54 0.768081 -3.63833
33 55 -0.0741407 0.0996569
33 56 3.0825 -0.714962
33 57 -0.541694 1.24895
33 58 -1.43147 2.41824
33 59 -1.54779 1.67545
33 60 -1.26392 -0.471531
33 61 0.787118 1.02496
33 62 4.65914 1.60421
33 63 0.86716 0.534248
33 64 0.447158 0.637537
33 65 -0.205924 -0.857435
33 66 -0.349317 0.327298
34 33 2.37977 -0.715011
34 34 4.15211 0.226492
34 35 1.70163 0.00469859
34 36 2.67325 -3.42166
34 37 6.23777 -3.96243
34 38 1.69105 -0.823158
34 39 1.94119 13.6071
34 40 6.7263 -2.84609
34 41 7.65278 -4.6894
34 42 5.82829 0.497411
34 43 9.63596 -4.57342
34 44 7.57271 0.0176663
34 45 15.7577 1.08032
34 46 10.4286 -2.96017
34 47 2.07519 1.20273
34 48 3.54555 1.26774
34 49 2.72579 6.31712
34 50 -2.7976 -2.20845
34 51 0.121621 -0.101731
34 52 4.41375 -3.50989
34 53 0.623669 3.63356
34 54 1.60534 3.15575
34 55 1.44048 -0.419669
34 56 -1.53358 1.90306
34 57 1.79164 5.11065
34 58 0.7953 0.414722
34 59 2.71841 -0.562033
34 60 1.13179 -0.169812
34 61 -1.83864 2.28499
34 62 -3.65147 1.22155
34 63 -0.847679 0.278398
34 64 -1.96984 0.0283267
34 65 -1.02101 -0.716909
34 66 0.317935 0.0861037
35 33 5.94997 -1.35231
35 34 -0.287305 -2.84587
35 35 -0.338924 2.83101
35 36 9.24954 -1.77744
35 37 3.80332 -2.5976
35 38 8.14734 -2.97576
35 39 4.03771 -1.21036
35 40 16.1054 3.81265
35 41 8.36229 1.25273
35 42 3.06064 -2.1096
35 43 10.7574 1.56517
35 44 3.82136 2.37503
35 45 1.79331 -0.800365
35 46 4.36984 -0.265421
35 47 3.87589 -2.59604
35 48 4.33752 -0.503134
35 49 3.55728 -3.05999
35 50 8.17103 2.89057
35 51 5.4299 0.383598
35 52 -2.81934 -0.837991
35 53 2.32834 0.882548
35 54 0.186421 -0.922766
35 55 -0.0943338 0.181838
35 56 -0.856192 2.06443
35 57 3.36502 3.2448
35 58 0.915462 0.217604
35 59 0.281648 0.886995
35 60 -0.511792 0.702433
35 61 2.11586 0.141956
35 62 0.262163 1.13943
35 63 -1.38093 -0.0241256
35 64 -0.590244 -1.30429
35 65 1.46606 0.348225
36 33 2.78311 -3.15086
36 34 4.37109 -1.35354
36 35 2.17215 -1.17817
36 36 1.37091 0.810448
36 37 6.34596 2.02796
36 38 -0.104364 -1.11926
36 39 1.91833 1.25546
36 40 4.98705 -2.33615
36 41 4.70059 1.77507
36 42 0.792321 -1.52918
36 43 5.86226 -1.51923
36 44 8.58468 -2.48402
36 45 0.20341 -0.832308
36 46 3.67671 1.83149
36 47 5.66639 2.23395
36 48 2.76857 -3.40101
36 49 1.76029 -1.69017
36 50 5.77843 -0.972298
36 51 5.82794 -0.201495
36 52 1.52279 5.69137
36 53 7.84983 -4.69338
36 54 -0.468429 1.76992
36 55 1.17452 0.272845
36 56 4.79877 0.197411
36 57 -1.5095 0.21559
36 58 -0.438436 2.00014
36 59 0.46502 1.979
36 60 1.93802 1.54188
36 61 2.40983 0.622916
36 62 -0.817284 -0.100948
36 63 -0.993097 1.36265
36 64 -1.39536 -2.05811
36 65 0.932809 0.747912
36 66 0.126244 0.167535
37 33 3.91648 2.24917
37 34 0.153899 1.19229
37 35 5.90214 -0.0675542
37 36 0.292067 1.87744
37 37 2.59598 1.0915
37 38 3.53763 2.30151
37 39 9.21213 7.10536
37 40 1.05228 -2.81556
37 41 0.916597 0.924825
37 42 0.821627 4.61528
37 43 4.66824 -1.17548
37 44 4.16911 0.806008
37 45 6.27904 -2.5766
37 46 5.82101 0.182092
37 47 -1.15935 4.00071
37 48 4.65612 0.206025
37 49 5.54145 -0.545109
37 50 2.15329 3.59225
37 51 8.65463 6.53291
37 52 -1.16566 2.80927
37 53 6.65723 0.772223
37 54 2.86495 -2.93704
37 55 4.44621 4.09048
37 56 -4.07851 -0.130119
37 57 -0.722619 0.388975
37 58 1.75819 1.03852
37 59 6.11602 3.79095
37 60 -0.235813 0.201085
37 61 1.0465 -0.616797
37 62 -1.93004 0.162302
37 63 0.0428598 0.250473
37 64 0.71652 0.154126
37 65 1.03101 0.365964
37 66 0.504291 -0.291004
38 33 4.52648 -0.555493
38 34 2.07664 -3.08066
38 35 4.26438 -5.34628
38 36 11.0677 0.127018
38 37 2.92086 -1.50537
38 38 9.86299 -0.411001
38 39 0.434808 -2.27068
38 40 -6.94603 1.46125
38 41 1.178 -0.170953
38 42 -2.1841 3.59
38 43 -0.1603 -3.60392
38 44 7.43267 2.94401
38 45 -4.09942 2.04312
38 46 1.09004 1.80183
38 47 5.15983 2.63791
38 48 6.37209 -1.42627
38 49 -1.12859 1.74651
38 50 4.83499 0.256084
38 51 5.38785 -2.46559
38 52 3.40649 -0.852209
38 53 -0.0505227 -1.35022
38 54 2.84647 2.23229
38 55 0.616977 1.23305
38 56 4.7062 0.789211
38 57 2.28187 1.551
38 58 0.733294 3.34395
38 59 2.73734 0.159607
38 60 0.303429 -0.373488
38 61 3.69806 0.967453
38 62 1.48984 1.01494
38 63 -1.66955 -1.34049
38 64 0.878621 1.08654
38 65 1.13004 0.628329
39 33 2.67039 0.312846
39 34 0.89066 1.0876
39 35 6.18291 -5.3668
39 36 -1.51315 -5.12407
39 37 0.983966 -3.39793
39 38 7.8863 -0.36376
39 39 3.73017 1.33227
39 40 -2.18607 -1.30722
39 41 6.29969 5.22428
39 42 -0.515126 0.48421
39 43 2.72865 -0.62049
39 44 -2.64098 -3.11401
39 45 5.85232 2.32782
39 46 0.0884227 -3.45851
39 47 2.16194 -2.48008
39 48 9.74405 -0.106752
39 49 3.98577 -2.78048
39 50 7.52494 4.6064
39 51 1.47574 -1.51577
39 52 3.69503 0.423773
39 53 1.15707 -0.537409
39 54 2.77323 1.22829
39 55 4.4055 -0.46417
39 56 -4.48856 3.91686
39 57 0.108908 1.58566
39 58 2.29291 -0.0245996
39 59 -2.68269 1.10122
39 60 0.652628 -0.696981
39 61 -4.55205 1.50019
39 62 0.247717 1.07721
39 63 -0.390537 -0.628842
39 64 -0.354906 -0.606954
39 65 2.36509 0.784074
39 66 -0.308279 -0.465639
40 33 1.15439 0.622831
40 34 5.68088 -5.5546
40 35 6.83257 1.14455
40 36 -0.511279 2.43361
40 37 4.70133 -2.71657
40 38 10.1799 -2.69799
40 39 2.02356 -0.765895
40 40 5.51885 -2.18093
40 41 -1.63509 4.15516
40 42 10.731 6.20812
40 43 8.96653 -3.78686
40 44 -3.7022 4.06084
40 45 3.26942 3.71534
40 46 11.9296 -2.75477
40 47 7.40831 1.5991
40 48 5.7998 4.76248
40 49 5.98737 1.43658
40 50 3.26433 4.69311
40 51 -0.525626 -0.534835
40 52 6.89546 -4.27241
40 53 6.82127 -0.828237
40 54 3.85801 3.39461
40 55 -1.04913 0.674898
40 56 3.48723 1.42454
40 57 1.98663 1.51767
40 58 -0.267837 1.98385
40 59 0.688727 1.61695
40 60 2.83966 -0.743657
40 61 0.189965 0.784896
40 62 -0.791736 0.148625
40 63 0.390196 0.323666
40 64 0.259208 1.07284
40 65 -2.50686 0.72277
40 66 -0.00644221 -0.0167696
41 33 1.30485 -2.30177
41 34 2.46251 -0.985557
41 35 9.05224 -2.18452
41 36 3.93819 6.54271
41 37 5.83959 0.352179
41 38 4.47268 -2.04569
41 39 6.87914 2.73444
41 40 2.95366 -1.31206
41 41 9.40088 7.06964
41 42 2.98151 0.477321
41 43 10.2793 -2.557
41 44 -0.235249 2.12802
41 45 4.95283 -2.01406
41 46 5.64774 1.69055
41 47 5.03801 -0.338795
41 48 3.10063 -0.731867
41 49 3.65457 -2.85363
41 50 4.44385 1.03587
41 51 -0.375052 -1.33648
41 52 6.68242 0.93361
41 53 4.81035 -2.68058
41 54 5.77026 0.234557
41 55 4.66036 0.898978
41 56 1.43581 2.37964
41 57 0.3035 2.41433
41 58 -2.93349 3.80339
41 59 -2.06774 0.749857
41 60 -1.31887 4.94544
41 61 2.67848 0.756223
41 62 1.94684 -0.856589
41 63 0.514849 -0.756431
41 64 0.419083 -0.391511
41 65 0.699947 -1.36542
41 66 0.326274 -0.104532
42 33 2.11111 -1.08507
42 34 3.61996 0.709056
42 35 7.66215 -0.13645
42 36 0.359724 2.4387
42 37 6.83123 0.603456
42 38 6.14814 -2.83816
42 39 7.44479 3.89339
42 40 9.32075 -4.55893
42 41 4.82774 3.84525
42 42 6.22129 0.965599
42 43 7.75967 5.87751
42 44 3.24557 -0.532899
42 45 4.97877 -0.951917
42 46 1.11393 -3.82492
42 47 7.34657 -2.0038
42 48 3.1327 2.3635
42 49 1.5944 0.458404
42 50 0.605251 2.60278
42 51 3.75299 2.07352
42 52 0.410113 -2.27447
42 53 5.50149 2.14354
42 54 3.93679 3.49866
42 55 0.934624 0.858425
42 56 -0.158826 1.45886
42 57 1.195 -0.0965198
42 58 0.264003 1.28916
42 59 -0.417673 2.75473
42 60 -0.221202 0.1008
42 61 -1.23649 0.977461
42 62 0.590459 0.770072
42 63 1.18259 -0.0625514
42 64 0.528487 0.732532
42 65 -1.17294 0.0988235
42 66 0.0664575 -0.493022
43 33 4.15173 0.606491
43 34 2.02753 -2.40364
43 35 5.52908 -4.8696
43 36 5.12312 0.935848
43 37 2.13101 1.40639
43 38 0.0622629 -2.48612
43 39 7.07191 -0.668579
43 40 -0.368066 1.30808
43 41 7.38474 0.542869
43 42 3.51561 -1.06319
43 43 5.52589 1.94818
43 44 5.25893 1.65575
43 45 8.00203 1.76791
43 46 -2.02997 -1.24474
43 47 6.34641 3.39043
43 48 2.71831 2.60152
43 49 4.5596 -1.91389
43 50 5.03402 2.19557
43 51 5.88306 -2.47072
43 52 -0.130852 -0.368495
43 53 1.58077 -2.47965
43 54 3.06896 0.393027
43 55 1.94553 -2.80867
43 56 6.80684 3.06931
43 57 7.50388 4.53669
43 58 0.499076 -0.513308
43 59 -2.06887 -0.918199
43 60 0.599709 -0.128577
43 61 1.08419 -1.09891
43 62 0.506976 1.92478
43 63 4.57095 0.596739
43 64 -0.0454962 0.322404
43 65 -0.139471 1.63473
43 66 0.640283 -0.468035
44 33 0.564853 -1.15594
44 34 0.0974776 0.374241
44 35 5.4201 -1.96267
44 36 3.58247 0.331182
44 37 10.707 -1.60159
44 38 9.53868 -3.64385
44 39 14.0298 -1.23027
44 40 0.0238879 -1.98835
44 41 10.9798 -0.770891
44 42 10.045 3.095
44 43 -0.286181 -0.810854
44 44 4.13265 -1.01942
44 45 2.03004 1.66105
44 46 2.24421 -1.38146
44 47 1.9704 0.188738
44 48 1.34692 -5.18155
44 49 3.53657 1.08141
44 50 -0.0277768 2.41991
44 51 3.26316 2.69438
44 52 3.87854 -1.49049
44 53 2.77836 0.872607
44 54 3.93487 5.52189
44 55 5.445 4.57351
44 56 -0.596106 -0.212615
44 57 0.394076 -1.38133
44 58 1.00994 -0.123571
44 59 3.02139 1.19413
44 60 1.49396 0.191635
44 61 -0.844644 0.0882004
44 62 3.0577 1.5164
44 63 0.628265 1.40558
44 64 1.16232 -0.12267
44 65 -0.895991 0.188807
44 66 -0.442139 -0.211709
45 33 1.26264 -1.66446
45 34 0.746936 -2.3447
45 35 -7.60578 -0.621836
45 36 2.98582 -3.68282
45 37 0.00501809 3.58845
45 38 5.14977 3.72841
45 39 3.41203 1.41483
45 40 7.65718 -0.598412
45 41 9.01856 -2.86615
45 42 -5.64322 3.18266
45 43 6.69612 -1.07757
45 44 1.34497 -0.249217
45 45 2.58651 -0.808632
45 46 6.26095 3.44184
45 47 3.38259 0.292497
45 48 7.47029 -2.72821
45 49 1.64519 3.49994
45 50 3.07788 1.73351
45 51 -0.12411 -1.85467
45 52 0.526549 4.60394
45 53 1.44387 -0.635869
45 54 8.70277 -1.37382
45 55 -0.252649 0.639601
45 56 1.91471 5.50708
45 57 0.834879 1.0309
45 58 2.71661 2.94073
45 59 2.64296 1.163
45 60 -0.830823 -1.317
45 61 0.957678 1.27272
45 62 1.07327 2.29035
45 63 1.20047 0.459989
45 64 1.35203 -0.687863
45 65 0.907841 1.29602
45 66 0.570602 0.102062
46 33 2.99578 -3.23646
46 34 5.50832 3.52989
46 35 0.290778 -4.05667
46 36 2.2035 -3.92008
46 37 9.15092 0.496067
46 38 1.40317 0.747988
46 39 7.33509 3.38212
46 40 7.45519 2.55243
46 41 6.97465 -3.27951
46 42 3.92398 4.14147
46 43 1.84578 0.611197
46 44 4.14186 2.47912
46 45 6.08302 -0.721519
46 46 5.30206 -5.01297
46 47 1.6019 0.828601
46 48 3.82327 -0.306992
46 49 -2.59578 -1.78972
46 50 2.90874 1.09139
46 51 0.55373 -1.10027
46 52 -8.00187 0.228433
46 53 0.120976 0.124391
46 54 -2.12975 2.20778
46 55 -0.043509 -0.325877
46 56 2.31263 -0.294162
46 57 -0.746611 1.1206
46 58 -1.16612 2.14926
46 59 -1.47933 1.2489
46 60 1.92127 -0.0674306
46 61 -1.91739 1.20605
46 62 1.59761 1.81132
46 63 -0.110856 0.901644
46 64 1.69241 0.342868
46 65 0.411426 1.06342
46 66 -0.810179 1.53569
47 33 2.29986 -1.97542
47 34 5.9597 -1.20212
47 35 2.5955 1.77028
47 36 1.98798 3.16091
47 37 5.29316 0.703105
47 38 6.39202 -3.30706
47 39 -0.985463 -2.4417
47 40 11.6145 5.8053
47 41 5.35074 -0.969223
47 42 1.67141 -3.41601
47 43 2.76782 3.36391
47 44 5.67531 3.88063
47 45 4.96088 2.14636
47 46 -0.441554 -1.28923
47 47 6.43496 -1.21697
47 48 5.79755 -0.0443693
47 49 6.45432 1.02111
47 50 4.9006 -0.692971
47 51 9.78885 2.13827
47 52 2.49441 3.83941
47 53 1.82093 -2.16228
47 54 -2.79676 0.650092
47 55 1.13526 2.92402
47 56 0.217177 -1.40052
47 57 0.39882 -0.295743
47 58 0.574264 0.336224
47 59 2.76325 -0.911074
47 60 -1.07428 -0.1934
47 61 -1.50688 1.66252
47 62 -0.477227 0.835539
47 63 -0.599386 0.666958
47 64 1.37025 0.688121
47 65 -0.630883 0.489406
47 66 0.36397 -0.231552
48 33 4.59727 -1.20961
48 34 5.37326 -2.94409
48 35 2.90057 -3.51453
48 36 2.32045 3.15962
48 37 3.29864 0.0317454
48 38 2.06725 -0.239598
48 39 1.47626 -5.3141
48 40 5.98424 -1.63073
48 41 7.39564 0.394211
48 42 4.72978 2.56536
48 43 4.09348 0.635911
48 44 10.2551 -1.26135
48 45 2.70769 4.78442
48 46 0.831974 2.78092
48 47 3.59801 -3.76339
48 48 -1.84811 -4.07211
48 49 5.33987 2.1309
48 50 -0.441616 4.33827
48 51 8.95404 -2.87597
48 52 2.16363 -0.477939
48 53 4.67931 -3.72146
48 54 -2.20328 -0.285971
48 55 2.04572 1.28456
48 56 6.05674 0.908925
48 57 -0.75879 -2.54236
48 58 2.60076 0.447965
48 59 3.43189 0.384437
48 60 -1.70012 2.25424
48 61 1.27288 -1.0395
48 62 -3.17215 0.66626
48 63 1.20783 0.218045
48 64 -2.53005 -0.790919
48 65 0.258111 0.106015
48 66 -0.389566 0.201046
49 33 -0.0618894 -1.14597
49 34 2.5491 2.82205
49 35 3.01327 -0.532468
49 36 11.6743 -2.72016
49 37 6.53874 0.180676
49 38 6.90494 0.408903
49 39 7.78034 -0.015154
49 40 0.0015262 -2.19918
49 41 6.22902 -2.24224
49 42 8.95376 3.36969
49 43 1.01909 1.33308
49 44 4.09276 1.81148
49 45 -0.966817 -4.51843
49 46 -0.500698 3.39792
49 47 5.39948 3.94542
49 48 6.0522 1.3684
49 49 -0.931394 4.50003
49 50 8.08264 1.99509
49 51 7.67758 -0.958302
49 52 -3.32235 -1.05032
49 53 3.44421 1.55561
49 54 5.44746 1.95129
49 55 3.29192 1.31974
49 56 2.47135 5.28088
49 57 -5.76987 1.26268
49 58 0.594793 1.0808
49 59 1.64189 0.336228
49 60 -0.0975859 -0.73841
49 61 0.0365884 0.632253
49 62 1.88341 1.05735
49 63 0.822604 1.37047
49 64 -0.0152704 0.269274
49 65 0.473628 0.28658
49 66 0.200942 0.464004
50 33 1.40233 -2.64315
50 34 4.5456 0.707966
50 35 3.15214 -2.07395
50 36 2.80722 -4.87327
50 37 1.77906 -0.660203
50 38 3.37054 -1.01354
50 39 3.66737 -3.33047
50 40 1.71106 -1.65889
50 41 5.11159 -1.88869
50 42 1.85816 0.882958
50 43 1.3673 -1.96925
50 44 1.30954 -2.08378
50 45 2.64089 -5.58079
50 46 5.36331 1.90106
50 47 2.92342 -0.076687
50 48 11.5724 1.31934
50 49 3.72017 2.12218
50 50 0.857498 0.947128
50 51 7.29689 0.513571
50 52 5.14615 0.239992
50 53 -0.345927 -1.91537
50 54 2.33737 0.685341
50 55 0.251413 5.26258
50 56 0.236723 -0.924788
50 57 -0.148338 0.397302
50 58 0.932521 0.09562
50 59 0.045471 0.753485
50 60 1.75152 0.485164
50 61 -0.241946 1.44659
50 62 0.274506 -0.224472
50 63 -0.134519 1.40754
50 64 1.25845 1.16184
50 65 -0.174625 1.07924
50 66 0.0630642 0.03889
51 33 2.09859 -1.24786
51 34 0.809635 -1.20074
51 35 4.35723 0.413595
51 36 4.86339 -2.82173
51 37 7.70913 -2.49114
51 38 -0.691 -0.0168196
51 39 8.6345 0.726808
51 40 4.1289 -5.71841
51 41 5.80657 1.60478
51 42 10.4755 -0.777005
51 43 6.83406 -6.18248
51 44 8.22631 -5.62465
51 45 4.88492 0.237188
51 46 2.29111 0.199084
51 47 4.3014 -1.15607
51 48 -0.533164 0.0295186
51 49 -1.7746 2.43253
51 50 -3.01985 -2.25172
51 51 5.12308 0.224894
51 52 4.34619 0.119321
51 53 3.14203 1.66232
51 54 3.26315 -0.13045
51 55 1.47601 -0.35227
51 56 4.68869 4.01128
51 57 -0.512144 -0.50716
51 58 0.881114 -0.898148
51 59 -1.30895 -0.185706
51 60 -1.18984 1.3597
51 61 -0.194598 1.58632
51 62 0.223231 -1.19773
51 63 2.57189 -0.225959
51 64 -0.31458 -0.34688
51 65 0.353575 -1.26991
51 66 0.399064 0.859055
52 33 0.793019 -1.28457
52 34 3.57043 -1.14341
52 35 -0.199093 -0.616482
52 36 -4.25644 -0.259341
52 37 4.99758 -0.887887
52 38 8.06028 1.85555
52 39 -1.16803 -6.27824
52 40 7.60856 -0.982006
52 41 8.58583 3.24558
52 42 -1.89416 -2.06515
52 43 1.35703 -0.909509
52 44 4.74479 -1.22291
52 45 3.69335 0.644679
52 46 6.56216 0.202658
52 47 2.9981 -1.10117
52 48 -0.65695 0.147242
52 49 0.972627 1.44331
52 50 3.41559 3.50711
52 51 -0.778489 -0.419443
52 52 4.10843 1.21378
52 53 5.67517 6.84822
52 54 2.55685 0.771834
52 55 0.956201 3.02172
52 56 -0.186786 -0.424796
52 57 -2.96915 2.88523
52 58 -0.664143 1.04834
52 59 2.46594 0.796262
52 60 0.298753 1.823
52 61 2.14995 0.921957
52 62 -0.848803 0.563504
52 63 -1.34915 2.28885
52 64 -0.226451 -0.254861
52 65 2.68684 1.50661
52 66 0.130933 0.599008
53 33 2.70108 -1.78734
53 34 0.074219 1.68595
53 35 2.66855 -2.86419
53 36 -1.54463 -3.49441
53 37 7.58256 -0.175555
53 38 -1.73702 1.36675
53 39 0.522668 -0.677253
53 40 -1.07533 -1.85248
53 41 5.01146 0.673907
53 42 6.5437 -2.27954
53 43 -1.46873 -1.42182
53 44 3.54776 0.269875
53 45 0.141333 2.22928
53 46 6.2786 0.442302
53 47 0.668148 7.03838
53 48 4.46806 0.986606
53 49 -0.64394 -1.60824
53 50 0.809286 1.00381
53 51 6.08445 2.95813
53 52 2.40286 -5.77286
53 53 -1.29171 0.575625
53 54 2.74989 -0.0439545
53 55 -3.70891 -1.50286
53 56 0.888912 -0.374195
53 57 2.99235 -0.0346844
53 58 -1.49822 0.916391
53 59 1.54157 -0.62869
53 60 0.908578 0.44659
53 61 3.83304 1.22169
53 62 -1.36665 0.411889
53 63 1.23827 0.756451
53 64 0.304012 -0.687732
53 65 1.09902 -0.716575
53 66 0.57694 -0.177006
54 33 1.97236 -0.710332
54 34 3.31285 -2.23953
54 35 1.70233 -2.53354
54 36 6.98658 -1.43991
54 37 6.9809 -6.59922
54 38 6.50361 -2.5914
54 39 11.419 -0.210445
54 40 1.45695 0.983601
54 41 3.89515 2.0501
54 42 -3.19292 -0.0503068
54 43 10.5204 0.585364
54 44 3.08645 2.53442
54 45 3.67756 -0.999709
54 46 7.42009 0.936471
54 47 2.93872 -0.768922
54 48 7.85786 1.45849
54 49 -0.502392 -1.04831
54 50 1.17844 0.828383
54 51 0.234297 -1.37612
54 52 4.14477 -0.476761
54 53 0.857633 -1.10724
54 54 4.39757 1.37573
54 55 3.19426 0.947102
54 56 1.2338 -0.582661
54 57 -1.62683 0.0908994
54 58 0.897728 -2.55383
54 59 -0.573549 2.12212
54 60 0.618312 3.56755
54 61 0.020185 0.564517
54 62 1.04516 0.621978
54 63 5.05233 -0.348961
54 64 0.968138 0.14673
54 65 -2.08278 -0.428523
54 66 1.4775 -0.475841
55 33 3.11331 1.53443
55 34 8.40124 -1.22705
55 35 3.1887 -1.53694
55 36 -1.50475 1.10441
55 37 6.15608 -1.65244
55 38 2.61497 -4.70425
55 39 10.6594 -3.19497
55 40 -2.03895 -0.727803
55 41 0.00960741 0.729523
55 42 -0.274752 -0.755827
55 43 7.00587 0.999617
55 44 7.85064 -0.234672
55 45 2.01971 1.96069
55 46 1.41635 0.827659
55 47 3.98925 1.11581
55 48 0.634733 0.932201
55 49 4.71026 0.26617
55 50 4.49063 2.19676
55 51 -0.0814086 1.18702
55 52 7.12984 0.921729
55 53 -3.73897 1.20567
55 54 1.02159 2.25922
55 55 2.37868 -0.628039
55 56 -4.06686 2.19838
55 57 1.53701 1.87097
55 58 2.04502 3.90965
55 59 -0.558664 3.11289
55 60 0.18209 0.343128
55 61 1.52998 0.169798
55 62 1.95044 0.616535
55 63 -1.16414 1.71119
55 64 2.17955 1.92101
55 65 -0.49913 0.844596
55 66 0.626484 -0.280522
56 33 1.00874 -2.18916
56 34 4.52523 -0.0702965
56 35 1.82084 0.454953
56 36 3.25043 -0.28286
56 37 0.774588 -3.26866
56 38 5.67691 2.87213
56 39 5.8517 1.28108
56 40 3.34465 0.39993
56 41 3.44982 -2.74325
56 42 8.83347 2.26931
56 43 5.50381 -2.13957
56 44 2.79395 2.2551
56 45 8.5241 -0.082611
56 46 5.51537 1.55551
56 47 3.47593 -0.221996
56 48 1.1772 1.51868
56 49 0.65904 -6.46999
56 50 3.53664 -0.466692
56 51 3.78263 3.11631
56 52 3.55011 3.21848
56 53 4.6767 -0.175255
56 54 1.67281 0.296225
56 55 2.81339 -2.3419
56 56 -0.425284 -0.581094
56 57 3.68306 1.06525
56 58 4.11068 2.51636
56 59 -0.179925 -1.46859
56 60 -0.797131 0.239102
56 61 1.43106 -0.0054036
56 62 -2.04388 -0.85757
56 63 2.66915 0.043356
56 64 -1.20603 0.122977
56 65 0.692751 -0.758607
56 66 -0.148703 0.346823
57 33 1.15368 1.59774
57 34 4.15492 2.37754
57 35 -0.00258627 1.16393
57 36 3.05865 -3.2689
57 37 4.53198 -0.887502
57 38 6.48095 0.306502
57 39 1.18705 1.71232
57 40 3.99589 -0.490867
57 41 2.89011 0.0857378
57 42 1.63141 -3.7839
57 43 2.79874 -0.2674
57 44 2.87209 0.734273
57 45 0.389543 -2.82425
57 46 5.41633 -1.46832
57 47 6.61327 1.18761
57 48 -1.37919 3.19041
57 49 1.37689 -0.582892
57 50 1.87421 1.29863
57 51 1.95263 1.80684
57 52 1.50967 4.99158
57 53 -0.532175 2.13902
57 54 1.76869 2.06002
57 55 3.81168 3.07388
57 56 3.41481 -2.0484
57 57 1.34331 0.357838
57 58 2.3888 1.56505
57 59 3.5035 -0.441212
57 60 0.301666 2.81834
57 61 -0.259145 0.331763
57 62 -0.586956 -0.514775
57 63 1.19718 -0.535136
57 64 -1.29792 -0.293404
57 65 -4.06992 1.00212
57 66 -0.109881 0.069479
58 33 0.500356 0.318922
58 34 -2.37246 0.604496
58 35 1.02136 -3.7176
58 36 -3.72039 -3.55359
58 37 5.78328 2.07798
58 38 -0.148682 -0.949933
58 39 0.611491 -0.57161
58 40 -5.00282 -3.75526
58 41 3.0642 -2.76074
58 42 0.884943 0.531681
58 43 1.18429 3.4545
58 44 1.23107 -2.34877
58 45 3.54094 1.49414
58 46 1.73473 0.741544
58 47 4.52056 2.6103
58 48 -2.31051 2.27385
58 49 -2.69797 -0.856326
58 50 3.79544 2.07883
58 51 2.79401 0.333988
58 52 -0.515345 2.98722
58 53 4.0966 0.317858
58 54 0.398534 -0.690249
58 55 4.51622 3.22306
58 56 2.2686 3.13631
58 57 -1.17274 1.09956
58 58 -1.50474 -0.633659
58 59 0.391642 0.134817
58 60 -1.96689 2.53315
58 61 1.09598 0.0473299
58 62 0.205621 0.239314
58 63 -0.264153 0.596487
58 64 0.662093 -0.216879
58 65 0.119005 -0.682584
58 66 -0.349175 0.234013
59 33 0.35799 -0.457665
59 34 -0.883665 -1.1059
59 35 -4.78849 1.47636
59 36 1.40373 -0.217149
59 37 3.04827 -4.97209
59 38 5.04861 -1.62962
59 39 3.82696 -2.48372
59 40 0.80588 -0.769863
59 41 2.77349 0.403375
59 42 -0.826504 -6.43104
59 43 5.81435 -0.772134
59 44 2.03408 -3.45901
59 45 9.73573 0.68374
59 46 6.00238 1.99513
59 47 1.66923 -1.28971
59 48 2.20365 0.742745
59 49 4.20005 -1.29305
59 50 -1.0702 -1.52938
59 51 4.91644 -0.845588
59 52 0.747616 0.121111
59 53 -0.553815 -1.05133
59 54 -1.39818 -0.212899
59 55 2.92391 5.23552
59 56 0.479912 1.4532
59 57 4.40103 -1.80354
59 58 6.04714 6.05434
59 59 -3.00095 2.26095
59 60 -0.769996 3.42993
59 61 1.32829 0.0890008
59 62 -0.656249 -2.12219
59 63 1.48033 -1.32529
59 64 -0.294312 1.53564
59 65 1.57505 0.10652
59 66 -0.105093 0.711002
60 33 2.10414 0.689264
60 34 -1.57919 -1.77529
60 35 0.576826 -1.91863
60 36 4.62164 -1.80903
60 37 4.24895 -2.43971
60 38 -4.09328 1.94934
60 39 4.39739 0.540277
60 40 2.53181 0.781012
60 41 8.51034 2.34935
60 42 2.47824 1.37494
60 43 3.24688 -3.79243
60 44 1.2251 2.69987
60 45 -0.655177 -1.85822
60 46 8.56326 -0.114128
60 47 6.05238 -0.865219
60 48 4.98144 -2.28351
60 49 4.6474 2.256
60 50 3.54154 -2.56524
60 51 1.69761 -0.522388
60 52 5.58244 1.7822
60 53 4.23411 2.99227
60 54 1.09841 2.95344
60 55 -1.67662 -1.69895
60 56 0.794672 -0.989464
60 57 -2.9262 -0.800414
60 58 4.85391 1.63019
60 59 0.778604 1.31104
60 60 -0.608447 3.50381
60 61 2.4912 -1.3806
60 62 -0.0239483 1.67141
60 63 2.03421 0.536791
60 64 1.188 2.4198
60 65 -2.39586 -0.854753
60 66 0.800156 0.15296
61 33 4.35074 -0.582529
61 34 0.380703 0.123438
61 35 3.41292 -0.263806
61 36 3.46456 -1.78901
61 37 -4.01209 -2.64849
61 38 3.9592 -2.18471
61 39 2.92764 -1.02912
61 40 -3.04823 -1.35011
61 41 6.88588 -4.04339
61 42 -0.945061 0.53122
61 43 8.36956 1.55499
61 44 4.11772 1.96191
61 45 2.17131 -2.89631
61 46 1.30518 -0.0481113
61 47 0.728758 1.78078
61 48 4.63693 1.98617
61 49 2.23936 -0.958289
61 50 0.127738 -3.35
61 51 5.35516 0.394333
61 52 0.303716 1.66832
61 53 5.75639 5.34838
61 54 0.392676 2.03342
61 55 3.83663 -1.02292
61 56 -0.285562 1.54119
61 57 -5.29341 0.904704
61 58 0.016405 1.59372
61 59 1.91447 -1.35896
61 60 0.358962 3.58705
61 61 1.53733 1.55287
61 62 0.419786 0.638904
61 63 -0.910228 0.65878
61 64 -0.298993 -1.79193
61 65 -0.186618 0.973028
61 66 0.198023 0.215403
62 33 1.76066 0.548512
62 34 2.59425 -2.31062
62 35 -0.370012 -1.8516
62 36 1.30842 -4.71118
62 37 4.07525 -2.27043
62 38 1.52457 -0.327313
62 39 -0.811653 -1.20116
62 40 0.845648 1.68844
62 41 0.079594 -0.874727
62 42 7.12246 1.96745
62 43 4.37127 1.96431
62 44 -0.122997 -3.79741
62 45 2.64786 0.834207
62 46 6.27275 2.7606
62 47 4.77482 1.29556
62 48 2.31777 3.59274
62 49 1.42402 -3.92798
62 50 5.97989 4.59653
62 51 -0.781463 1.32673
62 52 4.7259 0.538848
62 53 6.94033 3.74168
62 54 2.57357 -0.672813
62 55 2.21369 3.76947
62 56 -0.500223 1.38744
62 57 -0.508119 0.573204
62 58 4.38666 1.55801
62 59 2.78244 0.57846
62 60 4.89002 2.88382
62 61 -1.38256 1.07439
62 62 -1.53559 0.996022
62 63 -1.41951 1.28079
62 64 0.214758 0.0330082
62 65 0.110986 0.0608949
62 66 -0.00146471 0.630134
63 33 2.0444 -1.76024
63 34 2.47946 -4.51857
63 35 -0.0533901 2.44428
63 36 0.599281 1.73265
63 37 1.3649 -1.70474
63 38 6.95477 2.36404
63 39 5.15486 -1.08269
63 40 0.306542 -0.711292
63 41 -1.0543 -0.437076
63 42 5.29398 -2.60733
63 43 5.71 0.694509
63 44 4.13797 1.43858
63 45 5.98738 -1.13688
63 46 6.24452 0.350796
63 47 3.94861 1.33708
63 48 3.13175 -0.830283
63 49 8.30594 -2.76887
63 50 5.52822 2.54783
63 51 0.116306 -0.0493962
63 52 -1.34962 1.17226
63 53 1.38865 0.170472
63 54 0.644704 1.81325
63 55 4.39992 0.643504
63 56 3.21713 3.59154
63 57 -0.832546 0.725913
63 58 -1.9156 -2.02628
63 59 -0.329493 -1.13549
63 60 -1.99638 2.68497
63 61 0.0278424 1.3451
63 62 1.43926 0.607885
63 63 1.10433 0.394757
63 64 -0.065064 0.19631
63 65 -0.0847217 -1.12522
63 66 -0.252889 0.979377
64 33 0.981586 -1.30895
64 34 4.28206 -1.99053
64 35 -0.342241 -0.223422
64 36 5.33306 -5.16941
64 37 4.31718 0.868352
64 38 6.77453 1.35572
64 39 5.54431 -1.75544
64 40 3.41413 -0.617454
64 41 5.40609 -3.01581
64 42 2.43257 -0.175661
64 43 7.11725 -0.596819
64 44 3.35728 0.631566
64 45 5.34312 0.869618
64 46 3.25254 0.35389
64 47 5.0975 0.146225
64 48 0.958492 2.43647
64 49 3.36174 1.58465
64 50 11.4267 0.0379772
64 51 2.80921 3.00644
64 52 2.46552 2.42601
64 53 7.32264 1.37492
64 54 4.28844 2.74868
64 55 4.01533 2.2775
64 56 4.42034 3.02474
64 57 1.42344 1.18224
64 58 0.73567 -0.334706
64 59 2.00937 1.11325
64 60 -2.00731 3.48625
64 61 0.484532 0.2374
64 62 0.04837 -0.472143
64 63 0.242738 1.9873
64 64 0.256617 -0.0708324
64 65 1.06575 0.585107
64 66 0.198155 0.594016
65 33 1.79591 -0.868773
65 34 4.55286 -1.79346
65 35 3.65226 -2.75925
65 36 5.01075 -3.87861
65 37 4.1413 0.445282
65 38 5.23477 -2.65519
65 39 3.87734 -2.10095
65 40 6.48081 -0.940342
65 41 6.42055 -0.507963
65 42 1.5601 0.540352
65 43 7.02008 0.76414
65 44 3.4981 1.09192
65 45 5.40865 -0.213992
65 46 5.41454 -1.18615
65 47 2.53729 0.387651
65 48 3.4741 -0.00166533
65 49 2.21796 0.435379
65 50 6.54986 1.98926
65 51 5.72588 0.00281486
65 52 5.85964 0.0773495
65 53 7.66315 3.74454
65 54 6.02862 1.92929
65 55 2.79367 1.05582
65 56 1.61954 0.584283
65 57 0.708464 1.172
65 58 1.14176 2.93182
65 59 1.22789 1.69695
65 60 0.433154 0.0269941
65 61 2.87441 0.0604286
65 62 -0.203768 -0.2074
65 63 -0.0660121 0.122596
65 64 -0.387358 0.480074
65 65 1.13912 -0.0237739
65 66 0.749387 0.730188
66 33 1.5256 -0.633424
66 34 4.86826 -0.973
66 35 1.17744 -0.0464392
66 36 4.49647 0.820521
66 37 5.28665 -0.714966
66 38 4.36881 -1.0206
66 39 4.79938 0.199715
66 40 4.04909 -0.359621
66 41 4.73755 0.217941
66 42 3.33959 -2.40436
66 43 8.56863 -0.799272
66 44 5.67032 -1.77707
66 45 5.3 -0.101626
66 46 6.10977 1.35842
66 47 7.64042 -0.155731
66 48 3.90166 -1.14631
66 49 4.13609 2.418
66 50 8.42486 0.733541
66 51 7.00164 2.30099
66 52 4.9297 0.995902
66 53 4.03671 1.12557
66 54 4.28049 1.58498
66 55 3.17275 1.1805
66 56 2.49647 0.649587
66 57 1.27491 0.0864584
66 58 1.29864 0.809283
66 59 2.07448 -1.71498
66 60 2.15896 -0.0726108
66 61 0.218702 -0.207028
66 62 1.09945 0.0277162
66 63 1.21983 0.561454
66 64 1.09164 1.11223
66 65 0.398651 0.0156645
66 66 0.441103 0.167902
