0 34 6.6087e-05 0.000126998
0 35 -7.09116e-05 -0.00047871
0 36 0.00019011 -0.000189597
0 40 0.000241755 0.000135373
0 49 -0.000149546 -0.000401152
0 53 -0.000146505 -7.15982e-06
1 34 0.000238262 0.000254212
1 35 -0.000618053 -0.000320109
1 36 0.000321082 0.000183983
1 38 0.000297174 -1.19567e-05
1 44 2.53434e-05 -1.50838e-05
1 46 0.000204964 9.64185e-05
1 47 0.000218684 -0.000203639
1 49 0.000174311 2.11551e-05
2 34 0.000250377 -0.000288859
2 35 -0.000466022 0.000130179
2 36 -0.000653926 -0.000375332
2 37 -0.000133984 6.356e-05
2 38 5.69695e-05 0.000202111
2 39 -0.000154041 -0.000140841
2 40 0.000547193 -0.000460956
2 41 -0.000393373 -0.000227726
2 43 -1.73788e-05 7.71211e-05
2 44 0.000193597 -0.000261588
2 45 -0.000109057 0.000266655
2 46 0.000194635 -0.000188771
2 47 -0.000448172 -0.000113172
2 49 0.000174667 0.000579923
2 50 -0.000184359 0.000130032
2 56 -0.000238135 -0.000134383
3 33 0.000119413 -0.00018042
3 34 0.000416944 -0.000192339
3 35 0.000272091 -4.72345e-05
3 37 -0.000551335 -0.00028156
3 39 -6.52821e-05 1.55263e-06
3 41 -0.000305224 0.000181187
3 42 -0.000168124 -6.81442e-05
3 43 0.000333692 -0.000243818
3 44 5.70921e-06 0.00031338
3 45 0.0001716 -8.87544e-05
3 46 7.83152e-05 6.23346e-05
3 48 -0.000251268 0.000204097
3 50 3.16186e-05 0.000279586
3 53 0.000186477 -0.000115079
3 61 0.000149289 0.000184517
4 34 -0.000291413 -0.00053252
4 35 -0.000274928 -0.000272453
4 36 0.000292205 0.000257299
4 38 0.000174864 0.000145762
4 39 -0.000159782 -0.000182871
4 40 3.64141e-05 8.86302e-06
4 41 0.000248459 0.000340744
4 42 -0.000309196 -0.000136509
4 43 0.000469943 1.35119e-05
4 44 -0.000201388 0.00017365
4 45 -0.000334766 -0.000112278
4 46 0.000177569 -0.000118974
4 47 -0.000143801 7.19088e-06
4 49 -1.89829e-06 2.24721e-05
4 52 -0.000135273 -0.000106693
5 33 -0.000638144 -0.000531227
5 34 -0.000148355 -0.000173208
5 35 0.000296024 -0.000218947
5 36 0.00057489 0.000368188
5 37 0.000202471 -4.21038e-05
5 38 0.000296152 -9.95832e-05
5 39 0.000147789 6.96133e-05
5 40 0.000384072 8.10862e-05
5 41 -0.000386836 0.000110767
5 42 -1.29584e-06 2.38654e-06
5 43 -3.02265e-05 3.43542e-05
5 44 2.63817e-05 -0.000101103
5 45 -0.00029006 3.60087e-05
5 46 0.000728587 -0.000219307
5 47 -3.99491e-05 3.92592e-05
5 48 -7.69591e-06 7.28229e-05
5 49 -0.000478842 0.000132935
5 50 0.000263995 0.000104007
5 51 0.000385872 -0.000219126
5 54 -0.000153597 1.20526e-05
6 33 -9.51943e-05 -0.000249913
6 34 0.000124389 5.07564e-05
6 35 0.000322164 -2.34966e-05
6 36 -0.000423506 -6.07608e-05
6 37 0.000306844 3.44048e-05
6 38 -0.000159007 0.000284213
6 39 0.000833875 -0.000593384
6 40 0.000180029 0.000255349
6 42 -0.000473641 3.5821e-05
6 43 0.000139794 5.36923e-05
6 44 0.000132798 -3.5271e-05
6 45 -0.000505666 -0.000141706
6 46 -4.82836e-05 3.59123e-05
6 47 -4.2501e-05 -0.000134155
6 48 -0.000393061 3.78526e-05
6 49 0.0010349 0.000155986
6 50 0.000468475 0.000524877
6 65 7.49596e-05 0.00026243
7 33 -0.00036653 2.36656e-05
7 34 0.00046106 0.000161624
7 35 0.000288199 -0.000301772
7 37 0.000632584 0.00021053
7 38 -0.000534612 0.000498299
7 39 0.000833412 -0.00026737
7 40 -6.29886e-05 -4.5488e-05
7 42 0.000445274 0.000179418
7 43 0.000111507 0.000171994
7 44 0.000330852 0.000646947
7 45 0.000218826 -0.0001766
7 46 0.000276568 -5.81283e-05
7 48 0.000144862 -0.000159055
7 49 0.000508761 0.000719572
7 51 0.00012748 0.000215372
7 54 1.3268e-06 2.30139e-05
8 34 0.00042932 -9.39889e-05
8 35 -0.000351252 -0.000108885
8 36 0.000596686 9.83616e-05
8 37 0.000376888 3.94651e-05
8 38 0.000455467 -6.19083e-05
8 39 -7.11359e-05 0.000213296
8 40 0.000100591 1.34553e-05
8 41 0.000653618 0.000299914
8 42 -0.000502666 9.32498e-05
8 43 0.000646774 -9.83527e-05
8 44 -0.000322705 0.00025104
8 45 0.000148979 -0.000101554
8 46 0.000352999 -5.65376e-06
8 47 0.000696056 0.000261236
8 48 -0.000345177 0.000189172
8 49 0.000225603 -3.99567e-05
8 50 0.000117483 0.000238702
8 51 -0.000508129 0.000286992
8 52 -6.93848e-05 -0.000155231
8 53 0.000372822 0.000225329
9 34 0.000147899 2.5097e-05
9 36 8.97175e-05 -8.32669e-05
9 37 -0.0001212 0.000199229
9 38 0.000455724 0.000354737
9 39 0.000283006 -0.000375204
9 40 -0.000393713 0.00012366
9 41 0.00031606 0.000268024
9 42 0.000128798 -0.000240882
9 43 -0.00043106 -2.29568e-05
9 44 2.47337e-05 -0.000111886
9 45 0.000213993 -0.000258967
9 46 -0.000193298 3.16332e-05
9 47 0.000244553 2.39953e-05
9 48 0.000269953 9.87934e-05
9 50 6.04069e-05 0.000494489
9 51 -0.000529227 -0.000347805
9 53 0.000126057 0.000188319
9 55 -1.99042e-05 1.0726e-05
9 57 0.000328937 8.26688e-05
9 63 0.000194943 -0.000205023
9 66 -6.78969e-05 0.000391487
10 33 0.000331454 0.000231495
10 34 -0.000354084 0.000408672
10 35 0.000193808 0.000282816
10 36 -5.88869e-05 -0.000190551
10 37 0.000185113 7.7351e-06
10 38 -0.000548215 0.000290244
10 39 -0.000412377 0.000192926
10 40 -0.000135736 0.000830485
10 42 -0.000207798 -0.000142214
10 43 5.35577e-05 -0.000203327
10 44 1.17781e-05 -6.60006e-06
10 45 7.06311e-05 -0.000150577
10 46 -9.21979e-06 2.32433e-06
10 47 9.05756e-05 -0.000128011
10 48 -2.9478e-05 -1.45282e-06
10 50 -0.000143044 0.000305271
10 51 -5.28169e-05 7.01779e-05
10 52 -5.74001e-05 6.91303e-05
10 57 -8.77754e-05 -2.37606e-05
10 59 2.78853e-06 8.21042e-05
10 61 -0.000204759 -8.43826e-05
10 65 0.000311382 8.6891e-06
11 34 -0.000819922 0.000186588
11 35 7.41118e-05 -0.000308114
11 36 4.73007e-05 -2.71667e-05
11 37 0.000363171 -0.000134753
11 38 0.000196629 -0.000296169
11 39 -0.000333992 -2.6778e-05
11 40 0.000831599 0.000442044
11 41 -0.000198329 -0.000258471
11 43 0.000527903 0.000429443
11 44 0.000168067 0.000264499
11 45 0.000154488 2.32446e-05
11 46 0.000439154 -0.00013575
11 47 7.95644e-05 -2.15129e-05
11 48 0.000301235 -0.000234981
11 49 -0.000535686 0.000412105
11 50 0.000523267 0.000167644
11 52 0.000179119 0.000163176
11 53 -9.87938e-05 0.000187823
11 54 0.000456088 -0.000216087
11 55 -0.00034773 9.18691e-06
11 62 7.64948e-05 0.000201971
12 34 -0.000563577 -4.50485e-05
12 35 -3.40879e-06 0.000187919
12 36 0.000380091 -0.000351847
12 37 0.000414279 -9.17511e-05
12 38 -0.000230792 -1.2592e-05
12 39 0.000271881 0.000521135
12 40 0.000178957 -0.000432679
12 41 0.000618268 -0.000413009
12 42 3.61088e-05 -3.78409e-06
12 43 0.000669421 -0.00053723
12 44 3.97196e-05 7.06432e-05
12 45 -0.000411343 -0.000303136
12 46 0.000308119 0.000278181
12 47 0.000286485 0.00040591
12 48 -0.000370295 0.000229152
12 49 8.26525e-05 -2.62983e-05
12 50 1.76882e-05 2.08546e-05
12 51 4.58623e-05 -1.24289e-05
12 52 -0.000197706 -4.9732e-05
12 53 -9.48088e-05 -4.1586e-05
12 54 0.000318807 0.000134803
12 55 -0.000118419 8.54084e-05
12 56 6.92209e-05 -8.82009e-05
12 57 7.814e-05 0.000217407
12 60 -0.000268276 -7.84394e-05
12 62 0.000140739 0.000187115
12 64 3.10559e-06 7.48701e-06
13 33 -0.000142039 -0.000199987
13 34 0.000384518 -5.44208e-05
13 35 0.000217256 -2.05918e-05
13 36 0.000140285 0.000150542
13 37 0.000673686 0.000418164
13 38 0.000338123 6.60917e-05
13 39 0.000599331 -0.000148573
13 40 -0.000503243 -3.64157e-05
13 41 0.000663235 -1.82997e-05
13 42 -0.00015176 -0.00014736
13 43 0.0004436 -0.000131861
13 44 -0.000177125 -0.000359619
13 45 0.000382218 -4.30911e-06
13 46 0.000217207 -6.43091e-05
13 47 -0.000177921 9.45773e-05
13 48 1.32505e-05 -0.000428538
13 49 3.72068e-05 0.000124817
13 50 -0.000277874 -0.000273837
13 51 -1.88283e-05 0.000331451
13 52 0.000107668 0.000144728
13 53 -0.000104071 0.000176246
13 54 -7.88634e-05 9.52415e-05
13 55 0.000408172 8.59535e-05
13 56 -0.000207445 -4.18082e-05
13 57 0.000189867 -4.47675e-05
14 34 3.62985e-05 -7.34712e-05
14 35 0.00026357 -0.000289706
14 37 3.71616e-05 -0.00031385
14 38 0.00113104 0.000143045
14 39 0.000126449 0.000377121
14 40 -0.00030267 -1.3524e-05
14 41 0.000393812 -0.000103133
14 42 0.00023001 -0.000603361
14 43 -0.000308973 9.2722e-05
14 44 -0.000247887 -0.000249716
14 45 -0.000239962 -0.000164807
14 46 -0.000334993 -7.77325e-05
14 47 0.000634448 -0.000208009
14 48 -6.60346e-05 -0.000176511
14 49 0.000207028 5.85697e-05
14 50 0.000590676 0.000128896
14 51 0.000265447 0.000350699
14 52 0.0002478 -2.08824e-05
14 53 0.00034445 0.00029252
14 54 -0.000147465 -0.000125853
14 55 0.000312264 0.000101211
14 56 -0.000107933 1.23985e-05
14 57 -4.74121e-05 0.000188828
14 59 0.000193264 -0.000148222
14 60 -2.4341e-05 8.46527e-06
15 33 0.000200674 0.000359209
15 34 4.45858e-05 -3.67707e-05
15 35 -5.77285e-05 0.00033211
15 36 0.00045401 -0.000299264
15 38 -0.000154015 -0.000138882
15 39 0.00109727 -0.00079521
15 40 -0.000214679 0.000132107
15 41 0.000333297 -0.000116121
15 42 -0.000599327 -0.000598858
15 43 0.000207666 -0.000216489
15 44 0.000179419 0.0001051
15 45 0.000923166 -2.83039e-05
15 46 -0.000552469 -0.000183441
15 47 0.000148072 0.000499794
15 48 -0.000215997 0.00010024
15 49 0.000470569 7.78441e-05
15 50 -0.000607918 0.000501645
15 51 -0.000685197 0.000238704
15 52 1.07526e-05 0.000104979
15 59 -3.25412e-06 -2.75523e-05
15 61 -0.000110449 0.000200158
15 62 -8.90894e-05 4.05331e-05
16 33 -5.77261e-05 -2.32633e-06
16 34 -0.000727687 8.56921e-05
16 35 8.24866e-05 0.000250036
16 36 -0.000224193 -2.83099e-05
16 37 -0.00102471 0.000373116
16 38 -0.000510918 0.000157466
16 39 0.000310305 0.000715976
16 40 0.000162012 0.000441126
16 41 1.19837e-05 0.000271321
16 42 -3.22429e-05 0.000113964
16 43 -0.000325131 0.000104938
16 44 0.000107276 6.19803e-05
16 45 0.000184893 0.000134972
16 46 4.09637e-05 5.35388e-05
16 47 -0.000616338 -0.000123817
16 48 0.000226849 0.000376463
16 49 0.000323627 0.000372553
16 50 0.000256899 6.28446e-05
16 51 -0.000317148 -0.000242655
16 52 -0.000131659 0.000422014
16 53 -7.51266e-05 -0.000174205
16 54 -0.000421204 0.000274444
16 56 7.69627e-05 1.53494e-05
16 61 -0.000268909 -0.000238644
17 34 0.000112846 -0.00021398
17 35 0.000175056 -5.06245e-05
17 36 -0.000627975 -0.000635403
17 37 9.74915e-05 7.27472e-05
17 38 -9.53389e-05 0.000408866
17 39 -0.000642739 -0.000195423
17 40 0.000503739 -0.000625381
17 41 0.000322983 0.000261547
17 42 0.000295421 0.000136871
17 43 0.000202121 7.2928e-05
17 44 -9.1471e-05 1.80234e-05
17 45 -0.000113177 9.1158e-05
17 46 0.000233928 -4.36358e-05
17 47 0.000264918 -9.83984e-05
17 48 0.000291996 0.000629117
17 50 -0.000473549 0.000117911
17 51 0.000172635 0.000362613
17 52 -3.71823e-05 0.000154063
17 54 -0.00014752 0.000108542
17 55 0.000362829 5.91627e-05
17 56 0.000207823 -4.5062e-06
17 57 0.000136416 1.66171e-05
17 60 -0.000360097 0.000300934
17 61 0.000310908 -7.18479e-05
18 34 7.47181e-05 -0.000232097
18 35 0.000549339 -0.000642547
18 36 0.000383648 -0.000203343
18 37 -0.00070476 0.000127215
18 38 0.000850859 -0.000353314
18 39 -0.000375287 0.000120919
18 40 1.44611e-05 0.000103906
18 41 -0.000215949 -6.52892e-05
18 42 0.00115376 -0.000585666
18 43 0.000136153 -1.19966e-05
18 44 0.000239591 -0.000127705
18 45 -0.000551353 -0.000365057
18 46 -0.000173676 0.000144777
18 47 0.000689855 0.000142356
18 48 1.40821e-06 2.12834e-05
18 49 -0.000104008 0.000111173
18 50 0.000506318 0.000134913
18 51 0.000574248 7.95224e-05
18 52 -0.000320759 9.41539e-05
18 53 -0.000441005 0.000420336
18 55 0.000191131 -6.58786e-05
18 56 -0.000252626 6.24092e-05
18 57 -9.28374e-05 8.33362e-05
18 58 0.000331723 6.89303e-05
18 63 0.000145891 6.22551e-05
19 33 -5.44079e-05 -1.53111e-05
19 34 0.000255887 -0.000668835
19 35 0.000262228 0.00030422
19 37 0.000209964 -5.78635e-05
19 38 2.61958e-05 0.000185082
19 39 0.000196947 1.69756e-06
19 40 -9.99556e-05 0.000457423
19 41 1.58293e-05 -3.23256e-05
19 42 0.000224736 3.94281e-05
19 44 -2.35286e-06 0.000398333
19 46 -0.000374612 0.000245109
19 47 -0.000327078 -5.96948e-05
19 48 -2.05514e-05 -2.00163e-05
19 49 0.000544853 7.46858e-06
19 50 0.000146167 0.000511874
19 51 -0.000291518 1.95151e-05
19 52 0.000245118 -7.74799e-05
19 53 0.00037757 0.000240817
19 55 0.000217934 -0.000291677
19 57 0.000170277 0.000412523
19 61 -0.000266405 7.13384e-05
20 33 0.00069669 -0.000306998
20 34 0.000635801 -0.000147094
20 35 0.000481838 -9.06877e-05
20 36 -7.10666e-05 -0.000584352
20 37 0.000141359 -9.15476e-05
20 38 0.000112094 -0.000210796
20 39 0.000590936 -0.000226438
20 40 -4.57566e-05 3.72203e-05
20 41 0.00142231 -0.000197071
20 42 -0.000687741 0.000360835
20 43 -4.81343e-05 2.31128e-05
20 44 -0.000185088 3.93103e-06
20 46 -2.66826e-06 -0.000314096
20 47 -0.000669388 0.000412917
20 49 0.00043191 -2.13978e-05
20 50 0.000472146 -9.29042e-05
20 51 5.4615e-05 -0.000208724
20 52 0.000235407 -0.000389579
20 53 -7.43557e-05 0.000152183
20 54 -5.053e-05 0.000184765
20 55 0.000386577 0.000215969
21 33 0.00035072 0.000163956
21 34 -0.000116616 -0.000194933
21 35 0.000643742 -8.19806e-05
21 36 -0.00108919 0.000166139
21 37 -0.000127158 -0.000270963
21 38 0.0001173 0.000271486
21 39 0.000507604 0.000474015
21 40 0.000272256 -0.000109333
21 41 0.000106609 0.000118203
21 42 -0.000279674 0.000120642
21 43 0.000218656 -7.27377e-05
21 44 -0.00025662 0.000298783
21 45 -0.00037226 -0.000336655
21 46 0.000151132 -0.000218861
21 47 0.000776189 6.70047e-05
21 48 -0.00041144 0.000127221
21 49 0.000260013 0.000318673
21 50 -0.000361015 0.00026173
21 51 0.000627472 8.47942e-05
21 52 -0.000249762 0.000357375
21 55 0.000150327 -8.45506e-06
21 58 -0.000262923 0.000205989
21 61 -5.39463e-05 -0.000172308
22 34 -0.000319168 3.87195e-05
22 35 0.000321833 -0.000390403
22 36 0.000313273 0.000148538
22 37 -0.000173461 0.000443944
22 38 -0.000285158 0.000113048
22 39 -6.20757e-05 0.000653671
22 41 -8.12388e-05 0.000571472
22 42 0.000533206 -0.000236649
22 43 5.6093e-05 -0.000200326
22 44 -0.000123638 6.33091e-05
22 46 0.000312456 -0.000541441
22 47 1.61499e-05 -0.00015059
22 48 0.000663701 0.000416109
22 49 0.00092122 -0.000157306
22 51 0.000293005 -1.97577e-05
22 54 -0.000255331 -7.90059e-05
22 55 -0.000320158 -3.68136e-05
22 57 -0.000166292 -0.000113921
22 58 0.000192965 8.59954e-05
23 33 0.000303892 -9.12782e-05
23 34 3.83985e-05 0.000278552
23 36 -0.000205914 0.000205839
23 37 0.000525231 -2.90713e-06
23 38 -0.00046556 -3.27512e-05
23 39 0.000509074 0.000128805
23 40 -0.000283971 6.81644e-05
23 41 -0.00013727 -0.000288485
23 42 -4.62368e-05 -0.000199839
23 43 0.000520775 0.000450189
23 44 0.000691478 9.18231e-05
23 45 0.000849613 0.000276864
23 46 0.00058918 0.000101083
23 47 0.0010151 -0.000185389
23 48 -4.50001e-05 -4.26674e-05
23 49 0.000778689 0.000123772
23 52 -4.20461e-05 8.91533e-05
23 54 -0.000254243 9.80853e-05
23 55 -0.00018165 -5.9489e-05
23 56 0.000415643 -0.000149076
23 57 0.000265855 -0.000179112
23 64 -0.000400184 0.000220976
24 33 0.000689092 -8.98547e-05
24 34 0.00030702 8.313e-05
24 35 0.000196802 -8.97244e-05
24 36 0.000916738 0.000354134
24 37 8.28604e-05 -0.000135259
24 38 0.000165266 -0.000321223
24 39 0.00133834 0.000188605
24 40 0.000197307 7.66766e-05
24 41 0.000222424 -1.07466e-05
24 42 0.000408498 -9.10007e-05
24 43 0.000383091 0.000276557
24 44 0.000233369 0.000176424
24 45 -0.000769789 -0.000285525
24 46 0.000274446 -2.85405e-05
24 47 -0.000212671 0.000276192
24 48 -0.000508214 0.000208657
24 49 0.000312827 -0.000440581
24 51 0.000169797 0.000172555
24 52 -4.26139e-05 6.11664e-05
24 53 -3.83179e-05 -0.000311869
24 56 9.39739e-05 -2.98832e-05
24 57 -0.000689712 5.03961e-05
24 61 0.000347622 -0.000114436
24 63 -3.79474e-05 -4.19477e-05
25 34 -0.000240744 -0.000237937
25 35 0.000422537 0.000258117
25 36 -0.00017282 0.000455447
25 37 0.000555715 -0.000271345
25 38 -0.000428935 6.54118e-05
25 39 0.000246271 -0.000413849
25 40 -0.000236833 -0.000351237
25 41 -0.000881742 -0.00028785
25 42 -0.000830663 -7.73843e-05
25 43 -2.10929e-05 3.45548e-05
25 44 -0.000391049 -0.000775479
25 45 -0.000492788 0.000530166
25 46 -0.000390715 0.000129376
25 47 0.000833625 8.8855e-05
25 48 0.000260248 0.000166047
25 50 0.000713385 0.000421729
25 51 0.000194891 5.13028e-05
25 52 -0.000260777 0.000109234
25 53 0.000340913 5.31781e-05
25 54 -0.000269567 3.61103e-06
25 56 0.000428699 -0.000197921
25 57 0.000225258 -0.000185794
25 61 9.60115e-05 0.000253406
25 63 9.91977e-05 0.000124936
26 33 -0.000117003 -6.24918e-05
26 34 0.000574409 -0.000405132
26 36 -0.000352485 -0.000171237
26 37 5.81767e-05 7.33228e-05
26 38 0.000142379 0.000490466
26 39 -7.85189e-05 -0.000366341
26 40 0.000109152 -0.00012452
26 41 0.000157828 -7.68914e-06
26 42 0.00105064 0.000310792
26 43 0.000179686 0.000258041
26 44 -0.000152305 -0.000845001
26 45 -0.000335854 0.000145738
26 46 7.23225e-07 -5.97309e-07
26 47 0.00020868 -0.000483645
26 48 5.11227e-05 0.000271716
26 49 0.000356244 3.06859e-06
26 50 0.00059654 0.000503283
26 51 4.59749e-05 -2.05104e-06
26 52 0.000326323 -6.10496e-05
26 53 0.000137792 0.000180122
26 55 -0.000269121 0.000234673
26 56 4.60076e-05 0.000110196
26 60 -0.000391905 0.000257481
27 34 -0.000365939 -0.000302706
27 35 0.000165726 2.29026e-05
27 36 -0.000410461 0.000145217
27 37 0.000217775 -0.000364735
27 38 0.00042226 -0.000174092
27 39 0.000591411 -8.03363e-05
27 40 0.000283805 4.23747e-05
27 42 0.000458114 0.000417244
27 43 0.000652871 0.000438314
27 44 0.000870943 0.000296921
27 45 -0.000205986 0.000336563
27 46 0.000296314 0.000144952
27 47 -3.84361e-05 -3.70064e-05
27 48 0.000358458 0.000161788
27 49 0.000518243 0.000155159
27 50 0.000954355 0.00067688
27 51 -0.000184561 6.67208e-06
27 52 0.000153032 -6.30057e-05
27 53 0.00044828 0.000148388
27 54 -9.19766e-05 3.89019e-05
27 55 -0.000375551 9.10746e-05
27 56 -7.08248e-05 -9.68419e-05
27 57 0.000130716 7.33926e-05
27 58 0.000327851 0.000207832
27 59 -0.000145842 -0.000235718
27 64 9.30684e-05 0.000412927
28 33 0.000440291 -0.000106961
28 34 8.47927e-05 0.000329617
28 35 0.000358367 -0.000384197
28 36 2.62775e-05 -9.80726e-06
28 37 4.9268e-05 4.69783e-05
28 38 0.000377794 -0.000172792
28 39 -0.000236717 -0.000131586
28 40 0.000925412 -5.58875e-05
28 41 0.000366299 -0.000142957
28 42 -0.000926116 -0.000228957
28 43 -9.57237e-05 0.00022417
28 44 0.000172545 -2.72561e-05
28 45 0.000607269 -0.000394026
28 46 0.000566141 0.0003653
28 47 0.000566207 0.00038355
28 48 7.56064e-05 -9.91288e-05
28 49 0.000480747 4.26292e-05
28 50 0.000485355 0.000149966
28 51 -8.803e-05 0.000132337
28 53 -0.000300988 -0.000107656
28 56 0.000293755 0.000167107
28 58 -0.000197506 -1.76967e-05
28 64 4.30678e-05 5.11712e-05
29 33 -0.000431229 0.000240154
29 34 7.37147e-05 8.34403e-05
29 35 0.000782338 -0.000547506
29 36 0.000266564 -0.000135242
29 37 -2.71241e-05 -0.000518807
29 39 -0.000105714 8.45238e-05
29 40 -0.000107801 0.000162124
29 41 0.000286429 -9.34752e-05
29 42 -9.5639e-05 -0.000321629
29 43 -0.000862857 -5.50408e-05
29 44 7.83223e-05 7.71621e-05
29 45 0.000618598 0.000240789
29 46 -3.02449e-08 0.000531794
29 47 0.000154433 0.000459786
29 48 0.000367358 0.000332117
29 49 0.000168522 -2.8491e-05
29 50 0.000377781 6.37065e-05
29 51 -0.000358709 0.000122005
29 52 -0.000272544 0.000322981
29 54 0.000222831 -0.000126681
29 56 1.69149e-05 1.96591e-05
30 34 0.000286143 -0.000176383
30 35 0.000357486 0.000133992
30 36 0.000645079 7.95052e-05
30 37 -6.97973e-05 -9.72423e-05
30 38 0.000774762 9.22043e-05
30 39 0.000915107 0.000234848
30 40 -0.000299763 0.000304926
30 41 0.000168219 -6.74071e-05
30 42 -0.000287203 1.56624e-06
30 43 5.46842e-05 1.78967e-05
30 44 -0.000195654 0.000390387
30 45 0.000661004 9.21735e-05
30 46 0.000375124 -0.000284024
30 47 0.000161221 0.000105394
30 48 0.000942065 -0.000285001
30 49 0.000134157 -1.95907e-05
30 50 0.000409582 0.000210076
30 51 -0.000270555 -0.000350701
30 52 -0.00014711 -0.000107163
30 55 -1.6073e-05 -0.000162969
30 57 0.000373856 5.33313e-05
31 33 -0.000389839 8.11878e-05
31 34 -4.47351e-06 -0.000809729
31 35 -0.000321483 -2.09461e-06
31 36 0.000313873 0.000112946
31 37 -0.000122682 1.74505e-05
31 38 0.000594706 -0.000630693
31 39 0.000309173 -0.000105237
31 40 0.00072187 0.000355438
31 41 0.000247868 -0.000100306
31 42 0.000317406 0.000116986
31 43 -0.000146141 -4.97383e-05
31 44 8.76427e-06 0.000383067
31 45 0.00114987 -0.000198963
31 46 0.000684654 0.000197185
31 47 -0.000527585 -0.000223511
31 48 0.000121192 1.55772e-05
31 49 -0.000390037 -5.19109e-05
31 50 0.00014028 7.1321e-05
31 51 -0.000225494 0.000371403
31 52 0.000125706 0.000104255
31 53 0.000422889 -0.000103305
31 54 0.000126537 5.12571e-05
31 55 9.37955e-05 -0.00014485
31 57 2.55635e-05 0.00010385
31 59 -3.55656e-05 9.49253e-05
31 61 2.2418e-05 3.28965e-05
31 62 0.000240852 0.000107253
31 64 -0.000242207 0.00014018
32 34 -0.000291547 0.000229096
32 35 -0.000433374 7.98205e-05
32 36 0.000887887 0.000232168
32 37 7.75447e-05 -4.47592e-05
32 38 -0.000533096 -1.99807e-05
32 39 5.39278e-05 0.00011673
32 40 0.000249153 0.000510334
32 41 9.9087e-05 -0.000478045
32 42 0.000300145 4.28059e-05
32 44 -4.1851e-05 0.000298424
32 45 0.000304621 0.000135734
32 46 -0.000232123 -9.97285e-05
32 47 -0.00027881 -9.73412e-05
32 48 -0.000481802 -0.000177349
32 49 0.000336576 0.000304119
32 50 0.000335979 0.000191197
32 52 0.000157455 0.000247125
32 53 -0.000347548 6.04684e-05
32 54 0.000241882 0.000212942
32 56 -0.000240948 0.000283074
32 57 -0.000282693 0.000279412
32 58 0.000283767 -0.000180308
32 59 0.000258252 0.000303979
33 33 -0.000270765 -6.72717e-05
33 34 0.000731373 0.00022227
33 35 9.38717e-05 2.31992e-05
33 36 0.000224716 -3.15757e-06
33 37 0.000304162 -1.4364e-05
33 38 0.000903337 0.000212454
33 39 0.000310587 0.000134384
33 40 -5.48277e-05 1.17164e-05
33 41 -0.00107746 -0.000247967
33 42 0.000207651 0.000260282
33 43 0.000452081 0.000498487
33 44 0.000518071 0.000238398
33 45 -3.99466e-05 -0.000163428
33 46 -1.46717e-05 8.35525e-05
33 47 -0.000342908 -5.9246e-05
33 48 -9.4498e-05 -0.000450421
33 49 -0.000259019 -5.78965e-05
33 50 -5.73405e-05 0.000180349
33 54 -0.000105576 7.46768e-06
33 55 -6.81169e-06 6.03136e-06
33 56 5.03918e-05 4.70439e-05
33 57 -0.000160349 0.000359654
33 62 0.000392459 -0.000143354
33 64 0.000331269 -0.000180917
34 33 -0.000100377 -0.000172164
34 34 -1.5268e-05 0.000818539
34 35 -0.000135431 1.01014e-05
34 36 6.79429e-05 -0.000324255
34 37 -1.7282e-05 -0.000774491
34 38 0.000209496 -8.74303e-05
34 39 -0.000200456 -0.000168959
34 40 -0.000647133 0.000158726
34 41 0.000571483 0.000408983
34 42 0.000133668 -0.000122426
34 43 -7.48433e-05 0.000299741
34 45 0.000700155 -5.86948e-05
34 46 0.000224452 3.91095e-05
34 47 -0.000608966 0.000157911
34 48 0.000206588 9.30694e-05
34 49 0.000304511 0.000355802
34 50 0.000220475 0.00031705
34 51 -0.000221257 0.000309524
34 53 9.7025e-05 4.56055e-05
34 56 0.0001614 0.000116642
34 57 -0.0006493 9.3344e-05
34 59 5.96257e-05 0.000393258
34 62 0.000265783 0.000213399
35 35 9.36802e-06 3.45265e-06
35 36 0.000785269 -0.000331969
35 37 -2.2627e-05 5.52186e-05
35 38 0.000489884 -0.000184134
35 39 0.000406539 -1.79253e-06
35 40 3.19414e-06 -6.74347e-05
35 41 0.000401617 0.000144599
35 42 -5.2255e-05 -0.000363245
35 43 0.00049332 4.04592e-06
35 44 -7.14703e-05 6.4946e-06
35 45 0.000915154 0.000266518
35 46 0.000277696 0.000296696
35 48 -0.000265986 -4.41416e-05
35 49 -0.000509461 -0.000141905
35 50 0.000290705 -0.000308978
35 51 -0.000283963 0.00024216
35 52 0.000129157 -0.000138509
35 54 0.00048258 -0.000227364
35 56 0.000292009 0.000280293
35 57 -6.44986e-05 -4.28495e-05
35 61 0.000322746 0.000159323
36 34 0.000218145 -0.000221823
36 35 0.000540057 -4.16437e-05
36 36 0.000566341 0.000149657
36 39 -0.000201245 1.5061e-05
36 40 -0.000342484 -0.00059585
36 41 0.000305887 0.000243577
36 42 -0.000115163 0.000154628
36 43 -5.41548e-05 -0.000499521
36 44 0.000286081 -8.39724e-05
36 45 0.000431861 -0.0001253
36 46 3.92901e-05 0.000371002
36 47 0.000278237 0.000183996
36 48 0.000282139 0.000229838
36 49 -0.000619792 0.000103153
36 50 2.95285e-05 -9.73747e-05
36 51 0.000145927 -2.11051e-05
36 52 0.00035644 0.000125619
36 53 0.000326802 0.000295487
36 54 0.000218169 0.000274631
36 56 0.000174952 8.1044e-06
36 62 0.000756484 -0.000110048
37 33 -0.000501928 0.000192733
37 34 0.000172244 -0.000259851
37 35 -0.000523883 0.000147488
37 37 1.14441e-05 0.000367254
37 38 -0.000265138 -0.000229217
37 39 0.000441425 -0.000164667
37 40 -0.000297317 0.000191549
37 41 0.000532115 -0.00029681
37 42 -0.000472141 -0.00033075
37 43 -5.18372e-05 0.000348009
37 44 0.00108978 0.0003492
37 45 -0.00030823 0.00029644
37 46 0.000259475 -0.000470928
37 47 9.20399e-06 4.26111e-06
37 48 -0.000203459 0.000235426
37 49 0.000239309 -0.000178243
37 50 9.72024e-05 0.000307631
37 51 0.000311829 0.000113163
37 52 1.87294e-05 4.585e-05
37 53 -0.000275172 -0.000151145
37 57 4.63505e-05 0.00039474
38 33 0.000228752 -0.000438544
38 34 -0.000125603 -0.000272999
38 35 7.94997e-05 -0.0002177
38 37 0.000476652 -9.57076e-05
38 38 -0.000255051 -0.000278125
38 39 0.000263818 -0.000101971
38 40 -3.5184e-05 -6.40759e-05
38 41 0.000516134 0.000570524
38 42 7.86479e-05 -3.67859e-05
38 43 0.000562851 0.000440644
38 44 8.46803e-05 0.000219401
38 45 0.000470421 0.000160547
38 46 0.000253646 -0.000185811
38 47 -0.000178844 0.000343563
38 48 0.000236923 0.000122228
38 49 -6.58568e-05 9.79398e-05
38 50 -0.000257976 -0.0001765
38 51 0.0002393 0.000387569
38 52 0.000457773 -5.10682e-05
38 53 0.000269875 7.27906e-05
38 54 5.32647e-05 -0.000149579
38 56 -0.000269 6.51019e-05
38 57 6.65541e-05 3.55665e-05
38 58 1.71327e-05 2.83213e-05
38 59 0.000223756 -8.8906e-05
38 63 0.000160216 0.000233877
39 33 0.000249428 -0.000285568
39 34 1.41264e-05 -3.91003e-05
39 35 -0.000350353 -0.000143437
39 36 0.000338345 -0.000783033
39 37 0.000111131 0.000107357
39 38 0.000904703 -0.000223285
39 39 -0.000847016 -0.000118827
39 40 -0.000229387 0.000102589
39 41 0.00056148 0.000638293
39 42 0.000335755 -6.82632e-05
39 43 0.00064537 -0.000280509
39 44 0.000658163 0.000674635
39 45 -0.000783377 0.000452922
39 46 0.000322526 7.78047e-05
39 47 0.00037418 0.000196281
39 48 -8.33509e-05 0.000143975
39 49 0.000161075 0.000502581
39 50 -8.29728e-05 0.000122359
39 51 -0.000352582 7.58995e-05
39 52 0.000573489 0.000138049
39 53 -5.88682e-07 3.99447e-05
39 54 1.82781e-05 7.56998e-05
39 55 0.00012567 0.000250771
39 60 2.08252e-05 5.1739e-05
39 63 -2.30271e-05 7.79547e-07
40 33 4.98753e-05 2.10692e-05
40 34 -0.000128215 0.000296703
40 35 0.000185931 -0.000191369
40 36 0.000416627 -0.000231901
40 37 0.00034925 -0.0001814
40 38 0.000143763 -0.000176242
40 39 -6.39909e-05 0.000175898
40 40 0.000204205 4.91394e-05
40 41 -9.87595e-05 0.000140006
40 42 -0.000221949 -0.000394373
40 43 3.24005e-05 0.000123358
40 44 0.00021748 -3.22905e-06
40 45 0.000464256 0.000275487
40 46 0.000533865 0.00026836
40 47 0.000188033 -0.000285684
40 48 5.00628e-05 -6.68855e-06
40 49 0.000208439 0.00014217
40 50 0.000142109 0.00027151
40 52 0.000168851 0.000160415
40 53 0.000684877 0.000240537
40 54 -0.000431403 -0.000184769
40 56 -0.000355882 -3.08352e-05
40 58 -0.000270705 8.77917e-05
40 59 5.46765e-05 0.000148407
40 60 2.61307e-05 1.33114e-05
40 61 9.33337e-05 3.81799e-05
40 64 -0.000126029 0.0001572
40 66 0.000139869 0.000388448
41 33 0.000158768 0.000103718
41 35 0.000494084 7.50095e-05
41 37 0.000262681 -0.000319593
41 38 -0.000274786 0.000122488
41 39 -0.000169571 -0.000109832
41 40 0.000909797 -0.000455817
41 41 0.00109045 -8.86541e-05
41 42 4.67356e-05 -4.80739e-05
41 43 0.000375862 6.08305e-05
41 44 0.000288135 -0.000232475
41 45 -0.000107671 -0.000245981
41 46 -0.000131407 0.000771082
41 47 -0.000130579 -7.00834e-05
41 48 0.000555811 0.000297907
41 49 -6.08748e-05 -0.000641522
41 50 -0.000317253 -0.000452689
41 51 6.89517e-05 0.000102784
41 52 0.000226388 0.000162093
41 53 -0.000474748 0.000739605
41 54 -0.000221076 -0.000323178
41 56 1.7562e-05 -1.29188e-05
41 57 -0.000116426 0.000193718
41 59 -0.000111698 4.2264e-05
41 60 7.1305e-05 -0.000110101
41 62 0.00026053 0.000240107
41 63 -0.000336057 0.000996345
42 33 0.000323876 0.000216692
42 35 0.000129243 5.57259e-05
42 36 0.000708636 5.02931e-05
42 37 -0.000145303 3.67834e-05
42 38 0.000414811 7.03221e-05
42 39 0.000121578 3.60475e-05
42 40 0.000455718 0.000221979
42 41 -0.000125119 -0.000105498
42 42 0.000228905 0.000105495
42 43 -0.000534233 -6.36997e-05
42 44 0.000215582 -1.86374e-05
42 45 0.000333334 -9.84658e-05
42 46 -8.25442e-06 1.14824e-05
42 47 0.000470199 -4.36451e-05
42 48 0.000420423 -0.000242064
42 49 0.000506284 2.16536e-05
42 50 0.000592839 0.000244163
42 51 0.000463408 -6.46e-06
42 52 -2.05121e-05 1.47568e-06
42 53 -0.000121024 -0.000291206
42 55 0.000613598 0.000178349
42 56 0.000425657 0.000148695
42 57 0.000398717 0.000232444
42 61 0.000237604 3.7856e-05
42 62 -0.000280442 -0.000168433
43 34 0.000257822 0.000195956
43 35 0.00112233 -0.000466042
43 36 0.000176143 -8.40682e-05
43 37 -0.000169949 0.000155
43 38 0.0001351 -7.66062e-05
43 40 2.19406e-05 -2.84574e-05
43 41 -0.000301906 -0.000101217
43 42 0.000167401 0.000496259
43 43 0.00034534 -0.000425806
43 44 -7.96109e-05 -0.000733281
43 45 -0.000151578 0.000220538
43 46 0.000732724 -4.17488e-05
43 47 -0.000369789 0.000309814
43 48 0.00031313 -0.000191415
43 49 0.000936639 0.000627003
43 50 0.000193769 0.000187257
43 51 0.000266314 0.000870934
43 53 -8.112e-06 4.37693e-05
43 54 0.000211134 0.000366246
43 56 -0.000229328 -6.43639e-05
43 57 -5.1629e-05 2.28266e-05
43 58 0.000207675 -0.000313896
44 33 0.000291105 -8.38376e-06
44 34 0.000694456 -0.000229935
44 35 0.000820035 -5.91439e-05
44 36 4.31285e-05 -8.92807e-05
44 37 4.05402e-05 0.000103437
44 38 0.00108587 -0.000525945
44 39 -1.80361e-06 -1.73075e-05
44 40 -0.000242702 -0.00040949
44 41 0.000325614 0.00012212
44 42 0.000856732 0.00018359
44 43 6.40736e-05 0.000191163
44 44 -3.85394e-05 -0.000216992
44 45 -0.000146071 0.000452238
44 46 -0.000427764 -6.02575e-05
44 47 0.000587098 -0.000111465
44 48 0.000204978 0.000264515
44 49 -9.78798e-05 0.000155721
44 50 6.71398e-05 0.000212579
44 51 -5.73422e-05 -0.000263135
44 53 0.000187503 -0.000254582
44 54 0.000376744 -0.000301053
44 59 0.000250326 0.00016121
44 62 -0.000392807 -3.12179e-05
44 65 -0.000112855 4.184e-05
45 33 -3.20218e-07 9.40747e-05
45 34 0.000650663 -0.00015727
45 35 0.00055839 -0.000331906
45 36 -0.000154343 -6.9314e-05
45 37 0.000673149 -0.000108855
45 38 -0.000405168 -1.56384e-05
45 39 1.15441e-05 1.48349e-05
45 40 0.00011846 0.000216979
45 41 0.00117614 0.000284272
45 42 0.000546069 -9.57705e-05
45 43 0.000796905 0.000207689
45 44 0.000319513 0.000407779
45 45 -7.77787e-05 -0.00054765
45 46 0.000399218 3.46742e-06
45 47 0.00018132 -0.000314797
45 49 -0.000264784 1.13216e-05
45 50 -9.36278e-05 -0.000211738
45 51 0.000499695 -4.62172e-05
45 52 0.000228488 0.000344595
45 53 0.000290238 0.000313065
45 54 7.58403e-05 0.00024668
45 58 2.36375e-05 3.05976e-06
45 59 -0.000362213 0.000244401
45 65 0.000191078 0.000360658
46 33 0.000374991 -0.000209536
46 35 0.000230903 0.000235739
46 36 0.000365873 -0.00013608
46 37 -0.00016052 0.00024974
46 38 0.000599872 -0.000664081
46 39 0.000203167 0.000263018
46 41 0.000838772 -1.19446e-05
46 42 -0.000557736 2.39171e-05
46 43 0.000371313 0.00024217
46 44 0.000274776 -0.000168959
46 45 0.000364643 -0.000237546
46 46 0.000501232 -0.000128949
46 47 0.000343551 -0.000101576
46 48 0.000339521 0.000468963
46 49 -5.36005e-05 -0.000334978
46 50 0.000289788 7.548e-05
46 51 0.000107327 0.000119408
46 52 0.00021237 9.33803e-05
46 53 -0.000241728 -0.000291
46 55 -0.000472053 -0.000127358
46 57 8.26321e-05 6.31423e-05
46 58 0.00080941 3.10974e-06
46 59 0.000339281 0.00035631
46 62 0.00033384 -0.000236352
46 65 -0.000371621 -0.000330631
47 33 6.60988e-05 -7.4203e-05
47 34 -0.000150877 -2.41205e-05
47 35 0.000464988 -8.97646e-06
47 36 -0.000414443 -0.000155603
47 37 3.61529e-06 -0.000137241
47 38 0.000459539 -0.000170562
47 39 -7.50714e-05 0.00032867
47 40 -0.000319931 0.00019975
47 41 -0.000355596 -5.30834e-06
47 42 0.000486446 7.06101e-05
47 43 0.00038558 -6.98605e-05
47 44 0.000303213 0.0002109
47 45 0.000800633 -8.53966e-05
47 46 0.000288589 0.000138372
47 47 -8.41077e-05 0.000108583
47 48 0.000317757 0.000373925
47 49 1.31936e-05 6.87368e-06
47 50 0.000126837 -6.06071e-05
47 52 0.00040595 0.000379505
47 54 0.000650503 0.000401544
47 56 6.98674e-05 0.000178714
47 59 8.46395e-06 0.000316652
47 60 1.71446e-06 -5.0082e-06
47 62 -6.50821e-05 2.58151e-05
48 33 0.000527063 0.000114109
48 35 -0.000201813 0.000298424
48 36 0.000124607 -6.76513e-05
48 37 0.000559701 -0.000107595
48 38 0.000677558 -0.000491687
48 39 -0.000184671 0.000289528
48 40 -0.000133628 -0.000166556
48 41 0.000697195 0.000294135
48 42 -2.57798e-05 0.000314642
48 43 -0.000333666 -0.000125349
48 44 -0.000102629 0.000101071
48 46 0.000418389 0.000266155
48 48 -9.38415e-05 -9.77656e-05
48 49 0.000152194 -7.57861e-05
48 50 -0.00030078 0.00067026
48 51 -2.09361e-05 1.70075e-05
48 52 -0.000157862 0.000118398
48 53 -0.000266106 -3.0859e-05
48 56 -6.0826e-05 2.62147e-05
48 58 -7.42008e-05 4.49333e-05
48 60 0.000167992 -8.68532e-05
48 62 0.000121138 6.11338e-05
48 65 6.9115e-05 3.37095e-05
49 33 -0.000203167 -0.00015206
49 34 0.000213231 -0.0002341
49 35 0.000895484 -2.9821e-05
49 36 0.000366619 -5.78907e-05
49 37 0.000155746 0.00015818
49 38 -0.00010937 1.15742e-05
49 39 -0.0006113 0.000163624
49 40 -0.000539918 -0.000238541
49 41 0.000157306 0.000191369
49 42 -2.60537e-05 -9.56373e-05
49 44 0.000110461 8.83515e-05
49 45 0.000177728 0.000528572
49 46 2.88926e-05 0.00014923
49 47 0.000415719 0.000149785
49 48 0.000257467 -0.000158869
49 49 0.000444789 -0.000280753
49 50 0.000127076 0.000152008
49 51 0.000410594 -0.000275438
49 52 1.14869e-05 8.55897e-06
49 53 0.000182815 0.000184733
49 55 0.000123669 0.00016243
49 56 4.1645e-05 6.14914e-06
49 57 0.000156601 1.84727e-05
49 60 5.26978e-05 -1.35472e-05
50 33 4.49556e-05 -8.57685e-05
50 34 -1.21211e-05 1.49217e-06
50 35 -0.000170224 -0.000368027
50 36 -0.00032667 -0.000369629
50 37 0.000196114 -9.75208e-05
50 38 0.00017475 -2.19853e-05
50 40 8.22549e-05 -1.00207e-05
50 41 -4.15194e-05 0.000435472
50 43 0.000271245 -8.07502e-06
50 44 0.000103752 -0.000487726
50 45 -0.00017714 0.000142852
50 46 0.000108624 -2.50064e-05
50 47 0.000179095 0.000253535
50 48 0.000386364 3.58495e-06
50 49 -0.00019473 6.38438e-06
50 50 -0.000262708 0.000107238
50 51 4.02314e-06 5.55873e-06
50 52 -0.000115862 -0.000385938
50 53 0.000370792 0.000132991
50 59 0.00021 3.78661e-05
50 61 8.031e-05 2.6963e-05
50 64 1.5937e-05 3.39888e-05
51 35 1.26579e-05 -1.94209e-05
51 36 0.000569632 -0.000516343
51 37 0.000334248 -0.000587375
51 38 -6.56058e-05 0.000316304
51 39 -0.000377782 -0.000326549
51 40 0.000404342 -0.000137723
51 41 0.000173742 0.000282554
51 42 0.000273028 0.000402644
51 43 0.00071054 -5.04399e-05
51 44 0.000317526 0.000101441
51 45 0.000238113 -0.000127963
51 46 -0.000197938 -0.000506726
51 47 -0.000474604 0.00035825
51 48 -0.000700828 -0.000175793
51 50 9.0457e-05 1.05322e-05
51 52 -0.000697386 0.000136616
51 53 -0.000217996 3.85363e-05
51 54 0.000345821 -0.000167341
51 55 0.00026827 9.26969e-05
51 58 0.000128944 0.000447218
51 63 0.000292839 0.000256682
51 64 7.01876e-05 0.000231505
52 33 -9.51348e-05 -0.000105275
52 34 0.000286094 -0.000254511
52 35 0.000240827 0.000233419
52 36 -0.000579981 -0.000458959
52 37 -9.13872e-05 -0.000300071
52 38 3.14303e-05 0.000114357
52 39 8.27259e-05 8.11377e-05
52 40 -0.000292782 0.00012226
52 41 0.000126518 -4.67529e-05
52 43 0.000259079 2.6822e-05
52 44 0.000480806 0.00057902
52 45 8.32024e-05 1.68424e-05
52 46 0.000368155 0.000458564
52 47 0.000611282 -0.000187217
52 48 0.000492204 -6.26317e-05
52 49 0.000148048 0.000526179
52 50 -4.60817e-05 -2.63516e-05
52 51 -3.34811e-05 8.02656e-05
52 53 0.000209977 -0.000103378
52 55 0.000350782 -0.000300178
52 56 3.92687e-05 1.86063e-05
52 57 1.06436e-05 1.37188e-05
52 58 4.47309e-05 3.69528e-05
52 62 -0.000460036 -0.000159945
53 33 7.47899e-05 -8.10953e-05
53 35 -0.000269963 -0.000242364
53 36 0.000157113 0.000102091
53 37 -5.32748e-05 0.000303522
53 39 -0.000396265 -0.0001032
53 40 -0.000310519 0.000118632
53 41 4.2321e-05 0.000594118
53 42 0.000269736 0.000378557
53 44 0.000352199 0.000260174
53 45 7.33956e-06 -1.29483e-06
53 46 4.22432e-05 0.000257613
53 47 0.000473357 0.000470421
53 48 6.70777e-06 6.04911e-05
53 49 0.000417492 0.000209624
53 50 0.000164287 -0.000815775
53 52 0.000266024 0.000164685
53 54 0.000232303 0.000323795
53 57 6.85283e-05 2.63922e-06
53 58 -3.15292e-05 2.14119e-05
53 59 0.000203978 0.000329383
53 60 7.03288e-05 -3.89122e-05
53 61 0.000161849 0.000375882
53 62 -0.000278161 -0.000298157
53 63 0.000261611 0.000194806
54 34 -3.45005e-05 -8.49712e-05
54 35 0.000459448 -8.50468e-06
54 37 0.000624861 -8.73202e-05
54 38 -0.000449007 -2.0099e-05
54 40 -0.000306423 0.000175708
54 41 0.000368346 -5.21471e-05
54 42 0.000337869 0.00010438
54 43 -0.000454352 0.000527404
54 44 0.000322178 -0.000307761
54 45 0.000298537 -0.000130489
54 46 3.39556e-05 -9.32237e-05
54 47 0.000513136 -0.000152323
54 48 0.000152736 3.03583e-06
54 49 0.000323546 -6.74162e-05
54 50 0.000728328 0.000347904
54 51 0.000268067 -2.57211e-05
54 53 0.0005144 -0.000335217
54 54 0.000240631 0.000114581
54 55 6.30853e-05 7.51078e-05
54 56 0.000217964 -8.86703e-05
54 57 -0.000218559 -0.000201623
54 58 -0.000205514 0.000345471
54 60 0.000419869 -7.41068e-05
54 66 7.06032e-05 -2.44388e-05
55 34 -0.000122106 0.000107232
55 35 2.06006e-06 -2.24857e-06
55 36 5.79512e-05 1.09351e-05
55 37 0.00035501 2.93729e-05
55 38 0.000194465 -2.72709e-05
55 39 -0.00022185 0.000321067
55 40 2.61234e-05 2.34002e-05
55 41 0.000487958 0.000285346
55 42 0.000530345 -0.000138443
55 43 -9.80993e-05 -0.000294429
55 44 2.27968e-05 -1.58337e-05
55 45 7.70983e-05 4.52052e-05
55 46 0.000210007 -0.000264911
55 47 0.000426352 -4.2013e-05
55 48 9.26821e-05 0.000114103
55 50 0.000975795 -1.2091e-05
55 51 0.000252755 -0.000162222
55 52 -0.000127745 0.00012304
55 53 0.000207895 -1.05345e-05
55 54 0.000428659 0.000523537
55 56 0.000157453 4.80826e-06
55 57 0.000186518 -0.00031597
55 58 -5.72987e-05 9.98841e-05
55 59 -0.000267984 -0.000200169
55 66 0.000146302 0.000197373
56 33 6.68272e-05 -3.80555e-05
56 34 0.000212017 -0.000408247
56 35 0.000372541 6.67176e-05
56 36 0.000150932 -0.000135907
56 37 -1.7377e-05 -0.000143367
56 38 0.000825725 -0.000315964
56 39 0.000392467 0.000212579
56 40 0.000144227 4.52958e-05
56 41 -0.000139636 -0.000343806
56 42 -2.60846e-05 -0.000211051
56 43 0.000370651 7.25635e-05
56 44 -0.000569517 0.000219771
56 45 0.000806949 0.000353382
56 46 -0.000267941 6.10636e-05
56 47 -0.000429467 9.55318e-05
56 48 0.000140858 0.000264572
56 49 2.93143e-05 4.84374e-06
56 50 -0.000138907 -0.000185209
56 51 0.000108276 -3.47078e-05
56 52 0.000153351 6.08833e-05
56 53 4.69257e-05 1.05614e-05
56 54 0.000278265 -0.000242086
56 55 -0.000220318 0.000366262
56 56 3.401e-05 1.9777e-05
56 58 0.000157019 -0.000223472
56 61 0.000257611 -0.000144725
56 63 6.03818e-05 2.87704e-05
57 34 -9.60155e-05 0.000186074
57 35 -0.000314712 0.000112204
57 38 0.000130754 -0.000109748
57 39 9.78597e-05 -2.33493e-05
57 40 -0.000109191 3.01183e-05
57 41 0.000102465 0.000255082
57 43 0.000578796 3.68981e-05
57 44 0.000652931 -1.49255e-05
57 45 0.000200935 0.000104996
57 46 0.000551403 0.000333959
57 48 0.000730298 0.000367188
57 49 -0.000291627 0.000373881
57 50 0.000289525 -0.000324783
57 51 -0.000199053 0.000192142
57 55 0.00043004 -4.1828e-05
57 56 1.62772e-05 -0.000161456
57 57 0.000422298 0.000129993
57 59 5.71272e-05 -0.000285553
57 60 -5.52834e-05 0.000393017
57 61 9.30114e-05 -6.0583e-05
57 63 0.000248339 0.000274062
58 33 -0.000131518 -0.000389919
58 34 0.000316103 -2.24687e-05
58 36 -5.43762e-05 -3.63384e-05
58 37 5.44384e-05 -8.47531e-05
58 38 0.000264461 0.000251694
58 40 0.000430928 -4.16912e-05
58 41 7.94212e-05 -3.84132e-05
58 42 0.000182271 -2.72685e-05
58 44 -4.59182e-05 0.000194882
58 45 0.000176797 0.000115318
58 46 0.000567399 -1.67878e-06
58 47 -0.000286603 0.000335003
58 48 9.78484e-05 0.000286571
58 49 -0.000252948 4.52936e-05
58 50 -0.000184901 0.000135446
58 51 8.23471e-06 4.29915e-05
58 52 -0.000194317 0.000140705
58 53 2.24945e-05 1.66371e-05
58 55 0.00015063 0.000362179
58 56 0.000212922 -0.000208992
58 57 0.000312643 0.000214808
58 58 1.45891e-05 3.73948e-05
58 60 -0.000317351 1.73067e-05
58 61 -3.93539e-05 0.000101012
58 62 -1.47208e-05 5.533e-05
58 63 0.000181382 2.78209e-05
58 64 -0.000282186 0.000236855
59 34 0.000133095 5.81087e-05
59 35 0.000149636 -0.000198703
59 36 0.00024794 0.000255274
59 37 -0.000512689 6.3441e-05
59 38 0.000423313 -4.97205e-05
59 39 0.000679237 4.16893e-05
59 40 -0.000254045 -4.4608e-05
59 41 0.000255555 -0.000110114
59 43 0.000667601 -0.000141367
59 44 0.000379134 -0.000306753
59 46 0.000145617 2.58894e-05
59 47 0.000367901 0.000115555
59 48 0.000206763 -0.000189276
59 50 0.000491687 -0.000239622
59 51 0.000487411 -7.35787e-05
59 52 -0.000114175 -0.000355175
59 53 -0.000193317 -7.77094e-05
59 54 -0.000275877 -0.000317484
60 34 9.88424e-05 -0.000172329
60 35 6.02655e-05 -4.86132e-05
60 36 0.000102729 -1.00589e-05
60 37 0.0013802 0.000132416
60 38 0.000161585 3.13401e-05
60 39 -0.000132765 1.04738e-05
60 40 0.000307661 -0.000390038
60 41 0.000512399 -0.00033192
60 43 0.000161918 -6.32147e-05
60 44 0.000538375 0.000129554
60 45 0.000220384 -3.69896e-05
60 46 -0.000142485 0.000238021
60 47 -0.000264081 -0.000147482
60 48 -0.000324834 0.000231141
60 49 -0.000425661 0.000116911
60 50 7.90174e-05 0.000194517
60 51 0.000130846 -0.000123986
60 52 0.000382073 -0.000218289
60 53 -8.18061e-05 -0.000152387
60 55 0.000129571 0.000167213
60 57 -0.000402564 0.000233333
60 58 0.000239162 -2.69575e-06
60 60 0.000277141 -4.95145e-05
60 64 -8.61508e-05 -0.000385317
60 66 0.000328671 0.000298998
61 34 -0.000502983 -0.000275443
61 35 -0.000132945 8.022e-05
61 37 8.94999e-05 5.53223e-05
61 38 9.34506e-05 -9.71543e-06
61 39 -0.000232482 1.68526e-05
61 40 -0.000307372 0.000335547
61 41 3.3035e-05 2.79e-05
61 42 0.000319553 -0.000197501
61 44 0.000672276 -0.000171427
61 46 0.000611412 -2.28622e-05
61 47 8.46879e-05 -1.36853e-05
61 48 0.000102755 -0.000195348
61 49 0.000311806 -0.000114899
61 51 1.34568e-05 3.87389e-05
61 53 7.38038e-05 3.19967e-06
61 54 0.000108974 1.841e-06
61 56 -0.000217627 0.000108611
61 58 -0.000196952 3.76709e-05
61 61 -0.000219911 -0.000193196
62 38 -8.79577e-05 0.000462386
62 39 6.65418e-05 -0.000239161
62 40 8.43457e-05 -0.000132153
62 41 0.000265659 4.45955e-05
62 42 8.20394e-05 0.000209673
62 43 0.000357753 -3.51536e-06
62 44 0.00013011 -2.27328e-05
62 46 -0.000332349 -0.000171338
62 47 0.000370343 0.000209667
62 48 3.96016e-05 4.73377e-05
62 50 0.000418907 0.000187864
62 52 0.000118256 9.54119e-05
62 53 0.000464021 -5.3421e-05
62 55 0.000222337 -0.000192048
62 58 0.000497688 0.000625912
62 59 -9.91466e-05 -9.00546e-05
62 60 -0.000110273 -2.89178e-05
62 61 4.01182e-05 2.47333e-05
63 36 0.000177146 -2.58862e-05
63 37 0.000238227 3.6268e-05
63 38 -0.000224792 -2.22438e-05
63 39 -3.21616e-05 0.000153574
63 40 4.66257e-05 -0.00023634
63 41 0.000278095 0.000179994
63 42 0.00022099 -0.000396502
63 44 6.96884e-05 0.00015189
63 45 9.81095e-05 0.000155047
63 46 0.000396889 -0.000661975
63 47 0.000408695 0.00023617
63 49 0.000154363 1.04171e-06
63 50 -1.73822e-05 0.000544118
63 51 2.06547e-05 2.01873e-05
63 52 0.000537927 2.71119e-05
63 53 6.86871e-05 -7.026e-06
63 55 0.000237819 0.000284593
63 57 6.50414e-05 -2.23193e-05
63 58 4.03389e-05 -1.67833e-06
63 59 2.90232e-05 1.97093e-05
63 60 0.000478856 -7.73086e-05
63 63 0.000171696 6.22704e-05
64 33 2.3812e-05 -7.70024e-06
64 34 0.000120539 0.000118916
64 35 0.000410542 -0.000116476
64 37 0.0004741 -9.00864e-05
64 38 0.000236031 0.000332693
64 39 0.000320429 0.000158109
64 40 0.000736273 -0.00037218
64 41 0.000327859 0.000109174
64 42 1.14633e-05 1.84053e-05
64 43 0.000627822 0.000348755
64 45 -0.000162535 0.000368795
64 46 0.000257467 -0.000294769
64 47 1.2293e-05 0.000119717
64 50 1.24813e-05 1.54998e-05
64 51 -0.000268512 4.70012e-05
64 52 0.000792931 0.000227387
64 53 1.52512e-05 -1.40133e-06
64 55 0.000220455 0.000184953
64 56 0.000101097 -0.00029309
64 60 0.000128613 -0.000122141
65 34 0.000302111 -5.92688e-05
65 35 0.000491354 6.60391e-05
65 36 -0.000423946 -0.000152466
65 37 0.000233038 -2.01808e-05
65 38 0.000315159 3.18028e-05
65 39 0.000278774 -9.82192e-05
65 42 0.000946198 -0.00012938
65 45 0.000183681 8.32167e-05
65 46 0.000332978 -0.000311445
65 47 0.000122364 0.000173806
65 48 -9.4033e-05 -5.08998e-05
65 49 0.00058154 0.000168451
65 51 0.000326109 0.00011699
65 52 7.13057e-05 0.000157801
65 54 -0.000170508 0.000255405
65 55 4.83473e-05 3.30347e-05
65 57 0.000277164 -0.000284408
65 58 -0.000161982 -0.000337251
65 60 -0.000309694 0.000656506
65 62 0.000217321 3.15768e-05
66 34 1.14124e-05 2.94995e-06
66 35 -0.000121643 0.000455706
66 36 0.000381279 -0.000255835
66 39 0.000468332 1.66635e-05
66 41 9.44191e-05 -0.000186085
66 43 0.000136473 9.39701e-05
66 44 0.000372302 -6.49001e-05
66 45 0.000253395 2.67769e-05
66 46 6.78358e-05 4.84409e-06
66 47 2.04769e-05 -3.51538e-05
66 49 0.000152991 -2.54391e-05
66 50 0.000185755 -0.000203542
66 51 -0.000567641 0.000407422
66 57 0.000166625 -6.84274e-07
66 61 1.83585e-05 1.46747e-05
66 65 0.000382199 0.000134148
