1 35 -0.000312346 -1.85893e-05
2 35 1.769e-05 -9.60529e-06
3 34 0.000271763 -0.00011195
3 35 1.24325e-05 2.94715e-05
3 36 4.01918e-05 3.88009e-05
3 49 0.000381738 0.000108999
4 33 0.000254121 0.000377155
4 34 0.000344719 0.000172043
4 36 0.000200891 8.26062e-05
4 37 0.000142177 0.000233817
4 38 0.000435941 -0.000204751
5 34 -0.000650397 0.00021661
5 35 -3.05435e-05 9.29873e-06
5 36 -0.000392359 0.000209842
5 37 6.34589e-05 3.05076e-05
5 38 -0.000240842 7.14584e-05
5 41 -3.40422e-05 0.000290383
5 54 0.00028169 6.19426e-05
6 34 -3.02407e-05 -1.39059e-06
6 35 -0.000192392 -0.000326222
6 36 -5.23838e-06 0.000172134
6 39 1.57354e-05 0.000246677
6 40 6.24886e-05 0.000120126
6 52 -1.58555e-06 -2.75425e-05
7 34 0.000753731 -0.000318664
7 35 0.000207916 -0.000421974
7 37 -6.76616e-05 6.959e-05
7 39 -0.000343115 0.000339556
7 44 -0.000196942 2.86891e-05
8 35 0.00058021 1.89098e-05
8 36 0.000198122 0.000295636
8 37 0.000371971 0.000106241
8 39 0.000149528 0.000200717
8 40 0.000275798 0.000239162
8 45 -6.17011e-05 0.000339593
9 36 1.38543e-05 -3.9547e-06
9 51 0.000114228 6.65907e-05
10 33 -0.000289471 0.000149897
10 34 0.000657501 -0.000324328
10 36 -0.000199734 1.75502e-05
10 37 1.51563e-05 4.6189e-06
10 39 0.000180179 -0.000412084
10 51 -4.79019e-05 -4.63534e-05
11 33 3.01569e-05 -1.56548e-05
11 34 0.000265201 -0.000154875
11 35 -0.000180288 0.000240474
11 36 0.000715878 -0.000132011
11 37 0.000249488 1.17133e-05
11 38 9.12547e-05 -6.07293e-05
11 46 0.000161993 0.000387832
12 33 -0.000254471 0.000260904
12 34 0.000370874 0.00024862
12 35 -8.51032e-06 2.28254e-06
12 36 0.000305661 -0.000289364
12 37 9.82902e-05 -5.46531e-05
13 33 0.000253674 -9.32635e-05
13 35 6.65889e-05 3.15186e-05
13 36 0.000147711 0.000176073
13 43 1.08751e-05 -3.73833e-06
13 44 4.22151e-05 0.000449498
13 47 2.57993e-05 5.00115e-05
13 58 6.26279e-05 0.000103091
14 33 -0.000332251 -0.000489873
14 34 -0.000132532 -0.000134898
14 35 -0.000137003 0.000344269
14 36 0.000568642 7.77475e-05
14 38 -0.000348376 2.13078e-05
14 39 -7.76599e-05 5.36221e-05
14 41 0.000330628 0.000179503
14 46 -0.000174486 -6.33478e-05
15 37 0.000263304 -4.15391e-05
15 38 0.000440372 0.000170054
15 40 -6.90065e-05 -5.15989e-05
15 41 0.000480128 0.000268109
15 50 -0.000197919 -0.000218908
16 33 -0.000248121 -6.95644e-05
16 34 0.000573075 6.51386e-06
16 35 0.000601588 -0.000281154
16 36 0.000117603 -0.000300101
16 37 0.000171474 4.19006e-05
16 38 8.12993e-06 -1.48392e-05
16 39 0.000139411 0.000181829
16 43 7.8305e-06 5.98323e-06
16 44 -0.000618335 5.17579e-05
16 52 -0.000243395 0.000153594
16 53 -3.2015e-05 -7.65404e-06
17 35 0.000416346 5.79866e-05
17 36 0.000103541 -1.06717e-05
17 37 0.000156809 0.000204227
17 38 7.43462e-05 5.556e-06
17 39 -0.000233504 -5.33121e-05
17 40 -8.40196e-05 0.000354595
17 42 -0.000328497 0.000199352
17 43 -8.50639e-05 0.000125428
17 48 9.35276e-06 4.06845e-06
17 57 -0.000618424 0.000155838
18 34 0.000799383 -0.000315236
18 35 0.000100501 0.00013115
18 36 0.000517496 0.000124818
18 37 8.47375e-05 -3.68546e-05
18 38 3.58033e-06 4.09165e-06
18 39 0.000291533 0.00021084
19 33 0.000243754 -0.000200345
19 34 0.000385404 -0.000175049
19 35 -2.77112e-07 -0.00016313
19 36 0.000361493 -6.48745e-05
19 37 0.000132608 0.000454433
19 38 0.000100629 0.000333772
19 39 -0.000109767 1.92465e-05
19 40 -0.00044772 -9.78556e-05
19 41 7.85317e-05 0.000261152
20 33 0.000220607 0.000272633
20 35 0.000318727 -0.000101413
20 36 0.000438085 0.000185011
20 37 8.97117e-06 -3.22374e-05
20 38 9.26544e-06 9.08539e-05
20 39 -0.000399608 0.000135961
20 52 0.000120625 -2.18797e-05
20 54 2.52607e-05 5.13218e-05
21 33 0.000154003 7.78693e-05
21 34 0.000227356 6.96901e-06
21 35 0.000364543 5.81492e-05
21 36 0.000248872 -0.000362458
21 37 -5.39183e-05 0.000156918
21 38 0.00036643 0.000317047
21 39 0.000138607 0.000209828
21 42 0.00021314 0.000261823
21 43 0.000176038 5.81245e-05
21 47 -0.000205258 0.000214896
21 53 -0.000180525 1.59029e-05
22 33 -0.000215147 -0.000237718
22 34 0.00053272 -0.000203301
22 36 8.63389e-05 6.9924e-05
22 37 1.21959e-05 8.34644e-06
22 38 -0.000154741 0.000604956
22 39 0.000256905 -0.000106223
22 42 3.03101e-06 5.19159e-06
22 45 -0.000425983 0.000199065
22 46 -0.000145189 0.000353007
22 63 0.000255145 0.000285318
23 33 0.000316558 -5.19208e-05
23 34 0.000358675 -0.000185505
23 35 -0.000291065 8.2192e-05
23 36 -0.000134537 -1.47364e-05
23 37 0.000172222 0.000121056
23 38 0.000122896 0.000124942
23 41 0.000248149 0.000303857
23 43 0.000351358 0.000245991
23 45 -9.18942e-05 8.16558e-05
23 47 -0.000177939 -6.68806e-06
23 50 0.000301748 0.000731882
24 33 0.000200699 4.64672e-05
24 36 0.000255821 -0.000318255
24 37 0.000165766 -1.39793e-05
24 38 -0.000277846 -0.000184108
24 39 0.000309585 0.000215249
24 40 1.71684e-05 6.74523e-06
24 41 0.000241179 -8.4059e-05
24 45 3.9798e-05 -3.09715e-05
24 61 0.000209282 0.000129149
25 33 0.000273395 9.28664e-05
25 34 0.000392564 -0.000243891
25 35 0.000265015 2.55035e-05
25 36 -2.69654e-05 0.000205094
25 37 -6.17144e-05 0.00011
25 38 0.00042296 -8.57266e-05
25 40 0.000113069 4.64525e-05
25 42 0.000320053 -5.46399e-05
25 45 0.000139823 0.000174445
25 52 5.59549e-05 4.68651e-05
25 57 -0.000166339 0.000182664
26 34 -0.000302906 3.50183e-06
26 35 0.0004723 -8.63176e-05
26 36 0.000168911 -0.000662713
26 37 0.000581454 -0.000230929
26 38 0.000294727 0.000193131
26 40 0.000186781 0.000293225
26 41 0.000152473 0.000223399
26 44 0.000201483 -0.000270933
26 45 -0.000236444 0.000256584
26 49 9.4972e-05 8.66089e-05
27 34 4.77483e-05 -0.000143144
27 35 -0.000113545 0.000120014
27 36 0.000103273 6.5055e-05
27 37 -8.63755e-05 -0.000114192
27 38 3.78762e-05 1.21619e-05
27 39 8.76592e-05 0.000113597
27 40 3.76053e-06 1.32633e-05
27 41 -0.00029085 -5.60625e-05
27 42 0.000116245 8.06551e-05
27 43 9.73674e-06 1.99192e-05
27 48 -0.000324354 0.00016088
27 49 0.000124767 4.19344e-05
27 61 -2.57931e-05 4.7153e-05
28 34 0.000374662 0.000169102
28 35 0.000235584 -4.23597e-05
28 37 0.000140998 7.10798e-05
28 38 0.000164585 0.000108971
28 39 0.000470532 -6.01514e-05
28 40 0.000208736 7.04032e-05
28 42 -9.44906e-05 -0.000107552
28 44 -0.000609513 0.000141844
28 51 -0.000146165 -0.000100519
28 53 -5.27357e-05 -3.56899e-06
29 34 0.000305749 -0.000218467
29 35 5.12087e-05 -8.32543e-05
29 37 0.000632606 -0.000545153
29 38 -0.000477412 0.00026555
29 40 0.000234303 0.000117776
29 43 -2.50637e-05 0.000334086
29 49 -6.9964e-05 0.000108414
30 34 -0.000490393 -2.38316e-05
30 36 -0.000143155 -4.35239e-05
30 37 1.09183e-05 -1.86896e-05
30 39 7.92864e-05 7.85723e-06
30 40 3.87753e-05 1.58505e-05
30 41 7.32896e-05 -1.18526e-05
30 42 0.000120941 0.000104453
30 43 -0.000111141 -2.02316e-06
30 46 -4.80588e-05 0.000107692
30 47 0.000386379 -8.49462e-05
30 49 0.000268755 -5.71211e-05
30 51 0.000149698 -0.0001774
30 60 0.000359794 0.000126062
30 63 -0.000270394 6.29355e-05
31 36 0.000298406 -2.31628e-05
31 37 4.84933e-05 -0.000126329
31 38 -3.69495e-05 -5.25187e-05
31 39 -0.000188158 7.08629e-05
31 40 0.000216587 0.000333593
31 41 0.000427483 0.000443419
31 43 -0.000314627 0.000272692
31 46 0.000347031 0.000346655
31 58 0.000117634 8.3569e-05
32 34 0.00043603 -8.73813e-05
32 35 0.000184308 -0.000100342
32 37 -0.000330983 0.00011879
32 38 6.22703e-05 2.05054e-06
32 41 -3.62783e-05 1.04722e-06
32 47 0.000131324 -0.000131078
32 49 0.000369641 0.000303909
32 52 0.000280308 -2.84065e-06
32 54 -0.00017643 -0.000253648
32 57 -0.000113998 0.00016681
32 59 -5.06008e-05 6.76748e-05
33 34 0.000265687 -1.86952e-05
33 36 -0.00021024 -0.00023169
33 37 0.000267433 6.87065e-05
33 51 3.68955e-05 0.000220902
33 52 9.53776e-05 7.99715e-05
34 35 1.38774e-05 3.06458e-06
34 37 0.000138464 4.46111e-05
34 38 0.000367926 -6.44608e-05
34 39 0.000110016 7.52307e-05
34 41 -0.000508375 -0.000123711
34 46 0.000198532 0.000247748
34 62 6.87261e-05 -3.63384e-05
34 64 -0.000140098 -0.000336334
35 34 0.00051798 -2.66272e-05
35 35 0.000161842 5.34674e-05
35 36 4.79673e-05 4.38509e-05
35 37 -9.24188e-05 3.10252e-05
35 38 0.000334327 -0.000278389
35 39 -6.42001e-05 -3.13819e-05
35 41 -0.000279304 -0.00019687
36 33 0.000110729 -0.000244959
36 34 0.000197187 -3.7486e-05
36 35 -8.7952e-05 -0.000143902
36 37 0.000420512 -0.0001042
36 38 -0.000584282 -0.000181875
36 41 -0.00016532 -6.3052e-05
36 42 -3.63137e-05 8.64875e-05
36 45 0.00022451 3.06586e-05
36 48 0.000105229 -0.000114982
36 51 -0.000189391 8.58414e-05
37 33 2.09825e-05 -4.12276e-05
37 35 0.000244547 5.99222e-06
37 36 0.000160243 3.56458e-05
37 41 0.000282897 -0.000251463
37 42 -0.000497683 0.000173959
37 43 0.000161126 0.000103274
37 46 -1.0455e-05 4.92908e-06
37 53 -2.40569e-05 1.329e-05
37 62 -0.000188935 -0.000187621
37 63 0.000290939 5.39164e-05
38 33 -0.000351686 -0.000195736
38 34 0.000242531 -0.000131367
38 35 0.000315955 -0.000467057
38 36 4.76186e-05 1.95578e-06
38 38 0.000241701 0.000260474
38 42 0.000169238 -0.00015261
38 44 0.000635468 0.000346965
38 50 7.85154e-05 1.81327e-05
38 51 0.000167039 0.000292619
39 33 0.000480341 -0.000132325
39 35 0.000606684 -0.000170282
39 36 -0.000188802 -0.000249922
39 37 7.21757e-05 -0.000139636
39 38 9.93373e-06 3.08051e-06
39 40 0.000134936 0.000129755
39 42 0.000138299 0.000428737
39 47 0.000142821 3.16812e-05
40 38 0.000262188 -4.76084e-05
40 39 -0.000316035 0.000289078
40 41 -0.000425805 -0.000137522
40 43 -0.000293608 -0.000292957
40 45 0.00016568 6.09481e-05
40 49 0.000133892 -0.000242292
40 57 7.92774e-06 -7.60481e-07
41 34 -0.000163597 0.000187819
41 35 0.000237269 -0.000253642
41 37 9.52631e-05 1.33376e-06
41 38 -1.75159e-05 -2.08721e-05
41 40 -0.000222253 -1.10861e-05
41 41 9.45053e-05 0.000232428
41 43 -0.000121117 0.000152631
41 55 -0.000245721 -1.69145e-05
41 57 0.000314026 6.62865e-06
41 60 -0.000224577 -2.16743e-05
42 33 0.000246871 0.000188778
42 34 -0.000340765 0.00023237
42 35 -0.000109018 -0.000251563
42 36 0.00049988 0.000515222
42 39 0.000456074 0.000166603
42 42 0.000450279 0.000206357
43 38 -0.000128372 0.0002754
43 42 7.75075e-05 1.39347e-05
43 43 0.000137946 0.000206958
43 45 -0.000101673 -4.35546e-06
43 53 -5.42934e-05 6.14705e-05
43 61 3.06358e-05 4.10899e-06
44 34 -0.000246629 -5.93969e-05
44 36 9.29045e-05 -5.82037e-05
44 37 4.4626e-05 1.44957e-05
44 38 -0.000440227 -8.59131e-05
44 39 0.000170108 0.00036994
44 40 -2.02071e-05 0.000416147
44 41 0.000276187 0.000310999
44 42 2.61951e-05 0.000158273
44 46 0.000195622 9.48282e-05
44 48 -0.000263911 1.74774e-05
44 60 0.000132216 0.000198551
45 33 -0.000243362 6.71406e-05
45 35 4.01311e-05 -6.63394e-05
45 36 0.000250802 -0.000229751
45 37 -0.000718042 -8.15182e-05
45 38 1.16737e-05 1.12147e-06
45 39 2.30558e-05 -2.45107e-05
45 42 2.9697e-05 0.000438039
45 43 -9.11309e-05 0.00013461
45 44 -6.6679e-05 3.42273e-06
46 33 3.82159e-05 -4.55767e-05
46 34 -9.66973e-05 0.000123864
46 36 1.04146e-05 3.2478e-06
46 37 -0.000173466 6.95983e-05
46 39 0.000260579 3.9817e-05
46 40 -0.000162256 0.000195444
46 41 0.000360581 0.00013905
46 42 0.000110591 0.000108001
46 44 -0.000257591 -0.000239798
46 45 0.000379722 -0.000117173
46 58 7.91668e-05 2.12574e-05
46 61 -6.62312e-05 0.000181968
47 34 -0.000306543 -0.000307509
47 35 -7.41419e-05 -0.000295803
47 37 5.06286e-05 -5.95411e-05
47 38 0.000243318 -6.97183e-05
47 39 0.000302034 0.000116218
47 42 -8.37767e-05 7.21831e-05
47 50 0.000275679 -3.89092e-06
48 36 0.000254526 0.00014967
48 39 0.000195263 -0.000250044
48 40 0.000348838 4.25447e-05
48 41 -0.000165847 2.69546e-05
48 43 5.35572e-05 -2.99322e-05
48 44 -0.000359007 0.00021405
48 58 0.000402666 -6.92736e-05
48 59 0.000232627 0.000425849
49 35 0.000292787 -0.000130673
49 36 -0.000126227 -0.000122277
49 40 -0.000151698 0.00019837
49 46 0.000244248 0.000397891
50 33 0.000328227 9.26595e-05
50 34 5.5551e-05 -5.70613e-05
50 39 5.36725e-05 5.46629e-05
50 40 0.000240577 -0.00017671
50 44 -3.55238e-05 -3.71741e-05
50 45 0.000260681 0.000191616
51 36 0.000285886 1.62804e-05
51 38 0.000136276 0.00018134
51 39 1.43394e-05 -1.01483e-05
51 40 2.74547e-05 2.57724e-05
51 42 0.000314577 -2.43194e-07
51 44 -0.000241405 7.28156e-05
51 46 3.01143e-05 2.68679e-05
51 47 0.000210656 -0.000107756
51 48 -8.55891e-05 -0.000171372
51 52 1.42064e-06 1.18437e-06
51 64 0.000330129 0.000360554
52 35 -0.000212622 -0.000120897
52 37 0.000703555 7.35238e-05
52 41 -0.000445902 -0.000103388
52 45 4.51102e-05 -0.000100389
53 34 -7.69334e-05 0.000110484
53 38 0.000436557 7.57174e-05
53 39 -0.000433457 -0.000237913
53 43 0.000109049 0.00016493
53 45 5.24012e-05 -4.62062e-06
53 46 -0.000282535 0.000396799
53 48 0.000115859 -0.00015998
53 52 0.000116474 -0.000152542
53 54 0.000158225 -0.0002162
54 36 0.000302847 0.000227876
54 37 0.000114708 -0.00014667
54 38 0.000309171 -1.097e-05
54 40 0.000138784 -7.456e-05
54 41 0.000385815 0.000173269
54 42 0.000321112 8.86103e-05
54 43 -0.000112539 -3.95024e-05
54 47 7.35317e-05 0.000302769
54 48 6.30664e-05 2.62499e-05
54 50 -0.000101712 0.000463901
54 51 7.8824e-05 0.000208775
54 61 0.000201741 0.000113471
55 34 6.86422e-06 -3.0286e-06
55 35 0.000372213 5.24257e-05
55 38 0.000268373 -9.38643e-07
55 43 1.31218e-05 2.91815e-05
55 49 0.000388968 -0.000204901
55 51 -0.000137247 -0.000173541
56 33 0.000228289 -2.00499e-05
56 34 0.000337778 9.46312e-05
56 37 7.08699e-05 -4.46764e-07
56 42 -0.00044771 3.71742e-05
56 43 9.63661e-05 4.12133e-05
56 48 0.000174585 -0.000121063
57 36 0.000135462 0.000123581
57 37 0.000420821 0.000249543
57 39 5.62041e-05 -0.000316825
57 43 6.47004e-05 -1.43365e-06
57 51 -0.00042041 0.000100672
58 38 0.000873503 0.000120506
58 39 -9.36259e-05 5.77071e-05
58 43 -3.93029e-05 7.67465e-05
58 45 -0.000146842 0.000350864
58 47 0.000118608 -4.0358e-05
58 52 0.000155508 -8.43934e-05
58 56 -0.000453511 -0.00010429
58 59 3.30357e-05 -1.36181e-06
59 33 0.000322841 0.000163143
59 34 0.000333854 3.37572e-05
59 35 4.69061e-05 2.50053e-05
59 38 0.000114586 2.99004e-05
59 39 0.000318685 8.77467e-05
59 40 4.78939e-05 6.61225e-05
59 44 0.000161669 0.000289261
59 45 4.45108e-05 2.2479e-05
59 46 4.53219e-05 -0.000144349
59 50 -0.000245862 6.39459e-05
59 53 -2.16607e-05 -6.48234e-06
59 66 3.92398e-05 0.000182628
60 37 0.000414458 0.000167012
60 38 0.00011518 3.71808e-05
60 39 0.000219519 -0.000399394
60 41 0.000462094 -0.000131449
60 46 0.00038139 8.29774e-05
60 51 0.000178267 2.8851e-05
60 54 9.02919e-05 5.49744e-06
61 36 -1.8447e-05 -1.90943e-06
61 38 0.000411695 0.0001197
61 41 -0.000388799 -5.60719e-05
61 50 0.000343944 -8.94986e-05
61 53 4.85028e-05 3.90666e-05
61 58 0.000136877 3.87432e-05
61 62 0.000345177 4.93955e-05
62 36 8.46912e-05 9.46497e-05
62 53 5.16354e-05 0.000265862
63 35 -9.80436e-05 0.000259017
63 36 0.000598997 -7.70654e-06
63 37 0.000348362 -0.000168767
63 39 2.59947e-05 8.75439e-05
63 41 0.000276541 0.000279625
63 44 0.000160805 -2.06259e-05
63 48 2.7487e-05 2.03695e-05
63 50 0.000322459 -0.000224782
63 51 0.000214335 0.000114726
63 54 0.000168087 -7.01954e-05
63 65 -0.000215017 0.000154683
64 36 0.000234944 -0.000147094
64 40 5.56275e-05 -0.000471857
64 43 0.00037875 0.000225735
64 45 0.00015934 0.000209076
65 35 -2.5418e-05 1.45322e-05
65 39 0.000119393 -0.000189814
65 44 0.000243266 0.000214334
65 56 0.000140196 0.000256494
66 36 0.000208369 -0.000171206
