0 33 64.9446 6047.41
0 34 33.6771 10528.6
0 35 -13.1541 10582.6
0 36 60.9755 10719.5
0 37 -21.0293 10636.8
0 38 -0.264884 10707.3
0 39 52.8047 10446.2
0 40 24.3441 10319.6
0 41 12.7091 10126.1
0 42 93.6898 9665.38
0 43 29.877 8984.06
0 44 -39.7731 8886.68
0 45 12.9246 9229.17
0 46 50.4562 8908.45
0 47 124.658 8877.97
0 48 47.3603 8138.64
0 49 -50.2879 8214.95
0 50 77.2398 8358.95
0 51 72.5247 8128.23
0 52 61.2474 8484.98
0 53 -16.0295 10935
0 54 -24.6289 10464.1
0 55 1.66475 5.15478
0 63 -5.25869 11.0618
1 33 37.1344 17315.8
1 34 274.707 30150.4
1 35 218.466 30449.2
1 36 182.883 30727.3
1 37 173.817 30567.3
1 38 413.919 30492.7
1 39 379.649 30065.3
1 40 370.523 29739.5
1 41 374.768 29519.7
1 42 447.509 29268.8
1 43 392.541 29006.6
1 44 322.509 27641.8
1 45 249.046 26793.8
1 46 163.839 26081.2
1 47 371.356 25272.3
1 48 286.07 25336.8
1 49 482.555 24036.7
1 50 247.551 24016.5
1 51 424.871 24711
1 52 503.414 26454.4
1 53 378.198 32592.3
1 54 434.659 29123.8
1 55 -8.32731 115.44
1 58 4.29565 1.8869
2 33 245.405 27346.1
2 34 518.728 47639.9
2 35 462.029 47945.8
2 36 286.808 47911.8
2 37 615.458 47855.6
2 38 781.299 46872.1
2 39 875.184 46691.1
2 40 766.686 46458.2
2 41 548.302 46160.9
2 42 812.757 45301.7
2 43 808.752 44675.4
2 44 850.68 43847.1
2 45 824.929 42821.8
2 46 757.542 42169.6
2 47 1008.35 40837.4
2 48 947.599 38688.2
2 49 916.387 39219.3
2 50 966.02 38964
2 51 1094.02 38887
2 52 1147.55 41708.4
2 53 1855.48 52391.6
2 54 1327.66 46116.1
2 55 -0.662903 176.646
3 33 174.021 34291.4
3 34 436.833 59223
3 35 703.261 60154.4
3 36 1272.29 60182.9
3 37 1062.41 59892.5
3 38 1163.13 59718.6
3 39 1353.82 60126
3 40 1147.35 59567
3 41 1277.84 59030.2
3 42 1280.25 58832.4
3 43 1434.03 57867.4
3 44 1582.6 57147.6
3 45 1756.97 55827.1
3 46 1838.64 53540
3 47 1697.36 52704.8
3 48 1714.38 52080.6
3 49 1929.2 51208.6
3 50 1599.22 51060.5
3 51 1964.13 53854
3 52 2291.62 57233.8
3 53 2981.01 71123.9
3 54 2639.53 63687.4
3 55 4.02824 168.879
3 56 4.30726 0.157539
3 66 -0.570907 0.785797
4 33 292.439 38011.5
4 34 1177.19 66234
4 35 1230.68 67212.4
4 36 1696.96 67028.2
4 37 1557.88 67841.9
4 38 1608.47 67936.9
4 39 1721.49 67966.4
4 40 1942.2 68947.1
4 41 2594.84 67946.9
4 42 1937.49 66254.1
4 43 2183.99 65398.8
4 44 2243.05 64280.9
4 45 2579.62 63471.6
4 46 2551.2 62753.2
4 47 2491.07 62192.8
4 48 2689.04 61400
4 49 2572.24 61409.8
4 50 2754.98 61233.8
4 51 2962.38 61932.4
4 52 3494.81 65704.9
4 53 4925.71 86704
4 54 4102.42 78382.6
4 55 4.9536 223.481
4 58 0.211911 0.0882324
4 63 9.04184 3.83356
5 33 518.632 39648.3
5 34 1664.39 69033.3
5 35 1684.11 70191.4
5 36 1986.06 70459
5 37 2257.4 70722.1
5 38 2130.99 70010.7
5 39 2361.23 70289.3
5 40 2633.99 70167.5
5 41 2869.69 69920.9
5 42 2971.03 69445.1
5 43 2951.82 69205.8
5 44 3258.35 69134.6
5 45 3239.54 68749.1
5 46 3364.76 67338.6
5 47 3102.53 67169.4
5 48 3383.26 66913.2
5 49 3795.94 67553.3
5 50 3900.94 68111.5
5 51 4328.19 70279.6
5 52 4667.98 75888
5 53 6137.46 97338.6
5 54 5495.55 89332.2
5 55 2.89668 366.703
5 58 9.49446 14.6801
5 61 -4.09818 9.75027
5 64 8.14851 2.61608
6 33 496.153 38411.6
6 34 1791.03 67326
6 35 2167.9 68397.2
6 36 2693.42 68989.9
6 37 3024.17 69888.2
6 38 2513.84 69900.8
6 39 2958.79 70602.9
6 40 3196.64 70068.3
6 41 3408.5 69245.3
6 42 3569.63 68607.2
6 43 3551.2 68624
6 44 3897.45 68754.4
6 45 3911.23 68597.5
6 46 4090.68 69532.4
6 47 4333.97 68731.2
6 48 4328.69 68506.7
6 49 4470.91 69038.7
6 50 4857.81 72112.2
6 51 5357.65 75744.7
6 52 6140.38 83645.9
6 53 8040.95 108843
6 54 6749.32 98503.2
6 55 14.9535 358.401
6 58 13.5438 19.7826
6 61 -6.16723 13.813
7 33 702.184 35409.2
7 34 1958.71 61708.7
7 35 2375.42 62518
7 36 3030.42 62739.1
7 37 2886.36 63335.6
7 38 2969.45 64086.5
7 39 3223.19 64397.5
7 40 3850.68 65305.5
7 41 3844.01 65935.9
7 42 3941.84 66395.7
7 43 4251.52 66232.7
7 44 4449.15 67103.2
7 45 4478.35 67081.7
7 46 4630.23 67659.6
7 47 4797.77 68951.6
7 48 5058.07 68897.2
7 49 5110.55 70842.9
7 50 5708.39 72734.5
7 51 6487.81 77519.1
7 52 6750.9 85509.5
7 53 10039.3 113817
7 54 8440.67 100813
7 55 32.3319 289.194
7 56 13.5111 15.2663
7 57 3.84732 3.40441
7 58 3.47596 3.98956
7 59 3.16427 3.85937
7 60 -3.32568 6.56303
7 61 -0.710628 1.35289
7 63 2.7954 6.33511
8 33 590.753 30496.7
8 34 2425.28 53304.3
8 35 3038.48 54395
8 36 3503.83 54780.3
8 37 3277.9 55081.6
8 38 3334.44 55372.3
8 39 3621.92 55681
8 40 3771.82 56039.5
8 41 3837.34 58064.1
8 42 4089.59 58685.9
8 43 4588.19 60249
8 44 4808.33 61014.3
8 45 5068.9 61916.4
8 46 5097.96 63448.8
8 47 4719.56 64437.2
8 48 5607.85 67300
8 49 5990.17 69653.1
8 50 6467.98 72490.8
8 51 6933.7 77315.5
8 52 8068.67 86801.3
8 53 11606.8 115232
8 54 10214.9 102623
8 55 36.7933 351.471
8 56 4.88003 2.58614
8 57 -9.18477 -4.00145
8 59 9.28014 13.0158
8 60 -3.93454 7.9137
8 63 0.833117 0.478726
9 33 721.996 24174.9
9 34 2470.07 43010.2
9 35 3168.04 44115.9
9 36 3591.42 45252.1
9 37 3599.96 46215.8
9 38 3389.93 46119
9 39 3656.84 46960.1
9 40 3986.2 48046.1
9 41 3927.91 48289.8
9 42 4337.47 49699.8
9 43 4248.33 50907.9
9 44 5328.29 53218.4
9 45 5090.02 54747.3
9 46 5432.75 56811
9 47 5367.5 58247.3
9 48 5454.47 60241.9
9 49 6180.23 65097.8
9 50 7221.07 69428.5
9 51 7649.93 74269.3
9 52 8908.16 83355.9
9 53 12949.3 111517
9 54 11054.1 100692
9 55 45.5672 320.836
9 56 4.61599 6.89828
9 57 0.587043 0.735808
9 58 8.66145 6.82354
9 59 3.48487 5.03738
9 60 -2.7521 6.60822
10 33 681.771 19681.8
10 34 2042.58 34464.6
10 35 3222.75 35788.6
10 36 3557.48 36326.5
10 37 3739.76 36972.6
10 38 3405.76 37789.8
10 39 3574.64 38147.3
10 40 3964.16 40115.8
10 41 3734.4 40652.5
10 42 3919.86 41685.6
10 43 4352.56 43331.7
10 44 4709.51 44968.7
10 45 5248.69 47329.3
10 46 5517.93 49050.4
10 47 5491.58 51262.5
10 48 5629.31 54429.4
10 49 6179.65 57179.8
10 50 7169.34 62503.9
10 51 8142.83 70110.5
10 52 9326.09 80395.7
10 53 13976.9 110750
10 54 11482.9 100257
10 55 34.0089 218.081
10 57 8.04125 9.91366
10 58 13.018 13.5731
10 59 -1.92804 4.22646
10 60 -5.74686 -3.97636
10 61 -3.86686 -3.51493
10 64 -5.55335 4.01863
11 33 666.841 14600.7
11 34 1881.27 25830
11 35 3043.22 26759.1
11 36 3257.25 27674.6
11 37 3438.89 28450.1
11 38 3602.04 29509.9
11 39 3767.17 30458.4
11 40 3907.2 31166
11 41 4007.32 32426.7
11 42 4078.15 34206.6
11 43 4236.74 35206.6
11 44 4478.42 37204.2
11 45 4779.58 39408.6
11 46 5240.97 41795.3
11 47 5446.12 44019.7
11 48 5538.43 47160.2
11 49 6253.87 51281.5
11 50 6786.32 55564.4
11 51 7948.76 62764.1
11 52 9483.81 74161.1
11 53 14586.9 105316
11 54 12564.6 92540.9
11 55 26.5686 295.121
11 57 6.68166 8.43676
11 58 -4.95268 -5.79639
11 59 -2.59148 5.67637
11 61 10.3011 -1.10939
11 65 -4.95921 -3.46504
12 33 589.827 10702.8
12 34 1976.66 19005.1
12 35 2695.47 20000.2
12 36 3045.93 20881.6
12 37 3142.37 21662.9
12 38 3497.07 22032.8
12 39 3290.32 22261.9
12 40 3709.15 23122.9
12 41 3741.99 24129.4
12 42 3931.65 25771.8
12 43 3882.86 27468.4
12 44 4240.26 29115.4
12 45 4671.09 31812.5
12 46 5035.97 34429.9
12 47 5031.02 36843.4
12 48 5429.88 40061
12 49 5927.93 44152.3
12 50 6688.19 49730.2
12 51 7782.4 56265.4
12 52 9214.07 67801
12 53 14630 98265.5
12 54 11690.7 85679.4
12 55 -3.02659 217.659
12 56 1.56337 -1.70485
12 57 1.60531 2.51926
12 58 9.92078 3.84901
12 59 0.329234 2.09446
12 61 -6.55334 1.69583
12 65 -12.9184 5.84982
13 33 435.891 7562.22
13 34 1667.17 13760.2
13 35 2295.24 14749.5
13 36 2899.7 15590.6
13 37 3165.45 16147.6
13 38 3293.22 16758.6
13 39 3407.84 17163.2
13 40 3368.53 17720.7
13 41 3225.34 19003.6
13 42 3441.79 19732
13 43 3663.72 20970.9
13 44 3970.68 22751.7
13 45 3887.69 24767.9
13 46 4469.02 27313.6
13 47 4857.32 30199.6
13 48 5012.09 33831.4
13 49 5470.58 37616
13 50 6143.46 43371.5
13 51 7302.52 50621.2
13 52 9054.62 60791.9
13 53 14425.4 90080.9
13 54 12091.4 80335.9
13 55 -3.02702 84.0001
13 57 4.45488 28.4459
13 58 6.06385 1.74701
13 59 2.16134 2.51235
13 60 -2.80223 5.38338
13 62 -8.16192 11.1415
13 65 -3.98125 -2.25227
14 33 350.342 5099.75
14 34 1219.95 9272.68
14 35 2290.23 10047.9
14 36 2674.3 10682.6
14 37 2751.15 11374.9
14 38 3068.88 12186.9
14 39 3145.93 12858.3
14 40 3236.08 13400.1
14 41 3282.69 13838
14 42 3339.77 14794.5
14 43 3380.17 16004.7
14 44 3456.14 17453.6
14 45 3576.47 19281.7
14 46 4110.13 21875.5
14 47 4302.47 24335.1
14 48 4649.22 27091.4
14 49 5083.03 31513.2
14 50 5617.43 35988.6
14 51 7095.53 43296.8
14 52 8451.75 53252.7
14 53 13652.6 80763.8
14 54 11084 69484.5
14 55 20.4014 215.829
14 56 -1.15432 3.81893
14 57 5.38373 13.9956
14 58 2.68778 3.74219
14 59 0.92456 1.04811
15 33 265.714 3204.1
15 34 1104.6 5802.57
15 35 2045.67 6661.3
15 36 2136.45 7122.22
15 37 2635.21 8047.19
15 38 2789.54 8518.99
15 39 2791.28 9266.28
15 40 3002.29 10060.4
15 41 2983.52 10861.6
15 42 3002.86 11368.8
15 43 3135.9 12408.7
15 44 3201.35 13443
15 45 3453.9 15110.7
15 46 3474.29 16899.5
15 47 3878.46 19038.5
15 48 4051.57 21619.9
15 49 4762.17 25413
15 50 5121.08 29719.8
15 51 6132.83 36429.8
15 52 8052.89 46836.8
15 53 13006.3 71269.5
15 54 10413.8 61184.2
15 55 9.78969 212.949
15 56 25.0385 7.31681
15 57 5.17513 19.4488
15 58 7.8564 30.3698
15 59 3.62253 4.82783
15 60 3.19778 3.69945
16 33 201.121 1956.63
16 34 920.387 3673.25
16 35 1666.14 4449.89
16 36 2033.62 5078.96
16 37 2418.2 5737.12
16 38 2577.27 6076.61
16 39 2359.43 6204.38
16 40 2651.4 6700.97
16 41 2639.24 7770.51
16 42 2839.5 8655.98
16 43 2870.83 9263.71
16 44 2787.43 10299.2
16 45 2961.34 11623.8
16 46 3157.79 13030.1
16 47 3398.87 14710.6
16 48 3665.35 17218.2
16 49 4016.45 20793
16 50 4554.39 25301.6
16 51 5695.63 30451
16 52 7244.95 38896.8
16 53 11879.6 62029.9
16 54 9452.32 51952.1
16 55 3.75403 116.45
16 56 12.8846 1.69011
16 57 -10.8831 8.63631
16 58 8.26585 34.006
16 59 3.73347 6.03393
16 60 8.11926 7.0433
16 61 0.973101 4.14133
17 33 186.095 1185.84
17 34 774.612 2271.52
17 35 1341.21 2700.92
17 36 1659.8 3167.4
17 37 2159.49 3893.03
17 38 2397.13 4503.5
17 39 2266.03 4830.88
17 40 2312.81 5188.01
17 41 2414.7 5771.46
17 42 2377.86 6283.98
17 43 2506.05 6798.2
17 44 2345.29 7457.45
17 45 2660.85 8545.88
17 46 2751.39 10101
17 47 2926.56 11584.5
17 48 3239.36 13479.9
17 49 3482.08 16322.9
17 50 3972.41 19414.6
17 51 4887.16 24866.6
17 52 6527.59 32832.1
17 53 11021.5 53277.8
17 54 8482.7 43464.5
17 55 2.62362 50.3559
17 56 11.3039 4.74372
17 57 6.55517 -4.86821
17 58 -3.64933 1.18801
17 59 9.87361 5.6973
17 60 1.6722 1.88123
17 61 0.546195 18.2356
17 63 7.35619 -2.44572
17 64 -0.254835 1.67825
17 65 -1.09767 7.19321
17 66 -0.866296 5.01029
18 33 130.32 778.419
18 34 613.296 1485.8
18 35 1308.32 2001.72
18 36 1578.08 2453.34
18 37 1953.28 3024.38
18 38 2134.02 3488.44
18 39 2084.56 3785.83
18 40 2096.31 3746.39
18 41 2160.32 4303.64
18 42 2108.43 4999.23
18 43 2330.52 5498.87
18 44 2313.75 6160.35
18 45 2408.96 6770.23
18 46 2468.54 7850.42
18 47 2673.61 9252.02
18 48 2855.58 10721.2
18 49 3189.4 13181
18 50 3580.66 15726.6
18 51 4131.06 19677.1
18 52 5500.08 26649.1
18 53 9711.05 43441.8
18 54 7248.62 37139.7
18 55 10.4751 65.4967
18 56 -3.7286 3.75656
18 57 5.40055 0.612218
18 59 5.53043 4.92367
18 60 11.6083 2.93488
18 61 -2.90452 17.6575
18 62 -5.21436 17.9619
18 64 -1.42872 -6.39124
19 33 110.74 334.169
19 34 576.307 770.939
19 35 1084.53 1140.93
19 36 1408.61 1557.04
19 37 1792.51 2030.78
19 38 1958.64 2467.91
19 39 1898.51 2779.79
19 40 1995.62 3133.95
19 41 1973.81 3505.01
19 42 2091.53 3838.81
19 43 2193.12 4352.89
19 44 2113.65 4771.97
19 45 2150.77 5413.87
19 46 2260.78 6112.36
19 47 2294.03 7002.61
19 48 2583.71 8315.16
19 49 2597.93 9891.15
19 50 3125.97 13020.4
19 51 3677.89 16473.4
19 52 4890.49 22077.4
19 53 8964.49 38242.8
19 54 6104.41 28983.7
19 55 26.4428 68.2435
19 58 -3.06061 -8.36486
19 59 10.9361 2.74057
19 60 10.2081 -1.14888
19 61 3.76768 -4.97967
20 33 107.19 227.748
20 34 442.277 507.555
20 35 946.854 881.256
20 36 1306.47 1285.87
20 37 1671.04 1683.26
20 38 1548.78 1847.69
20 39 1823.24 2369.81
20 40 1826.25 2647.54
20 41 1990.46 2863.9
20 42 1854.51 3098.44
20 43 2118.79 3675.69
20 44 1893.24 3667.81
20 45 1874.29 4121.97
20 46 1937.56 5025.46
20 47 1924.17 5628.54
20 48 2273.57 7333.04
20 49 2347.93 8293.23
20 50 2580.53 9933.81
20 51 3219.63 13401.7
20 52 4250.29 18212.1
20 53 7560.77 31738.3
20 54 5318.48 24236.9
20 55 25.2602 109.441
20 56 -2.59142 3.38138
20 57 14.1002 20.2165
20 58 4.91436 -3.28702
20 59 5.85166 0.383424
20 61 1.40686 1.58731
20 63 -3.11594 4.68998
21 33 91.3739 98.4117
21 34 375.934 288.057
21 35 788.218 545.984
21 36 1076.36 967.575
21 37 1439.5 1376.5
21 38 1478.7 1543.54
21 39 1626.01 1958.88
21 40 1711.67 2224.03
21 41 1919.8 2560.99
21 42 1736.86 2532.5
21 43 1803.87 3006.84
21 44 1876.35 3266.92
21 45 1705.09 3433.87
21 46 1694.98 3875.18
21 47 1852.75 4593.07
21 48 1894.94 5120.61
21 49 2196.56 6622.02
21 50 2156.09 7943.85
21 51 2714.45 10602.2
21 52 3477.05 14700.3
21 53 6580.4 26873.9
21 54 4543.69 20191
21 55 12.1995 28.7606
21 56 11.7044 6.34155
21 57 -4.30869 -10.1553
21 58 12.9994 14.2015
21 59 27.4605 4.98349
21 60 1.19693 0.712475
21 61 7.96904 5.07015
21 63 -8.27283 13.0693
21 64 5.69739 0.170738
22 33 72.4201 44.0711
22 34 357.022 185.596
22 35 634.885 404.973
22 36 973.508 697.304
22 37 1269.46 1100.74
22 38 1402.54 1393.75
22 39 1561.86 1762.65
22 40 1640.74 1964.01
22 41 1766.67 2257.85
22 42 1655.73 2278.17
22 43 1663.76 2588.85
22 44 1786.48 2859.25
22 45 1567.08 2820.63
22 46 1676.18 3145.83
22 47 1719.02 3739.3
22 48 1688.24 4183.79
22 49 1836.67 5167.3
22 50 1949.14 6546.02
22 51 2265.72 8289.75
22 52 3068.8 12165.7
22 53 5560.23 21923.5
22 54 3769.86 16216.8
22 55 8.06167 40.1244
22 56 7.62887 4.53673
22 58 7.1028 7.18088
22 59 -10.5878 21.3407
22 60 10.8817 0.996026
22 61 2.72684 3.04216
22 62 9.17888 4.67536
22 63 -3.90763 5.97419
22 66 1.79896 11.4776
23 33 59.6269 30.4743
23 34 274.199 104.565
23 35 580.587 329.525
23 36 877.518 619.521
23 37 1089.79 958.213
23 38 1381.32 1272.62
23 39 1591.13 1543.14
23 40 1422.22 1704.22
23 41 1639.5 2003.27
23 42 1510.5 1968.56
23 43 1507.26 2138.99
23 44 1615.8 2465.41
23 45 1523.09 2544.6
23 46 1551.38 2704.36
23 47 1601.94 3170.91
23 48 1516.69 3500.26
23 49 1681.01 4193.63
23 50 1751.47 5125.33
23 51 1908.81 6506.84
23 52 2546.66 9565.05
23 53 4828.02 17672.8
23 54 3158.91 13097.8
23 55 4.26696 13.8027
23 56 13.7976 0.990612
23 57 12.9129 5.01598
23 58 5.51319 1.83034
23 59 -2.86326 5.50986
23 60 4.31462 -0.00963479
23 61 17.5053 2.91126
23 62 19.5593 11.1407
23 66 3.10024 1.7218
24 33 60.239 12.6606
24 34 236.397 66.5786
24 35 516.15 259.075
24 36 726.883 483.263
24 37 998.482 723.314
24 38 1374.51 1189.8
24 39 1310.69 1361.97
24 40 1421.28 1539.86
24 41 1494.04 1815.67
24 42 1421.78 1788.33
24 43 1487.48 2017.27
24 44 1479.03 2323.82
24 45 1489.61 2492.66
24 46 1424.21 2411.32
24 47 1361.43 2598.22
24 48 1404.93 3006.98
24 49 1510.6 3618.84
24 50 1423.07 4061.08
24 51 1692.13 5320.07
24 52 2227.98 7606.26
24 53 4054.5 14124.4
24 54 2478.35 9246.36
24 55 3.59743 13.4201
24 56 23.5446 11.7084
24 57 -20.1147 6.44237
24 58 -5.70535 4.17401
24 60 -3.67257 2.71229
24 61 9.36635 7.2512
24 62 9.55955 2.32685
24 65 -18.5352 5.26604
25 33 37.6124 8.43605
25 34 258.269 29.7214
25 35 483.841 210.266
25 36 679.389 408.671
25 37 852.336 669.023
25 38 1097.61 942.546
25 39 1134.72 1171.96
25 40 1349.91 1407.02
25 41 1358.23 1605.51
25 42 1347.41 1737.64
25 43 1300.62 1745.31
25 44 1357.68 1960.74
25 45 1366.71 2218.52
25 46 1269.28 2231.47
25 47 1116.94 2250.48
25 48 1286.65 2427.15
25 49 1378.76 3007.19
25 50 1257.23 3413.23
25 51 1489.6 4426.56
25 52 1836.77 5929.85
25 53 3512.3 11594.7
25 54 1852.03 6935.59
25 55 9.21932 21.0164
25 56 15.807 13.2364
25 57 5.36301 2.36747
25 58 -16.3142 5.55769
25 62 12.9413 5.17431
25 65 13.4801 5.85837
26 33 31.7329 3.90811
26 34 186.185 11.384
26 35 431.074 172.482
26 36 623.72 315.421
26 37 765.249 580.805
26 38 935.614 805.856
26 39 1117.73 1109.6
26 40 1286.87 1323.49
26 41 1304.67 1486.59
26 42 1352.82 1688.81
26 43 1211.18 1679.74
26 44 1408.66 2018.73
26 45 1317.44 2070.71
26 46 1178.47 2031.63
26 47 1089.71 2039.69
26 48 1099.64 2042.31
26 49 1221.25 2434.92
26 50 1174.12 2790.15
26 51 1223.18 3461.63
26 52 1526.32 5031.51
26 53 2993.13 9304.73
26 54 1400.97 4958.68
26 55 16.9256 2.61305
26 56 13.6366 19.1489
26 57 -8.71547 8.99061
26 58 2.96698 2.80843
26 60 -6.93487 5.31854
26 61 -3.56822 4.92414
26 62 2.2505 2.46819
26 64 -7.55032 3.42254
26 66 4.83046 9.07578
27 33 25.5419 -2.54631
27 34 151.276 8.79066
27 35 393.252 136.878
27 36 564.53 269.315
27 37 754.809 502.291
27 38 826.683 676.708
27 39 1024.85 964.203
27 40 1193.29 1303.43
27 41 1136.98 1331.61
27 42 1366.96 1583.42
27 43 1200.08 1566.89
27 44 1279.56 1783.64
27 45 1150.72 1915.67
27 46 1179.84 1897.11
27 47 1027.91 1895.53
27 48 918.931 1889.7
27 49 1056.35 2137.2
27 50 1071.27 2296.42
27 51 1112.51 2835.24
27 52 1256.93 3702.07
27 53 2713.89 8053.68
27 54 1095.23 3890.29
27 55 5.80022 2.73266
27 56 -2.41672 -12.5418
27 57 4.70794 -5.35933
27 58 8.54724 2.73862
27 59 -5.29696 2.56777
27 60 -2.94541 -0.66568
27 62 1.91544 2.11179
27 63 -9.64714 18.4233
28 33 28.4478 2.78391
28 34 125.579 8.83057
28 35 322.471 116.394
28 36 421.637 218.973
28 37 670.089 399.523
28 38 763.33 598.288
28 39 962.457 845.713
28 40 1109.16 1216.94
28 41 1026.07 1172.56
28 42 1229.19 1536.02
28 43 1147.65 1523.21
28 44 1221.46 1644.21
28 45 1113.65 1752.43
28 46 1123.78 1792.91
28 47 948.823 1580.1
28 48 925.183 1739.21
28 49 1019.84 2053.79
28 50 905.04 1986.71
28 51 958.46 2512.72
28 52 1197.55 3226.57
28 53 1973.5 5687.17
28 54 966.967 3327.21
28 55 -7.84462 9.80014
28 56 -11.3137 11.6624
28 57 -9.89771 0.912018
28 58 -0.876373 9.91123
28 59 -17.0803 23.3018
28 60 -23 10.9448
28 61 -0.0905723 1.48143
28 62 -13.2402 19.2415
28 63 -5.43721 13.8183
28 66 -14.7447 -7.55175
29 33 30.0557 4.31058
29 34 129.001 6.25511
29 35 262.485 90.9196
29 36 455.914 236.588
29 37 532.6 374.524
29 38 737.793 546.23
29 39 823.531 727.459
29 40 977.391 960.624
29 41 908.408 1063.77
29 42 1073.66 1275.91
29 43 999.509 1316.06
29 44 1122.11 1471.89
29 45 1130.45 1579.72
29 46 1094.6 1761.3
29 47 831.306 1394.58
29 48 925.314 1703.38
29 49 833.19 1699.36
29 50 813.07 1803.55
29 51 699.543 1751.81
29 52 1075.61 2766.28
29 53 1706.45 4816.73
29 54 533.549 2035.67
29 55 15.4192 7.88761
29 56 -28.1069 16.4542
29 57 -8.15928 -2.05243
29 58 2.21937 8.69292
29 59 -7.27125 13.5018
29 60 0.378824 13.88
29 61 0.780465 14.0093
29 62 2.00028 7.65205
29 64 2.79182 5.25306
30 33 11.506 -1.53458
30 34 103.483 12.5152
30 35 184.731 61.3816
30 36 431.602 187.48
30 37 533.286 374.916
30 38 649.602 452.73
30 39 779.595 729.287
30 40 831.674 870.53
30 41 908.089 1051.24
30 42 941.756 1127.91
30 43 966.377 1259.52
30 44 964.303 1299.72
30 45 1000.68 1462.17
30 46 1043.82 1600.3
30 47 838.462 1423.39
30 48 766.204 1360.8
30 49 789.393 1558.3
30 50 840.739 1760.05
30 51 681.099 1644.14
30 52 802.184 2165.53
30 53 1472.72 4158.46
30 54 553.968 1747.37
30 55 6.58613 -1.27374
30 56 9.39141 3.62305
30 57 17.8507 12.3013
30 58 7.81384 7.98098
30 59 20.0526 20.5804
30 60 3.22625 1.81579
30 62 5.66007 3.07587
30 63 23.7973 3.01998
31 33 20.4457 -2.7778
31 34 66.9661 1.01284
31 35 160.614 48.0989
31 36 434.984 171.386
31 37 473.445 303.248
31 38 609.892 456.051
31 39 624.108 574.614
31 40 830.532 801.674
31 41 868.628 902.539
31 42 888.96 1018.16
31 43 954.863 1202.47
31 44 872.831 1233.4
31 45 930.901 1326.92
31 46 897.828 1306.53
31 47 758.586 1317.6
31 48 773.407 1394.52
31 49 748.6 1379.87
31 50 674.922 1368.21
31 51 599.058 1419.61
31 52 625.23 1590.66
31 53 1190.86 3217.39
31 54 452.979 1393.47
31 55 12.669 7.52128
31 56 7.34027 2.83058
31 57 12.2403 5.58717
31 58 3.5361 3.77688
31 59 6.19379 8.21078
31 60 -0.0651371 12.5093
31 62 6.66557 -0.578849
31 63 3.15911 16.1184
32 33 24.2983 0.208725
32 34 48.8048 0.385998
32 35 172.188 64.4024
32 36 357.475 138.428
32 37 426.765 281.351
32 38 600.373 417.078
32 39 601.44 524.876
32 40 700.742 675.272
32 41 921.987 937.368
32 42 782.657 855.754
32 43 847.085 1087.14
32 44 923.996 1246.64
32 45 900.837 1238.91
32 46 813.776 1213.75
32 47 742.613 1217
32 48 734.524 1335.9
32 49 646.857 1132.93
32 50 600.637 1263.05
32 51 568.967 1293.18
32 52 561.397 1493.38
32 53 1039.87 2565.62
32 54 240.278 701.157
32 55 23.3066 25.9217
32 56 -4.12359 4.24711
32 57 -16.0577 18.0578
32 58 10.0891 1.8486
32 59 -3.55017 9.68176
32 60 3.2195 1.72807
32 62 7.03942 -18.4927
32 63 6.00569 9.34657
32 64 4.11514 -0.508719
32 65 -7.24662 5.23402
32 66 -1.72926 2.61148
33 33 20.1754 -5.45495
33 34 41.0065 2.98658
33 35 140.419 42.4612
33 36 269.14 118.109
33 37 386.518 226.735
33 38 527.411 374.601
33 39 534.207 434.827
33 40 721.57 668.042
33 41 870.755 868.99
33 42 727.004 780.981
33 43 778.699 918.887
33 44 867.273 1114.81
33 45 885.945 1200.49
33 46 773.986 1190.8
33 47 724.786 1143.32
33 48 612.453 1067.09
33 49 613.087 1028.6
33 50 497.354 1017.44
33 51 549.336 1234.27
33 52 558.738 1348.34
33 53 792.613 2146.24
33 54 154.02 498.786
33 56 5.88334 1.74059
33 57 -19.3607 13.3141
33 58 -7.29071 7.78819
33 59 -9.68536 -1.19325
33 60 5.76752 -0.481416
33 61 4.40659 -0.501334
33 63 1.04313 8.31606
33 64 13.8828 -1.73777
33 65 -3.56797 3.41747
33 66 -4.96979 8.44737
34 33 16.6777 3.45689
34 34 41.4016 -4.74529
34 35 100.966 31.5256
34 36 196.867 82.081
34 37 344.031 189.823
34 38 517.492 354.33
34 39 513.172 404.741
34 40 622.816 571.251
34 41 698.59 713.33
34 42 781.416 844.957
34 43 732.957 866.51
34 44 849.005 1055.91
34 45 815.737 1058.71
34 46 758.853 1083.88
34 47 681.073 1049.58
34 48 544.795 881.952
34 49 520.107 980.339
34 50 455.078 868.777
34 51 473.202 944.316
34 52 468.262 1144.25
34 53 555.731 1445.35
34 54 95.4396 311.743
34 55 -9.3632 5.55825
34 56 1.55009 0.381276
34 57 10.6508 8.74
34 59 -7.50578 -0.482064
34 60 3.35075 2.31132
34 63 17.1762 -4.43295
34 64 4.63957 8.59881
34 65 0.316457 8.34296
34 66 -0.854568 1.79852
35 33 14.0045 -4.37033
35 34 27.3438 5.52543
35 35 83.7972 23.6818
35 36 191.115 75.0089
35 37 286.446 159.807
35 38 470.657 308.339
35 39 446.953 346.468
35 40 545.048 509.092
35 41 662.431 646.207
35 42 779.815 848.854
35 43 668.467 767.87
35 44 797.799 978.523
35 45 680.367 909.327
35 46 706.445 1000.48
35 47 596.073 906.259
35 48 525.803 844.727
35 49 480.554 787.699
35 50 376.336 659.013
35 51 361.244 722.979
35 52 505.331 1176.04
35 53 521.646 1295.96
35 54 81.2337 274.018
35 56 -28.3494 33.6297
35 57 7.54132 14.5296
35 58 1.54075 1.76339
35 59 -3.98009 0.0158545
35 60 4.01161 3.05095
35 61 7.6633 -17.5141
35 64 -34.1545 32.8323
35 65 -3.68231 6.53213
35 66 -7.43757 21.8093
36 33 22.707 -13.9811
36 34 34.1316 14.5762
36 35 86.8465 25.5235
36 36 158.801 57.1526
36 37 253.323 147.758
36 38 405.234 237.928
36 39 422.001 322.945
36 40 494.419 450.72
36 41 599.312 590.302
36 42 612.232 728.556
36 43 624.022 721.935
36 44 698.955 875.449
36 45 669.495 941.187
36 46 636.466 893.715
36 47 618.992 923.834
36 48 504.619 761.781
36 49 468.68 668.307
36 50 373.173 690.316
36 51 317.239 590.28
36 52 415.983 865.189
36 53 485.769 1320.12
36 54 45.5347 209.271
36 55 -8.94442 9.43023
36 56 2.10098 1.12179
36 57 20.9416 7.34087
36 58 7.87256 16.1971
36 59 -19.356 2.25001
36 60 7.20856 4.31455
36 61 3.54346 2.75184
36 62 6.08233 -10.0489
36 63 -5.35001 9.43299
36 64 -15.7822 11.9436
36 65 -2.85424 6.757
36 66 7.88189 15.0103
37 33 20.3954 -10.2265
37 34 53.7968 1.73056
37 35 83.993 43.3647
37 36 123.264 58.4726
37 37 213.293 103.303
37 38 400.708 237.966
37 39 439.714 341.144
37 40 445.691 389.188
37 41 514.733 511.792
37 42 603.247 663.236
37 43 624.839 730.662
37 44 589.482 776.249
37 45 650.664 850.169
37 46 643.244 882.166
37 47 573.169 823.557
37 48 525.027 820.728
37 49 450.549 651.104
37 50 319.379 616.307
37 51 300.7 563.412
37 52 394.232 767.593
37 53 411.746 962.938
37 54 89.6423 168.012
37 55 11.3022 1.93288
37 56 -12.298 7.68532
37 57 14.4158 20.9427
37 58 14.6823 0.711029
37 59 -15.6965 8.80273
37 60 0.394803 1.53278
37 61 7.62124 6.24578
37 63 -5.77014 12.799
37 64 -11.6878 6.02309
38 33 12.0667 -2.49809
38 34 52.2199 -7.28878
38 35 88.9014 29.529
38 36 149.401 44.3332
38 37 196.799 102.719
38 38 311.619 153.698
38 39 335.971 259.377
38 40 448.784 362.845
38 41 538.247 559.687
38 42 431.334 465.859
38 43 568.253 639.394
38 44 496.328 651.925
38 45 632.123 790.044
38 46 578.201 809.96
38 47 470.535 717.392
38 48 497.217 808.787
38 49 424.943 618.137
38 50 310.63 660.148
38 51 227.354 509.214
38 52 303.113 640.976
38 53 322.043 773.625
38 54 51.0649 128.971
38 55 9.90589 -3.80505
38 56 19.9378 3.89022
38 57 1.4296 1.85318
38 58 3.78444 4.56985
38 59 -0.535224 -2.12667
38 60 3.04761 12.4785
38 61 16.711 18.2634
38 62 -2.48753 9.07234
38 63 -5.73035 4.71553
38 64 2.3689 -1.91597
38 66 -4.66522 3.93729
39 33 11.04 -2.31563
39 34 21.3305 -7.18417
39 35 42.4148 16.4113
39 36 105.765 26.7426
39 37 171.097 92.0375
39 38 269.913 144.722
39 39 295.835 220.598
39 40 411.684 346.577
39 41 448.686 439.968
39 42 385.991 439.514
39 43 525.442 577.489
39 44 502.54 612.615
39 45 591.155 732.072
39 46 495.81 710.697
39 47 433.558 707.336
39 48 436.864 659.829
39 49 361.543 607.638
39 50 312.985 564.36
39 51 219.664 462.867
39 52 219.02 497.218
39 53 270.875 579.434
39 54 27.3744 47.2305
39 55 14.9953 -6.46549
39 57 0.501537 0.0315071
39 58 -3.98209 5.97202
39 59 19.097 3.18105
39 60 11.4623 21.3389
39 61 47.5632 31.1581
39 62 12.3021 77.7554
39 63 -11.2795 -0.194257
39 64 -17.3525 1.214
39 65 13.3715 6.7524
40 33 6.93967 3.12001
40 34 25.1708 -2.91097
40 35 41.0207 12.2726
40 36 82.1857 26.7125
40 37 131.821 57.2919
40 38 184.243 96.7803
40 39 339.402 239.594
40 40 382.578 297.801
40 41 437.214 424.722
40 42 387.635 376.072
40 43 507.342 564.382
40 44 518.828 603.697
40 45 504.142 655.589
40 46 519.682 689.566
40 47 462.134 669.781
40 48 346.244 555.304
40 49 339.899 583.683
40 50 272.886 487.431
40 51 243.184 486.203
40 52 163.297 455.625
40 53 181.435 422.887
40 54 6.85385 25.7651
40 55 5.37996 -9.26717
40 56 -5.23189 -1.87912
40 57 2.37101 0.139362
40 58 -16.2479 2.15771
40 59 13.6402 11.1637
40 60 3.32015 9.78133
40 61 0.271167 2.63794
40 62 -5.04187 2.45343
40 63 10.1673 7.37148
40 64 -4.96094 -0.720689
40 65 19.4783 13.0254
40 66 0.0888596 0.126633
41 33 8.18836 1.65066
41 34 17.6824 -3.03492
41 35 36.6685 9.72736
41 36 113.779 28.8317
41 37 100.781 48.3524
41 38 204.208 119.938
41 39 275.639 177.986
41 40 373.748 312.511
41 41 408.148 398.071
41 42 402.037 397.036
41 43 471.855 573.066
41 44 453.517 548.827
41 45 482.1 581.554
41 46 467.617 571.254
41 47 396.563 576.279
41 48 410.533 617.628
41 49 332.823 559.073
41 50 282.518 469.2
41 51 222.213 426.285
41 52 150.724 366.434
41 53 113.197 313.511
41 54 17.9512 42.0908
41 55 26.9161 -15.4279
41 57 3.54313 0.158921
41 58 23.0127 12.8818
41 59 4.00157 9.95028
41 60 9.65887 0.711217
41 61 -1.36215 3.20609
41 63 11.4902 8.34413
41 66 3.47882 -0.326041
42 33 2.75212 -0.886971
42 34 51.9068 -3.40901
42 35 39.1565 15.7288
42 36 82.1978 30.4136
42 37 131.465 59.2108
42 38 197.962 105.799
42 39 186.944 139.958
42 40 331.891 281.183
42 41 354.113 333.113
42 42 434.891 436.574
42 43 386.432 430.66
42 44 381.757 462.632
42 45 419.06 530.059
42 46 427.262 547.367
42 47 317.491 462.16
42 48 398.281 640.056
42 49 231.259 367.092
42 50 246.025 435.262
42 51 183.354 304.007
42 52 159.033 326.143
42 53 165.763 395.456
42 54 35.7391 65.8184
42 55 9.85623 -0.164595
42 57 9.56504 3.58761
42 58 17.0696 -6.86562
42 59 -3.37935 -0.905481
42 60 2.66473 0.693101
42 61 -1.80926 6.71437
42 63 7.85535 4.72986
42 64 15.5845 13.575
42 65 -3.45786 5.62341
42 66 4.29196 -0.501366
43 33 15.848 -2.2719
43 34 15.6245 -0.294652
43 35 34.9617 15.4301
43 36 66.0821 28.9306
43 37 116.005 53.145
43 38 141.442 96.7496
43 39 156.785 101.407
43 40 318.418 243.282
43 41 294.639 273.935
43 42 408.853 460.283
43 43 279.912 295.965
43 44 359.155 421.083
43 45 357.621 421.136
43 46 417.696 500.386
43 47 342.362 489.823
43 48 373.396 590.914
43 49 221.352 417.009
43 50 224.872 353.267
43 51 146.6 258.179
43 52 107.911 242.222
43 53 111.94 236.037
43 54 31.4634 87.7543
43 55 6.06543 12.0533
43 57 -6.85526 8.25362
43 58 6.66438 8.22667
43 59 -15.6084 -0.939237
43 60 -13.3875 16.7328
43 61 -7.24834 44.9867
43 62 -2.88154 5.01771
43 64 0.0735045 0.0875029
43 65 -3.17683 33.421
43 66 13.201 -0.844727
44 33 7.12594 -2.89887
44 34 26.2778 -0.833327
44 35 19.9279 4.16664
44 36 92.677 30.9338
44 37 129.465 48.1995
44 38 147.556 109.137
44 39 131.302 84.0849
44 40 324.147 238.091
44 41 290.604 216.157
44 42 343.874 383.762
44 43 278.39 263.21
44 44 325.516 396.21
44 45 358.238 407.66
44 46 339.831 433.039
44 47 276.766 438.882
44 48 333.831 494.326
44 49 192.229 354.777
44 50 195.948 304.127
44 51 167.081 245.546
44 52 132.732 257.536
44 53 66.944 127.519
44 54 6.01072 2.8772
44 55 14.959 27.8855
44 56 9.04019 -4.75612
44 57 8.34746 2.90183
44 58 -18.5832 22.4882
44 59 -11.2366 7.82091
44 60 9.07743 2.46731
44 61 -1.39322 1.87773
44 62 9.12392 4.93769
44 64 3.26674 3.84291
44 65 1.53712 1.76567
44 66 16.6791 25.2738
45 33 9.78392 -17.6222
45 34 18.8771 -0.0340841
45 35 25.4235 10.4189
45 36 64.2282 24.7136
45 37 75.115 30.4994
45 38 182.087 112.805
45 39 131.499 88.17
45 40 236.328 181.538
45 41 267.13 229.175
45 42 325.616 272.613
45 43 259.894 264.204
45 44 306.571 339.755
45 45 302.831 425.186
45 46 356.602 407.019
45 47 294.101 404.212
45 48 284.306 419.699
45 49 215.278 399.711
45 50 185.881 289.583
45 51 118.626 220.876
45 52 113.672 197.898
45 53 57.0507 141.32
45 54 7.41492 4.30595
45 55 4.84738 13.9059
45 56 2.0946 24.6296
45 57 3.77991 1.74446
45 58 -7.35048 26.8046
45 59 2.61036 25.7483
45 60 27.8472 10.0491
45 61 8.58836 6.0382
45 62 -0.907407 2.74937
45 63 0.892561 2.71137
45 65 5.29739 6.16714
45 66 10.1661 -1.78237
46 33 5.91917 -0.0929899
46 34 29.0775 5.05337
46 35 22.3883 1.1447
46 36 79.6445 36.5033
46 37 46.554 21.1155
46 38 116.885 61.4103
46 39 116.485 76.205
46 40 147.96 102.231
46 41 253.937 211.781
46 42 281.047 301.946
46 43 244.961 248.498
46 44 243.776 288.69
46 45 238.605 323.366
46 46 363.818 416.222
46 47 260.574 333.989
46 48 266.526 365.458
46 49 226.069 348.301
46 50 141.004 297.795
46 51 129.496 210.593
46 52 84.2848 182.981
46 53 60.4216 106.651
46 54 8.41126 15.1463
46 55 7.73609 5.28292
46 56 -9.95191 8.15069
46 57 5.06927 10.0502
46 58 -3.99489 7.13317
46 59 -17.5935 6.34525
46 60 5.74277 2.27714
46 61 3.29492 2.49734
46 62 -3.10549 8.37855
46 63 -11.7311 9.01835
46 64 2.97951 15.5555
46 65 4.66603 37.2286
46 66 12.1166 24.5229
47 33 5.70613 -0.365857
47 34 23.2376 6.75229
47 35 19.0795 5.87117
47 36 38.7702 20.7312
47 37 37.5629 19.9512
47 38 81.1344 50.7105
47 39 122.649 94.8017
47 40 133.092 79.0966
47 41 264.07 224.768
47 42 275.369 274.253
47 43 289.623 288.84
47 44 211.763 212.007
47 45 258.614 292.777
47 46 311.659 375.211
47 47 210.372 277.762
47 48 206.115 332.808
47 49 259.869 416.094
47 50 129.382 203.276
47 51 115.132 178.248
47 52 109.46 227.394
47 53 35.2751 86.1868
47 54 6.07447 2.84987
47 55 -2.63978 37.5185
47 56 4.54078 16.8612
47 57 2.70224 -1.39676
47 58 6.23988 8.14524
47 59 -0.603461 4.13179
47 60 -1.38942 -0.377378
47 61 14.0712 5.32389
47 63 -6.4675 9.11915
47 64 -4.23158 19.4895
47 65 -19.6957 14.5433
48 33 11.2691 -5.32427
48 34 20.6694 16.2133
48 35 20.1325 5.75745
48 36 28.9499 14.0339
48 37 46.7179 11.9327
48 38 71.8336 45.3234
48 39 135.221 93.4108
48 40 112.012 69.9166
48 41 205.586 166.077
48 42 248.247 251.717
48 43 277.094 275.994
48 44 195.277 192.897
48 45 234.759 242.116
48 46 261.138 322.727
48 47 261.085 337.018
48 48 182.74 240.808
48 49 221.233 318.543
48 50 110.623 200.461
48 51 75.8342 141.507
48 52 110.88 163.737
48 53 68.9809 84.1708
48 54 13.6648 43.1477
48 55 -10.2046 4.78738
48 56 5.69889 14.5193
48 57 44.0957 10.4691
48 58 -1.56393 9.0271
48 59 14.2654 2.67131
48 60 8.24238 8.30834
48 61 25.9991 4.09225
48 63 9.52127 6.67827
48 64 1.61368 0.670972
48 65 2.04701 -0.523862
49 33 10.5118 -5.86637
49 34 19.2028 -2.92538
49 35 6.61077 7.04161
49 36 26.5282 14.6971
49 37 44.9174 21.1691
49 38 25.8416 41.5153
49 39 122.051 79.2797
49 40 100.426 74.4903
49 41 200.247 164.817
49 42 180.472 158.721
49 43 240.676 239.409
49 44 215.722 241.426
49 45 244.192 246.365
49 46 219.665 317.121
49 47 236.91 318.305
49 48 200.363 267.539
49 49 166.316 203.392
49 50 107.55 165.34
49 51 68.8487 114.176
49 52 75.8188 113.415
49 53 63.594 82.1851
49 54 5.10093 32.8676
49 55 -16.7754 6.57959
49 56 -2.5193 3.60472
49 57 16.7922 8.8233
49 58 -21.3169 30.4121
49 59 13.373 -6.09424
49 60 -0.153366 7.66543
49 61 5.05051 -0.469577
49 63 -5.34724 -2.91063
49 64 3.14976 -4.60775
49 65 6.58063 4.2214
49 66 -15.5274 6.39835
50 33 1.03297 -0.487583
50 34 12.5862 -3.05071
50 35 5.41588 0.566171
50 36 28.9598 15.6126
50 37 51.7812 27.8712
50 38 21.8585 32.1041
50 39 100.536 71.6451
50 40 94.7665 76.5272
50 41 165.855 144.872
50 42 183.567 192.093
50 43 231.594 237.067
50 44 219.285 254.053
50 45 157.913 182.45
50 46 198.259 259.31
50 47 262.443 336.322
50 48 173.97 242.492
50 49 124.153 170.855
50 50 132.25 217.967
50 51 88.4411 144.226
50 52 76.029 151.002
50 53 26.2079 28.2539
50 54 5.48919 12.8909
50 55 -2.73 2.65031
50 56 3.44607 4.17838
50 57 26.582 16.1067
50 58 12.7936 29.5093
50 59 15.5708 6.35826
50 60 8.62177 26.5281
50 61 -14.6312 9.26535
50 62 0.814965 9.67449
51 33 9.48404 -10.6578
51 34 15.464 -1.9525
51 35 5.33311 -0.173694
51 36 13.5496 4.91975
51 37 58.6219 39.5012
51 38 34.7778 30.7154
51 39 112.229 66.454
51 40 103.517 69.7525
51 41 160.603 118.569
51 42 179.635 166.286
51 43 250.745 251.432
51 44 191.222 201.906
51 45 170.19 196.717
51 46 200.619 220.623
51 47 241.675 299.73
51 48 184.249 237.415
51 49 102.229 161.321
51 50 124.409 148.886
51 51 97.9468 165.306
51 52 55.8246 146.867
51 53 25.6942 62.2545
51 54 6.34226 9.6142
51 55 0.81204 0.68609
51 56 -3.70233 -2.00768
51 57 25.1709 21.3135
51 58 24.1996 44.1187
51 59 3.17251 28.3185
51 60 16.1036 28.2775
51 61 -9.57757 -4.29316
51 62 5.39258 3.03094
51 63 12.8647 18.5585
51 64 1.15507 9.57572
52 33 11.1981 -11.9907
52 34 26.3711 0.353178
52 35 3.71591 -0.0540926
52 36 16.3206 5.76066
52 37 30.6465 16.0886
52 38 38.5045 9.13221
52 39 82.4199 62.0244
52 40 83.7842 59.5893
52 41 151.87 135.705
52 42 108.675 139.027
52 43 234.08 203.252
52 44 167.701 186.976
52 45 110.075 132.67
52 46 223.18 246.431
52 47 248.015 260.375
52 48 151.257 199.174
52 49 88.0883 122.693
52 50 115.225 153.97
52 51 79.2296 149.016
52 52 45.9682 106.878
52 53 22.4893 5.56852
52 54 22.5351 16.7845
52 55 4.14562 15.1824
52 57 -2.8832 11.6603
52 58 9.45978 10.718
52 59 11.4557 19.5599
52 60 -6.12547 7.37757
52 61 -14.3066 -0.663451
52 63 24.5269 3.58599
52 64 5.83525 2.93456
52 65 16.4951 7.51336
52 66 -3.1098 -5.11881
53 34 8.72868 -1.2322
53 35 24.8013 8.53129
53 36 18.4654 6.72875
53 37 48.574 14.8687
53 38 17.9118 12.8491
53 39 61.3821 29.9931
53 40 86.3325 60.9467
53 41 125.323 96.676
53 42 124.701 109.199
53 43 163.738 160.382
53 44 151.035 176.082
53 45 108.132 133.19
53 46 173.036 238.355
53 47 180.292 187.928
53 48 155.277 205.787
53 49 71.4629 136.972
53 50 56.8055 117.556
53 51 98.4364 118.708
53 52 24.5349 83.7442
53 53 26.7897 39.3868
53 54 14.5567 10.2626
53 55 7.85924 4.08714
53 56 3.05292 1.8966
53 57 2.88847 1.58628
53 58 9.38664 17.7688
53 59 1.16496 3.56464
53 60 -0.586813 7.85123
53 61 -11.4212 7.83466
53 63 4.36233 5.74648
53 65 14.0312 8.14344
54 34 10.5332 -2.44551
54 35 8.08856 -4.61492
54 36 18.1527 3.77851
54 37 32.2159 10.6702
54 38 35.3231 20.2767
54 39 45.0981 32.55
54 40 80.3643 75.0367
54 41 85.6314 66.2578
54 42 129.488 112.207
54 43 112.93 115.312
54 44 136.66 151.055
54 45 134.018 129.152
54 46 148.528 180.88
54 47 139.618 181.197
54 48 144.246 208.962
54 49 89.7057 144.83
54 50 66.1958 113.016
54 51 36.0428 65.7753
54 52 20.3978 70.2641
54 53 3.40152 5.62068
54 54 6.02047 2.05351
54 55 19.5956 12.9057
54 56 11.0811 2.69772
54 57 10.0729 8.1614
54 58 2.88784 12.2224
54 59 4.98366 -1.51088
54 60 -6.93168 14.5775
54 61 -22.4495 28.3948
54 62 7.36996 3.71482
54 63 1.34213 0.776825
54 64 6.16434 1.68296
54 65 3.23589 2.44205
55 33 0.503663 -0.372351
55 35 5.14154 -0.353379
55 36 29.1551 16.7562
55 37 24.4843 2.40052
55 38 15.2321 13.8691
55 39 39.1503 24.1555
55 40 70.4681 40.1504
55 41 89.0425 60.1254
55 42 104.273 88.2928
55 43 93.6227 100.268
55 44 122.286 142.206
55 45 99.9275 106.668
55 46 108.426 123.338
55 47 124.708 159.7
55 48 128.71 185.046
55 49 59.5961 117.492
55 50 76.4797 125.049
55 51 43.7423 50.551
55 52 31.1803 53.9674
55 53 8.09995 4.06279
55 54 -4.78053 1.89229
55 55 12.6947 3.79189
55 56 11.2067 14.4009
55 57 24.3852 2.3655
55 58 4.84197 8.49939
55 59 11.4251 9.71249
55 60 15.0645 12.1489
55 61 -1.79553 17.1531
55 62 -0.114333 20.7103
55 63 2.1863 2.29938
55 64 18.7259 -2.60596
55 65 -10.5006 18.1602
55 66 -3.19159 7.09316
56 35 3.81203 -0.069273
56 36 14.0452 7.34055
56 37 28.2548 0.831348
56 38 20.9811 4.10334
56 39 46.4953 22.4269
56 40 48.787 31.712
56 41 63.9844 45.5391
56 42 114.157 102.934
56 43 56.5423 49.7004
56 44 146.684 144.341
56 45 143.289 145.375
56 46 89.243 105.314
56 47 111.948 128.76
56 48 102.067 125.754
56 49 74.4051 123.563
56 50 63.5183 99.2414
56 51 39.8002 49.9391
56 52 44.9722 66.3823
56 53 17.9562 0.383392
56 54 8.83054 3.77669
56 55 4.39071 4.93176
56 56 13.9286 0.0259658
56 57 -6.99361 5.65598
56 58 7.60811 4.01993
56 59 0.125892 18.7575
56 60 1.15517 2.44484
56 61 -13.9888 22.311
56 62 -1.14567 6.39102
56 63 14.9003 15.677
56 64 19.8185 23.7601
56 65 4.22624 3.39654
57 33 0.0298443 -0.0186739
57 35 12.5098 -3.01241
57 36 16.5259 5.84186
57 37 22.5339 4.17811
57 38 21.696 7.02199
57 39 46.4374 9.06645
57 40 53.1126 32.503
57 41 65.6384 54.7471
57 42 121.751 90.9666
57 43 88.4211 60.7217
57 44 121.79 143.478
57 45 98.5241 117.134
57 46 87.4579 93.2024
57 47 94.7441 136.975
57 48 91.2984 110.239
57 49 92.7309 134.944
57 50 100.14 108.955
57 51 41.3046 73.3789
57 52 35.303 66.748
57 53 -0.277658 -4.33639
57 54 0.992567 0.41632
57 55 16.881 7.86731
57 56 12.1338 7.82626
57 57 -4.54882 2.09431
57 58 9.26679 9.15129
57 59 -6.25999 31.0126
57 60 6.48171 -0.0505695
57 61 -7.7763 20.6775
57 62 30.7634 7.75946
57 63 -11.2398 0.86385
57 64 11.818 -0.0451925
57 65 -6.21628 -1.33434
57 66 -5.81373 3.35957
58 35 27.5308 -15.9082
58 36 14.7553 2.28543
58 37 23.99 8.40402
58 38 32.5156 11.1098
58 39 35.4101 17.7285
58 40 53.5296 34.9395
58 41 50.4187 46.1081
58 42 95.3951 59.4783
58 43 48.5672 47.8844
58 44 84.3015 79.8767
58 45 88.081 103.029
58 46 79.3665 85.3016
58 47 130.201 109.946
58 48 87.6523 106.792
58 49 95.0843 131.582
58 50 63.8246 76.8602
58 51 42.4134 67.5543
58 52 20.7843 81.0084
58 53 4.81811 20.0944
58 55 28.002 8.3039
58 56 9.11932 12.8217
58 57 1.46148 0.938557
58 58 2.99047 4.70969
58 59 11.5772 -2.05341
58 60 0.776532 6.54436
58 61 3.01415 10.2072
58 62 22.0648 12.6566
58 63 13.7717 -3.96888
58 64 3.93131 5.78456
58 65 7.8515 7.33628
58 66 -0.588886 4.97631
59 35 6.28382 -0.320502
59 36 19.687 1.31142
59 37 14.8714 4.05315
59 38 24.3468 7.12364
59 39 17.6859 -1.19883
59 40 42.9015 23.4241
59 41 51.6851 44.0809
59 42 85.7952 57.0047
59 43 64.8747 49.734
59 44 92.0701 85.753
59 45 100.906 109.761
59 46 52.9675 62.0276
59 47 80.5545 89.9605
59 48 56.4463 79.678
59 49 69.2842 105.521
59 50 45.7971 65.9336
59 51 36.5163 42.7562
59 52 10.7905 46.4451
59 53 12.912 73.908
59 54 -1.53646 1.99953
59 55 9.0675 9.94871
59 56 7.91392 2.91174
59 57 2.00066 1.29067
59 58 16.5975 18.9735
59 59 2.01967 2.41695
59 60 -3.41785 11.5264
59 61 8.11943 11.9521
59 62 8.53555 7.80927
59 63 16.2339 1.81558
59 64 6.78425 7.52678
59 65 2.02594 -5.15216
60 33 3.93511 1.84558
60 34 5.19628 1.66094
60 35 9.93664 3.32306
60 36 3.95185 0.990109
60 37 13.1263 4.29068
60 38 40.0957 11.3939
60 39 36.5023 12.2687
60 40 49.9647 29.2213
60 41 34.4204 25.5158
60 42 102.911 80.5621
60 43 61.4401 47.5911
60 44 50.0367 74.3711
60 45 96.4626 117.961
60 46 74.5159 98.6262
60 47 73.2017 86.5419
60 48 74.2478 86.0843
60 49 40.8392 61.9167
60 50 48.6691 72.7862
60 51 45.909 60.7572
60 52 1.21049 8.98792
60 53 -16.7159 6.65415
60 54 23.5707 15.4321
60 55 5.13161 1.67694
60 56 11.6308 4.86462
60 57 -8.93191 -3.0352
60 58 -1.1738 5.81091
60 59 -1.43378 4.77587
60 60 18.6911 11.6856
60 62 6.58861 11.5247
60 63 14.1775 9.60051
60 64 13.7422 -1.85983
60 65 21.3415 7.87056
60 66 0.738311 -0.709182
61 35 11.1084 0.1662
61 36 13.8164 8.40742
61 37 14.3191 9.00551
61 38 13.8298 20.9542
61 39 31.3214 26.3896
61 40 59.3372 32.7801
61 41 61.5094 42.6474
61 42 47.607 31.7422
61 43 61.6392 47.7938
61 44 40.9242 39.1142
61 45 76.9798 68.1027
61 46 38.8357 48.0699
61 47 69.1905 84.3427
61 48 79.2714 96.179
61 49 35.2317 53.1683
61 50 52.8522 64.4608
61 51 61.7759 97.2309
61 52 8.22278 7.74849
61 53 3.1311 -2.28167
61 54 15.3452 4.81063
61 55 14.2713 14.2096
61 56 11.8383 6.26026
61 57 -3.92393 8.91871
61 58 6.12339 -2.18283
61 59 -0.89235 2.83604
61 60 14.0252 8.81391
61 61 2.66188 1.77955
61 62 1.12893 -4.79484
61 63 11.7749 5.78692
61 64 15.5839 -4.02081
61 65 5.87117 6.74614
61 66 10.6995 -3.97605
62 35 17.0836 0.360093
62 36 4.12076 1.13468
62 37 15.6644 14.541
62 38 25.5732 5.99022
62 39 9.43496 4.1415
62 40 45.0764 14.6104
62 41 67.0416 20.149
62 42 52.3235 29.306
62 43 55.8301 46.7181
62 44 37.7822 36.1462
62 45 51.8703 49.2985
62 46 40.3984 41.5659
62 47 38.0443 54.621
62 48 77.4313 92.261
62 49 51.2677 48.0533
62 50 26.3014 43.7668
62 51 48.5917 49.0503
62 52 1.46778 0.952906
62 53 -15.9999 -8.85818
62 54 -11.3978 42.8517
62 55 1.71296 17.9642
62 56 23.0717 13.6141
62 57 -15.784 17.2342
62 58 0.435232 0.297544
62 59 9.32192 3.88023
62 60 -3.44911 19.3095
62 61 0.4181 0.279506
62 62 -0.975249 13.2509
62 63 19.8364 -5.04772
62 64 4.11887 -3.16627
62 65 2.33279 1.27217
62 66 3.86836 8.06836
63 34 -8.53306 2.13368
63 35 11.1174 -2.83949
63 36 14.3637 -8.14308
63 37 13.6307 5.55747
63 38 12.9219 4.47561
63 39 15.4416 3.75355
63 40 16.7222 13.936
63 41 50.3185 26.3456
63 42 54.0201 36.7466
63 43 57.073 56.0223
63 44 31.9731 34.6755
63 45 61.1896 47.6675
63 46 39.055 49.5969
63 47 16.2795 30.2894
63 48 85.501 95.5704
63 49 38.0629 54.7214
63 50 51.169 43.7749
63 51 45.6598 58.6301
63 52 -0.350817 4.39954
63 53 -2.41053 1.94426
63 54 7.49131 11.1806
63 55 2.86105 3.32246
63 56 3.10461 19.139
63 57 0.429029 20.6514
63 58 12.723 16.0536
63 59 0.843374 -0.0399026
63 60 -18.3007 2.08238
63 62 1.27022 0.829156
63 63 34.0445 8.54141
63 64 0.698036 0.363399
63 65 14.0684 -0.421195
64 33 15.3047 -4.58237
64 34 9.54658 -3.48965
64 35 2.99541 0.0248754
64 36 4.05584 1.17799
64 37 9.52679 2.72038
64 38 19.2749 6.98313
64 39 4.7116 0.154995
64 40 17.451 15.1051
64 41 35.9523 22.1479
64 42 43.6334 58.6789
64 43 67.6638 59.7412
64 44 20.1178 21.6633
64 45 50.2071 48.6505
64 46 37.8035 48.885
64 47 42.7674 48.3337
64 48 45.0685 53.2206
64 49 50.8779 47.9667
64 50 14.815 21.4046
64 51 25.6574 30.5121
64 52 -2.86763 8.85045
64 53 -2.24984 5.29524
64 54 0.242127 15.4017
64 55 7.25713 22.6615
64 56 21.2264 3.06623
64 57 2.27822 4.5736
64 58 3.34753 6.09641
64 59 4.80679 0.0600015
64 60 5.93118 3.08124
64 62 1.91749 1.22667
64 63 7.56142 2.68536
64 64 1.7465 0.894731
64 65 8.61915 3.00554
64 66 -4.65326 0.694109
65 34 9.59962 -4.54856
65 35 2.54148 0.0539017
65 36 3.20415 0.93834
65 37 9.72387 1.40523
65 38 26.8808 -2.85289
65 39 -1.89499 1.37234
65 40 24.4268 10.1378
65 41 57.5386 32.5768
65 42 53.9102 33.0064
65 43 59.5955 54.3937
65 44 27.1316 30.8128
65 45 61.552 50.0271
65 46 39.1297 49.6639
65 47 32.3969 35.6714
65 48 52.574 50.9353
65 49 68.1672 77.4399
65 50 21.8186 73.2371
65 51 23.7344 31.1961
65 52 -7.51251 6.14143
65 53 9.07192 5.8649
65 54 -0.652038 1.28779
65 55 11.3876 2.56901
65 56 9.6094 4.2579
65 58 1.18674 6.24215
65 59 4.17298 0.310877
65 60 -0.65602 3.61052
65 61 10.4012 0.601431
65 62 1.88009 -5.01014
65 63 12.6294 7.68464
65 64 2.21905 1.15947
65 65 9.15267 5.51874
66 33 0.546625 -0.396518
66 34 -0.026706 -0.0309815
66 35 8.30973 7.23629
66 36 5.78544 1.85631
66 37 22.0065 18.4448
66 38 14.5524 1.60916
66 39 3.77393 -0.238375
66 40 11.8725 6.94208
66 41 31.3434 4.66089
66 42 20.733 13.2223
66 43 23.3579 32.9379
66 44 35.597 27.2703
66 45 29.365 26.5863
66 46 45.0754 39.8176
66 47 27.5505 29.8097
66 48 38.7841 36.8771
66 49 39.0179 71.5359
66 50 30.5893 40.8147
66 51 19.0104 -0.769822
66 53 6.2931 10.7672
66 54 10.5421 5.13148
66 55 7.06672 2.969
66 56 1.30703 -2.49528
66 57 5.82342 -1.64972
66 58 1.54115 0.999461
66 59 -11.6293 -0.584876
66 60 2.99768 2.92101
66 61 4.04094 1.6885
66 62 1.32515 0.796457
66 63 9.15366 -1.67132
66 64 1.26682 0.634919
66 65 11.5786 2.8271
