0 33 1.21201 1.70439
0 34 0.902345 0.506727
0 35 1.02788 0.519264
0 36 -0.853412 -1.15536
0 37 0.772523 0.209784
0 38 1.14461 0.22567
0 39 0.0311523 0.111616
0 41 -0.465194 0.231147
1 33 -2.12312 2.48611
1 34 -0.0485404 -3.38012
1 35 -1.21534 1.82118
1 36 3.10076 -0.0434854
1 37 1.16126 0.265186
1 38 0.0763975 0.0889803
1 39 1.40793 0.575011
1 41 -0.572148 0.0882271
1 42 0.0402671 0.0642778
1 45 -0.148287 0.0396737
1 46 0.46232 0.0252498
1 52 -0.220186 0.0341319
2 33 -0.853051 8.62686
2 34 -1.20219 0.502236
2 35 -1.55902 1.25994
2 36 -0.305055 1.07993
2 37 3.652 1.80005
2 38 1.12115 -1.34349
2 39 -0.451908 0.0768819
2 40 0.370124 -0.419495
2 41 -0.0421614 -0.108823
2 42 -1.2705 -0.0386966
2 43 -0.0534771 0.0511262
2 45 0.170878 -0.0693406
2 46 0.975083 -0.209598
2 54 0.0193365 -0.00881482
2 57 -0.700763 0.182181
3 33 2.26147 11.5354
3 34 1.17426 0.974192
3 35 0.973167 2.07613
3 36 3.14749 0.536012
3 37 5.92018 0.116477
3 38 1.11587 0.967561
3 39 -0.556748 0.228131
3 40 0.0546258 0.452024
3 42 -0.0137687 -0.00773424
3 46 -0.17227 0.278866
3 47 -0.278331 0.529765
3 49 -0.5067 0.722749
4 33 -1.32354 12.9227
4 34 0.557152 8.91977
4 35 3.87854 -0.754878
4 36 2.88201 0.24124
4 37 -0.353878 -2.09521
4 38 0.199367 -0.880029
4 39 0.696518 0.85076
4 40 0.231938 -0.0931437
4 41 0.000290656 2.85347e-05
4 43 -0.247866 0.89167
4 44 0.0342486 0.186525
4 45 -0.119748 -0.0815766
4 46 0.516207 0.673982
4 47 0.127865 0.0266306
4 49 0.184237 -0.0165358
4 50 -0.0301024 -0.0414502
4 64 0.456397 -0.142614
5 33 -0.900098 10.9841
5 34 4.34489 6.70412
5 35 0.162381 3.09494
5 36 0.928841 -3.23844
5 37 2.77622 4.43709
5 38 2.17011 0.578382
5 39 3.46788 -0.59973
5 40 2.25452 -1.51257
5 41 -0.177993 0.667779
5 42 0.76977 0.733359
5 43 -0.476336 1.24296
5 44 0.0363585 0.0164919
5 45 -1.1162 0.388503
5 46 -0.0598113 1.61874
5 47 -0.650711 -0.11046
5 49 -0.790486 -0.237187
5 50 -0.45176 -0.370305
5 56 -0.639758 0.216793
5 64 -1.24824 0.87886
6 33 -0.00791635 16.1141
6 34 -1.91414 -0.482849
6 35 2.3861 2.37504
6 36 -3.86644 -1.71995
6 37 4.53403 -0.608712
6 38 1.79006 0.421151
6 39 0.00934159 1.68427
6 40 -2.36747 1.6095
6 41 1.13339 0.127988
6 42 2.9647 1.79983
6 44 -0.100917 -0.0873065
6 45 -0.202246 0.00670051
6 46 0.463945 0.553885
6 47 -0.576909 -0.0413891
6 49 -0.483078 0.33213
6 55 -0.949115 -1.01722
6 64 -0.11657 0.0536022
7 33 7.01646 15.8505
7 34 -2.67703 2.5368
7 35 1.48185 8.34895
7 36 -1.13423 5.02569
7 37 -2.28656 1.88831
7 38 1.07148 1.98439
7 39 0.67523 -0.741659
7 40 0.0597962 1.01868
7 41 -1.0399 -0.515031
7 42 0.616482 0.91857
7 44 0.0527834 0.261323
7 46 0.896915 0.803494
7 47 -0.00299172 0.00641653
7 49 1.73535 -0.795782
7 50 -0.169245 0.056671
7 51 0.956334 0.31462
7 64 -0.0298079 -0.0148325
8 33 -1.01246 18.3624
8 34 0.263145 10.2906
8 35 -0.375688 0.870903
8 36 -1.04083 3.15804
8 37 1.71614 -2.50179
8 38 -2.057 -0.658661
8 39 -1.46024 1.25118
8 40 3.28684 0.182352
8 41 0.826525 0.469075
8 42 0.97181 2.13551
8 43 -0.136481 0.549488
8 44 0.262034 -0.0254252
8 45 -1.44001 0.369697
8 47 0.849961 0.314208
8 49 -0.335592 -0.0560173
9 33 0.483915 18.7746
9 34 5.33311 2.50528
9 35 6.82597 4.44191
9 36 6.98996 6.73012
9 37 -0.438314 -2.37847
9 38 -1.84276 0.0742616
9 39 2.08917 4.07959
9 40 -0.0423512 0.150149
9 41 -0.792944 -0.940834
9 42 -0.630631 -0.10452
9 43 0.0723851 -0.356553
9 44 1.22299 -0.0600812
9 45 -0.0858143 0.390876
9 46 0.364382 0.171844
9 48 0.30415 -0.132225
9 49 0.01759 -0.0133878
9 50 0.613677 -0.532337
9 54 0.1343 -0.0732094
10 33 -0.72874 18.9757
10 34 -7.13135 3.69115
10 35 7.64604 6.48183
10 36 2.1078 0.54851
10 37 -3.34579 1.85879
10 38 -6.52063 1.44218
10 39 0.179892 0.478683
10 40 -3.60402 1.10018
10 41 -1.67668 1.61825
10 42 -0.0925112 -0.0294599
10 43 0.809254 -0.0268089
10 44 1.09423 1.4184
10 45 0.0563884 0.0476578
10 46 -0.0739845 0.00265796
10 47 0.557063 0.286097
10 48 1.27163 0.222092
10 50 -0.466771 -0.505326
10 51 -0.123135 0.222516
10 54 -0.00808181 0.243844
10 63 0.948401 0.0665914
11 33 2.59992 18.3924
11 34 -0.0358257 3.45016
11 35 4.92899 4.43903
11 36 4.27747 2.41973
11 37 3.09459 -1.25162
11 38 6.12722 1.14194
11 39 -0.93361 0.730823
11 40 1.55132 -0.837186
11 41 0.814344 2.19969
11 42 1.48508 1.17006
11 43 -0.0446237 0.547269
11 44 0.0106652 -0.030742
11 46 0.212217 -0.00539396
11 48 -0.497171 0.841552
11 49 -0.0538681 -0.138388
11 50 -0.669272 0.291426
11 54 -0.765646 0.423431
11 60 -0.548572 -0.0433783
11 63 -0.617053 -0.450441
11 64 0.213642 -0.0148596
11 65 -0.00939908 -0.105239
12 33 -4.30975 19.3573
12 34 -1.43096 1.54714
12 35 -1.20296 8.30973
12 36 0.311507 2.52017
12 37 0.913238 4.99178
12 38 1.08921 5.70335
12 39 0.872744 0.575953
12 40 0.111484 -0.85672
12 41 1.13657 0.71374
12 42 -0.448572 0.879459
12 43 -0.559744 1.13617
12 44 -0.755756 0.624331
12 45 -0.0942034 0.0527989
12 46 0.903142 0.712178
12 47 0.7232 0.733678
12 48 -0.0388867 0.419606
12 49 -0.150675 0.332747
12 50 -1.14858 -0.658866
12 54 0.339991 -0.38923
12 62 -0.0673785 0.0545443
12 63 0.374 -0.429482
13 33 3.33624 14.0882
13 34 5.93209 7.73092
13 35 -1.96027 0.389274
13 36 3.76627 0.2014
13 37 2.59959 -0.997511
13 38 3.60245 -1.29177
13 39 0.761501 3.57543
13 40 0.623638 0.193265
13 41 0.499354 1.09975
13 42 0.448435 0.847529
13 43 1.79297 0.751997
13 44 -0.292651 0.503785
13 45 0.424697 0.00837226
13 46 -1.12144 -0.210929
13 47 0.194824 0.49343
13 49 0.0810249 -0.0971691
13 50 0.695389 0.617833
13 51 0.0868111 0.0247943
13 52 0.78577 0.275098
13 53 0.238319 -0.019804
13 55 0.0508269 -0.00431186
13 63 -0.273466 -0.031989
14 33 1.33454 13.4266
14 34 11.9628 2.43679
14 35 7.55262 4.44676
14 36 -2.18775 6.33063
14 37 7.04585 -1.89556
14 38 0.999792 -0.253223
14 39 -0.679103 0.353337
14 40 -0.811961 -1.80326
14 41 -0.0282845 -0.279425
14 42 0.175277 -0.38559
14 43 0.32646 -0.331259
14 44 0.630185 1.37227
14 45 0.0806076 2.64623
14 46 -1.02478 1.86156
14 47 0.49333 0.437292
14 50 0.133679 0.190021
14 51 0.160275 0.297064
14 52 -0.011098 0.0212918
14 53 0.299176 0.00945605
14 55 -0.124057 -0.053437
14 56 -0.859166 0.0959351
14 63 -0.375255 0.126298
14 66 -0.179827 0.189911
15 33 -0.615458 17.5779
15 34 5.58314 7.15704
15 35 -0.483218 4.26261
15 36 8.14059 0.501592
15 37 -5.60865 2.71028
15 38 3.6633 2.01107
15 39 6.82071 -0.825297
15 40 0.755298 0.810952
15 41 1.03275 -0.148047
15 42 1.3817 0.0555204
15 43 -1.01431 -0.237193
15 44 -0.0503935 -0.00593244
15 45 0.307353 -0.624619
15 46 0.207916 1.12784
15 48 0.627987 0.590423
15 49 -0.772891 0.586194
15 50 -0.311041 0.0777037
15 51 -0.398305 1.44238
15 52 -0.128083 0.00343216
15 59 -0.0125373 0.105661
15 61 0.125095 -0.0732615
15 63 0.172647 0.138243
15 64 0.248382 -0.0702179
16 33 3.31042 14.2888
16 34 1.02625 3.88274
16 35 -3.13732 -0.0571528
16 36 7.42847 0.810315
16 37 -2.45144 5.39352
16 38 5.42077 0.400006
16 39 -0.707351 0.231679
16 40 0.657074 1.31938
16 41 1.37733 -0.329089
16 42 -1.19755 0.449388
16 43 0.122125 0.495311
16 44 0.0664688 -0.364274
16 45 -0.259198 -0.135293
16 46 -0.14074 -0.942642
16 48 0.401967 0.148072
16 50 0.890294 0.114136
16 51 -0.00632994 1.11306
16 52 -1.15511 -0.311547
16 56 -0.0431509 0.00729923
16 58 0.769059 0.291542
16 60 -1.06667 0.219228
16 63 0.419872 -0.410729
16 64 0.106997 -0.12348
16 65 -0.0508485 0.0596722
16 66 0.0131579 0.00180824
17 33 -0.0847705 15.3172
17 34 4.4148 9.35925
17 35 1.62975 2.6894
17 36 14.9804 -0.834246
17 37 -1.68458 0.594997
17 38 5.64428 0.886718
17 39 2.55832 3.37681
17 40 -0.605184 0.819858
17 41 3.19614 2.55644
17 42 -0.90105 -0.653866
17 43 0.57503 -0.265787
17 44 2.68186 0.457822
17 45 -0.260286 -0.781993
17 46 -1.08767 0.280268
17 48 -0.340729 -0.425351
17 49 0.176927 0.680554
17 50 -0.489134 0.0603278
17 51 -1.24243 -1.35244
17 52 -0.948368 -0.481147
17 54 -0.19239 0.0507463
17 55 -0.333096 -0.0476048
17 62 0.455799 -0.591547
18 33 -6.20671 11.3934
18 34 -1.57298 3.96114
18 35 8.05023 -0.268038
18 36 0.376623 5.85822
18 37 1.81898 2.22912
18 38 0.233229 3.37466
18 39 2.08975 -0.156514
18 40 -1.64711 2.4649
18 41 -3.24093 -0.0616914
18 42 -0.221187 0.355299
18 43 -0.0422339 0.841748
18 44 0.992675 -0.0313618
18 45 0.300339 -0.195421
18 48 0.287035 -0.334504
18 49 -0.0159245 0.0490067
18 50 -1.09928 -1.06671
18 53 0.673823 -0.0132414
18 57 0.228129 0.130473
18 60 0.0798347 -0.119129
18 61 -0.0878321 -0.0728204
18 65 -2.10592 -0.847049
19 33 -2.75329 7.76531
19 34 6.32239 3.20011
19 35 2.56497 1.57551
19 36 8.98179 2.33749
19 37 3.28116 5.81785
19 38 3.14406 1.69515
19 39 1.3585 0.361789
19 40 0.469787 3.58173
19 41 -2.28264 3.02176
19 42 0.885989 1.56417
19 43 0.230096 0.620111
19 44 1.00474 0.248811
19 45 -0.0201774 0.0299747
19 46 1.13143 0.257683
19 47 1.49438 -0.117945
19 48 0.821291 -0.661592
19 49 -0.0472776 0.0795617
19 50 -0.0798644 -0.0577204
19 53 0.0116146 -0.126756
19 54 0.491735 0.0279803
19 55 0.186238 0.108861
19 56 0.501127 -0.0304405
19 57 -0.0518439 0.0520153
20 33 2.53718 6.2362
20 34 5.3212 1.56055
20 35 0.661961 0.814256
20 36 3.67005 4.55478
20 37 -3.16727 -2.11804
20 38 6.23763 0.537861
20 39 1.98803 1.01671
20 40 1.10905 0.460316
20 41 2.61253 1.52127
20 42 -0.823969 0.940135
20 43 0.454584 -0.673056
20 44 1.27282 -0.140428
20 45 0.129158 0.0127972
20 46 0.0744391 -0.113619
20 47 0.0312879 0.0288987
20 48 -1.81211 0.51956
20 50 0.246703 0.229357
20 52 0.125781 0.0151048
20 54 -0.133796 -0.602181
20 55 0.194579 -0.12159
20 57 0.546161 -0.385712
20 58 -0.118604 -0.113156
21 33 7.01005 5.10685
21 34 9.34616 1.74226
21 35 6.10423 1.6979
21 36 0.773803 1.7507
21 37 -0.253099 1.7983
21 38 5.14231 4.28697
21 39 6.68532 -0.59675
21 40 1.86714 -0.160193
21 41 0.241767 2.48937
21 42 -0.156077 -1.3749
21 43 0.45988 -0.242907
21 44 -0.154221 0.439837
21 45 0.752852 0.4729
21 46 -0.0783427 1.23523
21 47 0.152896 0.0293651
21 48 -0.117299 0.0600477
21 49 0.91602 0.600473
21 53 -0.475503 0.0469894
21 54 0.0998017 0.00151021
21 55 0.886347 0.24072
21 57 0.760093 0.417587
21 62 -0.363498 0.0459545
22 33 4.839 6.98685
22 34 5.86147 -2.31404
22 35 5.59 4.54268
22 36 0.360799 4.49575
22 37 2.93488 0.0868665
22 38 0.816271 1.77585
22 39 -0.942224 0.819311
22 40 1.57414 0.432274
22 41 -0.0408681 2.36838
22 42 -0.990803 2.67375
22 43 1.88205 2.22278
22 44 -1.66485 0.362926
22 45 -1.18407 -0.563535
22 46 0.916247 0.106678
22 48 -0.28802 -0.314086
22 49 -0.394497 -0.0368916
22 50 -1.49528 -0.666801
22 51 0.205652 0.0883173
22 52 -0.287476 -0.211738
22 58 0.0673531 0.0310765
22 60 -0.0299852 -0.0493017
22 62 0.0743257 -0.0859588
22 63 -0.487039 -0.213805
23 33 4.60655 2.7025
23 34 0.75981 2.30986
23 35 -1.852 0.379941
23 36 4.89445 -2.21654
23 37 2.73565 4.5452
23 38 2.85286 2.70883
23 39 3.43037 0.412653
23 40 -0.321515 0.797244
23 41 2.42037 0.0914049
23 42 1.29749 0.327081
23 43 -0.0112329 2.06262
23 44 0.071149 -0.0467322
23 45 -0.0706846 0.104254
23 46 -1.05157 0.138391
23 47 0.341082 0.595811
23 48 -0.992285 1.08597
23 49 0.17378 0.0150586
23 50 0.0580434 0.226544
23 51 -0.0752178 0.767204
23 52 0.181417 -0.312582
23 53 -0.323171 0.247701
23 55 0.982936 1.20139
23 57 1.20573 1.01804
23 58 -0.182026 -0.131207
23 59 0.0452364 -0.00427248
23 63 -0.0245559 -0.0193233
23 65 0.0172573 0.0207382
24 33 5.32801 2.60469
24 34 1.02952 -0.883833
24 35 1.48692 1.57577
24 36 3.06648 -0.348904
24 37 3.21744 -0.752311
24 38 2.68165 -2.39831
24 39 -0.885519 4.63104
24 40 1.90299 0.973564
24 41 -0.340485 0.138928
24 42 0.348819 0.563007
24 43 0.199287 -0.377308
24 44 0.427388 0.0835507
24 45 -0.120684 0.0582453
24 46 -1.63206 1.38681
24 47 0.291288 -0.361264
24 48 -0.196064 0.796686
24 49 -1.40495 0.169122
24 50 -0.0535861 0.0745438
24 51 1.5569 0.167919
24 52 0.00919404 0.0376475
24 53 -1.16434 1.02519
24 60 -0.0896907 -0.0213453
24 61 -0.565066 -0.187821
24 62 -0.278486 0.746027
25 33 2.60758 0.903736
25 34 8.57777 1.62785
25 35 0.620443 -2.01177
25 36 4.01088 -1.21015
25 37 7.02637 0.545095
25 38 5.54545 -0.696489
25 39 1.61277 2.76969
25 40 1.11716 -0.655833
25 41 -0.0825316 0.115626
25 42 1.52238 2.32957
25 43 0.406231 0.482982
25 44 -1.72657 0.36211
25 45 -0.53817 2.08245
25 46 -1.0927 0.875192
25 47 -0.260123 0.0201081
25 48 0.674666 0.274988
25 49 -0.510842 0.0565056
25 50 0.0883487 -0.303775
25 51 -0.28034 -0.30236
25 52 -0.106446 -0.0998166
25 53 0.00633577 0.0144138
25 54 0.140262 0.00381397
25 56 -0.246101 0.0846675
25 58 -0.594766 0.453902
25 60 0.429931 -0.135487
26 33 1.58213 4.55141
26 34 6.24773 0.875022
26 35 3.98882 1.69016
26 36 0.703123 2.72273
26 37 7.71998 -0.87275
26 38 -5.12185 4.8866
26 39 -1.44821 0.571822
26 40 -1.42822 -1.83972
26 41 0.223728 1.15287
26 42 -2.97544 0.107602
26 43 0.209238 1.32273
26 44 1.30427 -0.395276
26 45 0.63093 0.0184127
26 46 0.249265 0.494517
26 47 -0.186275 -0.065106
26 48 0.11148 0.0939781
26 49 -0.482721 -0.282612
26 50 0.217415 -0.0347732
26 51 0.44409 -0.187434
26 53 0.104031 0.0223922
26 54 0.30274 0.171452
26 55 0.449532 0.506939
26 57 0.0293223 -0.136773
26 58 -0.165281 0.50325
26 59 -0.0366789 0.184617
26 62 0.0326084 0.058318
26 63 -0.304892 -0.146609
26 64 -0.475985 -1.28868
27 33 6.34571 3.68531
27 34 -4.53591 1.96165
27 35 4.49549 4.06782
27 36 4.04204 -3.17811
27 37 4.80566 2.45479
27 38 2.13001 1.54041
27 39 -3.12884 0.193547
27 40 0.299837 -0.237235
27 41 1.8625 1.53464
27 42 -1.40241 1.67928
27 43 0.547864 -0.253729
27 44 -0.738249 0.983475
27 45 -0.319854 0.166359
27 46 0.526 0.214263
27 47 0.457997 -0.0613796
27 48 -0.0919951 -0.00147499
27 49 0.076046 0.0466933
27 50 0.252984 -0.00402996
27 51 -0.122879 -0.167386
27 54 0.503216 -0.263507
27 55 -0.0346279 0.0565982
27 58 -0.670505 -0.16597
27 62 0.68279 0.784204
28 33 -0.782577 0.497764
28 34 7.75452 3.90251
28 35 1.8044 -3.82526
28 36 0.740253 -0.247259
28 37 5.45033 -0.187749
28 38 1.80909 0.0492957
28 39 -1.27356 0.263566
28 40 2.56434 0.32341
28 41 0.823228 2.52535
28 42 -0.00723073 -0.147005
28 43 4.71703 4.14936
28 44 0.86723 0.562072
28 45 2.04973 0.929613
28 46 0.361117 0.101977
28 47 -0.502862 -0.37551
28 48 1.44431 1.65486
28 49 -0.607822 0.75385
28 50 -0.604513 -0.492489
28 52 0.357896 0.690356
28 54 0.0511822 0.337422
28 56 0.0104894 0.00830102
28 58 -0.00269794 0.00231001
28 59 0.189794 0.256609
28 61 -0.625931 0.0303034
28 62 0.666623 0.226529
28 64 -0.0520132 0.353844
29 33 0.319278 0.936802
29 34 3.82542 0.00311987
29 35 6.71671 1.72345
29 36 0.708819 0.266936
29 37 1.28502 0.41435
29 38 2.31577 2.55006
29 39 -1.71439 0.627618
29 40 1.69299 1.64517
29 41 0.777003 -2.52368
29 42 0.194517 -1.05966
29 43 1.24547 1.37822
29 44 1.35841 0.522983
29 45 0.58106 -0.300797
29 46 0.70401 1.13132
29 47 0.100208 -0.033365
29 48 0.890597 1.07386
29 49 0.198439 -0.0704524
29 50 0.447927 -0.868433
29 51 0.00394558 0.330322
29 52 -0.738519 -0.0858717
29 53 0.409878 0.422218
29 54 -0.753286 -0.182008
29 55 -0.0612304 0.0549445
29 56 -0.162901 0.044154
29 58 0.00405802 -0.166016
29 60 0.0634245 0.024364
29 61 1.28433 0.309136
29 62 0.210003 -0.0224824
29 65 -0.0734662 0.110729
30 33 1.30026 -1.30581
30 34 6.22313 1.06728
30 35 9.30336 -1.09159
30 36 2.14526 -3.97919
30 37 5.5702 1.35687
30 38 2.58839 3.0755
30 39 -2.47074 1.74927
30 40 -1.40065 -0.0660745
30 41 0.519217 3.54909
30 42 -0.73613 0.180101
30 43 1.73031 1.09044
30 44 -0.996139 0.603491
30 45 0.298756 -0.195139
30 46 0.301041 0.107959
30 47 -0.565922 -0.235548
30 48 -0.54118 0.252987
30 49 -0.958771 1.40361
30 50 -0.430857 0.277765
30 51 0.032888 0.0164077
30 52 -2.04217 -0.385789
30 53 -0.306436 0.464028
30 54 -2.3687 0.14004
30 55 0.537715 0.156516
30 56 0.361459 0.0177601
30 59 0.397892 0.0528824
30 60 -1.50331 0.888701
30 61 -0.0163666 -0.0260019
30 62 0.943627 -0.38788
31 33 1.8994 0.680849
31 34 1.62589 1.86535
31 35 8.99335 -0.914585
31 36 5.15853 0.553853
31 37 2.57572 1.55338
31 38 3.3171 -0.351092
31 39 8.93605 -0.439967
31 40 2.25207 1.58044
31 41 -1.16638 0.798613
31 42 3.62962 -0.330824
31 43 2.31951 1.24283
31 44 -1.11482 0.196714
31 45 -0.952094 1.693
31 46 0.911259 0.11142
31 47 -0.355906 -0.245254
31 48 0.144608 0.161008
31 50 -0.501898 0.965633
31 53 -1.03394 0.21097
31 56 -0.802622 0.193998
31 59 -0.44388 0.466755
31 60 -0.340896 -1.70238
31 61 0.671978 -0.231442
31 62 -0.209622 -0.381599
31 63 0.162271 0.0877171
31 64 -0.0694717 -0.0316887
31 65 0.0729944 0.0224415
32 33 1.91508 -0.983877
32 34 -2.04126 -0.74135
32 35 -2.39423 -1.1952
32 36 7.76287 -0.131472
32 37 5.9482 1.76001
32 38 1.96478 -0.867527
32 39 5.39263 4.23383
32 40 0.153181 1.23209
32 41 -0.172415 -0.0209386
32 42 1.28732 0.680771
32 43 0.329922 0.471374
32 44 0.0471397 0.0927476
32 45 -0.780792 -0.209126
32 46 -0.046856 -0.699658
32 47 -0.133217 -0.276148
32 48 0.0664087 -0.0452599
32 49 0.310798 -0.137991
32 51 1.23954 0.140904
32 52 0.142917 -0.0733862
32 53 -0.476565 0.15479
32 55 -0.00720143 0.00349164
32 58 0.183014 0.242881
32 60 -0.734717 0.572558
32 64 0.0351968 0.164346
32 65 0.16345 -0.437319
33 33 2.81593 0.179771
33 34 3.10679 -4.72427
33 35 7.59534 3.35577
33 36 2.9061 0.373852
33 37 3.14451 -0.869093
33 38 0.503975 0.11448
33 39 0.137366 1.33475
33 40 0.147013 0.512641
33 41 -0.59711 -0.248584
33 42 5.67531 2.55822
33 43 0.740207 0.375881
33 44 -1.67757 0.208014
33 45 0.0343873 -0.508232
33 47 0.323517 0.429939
33 48 -0.0677866 0.722855
33 49 -0.129098 0.101959
33 50 -0.0663821 -0.0258869
33 51 0.729426 -1.68815
33 52 0.229059 0.371286
33 53 0.337532 0.104315
33 55 0.110918 0.0343583
33 56 0.169207 0.219815
33 60 0.0518092 -0.00921024
33 64 -0.580204 0.128103
34 33 6.06192 -0.745472
34 34 6.85594 2.85297
34 35 8.65421 -0.793245
34 36 -0.486872 2.77183
34 37 4.17914 0.894661
34 38 0.853608 3.98589
34 39 -1.2023 1.79352
34 40 -0.15843 0.464109
34 41 1.95145 -0.46553
34 42 0.243751 2.62439
34 43 4.30007 0.910231
34 44 -0.186447 -1.36702
34 45 -0.000383007 0.00222484
34 46 0.494702 0.26536
34 47 -0.903418 0.521011
34 48 0.100681 0.431461
34 49 0.0460093 1.41739
34 50 0.13262 0.528482
34 51 -0.12322 -0.690636
34 52 -0.151893 -0.0331828
34 53 -0.100167 -0.125843
34 55 0.105051 0.249815
34 56 -0.766993 -1.21979
34 57 0.130877 -0.0120155
34 58 0.715079 -0.279626
34 59 -0.152041 -0.0703625
34 62 -0.110929 -0.0120242
34 63 0.153094 -0.204771
34 64 -0.433226 -0.0203167
35 33 6.03138 0.464684
35 34 4.12153 -0.852114
35 35 5.51096 -1.23811
35 36 -0.693918 0.00901391
35 37 0.308618 -0.0456941
35 38 3.53127 0.57949
35 39 1.44363 2.06213
35 40 1.63081 -1.22461
35 41 -2.62408 2.91763
35 42 2.3038 0.191733
35 43 -0.417356 0.0117534
35 44 1.29578 0.373003
35 45 0.487805 0.505929
35 46 0.227764 0.330966
35 47 0.865955 0.0395863
35 48 -0.0629352 0.281941
35 49 -0.457091 0.0374401
35 50 -0.117965 0.0282689
35 51 -0.507232 0.162687
35 52 -1.55143 0.311658
35 55 1.22901 -0.166888
35 56 -0.800143 0.777202
35 57 0.715601 0.204901
35 58 -0.491276 -0.643892
35 59 -0.00240387 0.000203678
35 61 0.222813 0.0751968
35 63 0.964669 0.164386
35 64 -0.641648 0.122125
35 66 0.108213 0.197533
36 33 4.26626 0.642758
36 34 7.25954 -0.240368
36 35 7.18336 -2.61602
36 36 0.749364 -0.81605
36 37 3.17204 3.20881
36 38 1.43313 4.35528
36 39 0.553513 0.31046
36 40 0.931704 0.58961
36 41 3.26327 2.37581
36 42 -2.12579 0.889455
36 43 1.22929 1.86509
36 44 -0.392196 -0.169814
36 45 1.15618 1.00162
36 46 -0.111221 -0.0977893
36 47 -1.78151 -1.1587
36 48 0.185269 -0.157397
36 49 0.073181 0.561021
36 50 0.198843 -0.0779513
36 51 -0.0418058 0.00978898
36 52 -0.00414744 0.0729209
36 54 0.276374 -0.0849352
36 56 -0.103913 0.0624486
36 57 -0.108153 -0.373103
36 59 -0.0464318 0.277106
36 62 -0.709868 -1.2238
36 66 0.344236 0.726548
37 33 2.14063 -1.45532
37 34 2.50089 2.07764
37 35 5.72294 -2.74751
37 36 4.00861 -0.530482
37 37 3.33513 0.578567
37 38 0.187134 -0.24621
37 39 0.0442762 -1.28714
37 40 0.519014 -0.669092
37 41 1.97025 1.09564
37 42 -1.75626 -0.94967
37 43 -2.5123 3.30917
37 44 -0.906073 -1.35233
37 45 -0.027673 -0.186048
37 46 0.396999 0.599099
37 47 -0.367211 0.594687
37 48 -0.303127 -0.126749
37 49 1.37321 0.401686
37 50 -0.104596 0.0337396
37 51 -0.231426 0.325048
37 52 -0.189986 -0.286436
37 53 -0.0669138 -0.821325
37 55 -0.233808 -0.137861
37 56 0.166271 0.213766
37 57 -0.00530484 9.27217e-05
37 58 0.115463 0.183108
37 62 -0.044682 -0.0177061
37 63 -1.0658 -0.581137
37 64 -0.0216583 0.0786114
38 33 2.03865 -1.35251
38 34 10.0168 0.116717
38 35 7.33299 -2.27443
38 36 2.97402 0.980994
38 37 3.52537 0.138673
38 38 -0.703848 0.720457
38 39 -0.18413 -0.794247
38 40 4.0414 1.853
38 41 -0.232143 2.25523
38 42 1.57737 -0.375443
38 43 -0.368072 0.25259
38 44 0.169064 -0.0671868
38 45 -0.41281 -0.199142
38 46 -0.404325 0.20467
38 47 -0.442151 1.39618
38 48 -0.871721 -0.0506457
38 49 0.317169 -0.25898
38 50 1.29646 0.186318
38 51 -0.0798631 0.0425304
38 52 0.00245941 -0.00135639
38 53 0.466203 -0.392621
38 56 -0.688361 0.185127
38 59 -1.66532 0.468522
38 62 -0.0106714 0.0129965
38 66 -0.00978809 0.0102515
39 33 0.480874 0.789729
39 34 1.29299 -2.16551
39 35 2.21143 -3.86326
39 36 7.9972 2.36389
39 37 2.92334 2.46842
39 38 0.631886 -0.0277912
39 39 -0.0250368 2.19577
39 40 1.93263 2.06441
39 41 -1.66558 -0.409171
39 42 0.809536 -1.5114
39 43 -0.649722 -0.585289
39 44 -0.335974 1.56393
39 45 -0.705251 -0.323195
39 46 0.879675 0.358684
39 47 0.312655 0.40754
39 48 1.06972 0.889886
39 49 -0.368963 -0.571843
39 50 0.169466 0.39204
39 53 0.468992 -0.0179789
39 56 -0.0315201 0.0194639
39 57 -0.779798 0.493785
39 59 -0.46507 -0.129397
39 61 0.46563 0.689569
39 62 0.373056 -0.238438
39 63 0.15702 -0.145282
40 33 0.255213 0.964168
40 34 1.5006 0.19132
40 35 3.27162 1.83646
40 36 -0.386431 -2.90753
40 37 -2.10174 -1.84568
40 38 -2.03204 2.93568
40 39 0.409289 0.637744
40 40 5.0354 -0.738798
40 41 3.17194 -0.860943
40 42 -0.992819 -0.430909
40 43 -0.19495 0.232226
40 44 -0.0911287 0.245119
40 45 1.03011 0.129225
40 46 -1.17913 0.750088
40 47 -0.272558 0.698894
40 48 -0.780659 0.951685
40 49 -0.783651 -0.498804
40 51 -0.0213256 0.0266972
40 52 -0.079973 -0.588499
40 53 -0.184813 -0.337106
40 56 0.424192 0.909188
40 57 -0.51389 0.548626
40 58 -0.267506 -0.0142822
40 63 0.485762 0.357974
41 33 0.63907 -0.770069
41 34 6.48659 1.11467
41 35 1.56953 2.1686
41 36 4.9794 1.52969
41 37 2.84065 -0.462251
41 38 4.51859 3.50755
41 39 -0.228805 -0.538704
41 40 -5.0247 0.0356121
41 41 0.0280166 2.6996
41 42 -0.28933 -0.674396
41 43 -1.79864 2.09973
41 44 1.25507 0.839149
41 45 -0.316765 0.150195
41 46 -1.03185 -0.20113
41 47 1.7281 0.350068
41 48 -0.225035 0.0452065
41 49 0.0605267 0.0347246
41 50 0.310908 0.578259
41 51 0.276141 0.494473
41 52 0.251506 0.00852047
41 53 0.0281742 0.0082003
41 54 0.388506 0.527736
41 55 0.353379 -0.0215482
41 56 -0.831992 0.288753
41 57 -0.779758 -0.283634
41 58 -0.146508 0.00670761
41 60 -0.112554 0.131981
41 61 0.0278608 -0.0179017
41 66 -0.0306692 0.117258
42 33 0.360526 -1.10299
42 34 4.54343 0.537316
42 35 3.44072 -0.819211
42 36 1.23501 2.92896
42 37 -1.74654 1.90887
42 38 2.6843 -0.125934
42 39 -2.2177 0.0845572
42 40 5.55758 3.00329
42 41 3.14135 1.89577
42 42 -0.905885 0.369203
42 43 -0.24274 -0.670892
42 44 2.29005 -0.0175386
42 45 0.277204 1.19562
42 46 1.0368 0.33677
42 47 0.193615 0.163639
42 48 1.95863 0.910732
42 50 -0.162178 -0.0711759
42 51 0.727484 -0.0800217
42 52 0.742927 1.54546
42 53 -0.669569 0.421278
42 54 0.228205 -0.0236836
42 55 0.031152 -0.028974
42 56 0.575768 0.303254
42 57 -0.711447 0.254339
42 58 0.0660867 0.0297135
42 59 -0.044829 -0.0399299
42 63 -0.267337 0.265206
43 33 0.445519 0.496437
43 34 -1.74222 -0.278504
43 35 2.40774 -0.636701
43 36 2.94685 -0.803636
43 37 4.61526 0.440245
43 38 -5.24611 0.0171801
43 39 -1.71569 0.689299
43 40 0.103393 0.642378
43 41 1.83558 0.34178
43 42 -0.207492 -0.903858
43 43 -0.223311 0.525161
43 44 0.603247 0.345257
43 45 0.910115 1.33416
43 46 -0.158351 0.596086
43 47 -1.96364 1.60412
43 48 -1.26491 -0.30746
43 49 0.761579 0.100677
43 50 0.453576 -0.475808
43 51 0.641399 0.224374
43 52 -0.157493 0.135751
43 54 0.606156 1.38789
43 55 -0.0307826 0.506242
43 56 0.803172 -0.0164386
43 57 -0.095613 -1.20793
43 58 0.0445675 0.0380354
43 61 0.255354 -0.0855957
43 66 -0.0352329 0.0286705
44 33 0.681483 -1.57428
44 34 5.98805 0.181648
44 35 -0.28383 0.385529
44 36 3.79022 1.8443
44 37 1.78758 1.40411
44 38 0.33284 0.0459931
44 39 -0.717551 -2.9116
44 40 -0.0315981 -1.26148
44 41 0.516115 -0.245027
44 42 -2.24041 2.49208
44 43 0.941498 0.748352
44 44 2.47466 -0.651581
44 45 0.317437 0.605995
44 46 0.0600383 -0.0290193
44 47 0.0281128 0.344
44 48 0.0504996 0.0557592
44 49 1.52097 0.181566
44 50 0.0342873 -0.137496
44 51 -0.0752759 -0.754658
44 52 -0.301672 0.292101
44 53 -0.00997992 -0.0212408
44 55 1.14123 1.56641
44 56 0.17339 -0.0415021
44 57 -0.036753 -0.0077669
44 59 0.854603 -0.715595
44 60 -0.00259767 0.00606573
44 61 0.0632067 0.0138957
44 62 0.606983 0.0177341
44 65 -0.0491749 0.0664668
45 33 2.90714 -1.21874
45 34 2.56959 -1.84634
45 35 4.05656 0.35922
45 36 1.54749 -0.892854
45 37 4.42428 -1.09752
45 38 4.09215 0.194122
45 39 1.11236 1.14732
45 40 1.07713 1.16551
45 41 3.11958 2.5563
45 42 0.412403 1.00312
45 43 2.03209 -0.323183
45 44 -1.38967 -0.710047
45 45 -1.22785 0.903217
45 46 -0.233723 -0.118047
45 47 1.50147 3.6556
45 48 0.45369 0.0710434
45 49 0.0236689 0.184991
45 51 -0.175675 1.12765
45 52 1.69016 1.1352
45 54 -0.176417 0.098244
45 56 0.0885045 -1.37174
45 57 -0.362402 0.561924
45 61 -0.0218696 0.0408504
45 62 1.35172 -0.0939396
45 63 0.0455211 0.0537638
46 33 4.53081 -2.2976
46 34 -0.799126 -2.06117
46 35 3.8551 0.263717
46 36 -3.58021 2.12885
46 37 0.876707 -1.59472
46 38 2.39238 -1.75179
46 39 3.73726 1.03448
46 40 0.326274 0.787173
46 41 0.862934 0.574052
46 42 -1.00889 -2.82494
46 43 1.65684 2.83153
46 44 2.15539 0.312262
46 45 -0.751895 0.265819
46 46 -0.938878 -0.872489
46 47 1.94079 0.558654
46 48 -1.64197 2.23772
46 49 0.562544 0.100052
46 50 0.455764 0.11008
46 51 -1.56589 1.05075
46 52 1.59222 1.67688
46 53 -0.455278 -0.186378
46 54 1.38626 0.5815
46 55 -0.184868 0.0217281
46 56 -0.223919 0.201749
46 57 0.0513931 0.0560491
46 58 -0.236054 -0.644468
46 59 0.250622 -0.144593
46 62 -0.212498 0.187067
46 63 0.0970805 -0.0326241
46 65 0.584155 0.151683
47 33 1.73261 -0.612691
47 34 1.05726 2.17199
47 35 2.60498 -1.24322
47 36 0.769709 -3.01187
47 37 1.86669 2.58879
47 38 1.30746 1.44285
47 39 8.06982 3.52591
47 40 -0.39385 0.575177
47 41 3.10894 0.153768
47 42 2.22213 0.967267
47 43 0.172549 0.741643
47 44 0.36807 -1.61455
47 45 3.13453 -0.918988
47 46 -0.36164 -0.0391363
47 47 0.202949 1.66901
47 48 -0.590668 0.824091
47 49 0.656029 -0.455714
47 50 0.85821 0.914042
47 51 -0.0362248 -0.0365185
47 52 -0.893872 0.607518
47 53 2.26124 -0.272185
47 54 0.00248317 0.0918505
47 57 -0.28245 -0.0316581
47 60 0.104721 -0.0646534
47 63 -0.0671498 -0.313562
48 33 -0.607043 -1.62009
48 34 -1.51242 1.83005
48 35 2.31634 1.17738
48 36 5.36874 1.83407
48 37 -0.236548 -1.79181
48 38 3.17076 1.47091
48 39 -0.0607728 1.04026
48 40 1.13245 0.407351
48 41 1.86606 0.261999
48 42 0.981564 0.847755
48 43 8.29766 -3.50308
48 44 -0.700191 -1.1989
48 45 -1.25745 -0.408614
48 46 -0.569761 0.391286
48 47 -0.348854 0.802926
48 48 -0.425819 1.35964
48 49 -0.229482 -0.547398
48 50 1.37184 0.519229
48 51 0.208184 0.0256751
48 52 -0.321291 0.119309
48 53 -0.257652 0.0602765
48 54 -0.984375 0.188003
48 55 -0.908592 -0.160026
49 33 -0.432353 0.746715
49 34 2.78423 -1.03455
49 35 2.92065 -0.025662
49 36 1.50297 -2.62486
49 37 2.05248 -0.0189724
49 38 0.943255 -1.56804
49 39 0.0194657 -0.921702
49 40 1.53841 1.49001
49 41 0.209271 0.850938
49 42 0.119801 1.93239
49 43 -1.75605 1.51851
49 44 -0.4286 -0.17489
49 45 0.382035 0.662466
49 46 -0.58294 -0.460876
49 47 0.444982 -0.0368366
49 48 -0.138003 0.048227
49 49 0.543965 0.217629
49 50 -0.516621 0.0730431
49 51 0.117867 0.213803
49 54 -1.142 0.451595
49 55 -1.35131 0.0376299
49 58 0.296496 -0.0958917
49 59 0.555071 -0.949906
50 33 2.00868 -0.881039
50 34 2.10536 -0.718664
50 35 -0.04042 -1.44615
50 36 2.89563 2.28346
50 37 2.62895 0.451673
50 38 2.94409 -0.33293
50 39 -0.884981 -2.7831
50 40 3.4762 1.73371
50 41 0.226718 1.96594
50 42 -2.96553 0.893489
50 43 1.1072 -0.0521128
50 44 0.216921 -0.0112567
50 45 -0.394744 1.466
50 46 5.70308 -0.0936243
50 47 0.321533 0.00936329
50 48 -0.602022 0.130196
50 49 0.156074 -0.000794618
50 50 -0.304667 -0.482871
50 51 -0.489772 -0.794962
50 52 0.381918 0.256568
50 53 0.0295605 -0.0153209
50 54 0.0501016 0.480635
50 56 0.275898 0.0565598
50 57 0.0236044 -0.164878
50 58 -0.0677681 0.137707
50 59 -1.73132 -0.638005
50 63 0.443853 -0.13136
50 66 -0.250036 -0.263676
51 33 0.518375 -0.360632
51 34 6.41395 0.909515
51 35 -1.05864 -0.164005
51 36 3.44911 -0.104527
51 37 -0.238812 0.372527
51 38 4.71408 1.76027
51 39 -1.22402 -0.558314
51 40 2.19142 2.53847
51 41 -2.00165 -0.105466
51 42 1.63826 0.47823
51 43 1.27896 2.37327
51 44 -0.295477 0.77529
51 45 -0.117855 -1.12847
51 46 -0.395275 0.0629398
51 47 0.0284263 0.0796164
51 48 0.479732 -0.0666572
51 49 0.245593 -0.5271
51 50 2.24925 -0.0393841
51 51 0.281992 0.0727464
51 52 -0.18754 -0.03844
51 53 0.737178 0.508359
51 54 0.32152 0.01521
51 55 0.0426835 -0.021551
51 58 0.486138 1.12433
51 59 -0.160592 0.146534
51 60 -0.0218719 0.0736546
51 62 0.0235939 -0.0230613
51 63 -0.118582 -0.586765
52 33 2.80564 -0.395027
52 34 4.06869 -0.301718
52 35 -0.584883 1.20929
52 36 4.20614 0.583504
52 37 3.13273 1.09649
52 38 0.495558 -1.07766
52 39 0.609133 0.367748
52 40 2.20685 0.360386
52 41 -1.85277 0.289718
52 42 1.61663 0.749115
52 43 0.286277 0.46716
52 44 -0.857961 -0.058244
52 45 2.34994 1.02058
52 46 -1.62036 -1.3662
52 47 0.429857 -0.590216
52 48 0.362711 0.403677
52 49 -0.348118 0.228981
52 50 -0.958449 0.833511
52 51 -0.491319 0.230591
52 52 -0.0747455 0.0591588
52 53 -1.13619 0.630436
52 54 -0.369693 -0.244793
52 55 0.0533996 0.0443932
52 59 0.646486 0.35481
52 60 0.0221652 0.066047
52 61 -0.47898 -0.0112514
52 66 0.0475438 0.0146997
53 33 2.17061 -1.10306
53 34 -0.426084 1.27276
53 35 4.02312 -1.09161
53 36 1.80243 -1.86037
53 37 2.24024 -0.929616
53 38 1.41238 -2.55005
53 39 1.01161 0.671308
53 40 1.21042 1.80507
53 41 -0.239078 0.487268
53 42 3.00028 -4.20682
53 43 3.07551 1.35575
53 44 3.16492 -0.312942
53 45 1.38829 1.08463
53 46 0.898302 0.730057
53 47 0.477201 -0.292496
53 48 -1.15396 -0.64913
53 49 0.31582 0.169108
53 50 0.443397 0.244245
53 51 0.243821 0.0608811
53 52 0.00195414 -0.0534021
53 54 -0.586538 -0.11055
53 55 -0.01996 -0.0164192
53 57 -1.06298 -0.961391
53 58 -0.477219 0.114955
53 61 -0.871934 1.64012
53 66 0.0389505 -0.0442433
54 33 2.92701 -0.393562
54 34 -0.199461 -1.32509
54 35 0.156463 1.54888
54 36 -3.06385 -0.661151
54 37 2.52524 1.39792
54 38 1.91821 1.25722
54 39 0.80119 0.291471
54 40 -1.91033 -0.521868
54 41 0.659276 -0.427595
54 42 -0.0388026 1.13412
54 43 2.86286 3.67921
54 44 -1.83753 0.880586
54 45 -0.521805 0.701647
54 46 -0.722606 2.46612
54 47 1.52014 1.3069
54 48 0.524303 0.259317
54 49 0.218012 1.01143
54 50 -0.246958 2.25814
54 51 -0.205658 -0.103511
54 52 -0.308937 -0.0309123
54 53 -0.77985 0.130986
54 55 0.415064 0.348234
54 57 -0.672386 -0.273219
54 60 -0.190202 0.212435
54 61 1.65543 0.0633675
54 63 0.0307248 0.0268592
54 66 0.00253869 0.066706
55 33 0.72581 0.576505
55 34 -3.79311 1.02134
55 35 1.54321 -1.2584
55 36 -1.62261 2.17109
55 37 0.599657 0.383974
55 38 1.86567 0.304237
55 39 -0.0604627 -0.27536
55 40 1.25674 0.619547
55 41 1.42487 -0.79654
55 42 0.923367 1.00222
55 43 2.74225 2.02122
55 44 -1.74894 0.395363
55 45 0.328657 4.11194
55 46 0.353583 2.00588
55 47 -2.64466 1.0937
55 48 -0.452689 -0.157043
55 49 1.07635 -0.741824
55 50 0.200323 0.100467
55 51 0.907756 0.0139451
55 52 -0.953641 0.474044
55 53 -0.941882 0.970882
55 54 -0.683952 -0.348498
55 55 0.0381843 0.0366922
55 56 1.08538 0.742404
55 57 -0.00580308 -0.00439547
55 59 -0.132181 0.0668405
55 60 -0.710083 0.351942
55 61 -0.448912 0.0485796
55 62 0.207176 0.0837865
55 66 0.95818 0.105261
56 33 1.25423 0.528374
56 34 1.88844 -0.297876
56 35 -0.830823 -0.416178
56 36 -0.39353 0.208159
56 37 2.78726 0.823592
56 38 2.35556 1.84455
56 39 1.97853 0.172046
56 40 1.22357 0.797399
56 41 -2.33005 2.49861
56 42 0.882653 0.364632
56 43 2.11568 0.801424
56 44 -0.0788874 2.12956
56 45 -1.31664 -1.67874
56 46 0.0241684 0.420841
56 47 1.03454 -0.319069
56 48 -0.765069 0.729024
56 49 0.0783348 0.0392106
56 50 -0.389197 -0.0927266
56 51 0.0202845 -0.0411595
56 52 -0.564704 0.63221
56 54 -0.585898 -0.391704
56 55 -0.878143 -0.135045
56 56 -0.778292 -0.258366
56 57 0.0488475 0.250942
56 58 0.570087 0.0232559
56 60 -1.28257 -0.20304
56 62 0.284116 0.56679
57 33 1.87231 1.036
57 34 -1.07999 0.347541
57 35 -1.19053 -1.07604
57 36 -1.32499 1.32084
57 37 0.835977 3.43437
57 38 0.981352 1.61743
57 39 1.22595 2.47468
57 40 2.56484 -1.14529
57 41 1.53915 -0.643197
57 42 -0.990979 -1.63021
57 43 1.36442 0.165848
57 44 -0.234722 0.039063
57 45 -1.73846 0.319042
57 46 0.487559 -0.188117
57 47 0.00784915 0.84861
57 48 1.25888 0.562013
57 49 0.0741223 0.158304
57 50 2.67604 0.363892
57 52 -1.38669 -0.340677
57 53 -0.00260402 -0.613474
57 54 0.0792822 -0.0619309
57 55 -0.311764 -0.410219
57 56 -0.198873 -0.109174
57 57 1.66563 0.625663
57 58 0.656386 0.375481
57 60 -0.271049 0.778239
57 61 0.55716 0.00564046
57 62 -1.43718 0.242519
57 63 -0.00491805 0.000763939
58 33 1.4623 -2.88105
58 34 2.2383 0.953745
58 35 1.01039 -0.075751
58 36 4.1287 1.31832
58 37 5.42268 -1.60094
58 38 3.83467 3.21161
58 39 2.11402 1.21458
58 40 -0.486777 0.0804309
58 41 -0.692296 -1.25169
58 42 -0.274013 0.46975
58 43 0.286573 -0.386479
58 44 0.28134 0.407305
58 45 0.301309 -0.238135
58 46 -0.151828 1.23754
58 47 0.760893 0.271314
58 48 -1.02697 0.153016
58 49 0.289711 -0.0969477
58 50 0.44963 0.740376
58 51 0.498472 0.200797
58 52 0.819148 1.39544
58 54 -0.0678277 -0.0550051
58 56 0.615827 0.717056
58 57 -0.0910531 0.00300838
58 60 -1.98721 -0.771495
58 61 0.280937 0.223238
58 63 0.0695394 -0.035019
58 64 -0.078078 -0.203381
59 33 0.495396 0.54857
59 34 0.054251 0.526327
59 35 0.575663 -0.00612245
59 36 0.476443 -0.0710778
59 37 -0.729638 0.0132102
59 38 4.2504 0.0828355
59 39 1.66498 -2.61938
59 40 1.67817 2.16238
59 41 2.46317 -1.72281
59 42 -0.0724863 0.804929
59 43 0.113371 0.338968
59 44 -0.221589 -1.07375
59 45 -1.19311 0.277648
59 46 0.316242 -1.0321
59 47 -1.57614 -1.22296
59 48 -0.146596 -0.0981281
59 49 0.459945 0.0694407
59 50 -0.736464 0.481739
59 51 0.462207 -0.0603024
59 52 1.31663 -0.317904
59 53 -0.0207956 1.02756
59 58 0.0184388 -0.0134782
59 62 0.109478 -0.13155
60 33 2.00848 0.681092
60 34 1.84611 -0.826457
60 35 0.946545 0.325386
60 36 1.65969 0.565664
60 37 0.887066 0.477338
60 38 2.39203 -0.499988
60 39 1.47473 0.0816439
60 40 0.529023 2.36656
60 41 1.49878 0.447365
60 42 4.81195 -0.338324
60 43 0.566832 -0.268972
60 44 0.919955 0.0391002
60 45 -0.105848 0.122824
60 46 0.274051 -0.188774
60 47 0.0615456 -0.270125
60 48 0.966872 0.739445
60 49 1.29372 -0.00102138
60 50 0.482465 -0.53002
60 51 1.1714 -0.53136
60 52 0.189555 -0.137892
60 53 0.45762 0.230274
60 54 0.394606 -0.0487842
60 56 1.13834 0.266012
60 57 0.916187 -0.00758392
60 58 -0.101474 0.0422489
60 59 0.925473 -0.00994343
60 61 -0.186709 -0.151781
60 62 -0.0964751 -0.0614553
61 33 2.69356 -2.13309
61 34 1.15282 -0.941517
61 35 1.99256 0.605873
61 36 1.99475 -0.290838
61 37 -1.24464 0.657722
61 38 0.408924 -0.294654
61 39 -0.103019 -1.17665
61 40 -0.183201 3.56455
61 41 1.28583 -0.189628
61 42 0.244522 -0.86167
61 43 -1.21044 -0.328496
61 44 1.79628 -0.0620271
61 45 1.6331 0.0202682
61 46 0.515622 0.390617
61 47 0.0672913 -0.00504563
61 48 -0.103821 0.0784621
61 49 -0.463971 1.85565
61 50 0.196487 0.212967
61 51 -0.0937016 0.228998
61 53 -0.840149 0.89732
61 54 0.622613 0.0231283
61 55 0.735458 -0.752872
61 56 0.254921 0.818101
61 57 -0.389061 -0.435077
61 59 -0.192406 -0.329664
62 33 1.51832 -3.10303
62 34 0.999513 -0.680035
62 35 -0.74482 1.30763
62 36 2.33124 -0.256096
62 37 -0.55943 -0.168908
62 38 0.0417672 -0.249435
62 39 -1.92466 -1.33376
62 40 0.506151 -0.79228
62 41 0.997626 -2.08027
62 42 1.3973 0.355779
62 43 0.269266 0.00521493
62 44 0.571177 -2.20949
62 45 -0.236514 -0.495457
62 46 1.64156 -0.380957
62 47 1.70814 0.534242
62 48 -0.236288 1.14855
62 49 -0.79274 -0.283793
62 50 -0.123194 0.583363
62 53 0.0843151 -0.056528
62 54 -0.105411 -0.0299273
62 56 -1.25375 0.859289
62 57 0.391654 -0.144825
62 59 0.348279 0.146046
62 61 0.601683 -0.845877
62 62 -0.445238 -0.0383201
63 33 -1.46304 -0.130036
63 34 1.18247 0.482578
63 35 -1.66936 0.343227
63 36 -0.311868 -1.04644
63 37 3.75538 -0.31978
63 38 -1.90213 0.867007
63 39 -0.817182 -0.381048
63 40 1.04355 -1.05296
63 41 1.36848 -1.47559
63 42 -0.363164 -0.879823
63 43 -0.527307 -0.0457777
63 44 -1.06443 1.41603
63 46 0.150651 0.107113
63 47 1.89539 0.241605
63 48 -0.514211 0.942181
63 49 1.33627 -0.623897
63 50 0.696916 0.484078
63 51 -0.332263 -0.128906
63 52 -0.0370756 0.874016
63 54 0.616183 -0.304522
63 55 0.360075 -0.129217
63 57 -0.199884 0.0332421
63 59 -0.504813 -0.597365
63 60 0.707451 -0.485222
63 61 0.256578 1.63134
63 62 -0.47873 0.111349
64 33 0.499391 -0.457333
64 34 0.153674 0.204276
64 35 1.94466 1.39823
64 36 1.33256 -0.816588
64 37 1.47548 1.50683
64 38 0.957878 2.63102
64 39 2.57032 0.650866
64 40 2.85824 1.30135
64 41 0.62198 -0.270771
64 42 0.502966 0.285551
64 43 0.341513 -0.215361
64 44 1.43335 0.522343
64 45 1.09098 0.468537
64 46 -1.14497 0.406844
64 47 0.449777 0.606077
64 48 0.693622 1.21771
64 49 -0.0645869 -0.00703165
64 50 1.50651 0.425743
64 51 0.255787 -0.347286
64 52 0.00105298 0.00348342
64 54 0.322695 -0.0829811
64 55 -0.0236417 0.0584391
64 56 -0.826623 -0.0742843
64 61 -0.0528123 -0.0343399
64 62 -0.126666 0.0642868
64 64 -0.0775799 -0.116523
65 33 2.54055 -0.809236
65 34 3.20581 0.127806
65 35 2.47145 -0.239538
65 36 0.731109 -0.509886
65 37 2.24108 0.42918
65 38 -0.29619 0.0825454
65 39 1.51832 0.441551
65 40 0.900375 0.797004
65 41 -0.76496 -0.134971
65 42 1.15385 0.281102
65 43 -0.0870998 -0.428179
65 44 0.241537 -0.0881876
65 45 1.81258 0.0597288
65 46 -0.112053 0.111801
65 47 0.146243 0.377636
65 48 1.38247 1.18402
65 49 -0.389069 0.331496
65 50 0.249884 2.29914
65 51 0.152795 0.0696777
65 52 0.193084 -0.166985
65 54 0.505382 -0.0706695
65 55 0.000305246 0.000413422
65 57 0.132998 0.0353732
65 59 0.00973736 0.0511386
65 61 0.0344933 0.226017
65 62 -0.439102 0.196868
65 65 -0.438353 0.0838571
66 33 1.98808 -1.2059
66 34 1.91129 0.0375902
66 35 1.94844 0.628592
66 36 0.334671 -1.14844
66 37 0.642484 -0.620457
66 38 1.56405 0.1043
66 39 1.38373 0.545169
66 40 2.18406 -0.37167
66 41 0.925292 0.399012
66 42 2.12008 0.976757
66 43 0.677079 0.379238
66 44 0.907816 -0.16056
66 45 0.865362 0.68329
66 46 0.543482 0.605475
66 47 0.0606103 -0.0576897
66 48 1.32338 0.338117
66 49 -0.388117 0.133955
66 50 0.293583 0.205532
66 51 0.00726298 -0.00191937
66 54 0.309843 0.152627
66 58 -0.315299 -0.128047
66 60 0.35514 -0.0148727
66 61 0.24724 -0.0181444
66 66 0.0590342 0.15458
