0 33 0.36638 11.7249
0 34 -2.78017 1.54571
0 35 7.50856 2.34116
0 36 -4.53695 1.98544
0 37 -0.955868 3.71311
0 38 1.78523 3.36886
0 39 -2.10489 5.01907
0 40 -1.36082 7.89054
0 41 4.13728 4.1401
0 42 -0.822441 2.16113
0 43 0.165801 0.198421
0 44 3.54537 1.01784
0 45 0.415997 2.73713
0 46 2.49502 2.04767
0 47 1.4234 1.70995
0 48 -0.555038 0.615011
0 49 1.44241 1.39791
0 50 -0.454776 -0.386104
0 51 0.3412 0.645142
1 33 -2.98278 24.4014
1 34 -0.145483 5.50717
1 35 1.88261 12.0732
1 36 -4.37222 10.8947
1 37 -0.712683 16.8099
1 38 7.1941 11.4017
1 39 0.823143 7.77172
1 40 2.57961 10.9004
1 41 1.66589 1.58929
1 42 -0.595458 4.92165
1 43 -5.82161 4.85638
1 44 4.17145 7.86545
1 45 -1.56598 4.63647
1 46 2.17018 6.26134
1 47 -3.52879 2.08865
1 48 0.752589 5.19304
1 49 4.52953 -0.85684
1 50 1.4669 1.10043
1 51 -0.0113819 -0.165367
1 53 0.0142552 0.0183585
1 55 -0.0773673 0.0941125
1 58 -0.113729 0.0420409
1 62 0.0318625 0.0162486
1 65 0.506984 0.0119641
2 33 3.91286 30.0458
2 34 7.53082 23.5633
2 35 -0.605545 30.0574
2 36 8.6665 16.5679
2 37 -4.85715 12.0916
2 38 -6.11487 22.5284
2 39 2.92714 20.6367
2 40 0.468471 14.3697
2 41 4.31844 17.0289
2 42 3.47296 2.87328
2 43 4.9181 6.71793
2 44 -4.58524 7.94726
2 45 3.08994 2.2742
2 46 -3.23995 2.60063
2 47 1.78269 6.06802
2 48 6.40026 3.22654
2 49 2.50151 3.65621
2 50 1.65128 1.13604
2 51 -0.919813 0.645605
2 52 0.304812 0.686594
2 53 1.63284 -0.899556
2 54 -0.718635 0.890544
2 56 0.799791 0.728527
2 57 0.398804 -0.0546416
2 58 0.261316 -0.262415
2 59 -1.16866 0.255146
2 61 0.475362 0.672031
2 66 -0.00478017 0.00207081
3 33 -2.72013 45.8741
3 34 7.48316 28.2657
3 35 14.552 19.7804
3 36 -2.83941 23.7672
3 37 -6.17717 12.5945
3 38 0.376068 14.4023
3 39 -0.821827 15.4966
3 40 -2.08274 11.6211
3 41 -4.09684 19.6505
3 42 7.35309 7.74966
3 43 1.24889 13.3533
3 44 -1.07285 12.3325
3 45 8.10555 13.7991
3 46 3.0628 10.7255
3 47 -4.37572 7.4201
3 48 5.9682 2.60885
3 49 5.45139 3.407
3 50 -0.126898 0.544794
3 51 0.113248 -2.17497
3 52 0.560146 -0.930997
3 53 0.0298708 0.0142983
3 54 0.690062 0.869083
3 55 -0.0256955 0.139741
3 56 -0.289342 -0.366078
3 57 0.478469 0.298679
3 58 0.0185044 0.0291846
3 59 -1.93951 0.556104
3 60 0.000234863 0.134796
3 61 0.057176 0.0291562
3 64 0.0193034 0.0215727
4 33 1.24151 44.3421
4 34 -3.80801 26.0714
4 35 -11.1828 17.3596
4 36 -4.2224 21.7606
4 37 4.03163 22.7388
4 38 6.68981 10.0408
4 39 0.554372 22.317
4 40 1.19811 21.0263
4 41 2.60615 14.7396
4 42 -4.19622 9.61698
4 43 5.68508 15.6166
4 44 0.124301 9.14465
4 45 -6.77955 9.69085
4 46 1.925 4.40964
4 47 -3.29275 11.6541
4 48 -2.55121 4.00986
4 49 4.68436 4.18286
4 50 2.55663 2.55811
4 51 -3.39092 1.04482
4 52 0.764982 -0.225098
4 53 -0.469096 -0.612333
4 54 -0.669489 -0.521706
4 55 -1.25086 0.867969
4 56 -0.446584 -0.597092
4 59 -1.31443 -0.219605
4 60 -0.909218 -0.617752
4 61 -0.785668 0.306676
4 62 -0.0408629 0.0227133
4 63 -0.473831 0.159937
4 64 -0.102426 -0.0337617
5 33 11.0456 53.2615
5 34 1.02203 24.9972
5 35 -6.446 32.8076
5 36 14.5735 13.2662
5 37 -5.90741 30.8448
5 38 -1.42171 30.361
5 39 -0.724876 20.3398
5 40 2.41234 28.4375
5 41 -3.24404 16.1005
5 42 -4.20203 14.1294
5 43 6.56961 20.7465
5 44 -0.334426 13.6271
5 45 -7.35038 0.186373
5 46 3.92164 6.00918
5 47 9.79229 7.75367
5 48 6.49974 3.75083
5 49 -1.14719 5.40888
5 50 0.2958 2.82915
5 51 -2.41095 -1.35796
5 52 -1.58797 -0.0581944
5 53 2.1422 1.32926
5 54 2.26289 0.311653
5 55 -1.86078 1.61799
5 56 -0.33422 -0.0278413
5 57 -1.54047 -0.0724734
5 58 0.0710434 0.0789872
5 59 1.3403 -1.19776
5 60 1.10846 1.11558
5 61 -0.280797 0.665322
5 65 0.0341059 0.0831734
5 66 -0.149837 0.13354
6 33 -7.3679 47.5606
6 34 -8.25086 25.834
6 35 6.29392 34.5654
6 36 -3.22919 23.919
6 37 0.696388 20.779
6 38 -10.2039 19.74
6 39 2.73619 27.9578
6 40 10.4708 10.8603
6 41 2.60645 22.3235
6 42 6.95745 5.2751
6 43 -0.295473 18.0815
6 44 -6.53714 16.4147
6 45 5.48247 9.54326
6 46 5.7062 1.17053
6 47 6.18721 18.0052
6 48 -3.14738 5.66364
6 49 -6.92764 3.46918
6 50 0.504994 5.44324
6 51 -1.37557 0.25595
6 52 1.31433 2.04033
6 53 1.12971 0.0596449
6 54 0.539142 -0.906445
6 55 1.45187 -0.58879
6 57 -0.76614 -0.0345803
6 58 0.621041 0.197747
6 60 0.856694 -0.139886
6 62 0.016373 0.0151406
7 33 -6.84923 43.9582
7 34 8.83677 21.7317
7 35 -4.39693 22.9386
7 36 -9.35385 12.9633
7 37 11.9461 23.4351
7 38 10.4117 15.424
7 39 5.19284 19.6425
7 40 -7.14322 26.7012
7 41 8.94 21.3835
7 42 2.40973 11.8641
7 43 8.34216 18.1454
7 44 -5.79163 15.1256
7 45 11.9314 10.8528
7 46 9.14089 10.0436
7 47 -2.24946 6.58292
7 48 6.14561 6.67109
7 49 8.51179 5.81838
7 50 -4.16971 6.88158
7 51 4.08801 3.37174
7 52 0.713177 0.535128
7 53 2.30317 2.15278
7 54 -1.04339 0.624594
7 55 -0.811891 1.80965
7 56 0.246925 -0.187115
7 57 0.806183 -0.213751
7 58 -1.00889 -0.434994
7 60 0.81665 0.39993
7 61 -0.042932 0.0344221
7 62 -0.550938 0.213181
7 63 -0.200835 -0.00194131
7 64 -0.247557 0.898197
7 66 0.609874 0.286857
8 33 17.706 37.8639
8 34 7.02453 18.7302
8 35 16.7627 21.3599
8 36 8.7558 23.0203
8 37 5.31685 22.6752
8 38 3.9049 13.6311
8 39 1.58458 22.0835
8 40 -3.04372 17.3414
8 41 -10.7536 10.4148
8 42 8.20464 18.2412
8 43 13.9671 4.03255
8 44 11.0396 11.4437
8 45 5.91937 13.3882
8 46 10.0364 11.3346
8 47 -4.63536 2.85117
8 48 -4.77789 0.895433
8 49 2.21156 2.87823
8 50 -1.6038 -1.67551
8 51 1.06367 0.814536
8 52 1.60981 1.84895
8 53 -1.90017 1.52551
8 54 0.357192 0.0543568
8 55 -0.339818 -0.0378687
8 56 0.873158 0.250573
8 57 0.547517 1.81504
8 58 -1.84288 2.24656
8 59 -0.121582 -0.342592
8 60 0.132113 1.05018
8 62 1.0758 0.226755
8 64 0.107441 0.045537
8 65 0.00563265 -0.000918499
8 66 0.544146 1.03213
9 33 3.61616 32.797
9 34 15.1296 12.0118
9 35 0.253924 18.2654
9 36 -2.95705 28.0388
9 37 3.96635 14.2021
9 38 4.37371 12.9279
9 39 -7.63148 6.35106
9 40 -6.96937 19.0985
9 41 -5.5614 14.1691
9 42 11.2219 20.9063
9 43 17.0501 3.25307
9 44 10.0244 15.5846
9 45 3.03737 13.4931
9 46 9.51873 7.50027
9 47 8.30141 4.68217
9 48 7.99273 4.2116
9 49 -3.25888 2.86982
9 50 -5.55168 7.50482
9 51 -0.551662 -1.38859
9 52 -0.861693 1.22793
9 53 0.263838 0.748389
9 54 -0.583365 0.937209
9 55 -1.11617 -1.11343
9 56 0.289535 -0.789123
9 57 0.842244 -0.656043
9 58 0.506125 0.0423628
9 59 -0.733679 0.355
9 60 0.909467 0.314199
9 61 0.180099 0.177122
9 62 0.253311 0.195087
9 63 -0.0861084 0.479645
9 64 -0.183415 0.0191508
9 65 -0.0766738 -0.0484596
9 66 -0.0469826 0.0179719
10 33 -3.15916 23.2087
10 34 -0.589937 14.3984
10 35 6.62911 15.0657
10 36 11.9697 15.904
10 37 4.27685 12.9693
10 38 4.59416 4.1091
10 39 4.94003 14.949
10 40 13.1394 12.7296
10 41 5.38564 12.6208
10 42 2.85542 9.36619
10 43 5.46449 8.27322
10 44 9.45403 6.86204
10 45 10.0337 15.8743
10 46 8.96593 7.45405
10 47 4.75796 9.52356
10 48 11.903 8.43583
10 49 5.69251 5.55309
10 50 4.267 4.45049
10 51 -1.13328 2.18737
10 52 -1.61941 0.527428
10 53 -0.726556 0.146033
10 54 0.374087 0.273815
10 55 -0.227399 0.0808123
10 56 4.51192 0.097148
10 57 -0.71354 -0.285117
10 58 0.0399408 -0.220771
10 59 -0.517369 -0.135281
10 60 -2.28718 0.241397
10 61 -0.06243 0.199809
10 63 0.127706 -0.148479
10 65 -0.00240938 0.0676663
11 33 4.06922 21.684
11 34 16.275 9.91621
11 35 -0.397677 4.54825
11 36 2.01635 3.45075
11 37 6.58158 0.130864
11 38 4.81173 9.7424
11 39 4.44895 9.42124
11 40 -4.42639 4.417
11 41 1.12372 8.14705
11 42 7.50844 11.3309
11 43 16.9154 7.47211
11 44 6.10067 9.96351
11 45 6.00712 2.59037
11 46 10.8078 4.41841
11 47 7.8407 -1.76838
11 48 12.0132 6.8367
11 49 7.23193 3.22273
11 50 6.30628 0.543151
11 51 0.200104 0.745144
11 52 2.29929 6.11844
11 53 0.647827 1.57407
11 54 -0.708497 -0.323446
11 55 -1.55427 1.03163
11 56 0.795993 -0.304123
11 57 0.175023 -0.379015
11 58 1.41124 -0.153004
11 60 0.0629447 -0.0466077
11 61 -0.133833 0.0983604
11 62 -0.0452624 -0.0308183
11 63 1.46029 0.76069
11 64 -0.168055 0.171132
11 65 0.0872954 0.0861532
12 33 -0.0901645 12.4902
12 34 4.96543 10.6117
12 35 5.54542 -0.523799
12 36 -0.28124 2.31437
12 37 -7.56202 1.74269
12 38 5.18744 -0.853986
12 39 6.00707 4.32189
12 40 -3.14696 4.49605
12 41 11.6002 13.6507
12 42 -2.54064 6.20741
12 43 6.36832 6.17814
12 44 15.2294 7.49838
12 45 11.7203 7.12004
12 46 13.326 10.2547
12 47 2.04354 -0.365059
12 48 7.89287 5.12131
12 49 -3.41121 -0.218831
12 50 -1.01337 3.36139
12 51 3.66385 3.29369
12 52 3.52368 1.5162
12 53 4.78255 2.50089
12 54 0.703451 1.66822
12 55 0.868346 1.5547
12 56 -1.30753 -0.247837
12 57 0.557581 0.0814541
12 58 1.51008 -0.718511
12 59 1.32093 -1.81086
12 60 0.692095 -0.437881
12 61 -0.0178588 -0.234978
12 62 0.0152734 0.0107028
12 63 0.748048 0.255526
12 65 -0.954047 0.414627
13 33 2.1891 7.13073
13 34 3.96466 9.26242
13 35 1.53342 4.50721
13 36 3.34799 7.33349
13 37 -1.70827 1.19206
13 38 0.882491 7.09575
13 39 10.8193 9.83693
13 40 9.90622 -1.55122
13 41 10.0554 7.68373
13 42 11.9826 -1.1437
13 43 8.84742 1.82364
13 44 9.66776 4.06515
13 45 3.74683 8.76339
13 46 8.43994 10.1857
13 47 3.60103 4.99259
13 48 3.88285 12.4223
13 49 4.14382 9.13702
13 50 2.94166 1.61436
13 51 1.67992 -0.467482
13 52 4.15441 -1.11244
13 53 4.67172 1.85895
13 54 -0.911605 0.350683
13 55 -0.316437 0.330557
13 56 -0.776593 0.616218
13 57 -1.38928 0.542775
13 58 3.57642 2.49894
13 59 -0.362596 0.200719
13 60 -0.128301 -0.43171
13 62 0.149999 -0.411003
13 63 0.941643 0.214976
13 64 -0.914503 -0.704577
13 65 0.163159 0.729902
13 66 -0.0403695 0.03133
14 33 -1.56957 4.9347
14 34 5.65802 -3.27606
14 35 7.59205 7.20046
14 36 8.67133 -0.751955
14 37 -4.48955 8.4624
14 38 8.46336 -0.126293
14 39 1.38915 -7.16801
14 40 7.75663 0.487652
14 41 20.5823 3.19685
14 42 3.43587 -1.24482
14 43 1.15347 7.66441
14 44 5.94377 11.3153
14 45 7.057 9.49863
14 46 2.62432 8.31738
14 47 3.54723 4.35922
14 48 -3.84446 -0.00677497
14 49 4.8312 7.13679
14 50 -1.2693 2.34691
14 51 1.6974 -0.15003
14 52 0.355531 0.770295
14 53 -0.236691 0.425487
14 54 -0.68087 -0.157333
14 55 0.46227 -0.167534
14 56 1.22224 1.20988
14 57 -0.649383 -0.733024
14 58 0.138854 0.0644089
14 59 -0.000185947 0.745022
14 60 0.491864 -0.153252
14 61 -0.128386 0.118763
14 62 -0.27629 0.0563333
14 63 0.0508037 0.188066
14 64 -0.0538545 0.612914
14 65 0.244953 -0.0751994
14 66 0.0123033 -0.00467249
15 33 2.155 6.58647
15 34 8.30018 -3.04841
15 35 12.2067 2.93918
15 36 5.04713 0.960891
15 37 8.35456 -0.0836993
15 38 7.07803 3.87411
15 39 9.14581 4.82115
15 40 -1.54213 0.979822
15 41 19.5008 7.56111
15 42 16.1324 3.05014
15 43 6.91629 9.82436
15 44 5.80828 3.25668
15 45 4.29454 -0.72437
15 46 6.58754 5.21023
15 47 4.00378 -2.97882
15 48 1.13985 -0.564389
15 49 5.12079 7.21288
15 50 2.73767 7.55606
15 51 -0.357897 1.80655
15 52 3.59356 0.924316
15 53 -5.56889 3.34394
15 54 0.728178 0.0573383
15 55 -0.151548 -0.807153
15 56 -1.51488 -1.55675
15 57 -2.13736 -1.02157
15 58 0.993635 0.0914682
15 59 -0.452671 -0.261083
15 60 -0.719901 0.195372
15 61 -0.186132 -0.0634126
15 62 1.32883 0.0285228
15 63 0.0467591 0.275752
15 64 0.00122433 0.00301875
15 65 -0.0529583 0.101998
15 66 -0.305805 0.66289
16 33 3.15405 2.41505
16 34 11.0932 -2.66456
16 35 1.88974 0.447354
16 36 -0.630299 2.74853
16 37 4.99327 1.76847
16 38 -4.28997 -0.148342
16 39 7.51505 5.12769
16 40 8.07659 0.637885
16 41 2.48248 5.01848
16 42 10.6686 2.99552
16 43 -2.91092 2.67274
16 44 10.2277 6.78698
16 45 0.202153 3.92214
16 46 8.88058 3.07696
16 47 4.12025 -0.479853
16 48 7.93952 0.900606
16 49 8.04293 -2.977
16 50 0.507015 -2.27466
16 51 3.51241 6.49603
16 52 -2.6681 -0.130707
16 53 0.797955 1.75669
16 54 -0.739386 0.67095
16 55 -0.941564 0.283049
16 56 -0.527225 0.606757
16 57 -0.817556 -0.12073
16 58 1.82961 1.21673
16 59 0.0124309 0.891343
16 60 0.01776 0.130367
16 61 0.885629 -1.38919
16 62 -2.6961 -0.0975673
16 63 -0.272664 0.0347767
16 64 -0.402439 0.959822
16 65 0.171029 0.147256
16 66 -0.100472 0.262951
17 33 1.9999 -1.55168
17 34 6.03359 0.503406
17 35 6.73332 4.48989
17 36 9.14176 -5.75858
17 37 1.96529 2.62234
17 38 -2.57266 3.85416
17 39 3.13201 -5.1413
17 40 8.39782 7.84404
17 41 -0.0277007 2.76001
17 42 8.34331 9.58519
17 43 2.63417 2.49113
17 44 6.30923 0.477825
17 45 2.02575 5.34519
17 46 9.79174 3.535
17 47 0.507682 2.89718
17 48 6.38848 1.71635
17 49 -3.66364 9.1248
17 50 -3.11729 3.4626
17 51 5.09484 4.95711
17 52 -0.0740302 -0.0468718
17 53 1.65806 1.52
17 54 -2.2035 0.754636
17 55 1.53315 0.217166
17 56 0.634005 0.148943
17 57 -2.21157 -0.235226
17 58 1.74564 2.37805
17 59 1.16883 1.72427
17 60 -1.83945 -0.215122
17 61 -0.818459 -0.044454
17 62 1.35276 -0.450156
17 63 0.823493 -0.168005
17 64 -0.258417 0.0259577
17 65 0.0631746 -0.0906058
17 66 -0.0498232 0.261422
18 33 7.32651 -4.38769
18 34 1.60277 -2.86907
18 35 -0.989603 -0.601762
18 36 7.62046 5.70644
18 37 -0.656551 1.86842
18 38 4.91693 -5.99675
18 39 2.43256 0.305616
18 40 3.81897 4.88081
18 41 1.07391 -1.62573
18 42 7.90819 -0.75443
18 43 4.95655 -0.204458
18 44 1.55218 3.25934
18 45 1.4378 -3.35394
18 46 2.8821 3.23081
18 47 5.48111 1.62443
18 48 6.34245 3.37475
18 49 -2.84695 -1.36151
18 50 4.30707 2.56439
18 51 0.452201 3.39658
18 52 -1.33623 2.26941
18 53 -1.94862 2.50565
18 54 0.724906 -0.836545
18 55 -0.436084 0.50648
18 56 -2.75197 0.847865
18 57 0.658729 -0.755963
18 58 0.819017 0.572036
18 59 0.796177 -0.411876
18 60 -2.04187 0.0546193
18 61 0.741816 0.000665572
18 62 -0.713911 0.247968
18 63 0.80127 0.408293
18 64 1.13682 -0.896438
18 65 -0.483408 -0.0670157
19 33 -4.04474 -0.964565
19 34 -4.21305 -1.344
19 35 6.41547 -1.67756
19 36 2.1544 0.00943286
19 37 7.91687 8.9135
19 38 18.1279 -6.85871
19 39 0.858529 5.47838
19 40 8.04714 -0.471546
19 41 3.2818 -0.734901
19 42 2.33588 -0.777958
19 43 10.2931 5.5636
19 44 2.64722 -7.94995
19 45 1.60405 5.11333
19 46 -4.77186 -1.48214
19 47 11.6271 4.29679
19 48 2.44422 -0.0833128
19 49 8.638 2.17526
19 50 5.08353 -3.20797
19 51 3.43096 0.737336
19 52 1.94205 1.70839
19 53 0.936228 -1.46656
19 54 1.24762 -0.306449
19 55 3.18399 -0.564658
19 56 0.981068 0.342768
19 57 -0.346022 0.926042
19 58 -1.21529 0.9841
19 59 1.26794 2.9742
19 60 2.09738 0.367217
19 61 0.428376 -0.89162
19 62 0.37577 -0.365665
19 63 -0.801169 -0.877901
19 64 0.236668 0.0794405
19 66 0.023967 -0.0071035
20 33 1.61668 -1.91213
20 34 -5.8144 -0.593355
20 35 10.9973 -1.07246
20 36 4.93987 2.33479
20 37 0.577532 -1.20995
20 38 0.44569 -1.88423
20 39 1.7466 1.34678
20 40 9.43261 1.57161
20 41 5.15938 3.57969
20 42 4.09885 -1.49766
20 43 4.82862 -6.37193
20 44 8.86106 0.679873
20 45 0.387991 -5.18522
20 46 1.08024 10.5783
20 47 5.14859 0.568446
20 48 6.39574 -2.675
20 49 3.54445 5.03616
20 50 1.00783 2.54801
20 51 0.724823 2.55018
20 52 -5.92239 0.104147
20 53 1.42554 2.45607
20 54 2.99854 1.91654
20 55 -2.34434 -0.0137972
20 56 1.34074 -0.505483
20 57 -0.64338 2.51846
20 58 -1.51656 -0.297311
20 59 -1.45937 0.30174
20 60 -0.926735 0.69968
20 61 -0.173657 0.10019
20 62 1.54605 0.917094
20 63 1.96147 -0.312546
20 64 0.0940687 0.0758212
20 65 -0.269121 0.0774891
21 33 -0.989856 -0.740757
21 34 1.94455 -4.52829
21 35 6.27157 -1.15754
21 36 10.3194 -1.9607
21 37 6.1902 -2.2036
21 38 5.32545 -0.98141
21 39 4.11936 3.21506
21 40 15.1434 0.159603
21 41 14.7608 -1.45835
21 42 -7.25858 0.919631
21 43 8.58796 -7.63989
21 44 9.82699 -0.529662
21 45 1.6846 -1.15201
21 46 12.9144 1.42174
21 47 7.14161 1.938
21 48 0.954509 -2.55263
21 49 6.92714 2.19223
21 50 0.221049 1.8904
21 51 3.49537 0.354339
21 52 -1.34149 -0.128294
21 53 -0.164243 -0.423052
21 54 -1.55402 -0.193438
21 55 0.638264 0.629855
21 56 0.393835 -2.24204
21 57 -0.00355768 -0.744681
21 58 -0.0868716 -0.389125
21 59 0.619158 1.19586
21 60 -0.129483 1.55392
21 61 0.922654 0.558631
21 62 -0.061711 1.27325
21 63 -0.38928 -0.746961
21 64 -2.59716 0.532467
21 65 -0.24967 -0.507526
21 66 -0.306001 -0.132016
22 33 3.90075 -0.826357
22 34 5.22794 -1.24124
22 35 3.37935 -4.66272
22 36 2.71032 4.4403
22 37 2.90609 -1.81669
22 38 9.5447 5.82577
22 39 11.0098 6.5276
22 40 5.28973 4.26343
22 41 6.60601 -5.54136
22 42 7.91436 -3.45379
22 43 10.0964 -1.4052
22 44 2.86031 0.478484
22 45 9.59075 0.000827172
22 46 7.17688 1.95249
22 47 5.50946 2.37372
22 48 6.4763 -1.88964
22 49 2.32172 1.63006
22 50 2.827 2.30744
22 51 0.286253 0.567407
22 52 -2.72156 0.981797
22 53 1.00798 3.12151
22 54 1.58929 -0.639141
22 55 -1.24236 -1.86504
22 56 1.35984 0.739632
22 57 -0.485045 1.08589
22 58 1.74224 1.04546
22 59 0.155473 1.04819
22 60 0.964545 1.11078
22 61 2.27968 1.63023
22 62 -0.795791 -0.00989761
22 63 2.35426 0.948544
22 64 1.14625 1.46984
22 65 2.55452 -0.0381581
22 66 0.265808 0.235248
23 33 1.34672 -0.0240562
23 34 9.1197 -1.34022
23 35 5.28767 -3.67953
23 36 0.609224 1.02274
23 37 7.89783 4.29949
23 38 5.89248 0.616041
23 39 6.04511 0.929443
23 40 3.92012 -5.80943
23 41 12.8766 5.85249
23 42 9.15505 -1.95282
23 43 2.85495 -2.33402
23 44 3.13208 0.312748
23 45 14.8985 -5.22259
23 46 2.59679 9.44192
23 47 4.48623 3.68993
23 48 2.38304 -3.47343
23 49 0.610913 3.19934
23 50 1.6645 0.843417
23 51 1.09457 -2.26462
23 52 -2.80768 4.5536
23 53 1.74584 0.6762
23 54 -0.663282 -0.942824
23 55 0.188003 -0.275481
23 56 -3.51453 -0.51659
23 57 -0.184946 -0.940604
23 58 -0.960833 -0.250525
23 59 1.82936 -0.836192
23 60 0.0557492 -1.16303
23 61 1.04557 -0.843795
23 62 0.982971 0.379677
23 63 0.354378 -0.102124
23 64 1.56455 -0.111989
23 65 -0.00902694 -0.0711627
23 66 -0.0550812 0.0749361
24 33 4.68766 -1.92041
24 34 3.8079 0.28804
24 35 1.00771 -0.0730313
24 36 10.9064 2.23357
24 37 8.48789 -1.18957
24 38 9.41227 -7.93724
24 39 2.87317 -3.91672
24 40 0.308992 2.26119
24 41 2.00909 5.07783
24 42 12.3778 7.04127
24 43 3.54597 0.104508
24 44 8.53543 -0.307725
24 45 -0.0284683 0.137997
24 46 14.6716 -0.412299
24 47 0.666539 6.85583
24 48 2.99049 0.741824
24 49 4.18587 5.21817
24 50 1.66111 4.82356
24 51 2.29655 -1.08927
24 52 -0.205178 -1.35805
24 53 -0.674268 -1.26649
24 54 1.97545 1.68822
24 55 -2.09496 -1.06041
24 56 3.4117 0.319987
24 57 2.6639 1.06336
24 58 0.0907327 -0.326185
24 59 2.50407 2.41655
24 60 -0.560304 -0.103702
24 61 2.15321 0.521891
24 62 1.686 0.22443
24 63 -0.0493766 0.180651
24 64 0.361452 -0.640979
24 65 0.65407 -0.295592
24 66 -0.00230546 0.176541
25 33 -0.443931 0.0935323
25 34 4.59217 2.38615
25 35 3.84271 -2.22546
25 36 6.2364 -1.1742
25 37 3.6472 -1.48551
25 38 11.0042 -1.24431
25 39 0.568351 4.79959
25 40 -2.09649 2.43497
25 41 3.36613 -0.0482626
25 42 3.00486 -1.04479
25 43 6.78755 -2.56583
25 44 5.39101 3.50428
25 45 5.27738 -1.47301
25 46 4.38972 -0.115629
25 47 0.454195 4.612
25 48 -2.28716 1.47696
25 49 7.48496 -0.395818
25 50 -3.70156 5.22036
25 51 9.39771 -0.652999
25 52 0.890084 3.71977
25 53 -1.63063 2.73772
25 54 0.426213 1.23561
25 55 -0.323844 1.30008
25 56 0.520456 1.365
25 57 -1.57033 0.721072
25 58 0.177262 0.0872605
25 59 0.948024 -0.271858
25 60 2.22147 0.278715
25 61 -0.513298 1.36505
25 62 -0.370524 0.320004
25 63 1.4394 -0.0162174
25 64 -0.0515573 1.59655
25 65 0.93504 -2.39168
25 66 0.0285456 0.0503899
26 33 0.7037 -2.50195
26 34 6.38348 -3.4443
26 35 2.50605 -2.91961
26 36 2.24938 -5.39844
26 37 6.18082 -0.640286
26 38 3.20646 0.202178
26 39 2.78568 -2.42878
26 40 5.00623 -0.225458
26 41 6.63635 -2.12945
26 42 -1.84516 -4.65144
26 43 -0.0308391 3.13924
26 44 3.66536 6.09134
26 45 0.786892 2.34996
26 46 -2.83222 3.55053
26 47 7.59659 -0.643088
26 48 8.33868 1.35946
26 49 8.57498 -0.797937
26 50 -4.86184 3.18237
26 51 0.460091 0.124464
26 52 -0.854313 0.707327
26 53 -1.1565 0.426755
26 54 -3.47027 4.57703
26 55 -0.200359 0.46551
26 56 0.5698 0.887955
26 57 1.80577 3.29486
26 58 -0.664152 0.269782
26 59 0.589751 -0.910198
26 60 -1.5365 -0.258201
26 61 1.53292 -1.04157
26 62 -0.103054 0.632087
26 63 0.4587 1.68204
26 64 0.681668 -0.136573
26 65 -1.30387 -0.0588032
26 66 0.0277705 -0.690475
27 33 2.50851 -0.107906
27 34 9.22874 1.07887
27 35 2.08405 -4.0895
27 36 13.2839 0.589916
27 37 1.87576 -0.16274
27 38 7.62965 1.20929
27 39 5.14908 2.97684
27 40 9.97833 5.69055
27 41 8.74503 1.88585
27 42 1.27604 -1.2079
27 43 5.46328 -0.332178
27 44 0.937697 -0.84933
27 45 3.00777 2.5899
27 46 -6.46507 3.63303
27 47 3.80187 -2.78706
27 48 10.8432 -3.30286
27 49 8.04746 3.68092
27 50 6.00933 5.40547
27 51 -0.582176 3.79696
27 52 3.05411 1.36902
27 53 2.90192 3.20209
27 54 -3.13235 -0.444268
27 55 1.2798 0.420846
27 56 -1.85809 2.76645
27 57 -1.16826 -0.733588
27 58 -1.79444 3.44311
27 59 0.99831 -1.84991
27 60 -0.43507 0.968182
27 61 0.993545 0.523484
27 62 -0.72889 0.0312428
27 63 0.805555 -0.486064
27 64 -0.374914 0.812885
27 65 -0.254787 0.4942
27 66 -0.250093 -0.429807
28 33 3.96323 -3.46268
28 34 3.65902 6.2769
28 35 3.13695 4.49429
28 36 -4.44666 3.97365
28 37 4.36192 -0.172575
28 38 2.33158 -2.60482
28 39 2.28789 1.84575
28 40 4.71658 3.04335
28 41 10.6188 -0.853372
28 42 4.19439 -2.32884
28 43 8.25247 -1.10206
28 44 11.1945 -0.978467
28 45 3.14275 1.5809
28 46 0.766435 -0.35534
28 47 -1.34791 1.70238
28 48 3.39089 3.04863
28 49 -2.83203 3.56972
28 50 4.22889 1.14101
28 51 2.56074 1.49415
28 52 0.106444 -0.168817
28 53 -0.746147 1.13117
28 54 -1.98048 -0.0758477
28 55 -1.0371 0.615253
28 56 0.498095 0.279722
28 57 -0.0182045 0.575768
28 58 -1.59554 1.00893
28 59 -0.711449 0.859171
28 60 0.96993 1.22584
28 61 0.333717 -1.5428
28 62 -1.73964 -0.595023
28 63 1.79839 1.01996
28 64 0.731103 -0.244438
28 65 0.217094 0.875931
28 66 -0.779489 -0.0910401
29 33 1.46497 -1.66963
29 34 6.9659 0.258776
29 35 4.50063 2.49393
29 36 4.76066 -0.586913
29 37 0.501943 -0.03418
29 38 8.49425 0.369486
29 39 -0.778971 -0.821165
29 40 14.216 -0.701151
29 41 1.95131 3.14041
29 42 4.6358 4.79099
29 43 6.13997 -0.952696
29 44 12.7472 4.073
29 45 0.273437 0.420245
29 46 6.89575 5.6256
29 47 3.47405 -3.77553
29 48 9.4883 0.919459
29 49 8.77443 3.33464
29 50 -1.53508 3.17006
29 51 1.69652 0.319981
29 52 -0.786036 -1.01923
29 53 -1.99331 2.25538
29 54 1.25768 2.36464
29 55 1.67061 0.808496
29 56 1.15022 1.06526
29 57 0.400294 0.525319
29 58 -0.436069 -3.03906
29 59 -0.557637 0.719263
29 60 2.3051 0.496793
29 61 -0.0126757 0.275524
29 62 -1.25153 -0.183208
29 63 0.445705 1.28475
29 64 0.984612 -0.146965
29 65 -0.761615 0.226419
29 66 1.513 0.996299
30 33 5.14876 -2.91266
30 34 4.20779 -4.57699
30 35 -2.31829 -3.46027
30 36 5.204 -1.52891
30 37 0.849919 -2.87103
30 38 6.69026 -2.82087
30 39 3.89953 0.771592
30 40 9.38944 -4.66015
30 41 2.28621 -3.49045
30 42 4.58293 -3.41412
30 43 1.10726 -5.14836
30 44 14.6445 2.43837
30 45 4.7296 3.7956
30 46 2.94915 0.845883
30 47 6.04112 0.0241809
30 48 7.30955 0.62048
30 49 5.61846 4.78425
30 50 -2.06227 6.99937
30 51 2.59866 2.16985
30 52 1.94473 1.49071
30 53 3.03129 0.205183
30 54 1.61609 -1.18235
30 55 2.6553 -1.26001
30 56 3.7631 3.51935
30 57 0.884795 0.744328
30 58 1.38628 0.291866
30 59 0.364463 2.04155
30 60 2.05353 1.13868
30 61 0.635361 0.531465
30 62 0.0827453 1.01171
30 63 2.9666 -0.937785
30 64 -0.0440028 0.33234
30 65 0.402623 -0.111022
30 66 1.34764 0.82285
31 33 1.04447 -2.67276
31 34 7.19323 4.00101
31 35 2.80292 2.50059
31 36 7.5372 1.44006
31 37 0.878162 -1.66318
31 38 5.93197 -2.73245
31 39 0.245011 -3.09846
31 40 1.69014 2.12209
31 41 4.06392 -0.662958
31 42 3.6598 -2.62923
31 43 3.27592 -0.22866
31 44 -3.29628 2.52833
31 45 3.36781 0.104551
31 46 12.1667 2.04222
31 47 5.61988 0.541832
31 48 6.87643 3.92423
31 49 -1.63501 6.14794
31 50 6.29184 5.65357
31 51 2.05508 -0.119877
31 52 -1.74336 -1.73468
31 53 -0.271455 3.84693
31 54 1.09413 -0.0350701
31 55 -1.79817 0.878711
31 56 -0.88406 -0.0686602
31 57 2.66782 0.850588
31 58 -0.571191 1.43754
31 59 0.545955 0.25464
31 60 0.624775 0.54743
31 61 1.42335 0.61663
31 62 0.955905 -0.0640592
31 63 0.320001 0.0254197
31 64 -0.391431 -0.0506353
31 65 -1.98047 0.681713
31 66 0.11685 0.00685537
32 33 3.96876 -4.03281
32 34 -0.0165334 -0.843716
32 35 1.95889 1.5966
32 36 -1.67621 1.25017
32 37 9.07885 -0.34127
32 38 5.27167 -2.97907
32 39 0.939824 -0.122556
32 40 1.53948 0.684831
32 41 9.25394 1.3949
32 42 8.57649 -0.238057
32 43 6.94455 -1.78109
32 44 4.48954 -0.15028
32 45 7.76212 -4.79791
32 46 7.55194 0.176875
32 47 6.85528 1.39709
32 48 6.34049 3.56171
32 49 0.360989 2.97794
32 50 -0.245353 -0.151474
32 51 1.53775 1.06509
32 52 4.5021 -1.71675
32 53 -0.0363136 -2.91584
32 54 -1.98712 0.53635
32 55 2.27676 -1.8387
32 56 0.0344201 2.03874
32 57 -0.193907 -0.491226
32 58 4.1974 -2.99331
32 59 0.237086 -0.00184853
32 60 0.0343672 -0.389848
32 61 1.32101 0.867104
32 62 1.35025 0.181086
32 63 -0.840697 1.43459
32 64 0.193269 -0.107512
32 65 -0.365514 0.504023
32 66 0.00621834 0.135587
33 33 4.36621 -1.22194
33 34 4.24405 1.82788
33 35 3.94578 0.0433069
33 36 4.06006 -0.7326
33 37 -0.070137 2.24873
33 38 7.72526 -2.92287
33 39 4.46929 -5.21929
33 40 10.3975 0.14484
33 41 4.89212 1.31953
33 42 7.70159 -10.0363
33 43 -0.167258 0.633542
33 44 7.09373 -0.367689
33 45 4.0362 2.66865
33 46 4.22175 -0.231228
33 47 5.96612 -3.77843
33 48 3.56186 3.25436
33 49 -0.461864 -1.66045
33 50 4.1011 1.43843
33 51 -2.91586 0.794963
33 52 2.18302 -1.41288
33 53 -0.191401 1.01938
33 54 0.243795 -1.5397
33 55 -1.83735 -0.103644
33 56 -0.836038 0.759314
33 57 0.35505 0.509859
33 58 0.272059 -0.560044
33 59 1.1942 1.1668
33 60 -0.0946636 -0.425038
33 61 0.799001 0.763137
33 62 0.200122 -0.241278
33 63 0.879053 -0.295185
33 64 0.0626409 -0.0899869
33 65 0.257882 -0.0908238
33 66 -0.00141795 0.0043603
34 33 1.5836 0.0810498
34 34 4.76076 1.31147
34 35 3.14293 -0.743689
34 36 7.77425 -2.20205
34 37 3.03097 0.9881
34 38 2.42486 -2.4428
34 39 -1.59749 -1.06938
34 40 -1.64222 -0.996594
34 41 -4.46973 -0.856117
34 42 7.65533 1.65693
34 43 7.05051 -0.745455
34 44 8.12978 2.25429
34 45 2.13706 3.2721
34 46 2.23808 -1.25516
34 47 2.8463 1.27425
34 48 0.848311 0.375552
34 49 6.94775 1.87977
34 50 4.60891 1.78081
34 51 -1.26301 0.553733
34 52 0.917926 2.42264
34 53 -1.15828 1.80507
34 54 -1.82971 0.752529
34 55 1.04926 -0.528052
34 56 0.463689 2.47723
34 57 -0.0779208 2.49729
34 58 -3.70854 -1.74071
34 59 -0.510009 -0.546736
34 60 -0.0110075 1.10931
34 61 -2.99279 -1.55931
34 62 2.08042 1.3894
34 63 -1.41381 -0.257067
34 64 -0.417841 0.289786
34 65 -0.0757094 0.792342
34 66 -0.0159645 -0.0372273
35 33 0.978112 -0.420958
35 34 -0.234229 -2.07848
35 35 5.07517 -0.939122
35 36 12.5366 -2.84485
35 37 2.53222 0.539008
35 38 -0.191077 0.365996
35 39 4.99445 4.15046
35 40 1.04111 0.594677
35 41 6.15504 3.46289
35 42 -3.73184 2.62438
35 43 10.6516 1.7731
35 44 2.42012 -0.619721
35 45 -2.87568 -1.22056
35 46 4.14331 2.56649
35 47 7.47199 0.129404
35 48 5.08549 1.17948
35 49 8.512 2.64107
35 50 2.43976 -1.10669
35 51 3.59528 2.47089
35 52 0.998476 4.91564
35 53 0.798801 5.6625
35 54 2.7549 1.85679
35 55 -0.400816 3.3619
35 56 0.808729 1.89672
35 57 -0.0940255 1.23877
35 58 0.104638 0.565522
35 59 2.33094 0.7647
35 60 0.754486 0.253987
35 61 -2.83017 0.529963
35 62 1.00299 0.492621
35 63 -0.760906 -0.780566
35 64 -0.36018 0.592327
35 65 0.462321 0.0816584
35 66 0.0523887 0.349846
36 33 -0.0193071 -2.26227
36 34 0.573982 -0.88978
36 35 5.84718 -3.64155
36 36 4.10859 1.13783
36 37 7.15363 -0.739101
36 38 0.299849 0.285584
36 39 4.32471 -5.11018
36 40 4.82847 0.141763
36 41 5.08172 1.7034
36 42 -2.96953 -1.92569
36 43 -2.33611 0.0884775
36 44 7.32875 -0.569736
36 45 0.28552 -0.801687
36 46 1.90971 -0.815416
36 47 5.74698 1.37623
36 48 3.03656 1.76207
36 49 -0.987117 1.2801
36 50 5.91313 0.990637
36 51 0.878162 3.18524
36 52 4.31127 2.00303
36 53 -2.37422 1.02157
36 54 -0.178454 -0.284179
36 55 -2.86591 -1.07369
36 56 -4.23922 0.348888
36 57 0.18199 -0.13335
36 58 -0.596694 0.14988
36 59 -0.150891 0.0203119
36 60 1.39754 0.776532
36 61 1.07317 0.931792
36 62 0.995733 1.04418
36 63 -0.178395 -0.0579635
36 64 -0.15206 -0.745554
36 65 -0.938049 -0.0379053
36 66 -0.148009 -0.106622
37 33 0.54608 -2.42078
37 34 3.11166 -3.80706
37 35 4.84814 -0.986518
37 36 2.80114 -5.08064
37 37 2.922 -1.65829
37 38 2.98007 -2.47305
37 39 1.19098 -2.13952
37 40 -3.97976 -5.06654
37 41 3.99916 4.01508
37 42 4.38757 0.702053
37 43 2.16138 0.433686
37 44 0.597761 -3.68908
37 45 2.89013 -2.93197
37 46 0.186853 -1.06462
37 47 8.13252 2.42294
37 48 3.4447 7.49331
37 49 3.06374 -2.44962
37 50 2.58451 2.66756
37 51 1.3421 1.70793
37 52 -1.60058 3.2435
37 53 0.255798 -0.285283
37 54 0.990337 -0.174744
37 55 3.54341 2.49807
37 56 3.17875 2.30256
37 57 0.16783 1.54398
37 58 1.1045 2.09896
37 59 1.35011 1.16311
37 60 0.681263 0.240791
37 61 -0.646826 0.197011
37 62 0.136814 0.277206
37 63 -1.55243 -0.331981
37 64 0.518156 -0.291569
37 65 -0.563547 0.109969
38 33 2.34911 0.113873
38 34 2.3348 -2.25123
38 35 5.68594 -1.98239
38 36 1.93169 -3.94183
38 37 4.73136 -1.45302
38 38 5.03947 1.50752
38 39 1.92759 2.49598
38 40 5.99045 0.0317147
38 41 6.63343 -1.87357
38 42 3.89795 1.16411
38 43 3.87215 -1.85413
38 44 5.32024 2.3129
38 45 1.0327 1.03211
38 46 -0.547516 -1.69717
38 47 3.76228 -0.814705
38 48 4.45804 3.59627
38 49 -5.66906 3.70388
38 50 3.53362 -0.697118
38 51 1.65615 1.65683
38 52 1.50409 2.20739
38 53 1.69617 3.05836
38 54 3.23053 0.124903
38 55 7.86731 1.47481
38 56 3.78494 0.256295
38 57 2.25829 1.26566
38 58 0.428632 1.35631
38 59 2.46103 1.58598
38 60 -0.354777 -0.578279
38 61 -1.57579 -0.981793
38 62 0.0520718 0.180624
38 63 -1.2624 -0.101336
38 64 -1.02798 -0.457025
38 65 0.293656 -0.174409
39 33 2.78011 -0.445459
39 34 -0.845569 -3.95505
39 35 7.98219 2.90821
39 36 2.01115 -1.80986
39 37 4.05001 0.35329
39 38 6.36011 2.19645
39 39 1.26117 -0.981877
39 40 5.19195 3.47173
39 41 3.57433 -1.37504
39 42 4.01895 1.24842
39 43 5.3836 1.15801
39 44 -1.83934 0.908736
39 45 7.97388 2.71281
39 46 4.5823 1.52205
39 47 0.778213 1.89977
39 48 -1.88356 3.2912
39 49 -1.48016 2.82955
39 50 4.39667 1.63318
39 51 1.8545 0.2623
39 52 4.48194 1.6405
39 53 2.40978 1.70215
39 54 1.12724 3.49949
39 55 -3.04875 2.76877
39 56 0.945584 0.91291
39 57 -3.99194 0.814239
39 58 2.56719 -1.08729
39 59 3.40204 0.94976
39 60 -0.778584 0.037821
39 61 -0.492226 0.815606
39 62 -0.758575 0.393751
39 63 0.214154 0.420319
39 64 0.197931 0.084451
39 65 -0.193227 -1.33654
39 66 -0.292521 0.077891
40 33 3.62834 0.605361
40 34 3.05602 -0.959506
40 35 1.1449 -0.958143
40 36 0.885481 -0.164312
40 37 3.96324 0.607973
40 38 2.85704 0.0117974
40 39 7.51841 -1.61775
40 40 -0.74227 -0.188487
40 41 10.5942 -2.51854
40 42 5.46502 -1.91956
40 43 3.63639 6.20218
40 44 -0.42509 -1.88586
40 45 3.05387 -0.126173
40 46 4.11117 1.24114
40 47 1.09949 -0.0616187
40 48 1.89451 2.25271
40 49 -0.379123 1.6649
40 50 6.67136 -2.05662
40 51 1.53049 0.829132
40 52 1.42931 1.90771
40 53 -5.27881 2.47584
40 54 0.643261 -1.59038
40 55 -1.09762 -0.468132
40 56 -2.4013 2.36571
40 57 0.364097 1.20216
40 58 -0.587696 -1.79284
40 59 2.38081 0.873033
40 60 -0.887389 1.65396
40 61 0.342009 0.671828
40 62 1.32368 -0.978363
40 63 -1.39863 -1.05105
40 64 0.384286 2.57731
40 65 -1.42319 1.06985
40 66 0.0265069 0.0334396
41 33 3.46226 -1.5004
41 34 4.21152 -1.47197
41 35 5.72217 0.0367528
41 36 11.46 -5.21915
41 37 2.05719 -4.35774
41 38 -1.86039 -0.739973
41 39 -2.32643 -1.33198
41 40 -1.06766 -0.939808
41 41 4.89211 -3.79731
41 42 6.64376 5.79667
41 43 -1.59534 2.04074
41 44 3.13027 4.91629
41 45 0.684164 0.577769
41 46 1.33251 -2.75289
41 47 3.11808 -2.203
41 48 3.0723 1.09564
41 49 0.153863 0.10439
41 50 3.68771 -1.7954
41 51 1.3192 1.27447
41 52 3.74753 1.15343
41 53 2.15702 -0.671618
41 54 -0.362645 1.17197
41 55 1.815 0.683129
41 56 -2.88654 -0.852354
41 57 -0.153453 0.242641
41 58 1.57474 0.878151
41 59 0.159423 0.731942
41 60 1.05872 0.695338
41 61 -0.198777 2.49918
41 62 -1.35959 0.546919
41 63 -1.7132 1.99544
41 64 1.55228 3.54389
41 65 0.107353 1.31777
41 66 1.15157 -0.986551
42 33 2.18484 -0.846468
42 34 2.96216 1.15216
42 35 -0.499149 -1.69722
42 36 3.34831 0.844806
42 37 0.162215 -2.83849
42 38 7.83277 0.163934
42 39 6.34546 -2.53969
42 40 7.92918 -1.48963
42 41 -2.47478 4.26182
42 42 5.90444 0.164457
42 43 2.62462 0.27939
42 44 -0.164427 4.09642
42 45 -2.69134 5.61888
42 46 0.979058 0.516129
42 47 3.27293 -0.76146
42 48 -1.37195 3.86668
42 49 2.5767 1.19203
42 50 10.5694 5.37444
42 51 2.1094 -2.78646
42 52 2.7157 0.57431
42 53 3.25644 3.63888
42 54 0.568415 1.85996
42 55 0.0574497 0.0709438
42 56 -3.2867 2.35095
42 57 -0.3111 1.54891
42 58 2.6329 -0.286312
42 59 -0.245721 1.21499
42 60 1.25126 -0.538949
42 61 2.20401 3.37803
42 62 -1.05859 0.840973
42 63 -1.14025 -0.0754854
42 64 1.17557 1.6277
42 65 -0.087874 3.70179
42 66 -0.776988 0.334689
43 33 4.13349 -3.79346
43 34 0.170801 0.905985
43 35 8.04372 -1.39973
43 36 0.340952 1.2846
43 37 1.07355 -0.666088
43 38 7.92627 -2.41854
43 39 5.26008 1.40493
43 40 9.44795 0.353944
43 41 -5.18701 0.785783
43 42 1.8105 1.75538
43 43 0.374956 -0.149446
43 44 4.80596 -0.818
43 45 2.01801 -0.0219134
43 46 -3.50738 -0.204833
43 47 1.52133 0.388892
43 48 2.3321 1.91244
43 49 3.33193 4.70108
43 50 5.93305 -0.754757
43 51 3.96437 -1.99111
43 52 0.145347 2.85441
43 53 -0.51434 -0.115068
43 54 -0.205597 2.52709
43 55 -0.693197 -0.656013
43 56 -0.592529 -0.656364
43 57 -0.466403 0.174113
43 58 2.13298 0.945032
43 59 -0.250635 -0.495016
43 60 1.41557 -0.831651
43 61 1.10141 1.19129
43 62 1.88342 0.661038
43 63 2.81751 -0.361737
43 64 -1.08646 0.888605
43 65 -1.05559 0.164459
43 66 0.640907 0.138037
44 33 4.35257 -0.63851
44 34 3.25157 -0.958026
44 35 6.08066 -3.63941
44 36 7.20815 2.80807
44 37 8.60859 3.16997
44 38 4.04825 -0.034446
44 39 8.68046 4.04936
44 40 -1.10658 1.90014
44 41 1.64514 -1.85197
44 42 4.00421 3.44774
44 43 4.62762 -0.303381
44 44 -1.25688 -2.31904
44 45 3.2648 4.29505
44 46 4.19251 1.91962
44 47 -0.938232 2.56891
44 48 0.97388 -0.472295
44 49 3.41597 2.44001
44 50 4.09376 0.121582
44 51 3.22564 -1.93921
44 52 1.23139 3.0082
44 53 -2.6453 -0.300192
44 54 1.80989 0.894563
44 55 -0.0912199 -0.180007
44 56 0.743346 -1.20464
44 57 -1.02118 -1.15018
44 58 0.0776675 0.305983
44 59 -0.200905 0.732652
44 60 -0.0424108 0.678266
44 61 -1.04435 1.63919
44 62 2.84253 -1.52329
44 63 -1.19779 0.425787
44 64 1.1235 0.0616682
44 65 -1.19522 0.382175
44 66 -0.324032 -1.01648
45 33 4.7932 -1.54193
45 34 -6.87714 -0.0919811
45 35 2.06319 -2.59796
45 36 3.82731 -3.50279
45 37 4.22684 -1.15841
45 38 9.14477 -0.367877
45 39 -0.922152 3.36972
45 40 4.08076 -0.426365
45 41 3.38245 -4.6529
45 42 4.00235 -1.5796
45 43 2.52965 1.51229
45 44 3.21988 1.50798
45 45 -1.00629 2.5188
45 46 2.62211 1.80984
45 47 3.67854 3.72619
45 48 10.8492 -1.9027
45 49 0.310993 3.05467
45 50 1.38674 -0.398004
45 51 2.59135 -3.97669
45 52 1.95242 0.594535
45 53 -0.767619 1.90077
45 54 4.52267 2.45678
45 55 -2.13204 0.539647
45 56 -0.121049 2.56491
45 57 -0.248334 0.158139
45 58 -1.64086 0.640282
45 59 -0.360448 2.60678
45 60 1.14555 0.292297
45 61 0.241569 0.389452
45 62 0.321999 0.381184
45 63 1.84765 -1.88079
45 64 1.99421 0.428448
45 65 1.07309 0.163994
45 66 0.831437 0.746961
46 33 2.30693 0.366564
46 34 -1.74917 -3.95548
46 35 2.44818 0.933269
46 36 7.41373 0.287133
46 37 6.89804 -1.34059
46 38 5.74846 4.02551
46 39 2.41814 -1.73721
46 40 0.458777 -1.21111
46 41 1.52697 -2.67247
46 42 2.0496 -5.20319
46 43 2.3483 5.38817
46 44 6.90546 2.9105
46 45 1.10629 -2.01501
46 46 3.08862 -1.70269
46 47 7.26172 -3.03088
46 48 1.60779 2.49168
46 49 -3.45918 6.0704
46 50 2.96257 1.62028
46 51 9.95309 -2.44562
46 52 2.11609 -0.616518
46 53 2.07404 2.11029
46 54 1.07574 -1.44877
46 55 -1.95136 0.669025
46 56 -1.17425 -1.23467
46 57 -0.658502 2.39465
46 58 4.45294 0.544505
46 59 -0.437024 1.07871
46 60 -0.0257713 2.72162
46 61 2.27048 -0.475893
46 62 1.23079 0.162496
46 63 1.01165 -0.60471
46 64 0.867539 1.9999
46 65 -0.592955 0.539086
46 66 0.767164 0.137126
47 33 2.74576 -1.48765
47 34 0.80146 1.47747
47 35 1.58399 -1.00969
47 36 6.34728 -4.34343
47 37 5.8896 -1.38859
47 38 3.64391 -2.63997
47 39 3.37174 -2.2245
47 40 3.72505 -3.34738
47 41 2.2426 -4.4866
47 42 6.92862 -1.22633
47 43 2.67987 2.5339
47 44 5.58717 0.447388
47 45 2.53029 2.36202
47 46 5.26183 1.34969
47 47 1.05737 0.0444542
47 48 1.8012 -0.294777
47 49 4.80319 2.56334
47 50 0.415486 1.7897
47 51 1.56902 0.268963
47 52 2.46955 2.27898
47 53 1.88088 1.47638
47 54 0.224934 -1.5624
47 55 -0.0768642 -0.625246
47 56 -2.2482 1.37628
47 57 -0.981404 1.47431
47 58 -0.0410131 -0.681762
47 59 0.648742 -0.743253
47 60 -0.402163 -0.0563707
47 61 0.253315 0.762684
47 62 0.235611 0.0675996
47 63 -0.0466042 -0.261479
47 64 0.958439 0.275952
47 65 1.73661 0.297755
47 66 0.0584682 1.06941
48 33 2.39198 -1.22827
48 34 0.267177 -4.99875
48 35 8.00812 -0.132685
48 36 0.138898 0.933712
48 37 -0.272203 -5.91695
48 38 -1.40508 -3.58755
48 39 6.15945 -0.473773
48 40 -3.34364 -0.79068
48 41 3.85489 -1.33639
48 42 0.578008 -0.434202
48 43 1.64331 0.68547
48 44 8.8997 -0.728407
48 45 -0.0886514 1.63061
48 46 0.936992 3.10931
48 47 0.825178 2.10637
48 48 -1.20023 6.10702
48 49 6.18735 0.763347
48 50 0.512776 -4.40246
48 51 0.741789 0.381093
48 52 4.91841 7.87434
48 53 -1.84761 0.824117
48 54 -0.344955 -0.92568
48 55 0.348512 0.47957
48 56 -0.116892 0.0967883
48 57 0.164617 0.071845
48 58 1.24528 0.785544
48 59 1.64362 0.284387
48 60 0.0723508 3.04268
48 61 1.70922 1.35764
48 62 0.785973 0.193037
48 63 -0.731228 -0.727505
48 64 -0.181956 0.0330574
48 65 0.811003 -0.89225
48 66 0.240375 -0.254946
49 33 5.13216 0.131212
49 34 1.58826 -2.48816
49 35 4.63422 -2.38569
49 36 3.61942 3.51238
49 37 6.90307 -1.51766
49 38 8.23244 -1.61857
49 39 1.31341 -0.0194748
49 40 3.14334 -0.303736
49 41 -0.0351261 0.490239
49 42 -1.10822 -3.783
49 43 4.02249 2.9846
49 44 1.4207 4.12672
49 45 1.52192 0.972614
49 46 2.81138 -4.72783
49 47 3.37521 4.30521
49 48 0.253362 2.1425
49 49 5.46415 -0.217649
49 50 3.93607 0.792435
49 51 0.952906 -0.821904
49 52 3.57678 4.03698
49 53 0.726262 2.72826
49 54 1.89138 0.145762
49 55 4.36311 0.676611
49 56 -1.23463 0.874859
49 57 -1.61072 1.15842
49 58 0.497647 0.532996
49 59 2.93793 -0.301335
49 60 -1.04503 0.211261
49 61 -0.845431 1.20582
49 62 -0.73506 -0.257447
49 63 -0.303693 0.0996577
49 64 -0.419183 0.0667488
49 65 1.68983 -0.318157
49 66 -0.719553 0.138905
50 33 5.36835 -3.32514
50 34 3.48743 2.82777
50 35 -1.66651 0.691286
50 36 1.13718 -1.90336
50 37 7.1769 -2.68545
50 38 0.0588402 -0.116798
50 39 7.14292 2.52376
50 40 0.712156 -0.776458
50 41 1.16877 -2.99233
50 42 2.40143 4.98058
50 43 2.22798 0.228288
50 44 9.09462 0.906256
50 45 1.76384 0.92819
50 46 1.87159 1.59326
50 47 1.40975 1.27923
50 48 1.22808 2.5784
50 49 -4.51506 -0.65221
50 50 1.30057 5.11156
50 51 -2.48027 -0.255293
50 52 1.32918 0.560138
50 53 1.9412 2.09385
50 54 -1.55883 1.66001
50 55 0.310342 0.152896
50 56 -2.0266 1.4962
50 57 4.03591 1.93771
50 58 0.290175 0.96813
50 59 2.62847 0.222828
50 60 -2.0304 0.631086
50 61 1.92151 0.172797
50 63 0.254388 0.986234
50 64 0.129833 0.262331
50 65 0.795746 0.651792
50 66 -0.516887 0.224917
51 33 0.838873 -3.02574
51 34 6.45834 -2.66102
51 35 5.1841 -2.87405
51 36 -4.98755 2.26345
51 37 1.55742 0.221746
51 38 7.0302 2.09162
51 39 3.38331 -4.22337
51 40 -0.427033 1.3682
51 41 1.74676 -3.60156
51 42 -1.57504 -8.78718
51 43 6.99837 -3.35372
51 44 5.16942 -0.0751814
51 45 3.14817 1.43071
51 46 3.00747 -1.22851
51 47 7.82361 0.570601
51 48 -0.750663 1.25599
51 49 3.68355 3.98912
51 50 9.18053 3.6371
51 51 4.69016 -1.16333
51 52 1.11641 2.86523
51 53 0.149088 1.35063
51 54 0.895451 1.08949
51 55 2.06643 1.78403
51 56 -1.46208 -1.71299
51 57 1.77662 -0.461186
51 58 3.1191 0.610332
51 59 0.64931 -0.225434
51 60 0.139048 1.18241
51 61 -0.341756 2.78433
51 62 -0.141483 0.793075
51 63 0.973861 0.86029
51 64 0.141705 0.293525
51 65 0.564044 0.805919
51 66 0.474319 -0.640555
52 33 2.82141 -0.223738
52 34 7.4932 -1.42232
52 35 2.16567 0.605933
52 36 2.17159 1.22371
52 37 1.96689 -1.09788
52 38 6.11243 -1.47973
52 39 6.54867 1.50795
52 40 4.7284 -1.01398
52 41 1.88633 1.96008
52 42 0.868407 6.21477
52 43 1.05083 -3.84145
52 44 4.83319 -4.67243
52 45 2.93928 -0.704971
52 46 10.2513 -1.12333
52 47 1.51693 4.61997
52 48 3.07315 0.724677
52 49 0.887955 7.06617
52 50 3.35854 2.4302
52 51 0.44238 0.674084
52 52 2.85476 3.24008
52 53 2.70122 3.36971
52 54 1.25794 4.31111
52 55 4.9373 1.26833
52 56 0.52287 -0.849879
52 57 1.45138 -1.17881
52 58 1.52448 1.58877
52 59 -1.16544 0.694588
52 60 -0.572559 0.652175
52 61 1.00399 -0.666468
52 62 0.179503 -0.0470563
52 63 0.422578 0.565251
52 64 0.268372 -1.0798
52 65 0.0471567 -0.0345125
52 66 -1.2395 -0.0202855
53 33 3.14306 0.775929
53 34 1.64917 -6.53164
53 35 -0.910155 -0.218208
53 36 3.19368 -0.0304578
53 37 0.962126 -1.18538
53 38 1.00179 -4.29606
53 39 6.15646 0.517946
53 40 5.55937 -0.686463
53 41 8.16258 1.86994
53 42 7.8204 -0.350594
53 43 2.04981 -3.33271
53 44 -0.554485 -1.0391
53 45 5.17777 -2.20064
53 46 1.21053 2.97249
53 47 4.01461 -2.20333
53 48 7.54455 2.85481
53 49 3.23697 -1.04064
53 50 4.33298 0.0895143
53 51 0.892237 2.21847
53 52 2.56823 5.98479
53 53 3.67388 -1.57822
53 54 -1.08672 1.87993
53 55 -0.464484 -0.925949
53 56 0.759581 -0.784977
53 57 -0.537674 -0.776769
53 58 1.39347 1.68508
53 59 -0.627713 0.535732
53 60 0.9145 -0.0651626
53 61 -2.21908 0.505513
53 62 -1.73269 -0.814979
53 63 -0.234459 0.382376
53 64 1.06423 0.176663
53 65 0.543896 -0.36188
53 66 -0.268471 0.169091
54 33 0.0846202 0.639793
54 34 4.94242 -0.63133
54 35 0.0774855 -1.50479
54 36 3.86958 -2.16075
54 37 3.87417 -1.78844
54 38 2.14922 1.36167
54 39 0.0259684 -2.02095
54 40 11.4082 -2.00165
54 41 -0.543943 2.11261
54 42 0.632843 1.84197
54 43 -3.06747 -0.214824
54 44 2.65741 -2.99373
54 45 -1.43835 -0.454355
54 46 -1.2151 1.10871
54 47 4.93886 1.70176
54 48 7.66568 -0.81679
54 49 4.56813 -2.44325
54 50 0.889715 0.990684
54 51 4.47083 0.762457
54 52 -0.164961 3.25832
54 53 2.64888 0.0621666
54 54 -1.57538 0.827716
54 55 4.26007 2.27829
54 56 -0.780436 -0.0347864
54 57 -0.997911 -0.0803282
54 58 1.07021 2.96629
54 59 0.950579 1.14154
54 60 -0.576991 1.5127
54 61 -0.130155 0.854226
54 62 -0.252021 -0.0884844
54 63 0.0787317 0.626771
54 64 -1.25454 -0.96562
54 65 -0.686939 0.672207
54 66 -0.530478 0.0901475
55 33 3.96454 0.791498
55 34 2.50761 -0.504846
55 35 3.9428 -0.350766
55 36 0.33508 0.0014846
55 37 0.922515 -3.30147
55 38 6.03027 0.997907
55 39 6.94723 -3.06512
55 40 -1.20015 -4.19195
55 41 -0.626761 -2.59768
55 42 6.6538 0.713524
55 43 12.1031 1.32739
55 44 3.93703 -0.970638
55 45 5.14148 1.27604
55 46 0.970712 0.727134
55 47 3.65887 4.63932
55 48 4.8798 -0.462754
55 49 2.11452 2.81061
55 50 2.96911 -0.514311
55 51 1.52915 -2.99239
55 52 3.94948 0.507485
55 53 0.624993 2.77449
55 54 2.24655 0.585379
55 55 -0.93253 -2.71797
55 56 1.60091 0.0321877
55 57 -1.34854 1.75761
55 58 0.93449 2.08678
55 59 -1.56479 -0.0616084
55 60 1.13162 0.545155
55 61 1.16413 0.0564316
55 62 1.23154 -0.451057
55 63 0.269807 -0.486264
55 64 1.91984 -0.612661
55 65 0.276871 0.309378
55 66 -0.146631 0.052458
56 33 2.949 -0.774746
56 34 -2.56297 -1.88831
56 35 1.68725 1.32877
56 36 2.78447 0.578483
56 37 11.2548 -1.39432
56 38 4.27514 -3.05128
56 39 2.14723 0.525784
56 40 4.38217 -0.298824
56 41 0.424548 2.28998
56 42 5.90748 -0.804104
56 43 5.05914 1.67443
56 44 1.10088 -3.07325
56 45 0.30012 0.0873429
56 46 0.291868 3.00309
56 47 0.64942 3.44158
56 48 3.41967 -2.38773
56 49 0.876411 0.696958
56 50 -3.46932 1.22111
56 51 2.70222 0.622889
56 52 1.00463 0.820715
56 53 3.60746 1.46169
56 54 3.86158 -0.243736
56 55 -0.0657961 0.059562
56 56 3.08148 0.738438
56 57 0.36451 -0.512543
56 58 0.674518 0.0839986
56 59 -2.35651 -1.31898
56 60 -0.768204 -0.396644
56 61 1.0408 -1.08733
56 62 1.18191 0.808631
56 63 0.52881 -1.5737
56 64 -0.269838 0.651305
56 65 0.779392 -0.709295
56 66 0.333252 0.133625
57 33 0.883063 -0.308961
57 34 3.43834 -0.808249
57 35 5.00943 1.37453
57 36 -2.69763 4.33323
57 37 -0.42913 -4.93382
57 38 -0.305233 2.1454
57 39 5.32514 2.34774
57 40 10.5851 -1.74542
57 41 -2.49442 1.53723
57 42 5.83398 -3.7481
57 43 7.09144 -6.7176
57 44 6.25787 -0.667398
57 45 4.6466 -1.54634
57 46 6.38251 4.2679
57 47 6.31081 -2.82433
57 48 3.69071 3.09195
57 49 3.59961 1.14435
57 50 1.3192 0.582367
57 51 -2.80936 -0.361311
57 52 7.48274 2.56674
57 53 1.9048 2.40405
57 54 1.80472 2.77033
57 55 2.45589 2.9326
57 56 -1.92156 3.15653
57 57 0.443253 0.244061
57 58 -0.463571 -0.394164
57 59 1.42086 -1.39564
57 60 -0.599957 -0.0108797
57 61 0.431234 0.0530952
57 62 -1.13732 1.19938
57 63 0.836781 -0.52677
57 64 -0.603188 0.701574
57 65 0.34807 0.460568
57 66 0.258311 1.13017
58 33 1.8329 -0.245695
58 34 2.33901 3.91177
58 35 5.17126 1.68697
58 36 2.69846 -2.35285
58 37 0.13571 -2.36054
58 38 4.78278 -3.40078
58 39 5.62589 3.87335
58 40 0.658896 -2.22384
58 41 -4.79835 1.32948
58 42 -1.00535 -0.672108
58 43 3.25918 -4.60666
58 44 3.54497 0.322905
58 45 5.97292 -0.669378
58 46 -0.469493 1.07986
58 47 2.58182 -3.2913
58 48 3.91759 -0.0288102
58 49 2.09158 0.373977
58 50 -2.99548 -2.29871
58 51 4.20446 -0.763865
58 52 0.312207 -1.83685
58 53 6.08811 0.444468
58 54 -2.49359 4.12378
58 55 1.88791 -1.99351
58 56 -0.557533 -0.525657
58 57 -0.802825 -1.28457
58 58 2.18413 0.047693
58 59 -0.545991 0.0889044
58 60 -1.30538 0.447098
58 61 3.5767 0.318635
58 62 0.156052 0.171446
58 63 1.3326 1.3604
58 64 0.762096 1.18622
58 65 -0.470226 -0.208476
58 66 0.728484 -0.0832622
59 33 1.57825 -0.973755
59 34 -4.49445 -3.66877
59 35 2.12266 -1.62907
59 36 3.88737 -1.10143
59 37 4.22171 -2.05503
59 38 2.41359 1.61555
59 39 3.34105 2.50873
59 40 1.22202 -2.61
59 41 3.83333 2.41282
59 42 3.64078 -2.82151
59 43 3.72669 -1.58035
59 44 4.92818 1.71743
59 45 0.257144 -1.91302
59 46 0.356182 1.52802
59 47 4.87645 -0.38346
59 48 3.49802 -0.312987
59 49 1.87366 -1.9165
59 50 3.03451 1.9103
59 51 2.55124 4.64884
59 52 -1.04759 1.00425
59 53 1.95823 -1.56752
59 54 0.118438 3.73643
59 55 0.724864 -1.21832
59 56 0.304018 -1.93498
59 57 -0.730805 0.527277
59 58 1.18583 2.48191
59 59 1.09557 -0.648016
59 60 1.28011 3.28326
59 61 -0.694602 0.164846
59 62 1.00627 1.34577
59 63 -0.522532 -0.33359
59 64 0.562066 0.655815
59 65 -1.69754 0.993961
59 66 -0.646664 0.00513366
60 33 2.56728 -0.648781
60 34 -0.61242 0.786899
60 35 -0.517131 -1.54541
60 36 8.03878 -2.60175
60 37 4.59689 2.12479
60 38 -1.54225 2.38967
60 39 2.76731 -3.45835
60 40 1.21388 0.192641
60 41 3.14047 4.20674
60 42 4.43209 2.98373
60 43 10.5419 0.250251
60 44 -0.413742 4.07888
60 45 0.603196 -0.850372
60 46 4.20591 -3.13399
60 47 3.86613 -0.330542
60 48 1.60988 0.0626242
60 49 4.70345 -0.692348
60 50 4.44366 -1.91831
60 51 1.76623 -2.64309
60 52 3.54675 1.19036
60 53 3.80908 -1.11019
60 54 0.308541 2.08703
60 55 2.64882 0.79662
60 56 -1.63431 -0.55158
60 57 -1.74264 0.52721
60 58 -2.3308 2.5829
60 59 -1.11293 0.578869
60 60 -1.16578 0.180896
60 61 0.35414 0.378442
60 62 2.6163 -0.0390041
60 63 -0.126001 0.128335
60 64 -0.952334 0.169124
60 65 -0.600406 1.46935
61 33 1.96393 -2.70459
61 34 1.90255 2.09123
61 35 9.41883 -0.31401
61 36 -1.73963 -1.0361
61 37 2.32627 -2.76323
61 38 6.16889 1.28601
61 39 1.1348 -2.48182
61 40 2.31889 -0.0819695
61 41 4.68906 0.254203
61 42 -1.09636 -2.07223
61 43 5.27376 0.114055
61 44 1.87659 1.95375
61 45 3.1629 0.279263
61 46 1.58875 1.87669
61 47 -2.46944 4.54965
61 48 2.3162 1.42081
61 49 1.25656 -4.60611
61 50 3.43409 3.398
61 51 -1.07698 0.706924
61 52 -2.23673 -0.443821
61 53 -1.97562 2.20339
61 54 0.645232 1.46324
61 55 0.755794 0.678935
61 56 0.50448 1.76537
61 57 -0.448101 -0.484775
61 58 1.54915 -0.313285
61 59 0.134072 0.550841
61 60 1.10945 1.68266
61 61 0.218577 0.952577
61 62 -1.7476 2.19531
61 63 0.0182003 0.144949
61 64 -0.110748 -0.141841
61 65 -0.721014 -0.553422
61 66 0.0893197 0.72799
62 33 3.82931 -0.394587
62 34 -2.67994 0.467382
62 35 6.31532 -3.4266
62 36 4.94092 -2.5984
62 37 0.769062 -1.10781
62 38 5.54412 -1.15535
62 39 2.73176 2.89749
62 40 5.21564 0.279095
62 41 -0.538039 -1.51358
62 42 7.54126 1.29397
62 43 9.39384 0.573369
62 44 6.42037 1.02276
62 45 4.43892 0.559385
62 46 0.73206 -1.33029
62 47 2.8256 1.69452
62 48 0.223037 -2.384
62 49 3.34811 3.05272
62 50 5.04637 2.19667
62 51 1.3007 2.04476
62 52 3.14392 -0.205814
62 53 -0.341318 -0.959813
62 54 0.798709 -0.125299
62 55 -2.23828 0.972736
62 56 0.588642 1.2718
62 57 0.251948 0.141487
62 58 2.58539 1.44758
62 59 -1.56214 0.320338
62 60 -0.793036 2.2479
62 61 -0.220965 -0.680321
62 62 -0.626518 1.12221
62 63 -0.181823 0.986975
62 64 -0.253006 -0.412286
62 65 0.738784 0.141653
63 33 2.22028 -3.23573
63 34 -2.48142 -0.701733
63 35 4.20292 -1.05207
63 36 5.5358 -1.48076
63 37 4.95186 0.423297
63 38 2.87822 2.98701
63 39 3.9125 -1.50967
63 40 3.2684 1.71189
63 41 1.70079 0.343721
63 42 -2.09354 -0.109109
63 43 3.74044 1.29646
63 44 3.82751 -1.07359
63 45 3.8423 -1.53224
63 46 1.7694 0.560962
63 47 6.2526 4.20065
63 48 3.63779 -1.26144
63 49 2.02004 1.12697
63 50 2.60186 2.74878
63 51 -0.672328 0.156451
63 52 -2.38298 4.17324
63 53 3.15893 0.753493
63 54 0.875117 0.982549
63 55 -0.438395 0.0957166
63 56 2.65773 -0.103751
63 57 1.11108 1.23401
63 58 3.34554 -0.686157
63 59 1.77113 -0.199137
63 60 -0.057028 -0.00480631
63 61 0.53989 0.251802
63 62 -0.0528028 -0.255341
63 63 1.22511 1.00679
63 64 0.107306 0.488644
63 65 2.36543 -1.00916
64 33 0.479699 -0.73155
64 34 2.36695 1.848
64 35 5.37083 -3.94282
64 36 6.64494 -1.49722
64 37 6.14807 -3.22786
64 38 4.38848 0.124921
64 39 4.96571 -2.4394
64 40 -0.899697 0.587892
64 41 2.79259 -1.86486
64 42 0.691871 -1.53548
64 43 0.966702 2.20108
64 44 5.7212 3.57261
64 45 2.39557 0.274942
64 46 5.07549 5.36021
64 47 7.27044 -0.080202
64 48 0.82589 -1.0994
64 49 2.27689 1.30012
64 50 -0.418662 1.0744
64 51 2.20884 0.920219
64 52 3.37793 1.74111
64 53 4.15387 -0.0849544
64 54 2.86473 1.37673
64 55 1.36255 -0.0783054
64 56 3.19423 0.078294
64 57 1.51508 0.4429
64 58 0.91657 1.28332
64 59 2.88491 1.25653
64 60 0.702199 1.95094
64 61 1.58247 -0.0515479
64 62 0.314021 0.651039
64 63 0.0397504 0.00179018
64 64 0.878576 0.632313
64 65 0.956944 -0.856778
64 66 0.0380713 0.0247279
65 33 0.834736 -0.690218
65 34 1.21218 0.238448
65 35 4.36509 2.22642
65 36 2.44578 -0.913842
65 37 6.72378 -1.84034
65 38 5.10763 -1.57256
65 39 6.28228 -2.03596
65 40 5.70026 -3.19314
65 41 4.60922 -1.20656
65 42 4.65559 2.16783
65 43 4.08254 -1.57961
65 44 6.14973 3.65021
65 45 4.02822 0.00377876
65 46 3.38647 3.8557
65 47 4.03731 -0.200114
65 48 3.60369 -1.58797
65 49 5.6917 0.158798
65 50 2.64715 0.649813
65 51 4.39207 2.15278
65 52 3.80016 0.0689663
65 53 1.21874 -3.14354
65 54 2.22214 1.16481
65 55 1.84701 0.674374
65 56 -0.217813 1.38718
65 57 0.785162 1.63166
65 58 -0.423049 1.1642
65 59 0.907977 1.52615
65 60 0.88908 -0.123522
65 61 0.841179 1.02415
65 62 -0.555441 -0.515828
65 63 -0.433445 1.00388
65 64 0.455065 0.839385
65 65 -1.02763 0.00364531
65 66 -0.137699 -0.00913933
66 33 3.14947 -2.11956
66 34 3.40076 -0.735633
66 35 9.19266 -4.54445
66 36 2.31546 1.22835
66 37 5.50665 1.99473
66 38 3.98552 -0.246071
66 39 5.00962 -2.59411
66 40 7.46674 -0.767406
66 41 3.76575 0.868499
66 42 8.78535 -0.646395
66 43 3.58308 -1.50499
66 44 6.82263 1.66924
66 45 7.01782 0.159643
66 46 2.48661 0.611672
66 47 4.47515 2.68317
66 48 3.90872 2.69414
66 49 6.19993 -0.305473
66 50 2.83791 0.294658
66 51 3.56191 2.33565
66 52 3.99639 -0.409872
66 53 2.0074 -0.291524
66 54 3.38362 0.764232
66 55 1.9832 0.820237
66 56 2.15739 1.31968
66 57 -0.458232 0.13788
66 58 0.648545 1.02015
66 59 3.04772 0.462245
66 60 0.462914 0.404607
66 61 0.420761 0.383369
66 62 0.0668427 -0.177159
66 63 -0.440839 0.963274
66 64 0.787389 0.739809
66 65 -0.169325 0.332085
