0 33 -1.86415 4.02809
0 34 -3.64494 1.16611
0 35 1.02121 0.700353
0 36 2.9282 2.16184
0 37 0.463167 0.141735
0 38 -3.6867 0.23229
0 39 -0.335857 0.231146
0 40 -1.27922 2.26149
0 41 -2.32192 -0.114594
0 42 -1.84386 0.0498795
0 43 0.177388 0.0930132
0 44 -0.101605 -0.0207638
0 46 0.992277 0.0123758
0 48 0.112401 0.784618
0 54 0.224372 0.0598404
0 55 0.0183635 -0.00397827
1 33 -1.43535 9.51285
1 34 10.2527 3.78735
1 35 -1.87217 8.35784
1 36 0.644454 1.07449
1 37 -1.43252 2.46168
1 38 4.56685 3.16163
1 39 1.02799 3.24831
1 40 1.94731 3.40838
1 41 -1.7342 -0.416138
1 42 1.6273 1.30613
1 43 -0.140236 1.68519
1 44 0.192121 1.31161
1 45 0.061433 -0.0446996
1 46 -0.506321 -0.154738
1 47 0.00117233 -0.000254207
1 48 -0.266607 0.775263
1 54 0.200568 -0.0300044
1 61 -0.332154 -0.404472
2 33 -0.760518 14.8652
2 34 4.4659 4.51617
2 35 2.34737 7.53197
2 36 -2.21325 7.51662
2 37 6.1889 5.3714
2 38 7.63261 10.0683
2 39 -1.6252 5.44981
2 40 -1.44768 1.96025
2 41 4.43933 2.22903
2 42 1.58234 -1.52769
2 43 -3.5035 -0.548004
2 44 0.00801046 1.33127
2 45 -0.173848 0.0591139
2 46 -0.289627 -0.480303
2 47 0.157649 0.174716
2 48 0.34237 0.18244
2 49 0.260875 0.0290728
2 50 -0.000738612 -0.000578994
2 56 -0.0790661 -0.00586906
3 33 -9.31711 28.3978
3 34 7.90207 3.37079
3 35 3.94848 6.72871
3 36 2.07511 10.3499
3 37 0.440224 15.2007
3 38 -9.18744 3.31741
3 39 -8.91711 7.63844
3 40 4.08446 11.5198
3 41 4.84979 4.47709
3 42 -3.58385 6.5976
3 43 -3.71609 1.8334
3 44 -2.55983 2.80463
3 45 -0.132188 0.366145
3 46 -0.716879 0.712134
3 47 0.476941 0.206586
3 48 -0.270612 0.803788
3 49 0.164244 0.230988
3 50 -1.19603 -0.203238
3 52 -0.275917 0.347367
3 53 -1.07699 -0.577777
3 60 -1.10601 2.16842
3 64 0.0186291 -0.0405229
4 33 -6.26866 32.6527
4 34 -0.574412 12.7427
4 35 -1.68034 7.99111
4 36 -0.945301 19.5173
4 37 4.12549 11.7582
4 38 -1.58568 5.43151
4 39 -7.34938 10.1881
4 40 0.535627 11.5945
4 41 -1.98908 2.60013
4 42 3.92997 0.604965
4 43 1.63159 -0.797621
4 44 1.86616 -0.337645
4 45 -1.47229 1.90959
4 46 -0.406974 -0.027478
4 47 0.250919 0.459733
4 48 1.06744 -0.205925
4 49 0.0281753 -0.00828139
4 50 -0.0950903 -0.057539
4 51 -0.242715 -0.318521
4 52 0.0639818 -0.124283
4 53 -1.10899 0.492009
4 54 0.396667 0.456687
4 59 0.121852 -0.298468
4 60 -0.795283 -0.170375
4 66 0.00318193 -0.330189
5 33 -8.93989 28.2901
5 34 -2.55291 10.0402
5 35 3.14138 8.63547
5 36 3.1658 6.09718
5 37 -3.38213 17.59
5 38 1.24076 10.3446
5 39 4.64689 8.45089
5 40 8.68153 10.1043
5 41 6.28462 1.61584
5 42 -0.848952 4.53473
5 43 3.18333 1.2144
5 44 -0.212934 0.544318
5 45 0.703346 -0.994428
5 46 -0.490711 0.209024
5 47 -0.132515 0.0541299
5 48 0.0007019 0.0208303
5 49 -0.411548 0.347888
5 50 -0.309274 -0.32337
5 52 -1.14788 -0.143732
5 53 -0.157514 -0.0406518
5 54 0.0180963 0.0181517
5 55 0.386249 0.183937
5 57 -0.0146153 0.0180357
5 59 0.203184 -0.038864
5 61 1.41487 0.293275
5 64 -0.726929 1.33855
5 65 0.0472021 0.00608265
6 33 0.77326 30.1071
6 34 2.087 23.9827
6 35 20.1335 14.0404
6 36 3.48118 13.2348
6 37 -6.95939 4.42919
6 38 -1.27824 10.0856
6 39 -9.32171 10.6678
6 40 5.52343 5.80384
6 41 -3.50775 -2.22929
6 42 -3.11318 0.858768
6 43 4.24727 3.7861
6 44 1.98722 0.466218
6 45 0.434673 -0.494782
6 46 1.31089 0.882546
6 47 -0.714913 0.101635
6 48 -0.402147 -0.0991111
6 49 0.130677 -1.66781
6 50 0.650856 0.434028
6 51 -0.50876 0.281425
6 52 -0.342542 0.420681
6 54 0.01641 -0.00717743
6 56 0.756608 -0.0947123
6 57 -1.32945 -0.137629
6 61 -0.214053 -0.607199
6 64 -0.144726 -0.0433089
7 33 5.49855 37.1726
7 34 1.35149 14.3518
7 35 -5.27169 10.5775
7 36 7.03614 15.9795
7 37 -1.97376 11.2036
7 38 7.17923 14.4942
7 39 8.5096 15.4971
7 40 -1.40544 9.07326
7 41 -2.07346 8.24952
7 42 5.11928 3.64974
7 43 2.28933 0.498014
7 44 0.453659 4.20948
7 45 2.38681 -1.51052
7 46 -0.449707 0.12753
7 47 1.49938 -0.993968
7 48 1.56237 0.480287
7 49 0.581189 0.405345
7 50 0.127778 0.387877
7 52 -0.11274 0.127996
7 53 1.2653 1.98938
7 54 1.2221 0.513205
7 55 1.41561 -0.256818
7 56 0.310694 -0.352374
7 58 -0.728962 -0.527288
7 60 0.683265 -0.534613
7 61 -0.0753559 0.237929
7 62 0.704788 -0.431884
7 65 0.624745 -0.260862
8 33 2.76847 21.7356
8 34 1.33178 12.9509
8 35 4.2465 17.1048
8 36 -3.48461 18.995
8 37 11.8383 11.2299
8 38 7.20802 4.23289
8 39 3.29822 8.99945
8 40 10.4971 8.81569
8 41 10.6156 1.26388
8 42 4.01811 2.89065
8 43 -0.966155 3.55132
8 44 0.972687 3.42196
8 45 2.4741 3.74374
8 46 -1.92994 -0.0923668
8 47 -0.0223008 -0.451185
8 48 0.98906 0.377937
8 49 -1.12943 -0.486918
8 50 0.0548429 -0.780817
8 51 -0.0149041 0.0227048
8 52 0.568635 0.194661
8 53 0.112958 0.0266684
8 54 0.0142921 -0.866817
8 55 1.67894 -0.404126
8 57 -0.00471998 -0.128644
8 58 0.0621913 0.0330065
8 59 -0.361552 0.640162
8 60 -0.879368 0.528678
8 61 0.210001 1.05457
8 63 0.586432 0.172266
8 64 -0.253193 0.253251
9 33 -7.07436 28.0847
9 34 2.13082 10.7915
9 35 7.71482 7.02908
9 36 13.2724 29.2634
9 37 8.38422 12.8545
9 38 17.582 3.00039
9 39 6.72835 13.9334
9 40 -1.71636 1.84702
9 41 9.81951 1.22161
9 42 0.862525 -0.425202
9 43 1.66385 2.27669
9 44 -1.06973 3.07444
9 45 -0.844419 0.828952
9 46 -0.202793 -1.32932
9 47 1.84756 0.571317
9 48 -0.724365 -0.232418
9 49 0.427831 -0.230728
9 50 -0.059884 0.028425
9 51 -0.337824 -0.269569
9 52 -0.466573 1.38439
9 53 -0.612374 0.145845
9 54 0.682691 0.317513
9 55 1.01472 1.66187
9 57 -0.153625 -0.197608
9 58 0.122222 -0.0614029
9 59 0.422949 0.157768
9 60 0.136855 -0.0303431
9 65 0.0726089 0.0600994
9 66 -0.0112157 0.0173847
10 33 -0.324022 21.9389
10 34 3.24094 8.71124
10 35 4.7261 5.04085
10 36 4.15577 4.25223
10 37 -5.33889 10.753
10 38 5.27738 7.80279
10 39 7.39232 6.13534
10 40 4.62751 11.7631
10 41 6.23647 -0.6535
10 42 13.7955 -0.883474
10 43 0.706482 -0.0337642
10 44 2.96467 2.07849
10 45 -1.78353 0.277298
10 46 1.99413 1.36397
10 47 0.718541 1.00051
10 48 0.956977 -0.253155
10 49 0.795349 -0.552378
10 50 -0.87566 -0.35387
10 51 0.228518 -0.239083
10 52 0.0117477 -0.0859443
10 53 -0.853403 0.354287
10 57 -0.00411234 0.00217575
10 59 0.480562 1.32145
10 60 0.272437 0.32799
10 61 -0.063043 0.127789
10 62 -0.215307 0.15754
10 65 0.697375 0.0929234
11 33 2.63545 14.1414
11 34 9.07708 11.567
11 35 0.413601 10.6796
11 36 8.20943 7.62371
11 37 1.43508 10.5446
11 38 5.36237 10.6792
11 39 0.715139 5.90539
11 40 4.54244 -2.8923
11 41 8.25605 2.61987
11 42 13.7627 5.75568
11 43 0.503604 0.876771
11 44 -0.807792 1.2064
11 45 0.0411653 2.38879
11 46 0.754673 -0.340335
11 47 -1.65259 -1.0373
11 48 -0.953494 1.54464
11 49 -0.395857 1.64616
11 50 -1.63195 0.182388
11 51 0.347524 0.680349
11 52 -0.0982715 0.0163178
11 53 0.00549341 0.361849
11 54 0.410056 0.998541
11 55 -0.328281 0.0107541
11 56 -0.224139 0.288592
11 58 0.570143 -0.154151
11 59 0.183751 -0.116719
11 61 0.551473 -0.635478
11 63 -1.27102 -0.548647
12 33 12.7877 16.1261
12 34 3.06355 -0.988717
12 35 14.3302 3.50272
12 36 4.52434 5.08839
12 37 17.6424 1.88745
12 38 3.93705 2.77804
12 39 -1.28113 0.593971
12 40 10.2573 -0.413102
12 41 10.0693 8.2846
12 42 9.55884 0.709558
12 43 5.82231 2.15686
12 44 0.227907 1.19129
12 45 2.52887 5.28472
12 46 1.85656 -0.654815
12 47 -0.428823 0.753326
12 48 0.770502 0.605925
12 49 -0.471185 0.701897
12 50 -0.418916 -0.835165
12 51 -0.524392 0.326294
12 52 0.343061 0.140306
12 53 -0.405576 0.20271
12 54 0.00437438 -0.0343412
12 55 -0.34878 -0.255494
12 56 0.382177 -0.154973
12 57 0.313908 0.575313
12 58 -0.220649 -0.0116909
12 59 0.791493 0.236994
12 60 -0.653929 -0.192888
12 62 -0.842864 -0.567499
12 63 -0.176411 -0.0527823
12 64 0.00624002 0.00322162
13 33 6.81446 14.397
13 34 1.1448 10.0902
13 35 7.07656 -1.73253
13 36 3.40013 10.6806
13 37 15.8623 10.3936
13 38 2.07195 6.52801
13 39 8.48248 12.4943
13 40 4.40499 9.5442
13 41 -5.35706 9.38075
13 42 3.83496 2.48966
13 43 4.0958 3.95168
13 44 -3.95768 5.84948
13 45 0.173838 -0.0626191
13 46 -0.426534 1.88937
13 47 0.843104 1.08733
13 48 2.1382 1.05855
13 49 -1.43416 0.278198
13 50 0.0187059 0.225061
13 51 -0.00917318 0.584182
13 52 -0.362676 0.451258
13 53 0.279757 0.102737
13 54 -0.319486 -0.181749
13 55 0.171565 -0.011945
13 56 0.617377 0.171867
13 57 -0.0139999 -0.00916786
13 58 0.218208 1.13435
13 59 -0.0855257 -0.0629584
13 60 -0.835745 -0.090895
13 62 0.731628 0.235672
13 63 -0.418417 0.0326319
13 65 -0.0362997 0.0278737
14 33 4.05102 9.18569
14 34 1.86479 5.72262
14 35 8.74229 -4.17361
14 36 10.3913 5.88169
14 37 3.28855 5.6997
14 38 24.4113 7.48919
14 39 11.9229 3.80077
14 40 4.89203 0.0276369
14 41 7.86209 2.38051
14 42 3.00031 3.70298
14 43 -1.14959 4.2731
14 44 3.82738 2.12302
14 45 1.93775 0.0791049
14 46 4.82232 1.56278
14 47 0.344399 1.22144
14 48 -1.65252 0.0802759
14 49 -0.0672292 1.43875
14 50 -0.946302 -0.88694
14 51 1.19128 0.556617
14 52 -0.217203 0.0615702
14 53 -0.0936769 -0.199567
14 54 0.394053 -0.0260608
14 55 0.191823 0.0211377
14 56 0.191553 0.0163542
14 57 0.289099 0.0884094
14 58 0.340371 0.248363
14 60 0.147997 0.0866764
14 61 -0.285505 0.032794
14 62 0.233259 0.211638
14 66 0.156491 -0.0102288
15 33 3.84317 11.3334
15 34 3.63643 2.18911
15 35 3.05038 -1.19131
15 36 9.44237 2.49643
15 37 -5.49846 7.35368
15 38 4.22309 -2.21265
15 39 5.48953 7.62842
15 40 9.89092 5.1736
15 41 4.73615 2.28067
15 42 6.89356 0.957061
15 43 -1.11511 3.76677
15 44 5.6818 2.55
15 45 -0.732343 0.762371
15 46 2.8694 -1.10192
15 47 -0.431308 0.891753
15 48 -1.32717 1.95941
15 49 -0.0104216 -0.937095
15 50 -0.0360137 0.034123
15 51 0.654297 1.79617
15 52 -0.527866 0.379417
15 53 -1.05657 0.745437
15 54 0.387949 0.360136
15 55 -0.678697 -0.360362
15 57 -0.870385 0.410039
15 58 0.0680619 -0.00951039
15 61 0.0486041 -0.0158242
15 62 0.243929 0.106774
15 64 0.304522 0.758968
15 65 -0.0778279 -0.0872081
16 33 10.2637 6.57178
16 34 2.36202 6.49303
16 35 1.3904 7.10667
16 36 -1.33328 4.68546
16 37 10.3588 1.48899
16 38 4.51764 -2.21226
16 39 1.84883 -5.9955
16 40 16.3495 4.85176
16 41 5.31921 -1.63479
16 42 7.51082 -1.92323
16 43 0.681548 1.40379
16 44 -0.405542 0.907083
16 45 -5.93038 1.32894
16 46 -0.351314 0.416733
16 47 -2.65036 1.30953
16 48 2.10504 0.748594
16 49 -0.559564 1.18879
16 50 -0.0996288 0.0414213
16 51 1.23487 0.785855
16 52 0.350632 0.00415634
16 53 0.133059 -0.104152
16 54 0.211902 0.136237
16 55 -0.84895 0.130258
16 56 0.0964574 0.389046
16 57 -1.93362 0.829832
16 59 0.375058 0.430999
16 60 0.426653 0.232818
16 61 0.622244 -0.173048
16 64 0.837521 0.770359
16 65 0.13058 0.746772
17 33 7.25768 4.36176
17 34 8.28232 2.62957
17 35 4.59216 -2.11458
17 36 1.867 0.282829
17 37 4.20612 0.312201
17 38 8.22702 0.191449
17 39 0.861225 0.858496
17 40 5.99854 -2.04007
17 41 2.85736 1.28285
17 42 -5.18912 3.8715
17 43 4.45249 6.13018
17 44 0.895785 1.00417
17 45 1.41585 4.64144
17 46 -2.69787 0.245628
17 47 -4.16136 -0.519907
17 48 0.933565 -0.470436
17 49 -0.585887 0.45486
17 50 0.995137 1.68076
17 51 0.791261 1.90735
17 52 -1.27596 -0.0985318
17 53 1.11262 0.495976
17 54 2.43805 0.672057
17 56 0.555942 -0.212096
17 57 -0.0291498 0.0331135
17 58 -0.038427 0.00767351
17 59 -0.22438 0.172798
17 60 -0.463206 0.673608
17 61 -0.610488 0.0141661
17 62 1.82933 -0.864387
17 63 -0.0346664 0.0184943
17 64 -0.0244703 0.621392
17 65 0.0259539 -0.0209396
18 33 4.92887 3.917
18 34 9.55132 4.83858
18 35 -2.91207 -2.16534
18 36 9.41332 3.01514
18 37 4.01017 -8.91254
18 38 -3.02019 2.29312
18 39 0.0359674 -1.7066
18 40 0.419279 -2.29929
18 41 7.33395 9.69552
18 42 -1.29024 3.82391
18 43 6.90402 3.17443
18 44 -2.83481 3.75873
18 45 1.63729 1.19876
18 46 0.364388 1.11582
18 47 0.935253 -0.747678
18 48 -0.757653 -0.232119
18 49 -0.79208 -0.597528
18 50 -0.87334 0.00601093
18 51 0.82986 -0.823998
18 52 -0.501682 -0.251853
18 53 -0.545532 -0.0605197
18 54 -0.128819 -0.163261
18 55 -0.480957 -0.110268
18 56 1.99067 1.16069
18 57 -0.166896 0.540063
18 58 0.704985 0.534198
18 59 0.0864234 -0.0172035
18 60 0.535458 0.633773
18 61 0.428259 -0.0700784
18 62 0.194639 -0.612845
18 63 -0.198089 -0.000501093
18 64 0.234323 0.348253
19 33 3.98202 -2.89333
19 34 -3.60533 -0.869893
19 35 9.49798 0.091264
19 36 10.3419 0.0334829
19 37 0.219894 5.97478
19 38 7.88194 -2.70493
19 39 6.19685 -0.856258
19 40 2.49287 2.66048
19 41 13.7993 10.8873
19 42 8.21256 2.86129
19 43 1.26828 1.28423
19 44 -0.254189 3.30975
19 45 0.05318 2.24511
19 46 2.26692 -0.809841
19 47 -0.733926 -0.0242513
19 48 -0.367893 1.07244
19 49 0.770766 0.647877
19 50 0.496095 1.18123
19 51 3.25229 -0.303983
19 52 0.382487 0.468174
19 53 0.541184 -0.804056
19 54 2.33041 -1.91454
19 55 -0.261493 0.09716
19 56 -0.0121159 -0.00395982
19 57 -0.788752 0.343496
19 58 0.958674 -1.56753
19 59 0.235222 0.773403
19 60 0.119255 -1.08382
19 63 -0.308498 0.11762
19 64 0.142717 0.126146
20 33 3.43878 0.637917
20 34 4.36129 0.47696
20 35 1.21605 1.03813
20 36 7.09128 2.78033
20 37 7.5421 0.898627
20 38 3.02968 -1.03409
20 39 13.8943 0.55756
20 40 2.83899 7.55074
20 41 6.65224 -2.3397
20 42 3.81676 3.24024
20 43 4.58141 3.92903
20 44 3.56456 -0.589794
20 45 -3.20338 2.6261
20 46 1.74491 0.324995
20 47 2.53659 1.45515
20 48 0.861871 1.06922
20 49 -0.0682756 0.300591
20 50 0.990915 -1.7248
20 51 -1.4007 -0.418204
20 52 0.925343 0.330008
20 53 1.95935 -0.226937
20 54 2.19346 0.87559
20 55 0.254149 -0.0102623
20 56 0.345475 -0.929955
20 57 0.704191 0.364692
20 58 -0.717314 0.528355
20 59 0.348298 -0.158345
20 60 -0.624172 0.391825
20 61 0.000411013 -0.000181453
20 63 -0.421899 -0.495563
20 64 -0.116039 0.14204
21 33 -1.65192 -2.65948
21 34 4.2388 2.12627
21 35 5.11272 -0.858144
21 36 12.9981 -0.510429
21 37 10.3598 -3.49337
21 38 10.8829 -4.18429
21 39 0.349589 0.62067
21 40 8.07174 3.52131
21 41 -3.21249 2.80704
21 42 0.253368 1.43709
21 43 6.07776 0.205887
21 44 1.17936 0.463777
21 45 2.03102 -0.141813
21 46 1.30193 -1.58713
21 47 -0.946566 3.03018
21 48 -0.361429 1.39853
21 49 0.542326 0.00376177
21 50 -1.35572 -0.122086
21 51 0.386579 0.668977
21 52 -0.501275 0.12832
21 53 0.768408 0.715654
21 54 0.45036 -0.17635
21 55 -0.316931 -0.168959
21 56 1.19403 -0.198663
21 57 -1.52646 0.425527
21 58 0.314242 0.200722
21 59 -1.22433 -0.0112251
21 60 0.736568 -0.429193
21 64 -0.276402 0.0384367
21 65 1.03457 0.249405
22 33 5.27439 -2.22005
22 34 9.47345 -3.47034
22 35 5.86534 -4.33592
22 36 3.91674 2.52915
22 37 6.33004 -6.21884
22 38 6.44517 2.88297
22 39 -3.5699 1.14176
22 40 7.04875 0.9232
22 41 1.8157 4.94999
22 42 -3.28254 5.5715
22 43 0.588595 4.51096
22 44 -2.73914 -0.41855
22 45 0.447936 2.1589
22 46 -1.30282 -0.588107
22 47 0.923541 1.31964
22 48 -2.09534 0.427603
22 49 0.48828 0.186585
22 50 0.1761 0.927713
22 51 1.5975 -0.646608
22 52 -1.13297 0.402031
22 53 -1.381 0.721786
22 54 0.383144 0.830751
22 55 0.473529 0.667836
22 56 0.0141553 -0.950174
22 57 0.684705 -0.156498
22 58 -0.537232 -0.385465
22 60 0.41584 -0.278858
22 61 -0.0184041 0.413245
22 62 -0.0200893 0.0335894
22 63 0.662548 0.838236
22 64 -0.0285019 0.10247
22 66 0.74738 -0.177622
23 33 5.76169 1.42125
23 34 7.03134 -0.362686
23 35 1.65776 -2.11695
23 36 5.38266 2.18181
23 37 7.11748 1.52233
23 38 11.4638 2.00829
23 39 -1.77847 6.24803
23 40 3.78977 5.79208
23 41 6.75985 -0.429934
23 42 3.66158 0.451795
23 43 -2.33258 -1.06412
23 44 2.5603 1.04268
23 45 -2.03889 0.822314
23 46 -3.74868 -1.68486
23 47 0.404399 0.719441
23 48 2.18018 1.2651
23 49 -0.835612 -0.645531
23 50 1.37588 0.606902
23 51 -1.14806 1.1952
23 52 -0.733693 -0.117993
23 53 -0.747958 0.00607648
23 54 0.810249 -0.101775
23 55 0.985905 0.419068
23 56 -0.140614 0.187522
23 57 0.274442 -0.156763
23 58 0.10788 0.319491
23 59 1.32406 0.337629
23 60 0.0471518 -0.019345
23 61 -0.300782 0.101211
23 62 -0.672559 0.0288042
23 63 -0.499315 -0.842521
23 65 -0.369148 -0.0315816
23 66 -0.908507 0.230703
24 33 3.48589 0.781517
24 34 3.86729 -3.60037
24 35 4.19534 0.883745
24 36 7.78709 2.7014
24 37 4.51729 2.74712
24 38 8.52792 -3.71832
24 39 9.30513 2.66504
24 40 9.5058 1.63721
24 41 8.09236 0.257424
24 42 8.62794 1.67392
24 43 4.10161 1.21104
24 44 4.66146 2.6849
24 45 -0.158349 6.34842
24 46 0.394287 -0.833231
24 47 -0.256855 1.17061
24 48 -0.949973 -0.168681
24 49 2.97056 0.0480176
24 50 -0.843541 -0.659835
24 51 0.52081 2.06898
24 52 1.15575 0.655083
24 53 -0.624192 0.166249
24 54 1.51703 0.969781
24 55 1.8779 0.287437
24 56 -0.435944 0.690047
24 57 0.140451 -0.0830048
24 58 -1.19394 0.958181
24 59 -0.137972 -0.270997
24 63 0.107878 0.313235
24 64 0.224806 -0.163218
24 66 -0.0540766 0.0721902
25 33 3.86556 0.324068
25 34 1.67059 1.08006
25 35 4.1091 -4.87897
25 36 6.4331 1.69763
25 37 3.52763 -2.99384
25 38 3.39968 1.93566
25 39 7.19077 2.84226
25 40 6.68488 3.32735
25 41 1.19572 0.840196
25 42 -4.01983 4.3574
25 43 0.829476 0.143715
25 44 1.33951 1.43292
25 45 3.28184 -2.88304
25 46 0.962391 1.67088
25 47 3.00052 0.989461
25 48 2.03335 1.29819
25 49 0.170432 0.468771
25 50 0.196785 -0.200533
25 51 1.05092 0.64439
25 52 -0.0410733 3.77133
25 53 0.315408 0.412839
25 54 -0.94865 0.691114
25 55 0.659236 0.16057
25 56 -1.42255 -0.377282
25 57 1.3086 0.373108
25 58 0.0171931 -0.0737401
25 59 0.117507 0.635374
25 61 0.63322 -0.494256
25 63 0.936761 -1.16625
26 33 1.52466 -1.43556
26 34 3.67288 -5.95087
26 35 10.1749 -2.55975
26 36 9.19958 -3.83195
26 37 9.16542 2.72025
26 38 12.2235 -3.11666
26 39 2.81511 -2.3235
26 40 5.10204 0.0433408
26 41 4.73274 -0.0380348
26 42 1.85948 3.27644
26 43 2.0703 2.26574
26 44 3.12678 2.58192
26 45 -1.88206 1.77246
26 46 0.866799 1.75007
26 47 -0.859552 1.78583
26 48 1.11603 1.46671
26 49 -0.400258 0.13975
26 50 1.15742 0.529923
26 51 0.42922 1.48163
26 52 -0.165412 1.11915
26 53 0.442269 -0.469405
26 54 0.234808 -0.478339
26 55 -0.957958 0.126211
26 56 0.767145 0.678579
26 57 0.0888901 0.00247312
26 58 0.0910898 0.0027905
26 59 -0.0643371 0.0443515
26 61 0.904697 0.112902
26 62 0.0488054 -0.281105
26 63 0.972378 1.80494
27 33 2.83098 1.29872
27 34 2.1165 -1.78944
27 35 2.81983 1.20983
27 36 -0.0375716 -4.77493
27 37 9.80972 1.47324
27 38 2.02542 -3.92045
27 39 6.77921 1.18262
27 40 0.34456 -4.73658
27 41 -1.07203 -2.88791
27 42 2.926 -0.918966
27 43 2.10912 2.4048
27 44 2.05083 3.41789
27 45 -0.0762132 2.53717
27 46 4.11241 0.363073
27 47 0.369179 3.35155
27 48 -0.433259 0.341008
27 49 1.1528 0.268717
27 50 4.00679 0.507995
27 51 -0.43613 -0.535798
27 52 -1.02953 0.640661
27 53 0.404644 -0.151275
27 54 -1.29869 0.815437
27 55 -0.445181 -0.729635
27 57 0.220399 -0.142362
27 58 0.106603 0.221955
27 59 -0.132293 0.0968483
27 60 -0.131925 0.0287365
27 61 -0.349143 -0.203263
27 62 1.02956 0.553756
27 63 0.274359 0.0965246
27 64 0.139987 -0.0380316
27 65 -0.0347494 0.0230242
27 66 0.478405 0.615481
28 33 3.39508 -1.64758
28 34 0.883054 5.72046
28 35 5.55113 -0.173441
28 36 1.08668 -4.20139
28 37 -8.94369 3.28803
28 38 5.93064 3.80855
28 39 4.64403 5.62975
28 40 11.0877 -1.41522
28 41 1.12556 3.41733
28 42 9.60205 -3.3657
28 43 3.22878 -1.87246
28 44 0.00539501 0.400625
28 45 -3.6082 0.762076
28 46 1.36588 -0.644646
28 47 0.399855 0.639294
28 48 -0.644117 1.55086
28 49 2.85398 1.6518
28 50 3.10137 0.708501
28 51 0.00238054 -0.866505
28 52 0.0361596 0.0306342
28 53 0.650882 0.156411
28 54 -0.657291 0.49239
28 55 -0.0636303 0.165117
28 56 -0.0461816 0.220225
28 57 -0.442808 0.311459
28 58 -0.251277 -0.0884202
28 59 0.36604 0.820125
28 60 0.230175 -0.0205254
28 61 0.0352756 0.00328182
28 62 -0.0727017 0.130238
28 63 0.235292 -0.197731
28 64 -0.288069 -1.05883
28 65 0.368812 -0.153249
28 66 -0.691741 0.877823
29 33 4.73856 -0.747956
29 34 -1.76812 -3.17351
29 35 -1.68611 4.68664
29 36 5.84626 0.369843
29 37 3.69592 -7.84012
29 38 3.91086 3.7971
29 39 4.95848 -0.144336
29 40 7.39609 1.25557
29 41 2.04688 -2.82161
29 42 9.93422 -1.30661
29 43 2.33121 0.991136
29 44 2.55965 -0.999693
29 45 -3.47376 0.0931489
29 46 1.56376 0.43618
29 47 3.16375 2.35254
29 48 -2.29406 -0.00794931
29 49 0.896148 -0.0476999
29 50 -2.00992 0.416008
29 51 1.36728 0.655352
29 52 -0.910509 0.0864549
29 53 -2.95624 -2.10971
29 54 0.8509 0.931797
29 55 0.0182636 -0.451218
29 56 -0.114902 0.333937
29 57 1.47939 0.71821
29 58 0.137301 0.0413085
29 59 0.399699 0.825638
29 60 0.224425 0.299029
29 61 -0.324361 -0.00792766
29 63 0.295185 0.146895
29 64 -1.35846 0.246597
29 65 1.09305 0.648774
29 66 0.00889186 0.0278882
30 33 2.82691 -0.813101
30 34 4.03028 -2.21747
30 35 -0.376265 0.633525
30 36 1.7801 0.458916
30 37 -0.723652 -2.78979
30 38 5.89944 1.52845
30 39 -2.81642 -2.09717
30 40 2.39998 -1.08935
30 41 -0.83396 -3.65009
30 42 8.03376 1.54948
30 43 4.78947 -0.322223
30 44 4.91435 -3.45886
30 45 -1.09341 3.92753
30 46 1.8135 -0.914276
30 47 0.209202 -0.808367
30 48 1.39879 1.3741
30 49 2.68769 -1.90561
30 50 -2.68602 0.288148
30 51 -0.809751 -0.372212
30 52 0.10811 0.0263852
30 53 -0.32172 0.622644
30 54 -0.0580816 0.0361736
30 55 0.469916 -0.0117785
30 56 1.66276 0.152923
30 57 -0.764191 -1.11022
30 58 -0.00979837 -0.0193945
30 59 0.5549 -0.136971
30 60 -0.0259218 0.0220684
30 61 1.66614 0.357237
30 62 -0.657612 0.506443
30 63 0.0204188 -0.101558
30 64 -0.0930553 -0.0663822
30 65 0.378605 0.0432839
30 66 0.0861707 0.0718706
31 33 1.85259 1.5884
31 34 -0.0952156 0.0601247
31 35 6.85455 -5.49614
31 36 1.70382 -0.68161
31 37 -7.8211 0.775476
31 38 2.94484 -1.08405
31 39 2.73948 -1.97937
31 40 10.2711 -4.19895
31 41 1.24066 -1.27761
31 42 2.75692 -0.282322
31 43 7.09493 5.04899
31 44 8.61751 0.348298
31 45 1.02176 -2.20258
31 46 2.59427 0.56476
31 47 4.2787 3.23608
31 48 -0.953267 3.60973
31 49 -1.6065 0.206798
31 50 -0.391597 -0.647463
31 51 0.478121 1.76868
31 52 0.145866 -1.01781
31 53 -0.155454 -0.0720435
31 54 -1.09528 -0.0324046
31 55 1.72805 0.411783
31 56 0.622397 0.0808327
31 57 0.651549 0.62746
31 58 1.89112 -0.338063
31 60 0.482345 -0.251971
31 62 -0.171431 0.383263
31 64 -0.387379 0.255457
31 65 0.0446408 0.11032
31 66 0.534478 0.356199
32 33 1.58801 -0.221724
32 34 -2.61208 -0.944708
32 35 0.100776 3.08054
32 36 10.6252 4.89616
32 37 5.48352 0.979485
32 38 0.830719 1.04903
32 39 4.30582 1.67171
32 40 5.44586 1.03111
32 41 6.10724 1.2345
32 42 1.36725 0.794125
32 43 0.971106 7.59097
32 44 4.09168 0.879444
32 45 -2.12668 2.2675
32 46 3.48868 4.43881
32 47 -0.618797 1.06754
32 48 -0.594912 1.99156
32 49 -2.2694 -0.235984
32 50 -0.150696 -0.963717
32 51 -1.23877 0.899052
32 52 0.231086 1.4702
32 53 -0.36814 -0.159397
32 54 1.50794 -0.316668
32 55 0.326584 0.923307
32 56 0.29551 -0.0263329
32 57 -0.0248853 0.0101084
32 58 -0.991908 0.34651
32 60 -0.936077 0.701751
32 61 -0.0444193 -0.0744691
32 62 0.218296 0.179042
32 64 -0.149555 -0.347609
32 66 -0.19179 0.543197
33 33 1.22202 -1.49986
33 34 2.9266 -1.2219
33 35 4.39196 -5.09353
33 36 0.922378 -3.17354
33 37 7.24257 -1.88422
33 38 1.40295 3.02022
33 39 2.9553 -3.42673
33 40 7.09981 0.178828
33 41 -0.320741 -1.64926
33 42 4.64817 1.00169
33 43 0.609967 0.397708
33 44 1.62634 3.74124
33 45 1.12078 4.9125
33 46 0.15984 0.101679
33 47 0.161791 1.43475
33 48 3.06563 3.50413
33 49 0.5954 0.68169
33 50 -0.104397 1.77921
33 51 0.0730909 -0.613629
33 52 2.18728 -0.812934
33 53 0.0629913 1.56409
33 54 0.520545 2.10498
33 55 -2.88743 0.928809
33 56 -1.97028 0.0896225
33 57 0.607524 0.454488
33 58 -0.398117 -0.312722
33 59 2.52322 -1.17707
33 60 -0.769759 0.40384
33 61 0.196579 -0.0991556
33 62 0.721419 -0.31671
33 63 -0.19187 -0.268825
33 65 -0.0438626 0.0354672
34 33 3.43021 -5.8433
34 34 9.09111 0.274844
34 35 0.905205 -1.58774
34 36 1.14915 -1.61916
34 37 3.72152 -1.17979
34 38 1.61558 2.19101
34 39 -2.73881 0.979982
34 40 11.7582 -0.843953
34 41 1.50471 -0.905537
34 42 3.47284 3.98735
34 43 4.46722 2.48342
34 44 1.95575 -0.311594
34 45 3.12822 4.13283
34 46 2.60489 2.43254
34 47 1.65737 0.725427
34 48 -1.9657 3.81251
34 49 -1.71195 0.977646
34 50 2.17187 3.50258
34 51 -0.710551 -0.133007
34 52 -0.931229 1.35618
34 53 0.549674 -0.301778
34 54 0.324592 -0.093915
34 55 -1.91806 -0.580938
34 56 -0.501676 0.992777
34 57 -0.191113 -0.286597
34 59 -0.142483 -0.0258725
34 62 -0.15054 -0.143633
34 63 0.505945 0.276899
34 64 0.0181792 -0.106715
35 33 4.90294 -1.97881
35 34 2.16458 -1.98869
35 35 2.75599 -0.710378
35 36 1.2856 -4.51085
35 37 -2.60981 1.28805
35 38 2.18602 -4.2885
35 39 5.29495 -3.01415
35 40 -0.603471 5.28338
35 41 -2.23499 -0.188235
35 42 -0.675234 0.425791
35 43 -3.29088 2.19334
35 44 -1.20477 2.62476
35 45 1.64432 2.98754
35 46 1.78126 -2.24313
35 47 0.804674 -0.857782
35 48 0.263669 2.2295
35 49 -1.53397 0.634361
35 50 1.00075 1.25305
35 51 -0.0687738 0.438661
35 52 0.310305 2.75337
35 53 -0.634341 0.0477417
35 54 0.471358 0.795771
35 55 -0.0088514 1.06142
35 56 -0.163086 1.06894
35 57 1.22137 0.996799
35 58 0.764315 -1.86168
35 59 0.404486 0.0928528
35 60 0.198686 -0.436985
35 61 0.133583 0.0828344
35 62 -1.16417 -0.697885
35 63 0.55804 -0.300787
35 65 0.18862 0.247187
36 33 2.37063 -1.16553
36 34 3.53005 -1.56689
36 35 6.57785 1.44955
36 36 -0.911429 -0.379333
36 37 2.39957 1.83575
36 38 12.0361 3.80635
36 39 9.22257 -1.62226
36 40 7.32022 4.4522
36 41 4.95145 -0.387729
36 42 5.66384 0.420289
36 43 4.70266 1.2845
36 44 -1.47569 0.778325
36 45 2.89347 1.18699
36 46 0.64369 0.243431
36 47 0.366474 1.22306
36 48 1.95812 0.860632
36 49 0.488689 -1.04111
36 50 -1.02462 1.28292
36 51 -0.0537954 0.818962
36 52 2.15714 -0.486566
36 53 -1.06446 0.661367
36 54 0.280468 -0.161169
36 55 0.938251 -1.42917
36 56 -0.339239 -0.00927782
36 57 0.279617 1.11035
36 58 0.0423884 -0.0048907
36 59 0.0220004 -0.000747944
36 60 -0.518478 -0.200402
36 61 0.225125 -0.0668613
36 62 0.817803 -0.439109
36 63 -0.423035 -0.527454
36 64 1.2008 0.438856
36 65 -0.0172555 0.0112403
37 33 3.55944 -4.0872
37 34 0.141195 -1.14368
37 35 3.31455 -4.25876
37 36 0.405691 -3.48926
37 37 3.46264 2.56116
37 38 2.82422 -0.902868
37 39 3.50362 -1.92628
37 40 9.10351 -3.48161
37 41 8.25162 2.21434
37 42 5.78684 -0.381221
37 43 0.723611 -0.36522
37 44 2.82289 0.996499
37 45 -0.127745 -0.144125
37 46 -0.0863268 1.80555
37 47 -0.957985 0.701189
37 48 1.09748 2.19203
37 49 2.83818 1.82324
37 50 1.74451 -1.20024
37 51 2.09513 0.923565
37 52 1.68604 0.79735
37 53 -0.320233 0.307305
37 54 3.0859 0.222805
37 55 0.753896 0.406065
37 56 0.241689 -0.0302115
37 57 1.65279 0.704755
37 58 0.19237 -0.00996015
37 59 0.000504772 0.00427186
37 60 -0.262032 0.484854
37 61 0.183895 0.780489
37 62 -0.0330946 -0.00338773
37 63 -0.320651 -0.215551
37 64 -0.0469906 0.685963
37 66 -0.976051 0.102836
38 33 3.344 -2.71433
38 34 -0.431446 -3.42732
38 35 3.23188 -0.171374
38 36 -0.164307 0.0568111
38 37 3.76401 -0.468918
38 38 3.8831 -0.855238
38 39 7.0803 -2.37353
38 40 3.64303 1.73605
38 41 -0.453158 2.91006
38 42 -1.26054 -0.158427
38 43 5.95766 -0.606494
38 44 4.56301 -0.942665
38 45 0.457538 0.914971
38 46 1.29278 0.432022
38 47 0.491133 0.562217
38 48 3.95091 5.5196
38 49 4.04369 -0.655784
38 50 0.00643654 0.708487
38 51 0.1838 0.829917
38 52 1.12305 1.15462
38 53 -1.99028 -0.327194
38 54 0.294026 0.712824
38 55 -0.162537 0.0334608
38 56 1.57059 -0.70343
38 57 -0.164198 -0.0847687
38 59 0.763853 -0.0879269
38 60 -0.282341 0.280163
38 62 -0.176204 -0.235724
38 64 -0.109191 -0.440017
38 65 -0.0210968 0.0238085
38 66 0.802856 0.730483
39 33 3.60324 -1.9588
39 34 1.07142 -4.07837
39 35 4.95644 -1.2412
39 36 4.69854 -1.38226
39 37 13.0464 -8.59662
39 38 0.723056 1.92907
39 39 4.7133 1.53626
39 40 10.5037 -2.23018
39 41 0.599252 -0.0346522
39 42 1.77201 -0.828799
39 43 0.139397 -3.7746
39 44 2.95217 0.969313
39 45 3.45805 3.6897
39 46 -0.86776 0.818032
39 47 1.21518 1.05831
39 48 2.68472 1.60983
39 49 3.64459 -0.76955
39 50 0.308223 0.232409
39 51 1.46916 -0.992324
39 52 0.564532 -1.02353
39 53 0.394163 0.258984
39 54 -0.488763 -0.921216
39 55 0.021157 -0.0167384
39 56 0.134472 -0.38357
39 57 0.0463566 -0.0153777
39 58 0.57871 -1.10414
39 59 -1.43331 2.14865
39 60 -0.805097 -0.460458
39 61 -0.515478 -1.49644
39 62 -0.00588981 0.208602
39 65 -0.179507 0.0909998
39 66 0.485914 0.396606
40 33 3.0232 -3.22701
40 34 2.12102 -3.22621
40 35 2.77485 -2.41485
40 36 0.967155 2.1831
40 37 9.83168 -4.40697
40 38 5.82732 -1.50899
40 39 5.14444 2.68974
40 40 5.84613 1.89251
40 41 -1.32625 5.21968
40 42 4.61129 1.03946
40 43 2.91873 0.219856
40 44 1.71797 1.91245
40 45 4.3993 1.3932
40 46 0.732514 1.59856
40 47 -1.81737 -0.443699
40 48 -0.944271 -0.213994
40 49 -1.76111 1.77877
40 50 0.881721 -0.0458204
40 51 -2.3686 -0.250631
40 52 2.01001 -0.253725
40 53 0.0757789 1.95423
40 54 1.28655 -0.0904135
40 55 1.45151 -1.12922
40 56 0.827022 0.376141
40 57 -0.0424064 1.09209
40 58 0.0796422 0.130695
40 59 0.223643 0.0706102
40 60 0.423061 -0.0682257
40 61 -0.303687 0.149741
40 64 0.036145 0.206687
40 65 0.455056 0.618526
40 66 0.564706 -0.0450884
41 33 2.4628 -0.832436
41 34 0.992446 0.56418
41 35 -1.73493 -1.63864
41 36 4.99687 0.935548
41 37 0.282507 -0.50344
41 38 3.74919 0.543098
41 39 6.51358 -1.39767
41 40 3.61064 -1.51126
41 41 2.40907 0.30298
41 42 4.52753 0.0769349
41 43 2.32996 -1.21704
41 44 -0.745869 3.32163
41 45 4.65408 -0.854193
41 46 3.4113 2.3475
41 47 -2.02013 0.763766
41 48 -1.14167 2.60686
41 49 1.3588 0.429926
41 50 -1.89284 0.676924
41 51 -1.6737 0.821059
41 52 0.349132 0.480238
41 53 0.390076 -0.168138
41 54 -0.761089 -0.203517
41 55 0.467099 0.225971
41 56 0.692587 0.855411
41 57 0.0668933 -0.0221692
41 58 0.47296 0.236209
41 59 0.120463 -0.514907
41 60 -0.109928 0.0186945
41 61 0.107475 0.0109847
41 62 -0.110383 -0.436958
41 63 0.83752 0.668711
41 64 0.0109678 0.000691094
41 65 -2.81444 -0.427754
41 66 0.810355 -0.501903
42 33 0.830612 -0.65388
42 34 -1.47088 0.0249985
42 35 -2.81021 -1.24618
42 36 3.09475 -0.835904
42 37 5.16436 -4.37042
42 38 1.05027 -1.44266
42 39 2.77922 4.40932
42 40 -1.07249 1.32834
42 41 0.394628 3.51331
42 42 3.93163 0.622041
42 43 -0.734167 -1.24064
42 44 1.5017 -0.609964
42 45 2.65307 -1.73968
42 46 3.15056 2.87724
42 47 1.23988 1.46946
42 48 1.70974 -0.626324
42 49 2.48179 0.950946
42 50 -0.460501 0.920912
42 51 0.20138 0.936091
42 52 0.423539 0.171929
42 53 0.27583 -0.0305878
42 54 0.585207 1.28938
42 55 0.514663 0.0233049
42 56 -0.356596 -0.0608877
42 57 -0.399731 0.359764
42 58 -2.407 1.21744
42 59 -0.220814 0.249371
42 60 0.307101 0.202667
42 61 0.242381 -0.174331
42 62 -0.179546 -0.0734458
42 63 -0.92384 -0.0118796
42 65 -0.970964 0.380839
43 33 6.05448 -1.45282
43 34 -1.78639 -3.24891
43 35 6.97031 -0.686808
43 36 5.89913 -5.82019
43 37 6.38802 -2.4283
43 38 1.74849 -1.9017
43 39 4.79057 -2.55347
43 40 5.88547 1.90017
43 41 7.03633 -3.26487
43 42 4.82561 0.620781
43 43 1.85461 2.82535
43 44 -1.7265 3.29783
43 45 0.0934877 0.680963
43 46 -0.135988 0.104101
43 47 1.02144 -2.51615
43 48 -0.43714 -1.24362
43 49 2.54389 0.29473
43 50 0.812125 1.84449
43 51 0.587444 -0.401345
43 52 0.409999 -0.456567
43 53 1.10757 1.44444
43 54 0.806387 -0.0407082
43 55 0.747297 0.733475
43 56 -1.16929 0.640519
43 57 0.225465 -0.0575053
43 58 -1.6138 0.62039
43 59 -0.493173 0.713529
43 60 0.467145 -0.502225
43 61 0.00703445 -0.00452136
43 62 -0.449389 -0.252927
43 63 0.565102 0.23825
43 64 0.838943 0.683379
43 65 -0.221625 0.386965
43 66 -0.0195202 -0.00177298
44 33 2.63809 -2.10034
44 34 1.60847 0.837151
44 35 2.83848 -1.0296
44 36 -0.0287033 -3.09641
44 37 -1.91734 -2.68095
44 38 5.93934 -1.80886
44 39 7.05094 3.74773
44 40 -0.431968 -1.53745
44 41 -2.43177 -2.13292
44 42 0.807633 0.982357
44 43 0.150018 1.41446
44 44 2.3958 0.510249
44 45 -0.328714 1.28748
44 46 4.00429 2.04233
44 47 3.7688 1.29822
44 48 1.50974 -0.954711
44 49 -0.294974 -0.381814
44 50 0.834008 -0.710692
44 51 0.127679 0.724192
44 52 1.63582 -0.875202
44 53 0.140825 -0.540754
44 54 0.330363 -0.914488
44 55 -0.17366 -0.579778
44 56 1.6075 0.287897
44 57 -0.134035 0.0518363
44 58 0.205843 0.0964598
44 59 0.218904 0.252615
44 60 0.0699408 -0.00410238
44 62 1.91468 0.14153
44 63 -1.63312 0.545664
44 65 -0.299713 -0.0343579
44 66 0.135064 -0.0217164
45 33 2.16511 0.759679
45 34 4.84446 -1.81246
45 35 1.22362 -2.70025
45 36 5.9891 -2.38143
45 37 5.39929 1.16696
45 38 2.3648 -2.25018
45 39 5.17297 1.98052
45 40 2.8959 1.39163
45 41 1.10063 -3.90952
45 42 8.51364 2.43256
45 43 4.78435 0.144464
45 44 1.63516 -2.08857
45 45 -2.34814 0.975275
45 46 6.22121 -2.70721
45 47 2.15233 0.786949
45 48 1.76914 1.46212
45 49 0.413823 -1.2453
45 50 -2.12633 2.80543
45 51 0.407472 0.0628952
45 52 -0.914927 1.23158
45 53 1.98605 1.61923
45 54 0.502076 0.0909876
45 55 2.09523 0.623156
45 56 -0.579917 -0.698168
45 57 -0.285907 -0.0109823
45 58 0.701954 -0.699863
45 59 0.597524 -0.343609
45 60 -0.161351 -0.435436
45 61 -0.32801 -0.0220483
45 62 0.229868 -0.718997
45 63 0.395489 0.482988
45 64 0.0923443 0.113159
45 65 -1.2812 0.112042
45 66 -0.588523 -0.137044
46 33 2.09708 -3.1809
46 34 2.65095 -4.70824
46 35 4.05565 -0.81979
46 36 4.51168 -0.192277
46 37 6.41793 0.076727
46 38 5.3888 0.379474
46 39 4.0667 0.267002
46 40 5.16569 2.6601
46 41 2.45451 0.220048
46 42 5.26679 0.0777032
46 43 2.54146 -1.00147
46 44 -1.3792 0.249744
46 45 3.5547 0.61691
46 46 0.782545 0.616253
46 47 2.04047 1.32648
46 48 1.17149 -1.2156
46 49 0.632414 1.63921
46 50 1.74118 -0.50496
46 51 -0.311914 0.877929
46 52 -0.859138 0.466985
46 53 -0.34021 -0.0174268
46 54 -0.574546 -0.0498996
46 55 4.8105 1.18344
46 56 1.68516 0.766421
46 57 -0.349746 0.00704056
46 58 1.36589 0.247188
46 59 -2.38542 -1.02519
46 60 -0.33698 0.0518331
46 61 1.00214 0.688634
46 62 -0.443718 0.473442
46 63 0.585385 0.123077
46 64 -0.0124966 -0.0192989
46 66 -0.123357 -0.00261811
47 33 -0.618075 -0.437359
47 34 9.38235 -1.30069
47 35 6.93578 0.629032
47 36 3.53024 2.81129
47 37 4.60966 -1.50493
47 38 9.93978 -3.54507
47 39 -0.102574 -1.05601
47 40 5.35914 -2.31506
47 41 1.38495 3.25361
47 42 -3.64519 -2.12401
47 43 -2.1874 2.20505
47 44 -0.923276 -1.80996
47 45 -3.91017 1.17418
47 46 3.01096 1.77921
47 47 3.48632 2.0176
47 48 -1.19921 1.96842
47 49 2.08008 2.49665
47 50 3.54393 2.13745
47 51 -1.74255 -0.0698664
47 52 -1.94858 1.27739
47 53 -1.16392 0.584228
47 54 0.328078 1.46184
47 55 2.40964 0.630329
47 56 -0.568619 0.0438513
47 57 -0.172217 -0.702177
47 58 -1.51833 -0.497678
47 59 0.322888 0.949994
47 60 -0.419784 -0.225804
47 61 0.159844 -0.0733823
47 62 0.184963 0.0714249
47 63 1.31367 0.516626
47 64 0.319225 0.428025
47 65 0.00427567 0.0785027
48 33 4.21941 -0.370093
48 34 4.88319 -1.73632
48 35 2.49929 -1.74075
48 36 1.66309 -1.19028
48 37 3.25444 -0.0772059
48 38 -0.216009 0.0180481
48 39 5.61101 4.37495
48 40 4.62263 0.0220557
48 41 2.77173 -1.04227
48 42 -0.528973 1.57317
48 43 -3.36029 2.55748
48 44 1.37072 0.408639
48 45 -3.00428 4.56238
48 46 3.63084 0.0445254
48 47 0.273123 0.752066
48 48 0.956225 1.15553
48 49 1.94765 1.45962
48 50 1.99377 -3.72584
48 51 -2.23622 -1.30744
48 52 -1.33295 1.35029
48 53 0.472722 0.395208
48 54 1.09074 1.61847
48 55 0.129086 0.322813
48 56 -1.38024 -2.46742
48 57 -0.332022 0.0572339
48 58 -0.220462 0.0729103
48 59 0.14079 -0.129378
48 60 -0.840088 0.311856
48 61 -0.63284 -0.40348
48 62 0.141609 0.359021
48 63 -0.493502 0.493744
48 64 -0.0439434 0.0946102
48 65 -0.343766 -0.38796
48 66 0.0171629 0.10791
49 33 0.24715 -1.15657
49 34 5.38945 0.837847
49 35 5.66149 -1.3214
49 36 3.18258 0.360366
49 37 -0.482524 -1.39181
49 38 7.86192 2.58699
49 39 3.94321 1.99516
49 40 2.83522 0.267664
49 41 3.37464 -0.783139
49 42 -2.55448 0.743963
49 43 1.4239 3.80952
49 44 -1.05651 -0.110253
49 45 3.1345 2.20989
49 46 -1.37592 -0.0134404
49 47 0.713259 -0.695654
49 48 3.26882 2.16433
49 49 3.99584 -1.66197
49 50 1.30693 0.464215
49 51 -0.979931 0.707901
49 52 0.469098 -1.14073
49 53 -1.27118 0.367523
49 54 -1.53929 -0.0607753
49 55 0.927447 0.521908
49 56 0.48115 0.430141
49 57 0.486372 -0.812642
49 58 0.302417 -0.168339
49 59 0.334823 0.471281
49 60 0.607318 0.475245
49 61 -1.57433 1.03146
49 62 -0.0400981 0.0987457
49 63 -1.14874 -0.641948
49 64 -0.622263 0.00904395
49 65 0.583126 0.430778
50 33 0.276621 -1.17612
50 34 4.22795 0.405704
50 35 5.20843 -4.52808
50 36 -1.81183 -0.540916
50 37 -2.50283 -0.902964
50 38 3.53252 0.104006
50 39 4.51578 2.68781
50 40 0.314996 3.23592
50 41 -0.029315 1.77882
50 42 -3.323 -0.340456
50 43 -0.6776 5.14744
50 44 3.37354 -0.36983
50 45 2.78426 -1.005
50 46 -0.276696 -0.565065
50 47 2.78584 1.31432
50 48 1.85202 -0.61816
50 49 -0.0626119 -1.03634
50 50 1.75441 -1.74915
50 51 -0.721906 -0.0471198
50 52 0.330648 0.0806651
50 53 -0.955166 0.213358
50 54 -1.15554 0.537221
50 55 0.772672 0.385225
50 56 0.283019 -0.5659
50 57 -0.605894 0.12317
50 58 0.359207 0.429631
50 59 2.0917 3.83704
50 60 -0.313859 0.974973
50 61 -1.06519 0.683992
50 62 -0.598055 0.23671
50 63 0.458486 0.77929
50 65 0.176789 -0.548967
50 66 -0.537964 -0.245627
51 33 1.17129 -0.301028
51 34 1.79142 -1.49283
51 35 4.40696 0.930345
51 36 1.84302 1.24347
51 37 0.60794 0.298889
51 38 3.77965 0.641098
51 39 6.25156 -1.44992
51 40 -3.95601 0.761872
51 41 1.94016 -0.72983
51 42 2.39086 1.18429
51 43 7.45343 2.66792
51 44 3.06174 0.411924
51 45 1.46197 1.6852
51 46 6.84098 1.82938
51 47 -2.72328 1.58422
51 48 -3.93449 -2.32875
51 49 0.922698 0.503856
51 50 -0.678273 1.44115
51 51 0.756922 -0.677483
51 52 -0.0758616 0.322181
51 53 2.07031 1.03577
51 54 1.22699 1.00856
51 55 1.39631 0.466701
51 56 -0.801338 0.250582
51 57 -0.242299 -1.07495
51 58 -0.832263 -0.0741154
51 59 0.805406 0.336464
51 60 0.384483 0.0354579
51 61 0.256851 -0.349754
51 62 0.570982 -0.455614
51 63 0.172264 0.47447
51 64 0.598905 0.182788
51 65 -0.0509023 -0.0178852
51 66 -0.434932 0.117066
52 33 0.688497 -1.40717
52 34 2.71362 -0.0918457
52 35 -1.25076 -1.33796
52 36 8.38925 1.0053
52 37 3.60753 -0.559077
52 38 4.44969 0.147282
52 39 4.50243 2.96012
52 40 -0.30694 -0.664858
52 41 5.71285 -0.372925
52 42 3.7206 1.30142
52 43 3.10695 0.346307
52 44 -0.0827538 -3.25853
52 45 1.80221 -2.93932
52 46 3.21412 0.904461
52 47 0.87058 -0.0324967
52 48 3.4862 0.0362596
52 49 1.80336 1.43771
52 50 -1.45999 0.601135
52 51 1.21033 0.44345
52 52 1.44379 0.459722
52 53 1.66448 -0.267713
52 54 1.29677 0.534634
52 55 -0.352284 -0.363521
52 56 0.270188 -0.44698
52 57 -1.1441 0.0286619
52 58 -0.0418109 -0.048586
52 59 -1.18674 -0.653694
52 60 0.278224 0.373192
52 61 0.200229 0.170896
52 62 1.84578 -0.287359
52 63 -0.496655 0.472908
52 65 -0.0721346 0.621615
52 66 0.110817 -0.0819201
53 33 0.440666 -0.600453
53 34 2.33176 -3.76415
53 35 4.61705 0.722895
53 36 0.706876 2.18484
53 37 3.83824 1.41397
53 38 5.9257 0.627329
53 39 0.644885 -1.55064
53 40 3.17456 3.30574
53 41 -2.02521 -2.26749
53 42 4.82333 3.0742
53 43 3.13096 0.581036
53 44 3.30653 0.939293
53 45 2.6472 0.838436
53 46 0.631054 0.807837
53 47 -2.69259 0.376103
53 48 -0.331434 -0.669128
53 49 1.53382 -0.765357
53 50 0.976674 0.249321
53 51 -0.406321 -0.714039
53 52 1.65224 0.61258
53 53 0.55036 -0.693179
53 54 0.271024 0.260475
53 55 -0.0747351 -0.161796
53 56 -1.28969 -0.361675
53 57 0.656986 1.58983
53 58 -0.195908 -0.0258722
53 59 0.887863 -0.0529081
53 60 0.564689 0.392468
53 62 0.0204016 -0.911903
53 64 -0.243078 0.0305484
53 65 0.0727831 0.0398024
54 33 2.34729 -0.00540675
54 34 5.31182 -1.6411
54 35 -1.16302 0.89477
54 36 1.43915 1.11153
54 37 2.39496 -1.15216
54 38 5.89783 0.508301
54 39 -1.6881 -1.26311
54 40 -1.55905 -0.383945
54 41 5.74216 4.86871
54 42 1.46404 3.36286
54 43 1.35732 -1.37151
54 44 1.11662 -1.20907
54 45 1.63539 -0.210643
54 46 0.70534 -0.734544
54 47 -0.0741563 0.334447
54 48 3.06052 -0.103352
54 49 4.05512 0.319941
54 50 1.82878 0.300482
54 51 -0.788154 0.820639
54 52 1.17743 0.0928774
54 53 0.661848 -1.97181
54 54 1.24571 1.45826
54 55 0.0530787 0.0103764
54 56 -1.59709 -0.213917
54 57 1.3851 2.03872
54 58 -0.0265732 -0.0974988
54 59 -0.123061 -0.0902233
54 60 -2.54695 -1.4162
54 62 0.224242 0.373119
54 63 0.0197256 0.0211663
54 64 0.29102 0.00946946
54 65 0.292198 -0.0754483
54 66 0.00551923 -0.0182771
55 33 1.1215 -2.22641
55 34 1.78619 -0.960663
55 35 1.73983 0.350796
55 36 -0.373882 -1.17857
55 37 2.15143 -1.89452
55 38 -0.15251 0.409584
55 39 -1.96172 -1.07115
55 40 0.209105 2.74672
55 41 -0.498074 0.315539
55 42 2.81331 -0.577774
55 43 5.28721 -0.539339
55 44 -3.81981 2.98503
55 45 6.25688 3.77578
55 46 0.2848 0.453228
55 47 0.978427 -0.38303
55 48 0.682895 -2.38176
55 49 -1.17375 0.16014
55 50 -1.41325 -0.928863
55 51 -0.238823 0.0820076
55 52 -0.0758038 -0.547721
55 53 -3.41905 -0.357886
55 54 0.557829 0.533434
55 55 -1.23856 0.790401
55 56 -0.180808 -0.141531
55 57 1.49341 -1.37227
55 58 0.0502849 0.00118453
55 59 -0.336081 0.407251
55 60 -0.102748 0.0448606
55 61 -0.369322 -0.344758
55 62 -0.32617 0.148851
55 63 0.674291 0.394183
55 65 -0.341667 0.104669
56 33 2.03111 -2.21132
56 34 3.86916 0.803661
56 35 3.47897 0.966132
56 36 0.94439 -4.883
56 37 2.59218 -2.06504
56 38 1.01746 4.85262
56 39 1.23683 2.97652
56 40 -1.9991 0.535997
56 41 1.46812 -0.578078
56 42 9.80186 4.62444
56 43 7.59561 -0.226262
56 44 5.07883 -0.153406
56 45 1.31313 0.257658
56 46 0.396543 1.86476
56 47 1.70436 1.07504
56 48 0.887294 3.46081
56 49 1.64018 2.36452
56 50 0.870391 2.24022
56 51 0.934251 1.25368
56 52 -1.50571 1.36956
56 53 2.22338 0.76973
56 54 -0.656092 0.289283
56 55 -0.796743 0.964587
56 56 1.39446 0.580839
56 57 -0.0883365 0.0559855
56 58 -0.3825 -0.792232
56 59 0.0421404 0.374839
56 60 0.99316 -0.117222
56 62 -0.62454 1.96915
56 63 0.405854 0.376885
56 64 -1.22033 0.691337
56 65 0.592172 0.155146
56 66 0.315906 0.192161
57 33 3.87861 -1.0775
57 34 3.45632 0.0204366
57 35 -0.44233 -0.466074
57 36 0.456607 -0.948946
57 37 0.637953 0.449758
57 38 2.38629 -2.42173
57 39 -2.17624 -0.949146
57 40 -2.10954 -0.0914796
57 41 -0.236942 0.8078
57 42 5.95838 2.4313
57 43 -2.24374 3.76214
57 44 -0.255283 0.769396
57 45 0.763553 2.78551
57 46 -1.0856 1.28958
57 47 -1.78081 0.174681
57 48 0.475088 0.544465
57 49 0.304805 0.0200129
57 50 0.0744008 0.860734
57 51 -1.09582 2.78179
57 52 0.82907 -1.98726
57 53 1.95286 1.42827
57 54 -0.0856118 -0.251223
57 55 0.195025 0.847498
57 56 -2.09397 2.76431
57 57 2.61178 -0.302559
57 58 2.08355 0.781002
57 59 -0.197844 -0.259989
57 60 -0.158256 -0.200058
57 61 1.06697 0.308022
57 62 -1.10958 -0.581727
57 63 2.70785 -0.262549
57 65 0.269135 0.468326
57 66 -0.513507 0.130234
58 33 4.00775 -3.54241
58 34 -4.07371 1.47661
58 35 2.76823 -0.409464
58 36 1.32537 1.67616
58 37 6.28034 -3.31047
58 38 2.30662 -1.91128
58 39 2.58526 0.253748
58 40 1.72086 2.41588
58 41 3.44401 1.44004
58 42 6.41298 2.28947
58 43 0.991757 2.05075
58 44 6.21213 3.6475
58 45 3.66308 0.234136
58 46 1.63535 1.77213
58 47 2.63531 0.122424
58 48 -1.2182 1.00344
58 49 -0.901673 1.14944
58 50 -0.394497 -0.434135
58 51 1.573 0.271402
58 52 -1.42481 -0.370522
58 53 1.96628 0.96398
58 54 0.0553089 -0.0419573
58 55 0.889436 1.27465
58 56 -0.688755 -1.49576
58 57 -0.573572 -0.227136
58 59 -0.375703 0.0132182
58 60 -0.736586 -0.701681
58 61 -0.445268 0.104895
58 62 1.27198 0.160558
58 63 0.7208 0.163484
58 64 -0.0340434 -0.226331
58 65 -0.0152597 0.857464
58 66 -0.156365 0.0140726
59 33 4.27933 -1.16225
59 34 4.80621 -0.0885579
59 35 1.97185 1.59598
59 36 1.95612 -4.26581
59 37 5.58168 -0.45321
59 38 6.13849 -1.56592
59 39 5.79178 -1.5814
59 40 4.96651 2.50695
59 41 0.474083 4.13915
59 42 5.00536 1.46716
59 43 3.39574 -0.737221
59 44 -0.243087 3.53774
59 45 0.644112 2.44474
59 46 2.09108 0.893399
59 47 2.71006 2.14788
59 48 0.291465 1.25943
59 49 2.20639 -0.203334
59 50 1.65744 -0.484816
59 51 2.26063 0.134838
59 52 0.18151 0.199982
59 53 0.998723 0.215265
59 54 -0.407979 0.0822271
59 55 -0.0465138 -3.18515
59 56 2.93999 -0.462206
59 57 -1.63676 0.522574
59 58 0.081996 0.0805794
59 59 -1.37596 0.776537
59 60 0.369465 0.0505521
59 61 2.50961 0.266662
59 62 -0.390704 0.475583
59 65 -0.0429044 -0.164402
59 66 0.0505101 -0.243584
60 33 1.41196 -1.74623
60 34 0.11995 -3.74342
60 35 -3.07339 1.02385
60 36 2.47014 1.02077
60 37 2.77138 0.794224
60 38 3.5689 -4.53917
60 39 1.63695 -1.25995
60 40 4.92422 2.0771
60 41 -1.02578 -1.82
60 42 -1.01834 -0.327403
60 43 4.94987 -0.472644
60 44 -1.06904 -1.22303
60 45 -1.28589 1.70114
60 46 0.737362 -0.914218
60 47 1.05539 -0.0114402
60 48 0.548104 0.236445
60 49 -2.1446 2.50886
60 50 2.00569 -0.471787
60 51 -1.09406 1.13711
60 52 -0.329071 2.45615
60 53 1.12962 0.226013
60 54 0.85654 0.0497621
60 55 0.670642 -0.28679
60 56 2.26593 -0.546923
60 57 1.46945 0.725696
60 58 -0.662203 -0.692985
60 59 1.89767 -0.90481
60 60 0.211164 -1.43492
60 61 0.0889691 0.0541305
60 62 0.844282 0.0798678
60 64 1.17397 0.230161
60 65 2.12911 1.74328
60 66 0.190028 0.0925038
61 33 1.54127 -0.233505
61 34 -0.70048 -0.809814
61 35 2.02701 -1.36391
61 36 2.7963 -2.07192
61 37 -0.259859 0.926841
61 38 3.54761 -0.260883
61 39 5.31996 -6.07899
61 40 -0.639928 0.910179
61 41 2.53669 -0.40953
61 42 4.23872 3.45223
61 43 2.17975 3.00564
61 44 0.82194 0.3079
61 45 4.80812 2.12784
61 46 0.496373 1.67517
61 47 2.42997 0.400686
61 48 4.17596 0.310066
61 49 -0.434004 0.0385824
61 50 1.59309 -0.790318
61 51 0.845014 0.588772
61 52 -0.351457 -0.0679024
61 53 -0.987637 -0.748944
61 54 1.29059 1.04595
61 55 -0.909307 1.26504
61 56 -0.553415 -1.05653
61 57 -0.19329 0.230882
61 58 -1.02392 -0.156208
61 59 -1.39576 -0.100913
61 60 0.256641 0.095119
61 62 -0.210812 -0.0267501
61 63 0.0955818 -0.0559569
61 64 -0.260885 -0.135682
61 65 0.288523 0.0930753
62 33 1.5725 0.259912
62 34 2.31198 -1.03951
62 35 0.845462 -2.57317
62 36 2.22058 1.7072
62 37 5.67309 2.20327
62 38 2.85117 0.0294974
62 39 2.58802 1.25081
62 40 2.57191 -0.999128
62 41 3.10706 2.19986
62 42 0.67603 0.592827
62 43 1.28503 0.175157
62 44 -1.49237 2.9499
62 45 1.85112 0.931163
62 46 0.313767 -1.1786
62 47 1.42522 1.23681
62 48 1.08946 -0.0479389
62 49 0.0471269 1.22973
62 50 1.62465 0.576393
62 51 0.495246 -0.504856
62 52 2.09206 0.42036
62 53 1.80103 0.556479
62 54 -0.0765574 -0.321082
62 55 0.507256 3.07413
62 56 -0.443822 0.259768
62 57 0.93823 0.143727
62 58 0.41393 0.997526
62 59 -0.472514 -0.29315
62 60 -0.761046 0.531792
62 62 1.03599 0.555823
62 63 0.639969 0.580136
62 64 0.131731 0.0885912
62 65 0.0137632 -0.106432
62 66 -0.216919 0.203755
63 33 1.66909 -0.349949
63 34 2.2663 -4.91813
63 35 2.72669 2.44928
63 36 1.84884 -2.1418
63 37 3.15407 -1.90676
63 38 3.35383 -1.51963
63 39 5.47932 0.997098
63 40 1.76914 -1.37124
63 41 -1.37557 0.312732
63 42 1.52075 2.49364
63 43 -0.0672126 0.436021
63 44 -0.634 -0.685658
63 45 -0.0263336 0.417435
63 46 0.0602244 0.110373
63 47 -0.0968285 1.29267
63 48 1.11527 -0.494054
63 49 0.204354 1.06703
63 50 3.31725 1.10682
63 51 -0.65387 0.891875
63 52 1.08839 -1.07702
63 53 -0.0922112 0.325326
63 54 1.97169 -0.67134
63 55 -0.761577 1.68201
63 56 0.672457 0.854554
63 57 0.120029 -0.313911
63 58 -0.249147 -0.659128
63 59 -0.41096 -0.0694386
63 60 0.223586 0.963561
63 61 -0.322356 0.241977
63 62 -0.11484 -0.292081
63 65 0.0473382 -0.0170671
64 33 0.594557 -1.05569
64 34 4.15786 0.271447
64 35 4.03681 -0.814118
64 36 -0.898001 -0.0320788
64 37 -0.892958 -0.792767
64 38 1.40153 -0.379385
64 39 0.311594 -3.64515
64 40 0.255833 1.03876
64 41 1.52967 -3.05044
64 42 1.82312 0.00691658
64 43 0.0580757 3.3382
64 44 -0.404364 0.551148
64 45 3.13035 0.936255
64 46 1.02997 1.57629
64 47 2.13609 0.374302
64 48 -0.197479 -1.06144
64 49 1.82731 0.235635
64 50 -0.630793 0.98014
64 51 -0.233381 -0.771044
64 52 0.935014 -0.910501
64 53 0.377449 -0.0105254
64 54 0.326379 2.21491
64 55 2.49095 1.21523
64 56 -0.44064 0.287218
64 57 0.269609 1.04943
64 58 -0.156036 0.80823
64 59 0.229634 0.256228
64 60 0.383888 2.25189
64 61 0.4826 0.217821
64 62 0.1389 0.348151
64 63 0.47529 0.690045
64 64 0.0562738 -0.272849
64 65 0.304658 -0.16153
65 33 1.51028 -0.0523441
65 34 3.45339 0.112333
65 35 2.56326 -1.40831
65 36 1.03812 1.11512
65 37 1.05167 -0.831493
65 38 1.8231 1.32246
65 39 3.34979 -2.5974
65 40 3.38446 -1.68821
65 41 2.86874 -0.879576
65 42 2.28996 -0.955514
65 43 2.04827 0.604141
65 44 0.84809 0.0398102
65 45 4.85867 2.20142
65 46 1.30768 1.46788
65 47 -0.186696 -0.391797
65 48 2.1525 1.06426
65 49 2.28594 -1.10249
65 50 1.51659 0.262557
65 51 0.28655 0.0248696
65 52 0.290586 0.641908
65 53 1.41286 -0.135924
65 54 0.306419 0.514326
65 55 0.474099 0.644066
65 56 -0.188957 -0.200581
65 57 -0.0705094 -0.432599
65 58 -0.487946 -0.422799
65 59 0.0635849 0.0293592
65 60 -0.472892 0.493591
65 61 0.012501 0.0240931
65 63 0.517645 -0.0873478
65 65 0.325788 0.270976
66 33 3.31582 -2.36741
66 34 3.10604 -0.386164
66 35 2.22428 -1.12481
66 36 3.12995 0.213838
66 37 4.33244 -1.30101
66 38 5.55383 -1.55854
66 39 3.79559 -0.0246816
66 40 3.84439 -1.29553
66 41 4.32051 -0.403768
66 42 3.3021 0.453574
66 43 3.91324 0.715438
66 44 2.3884 0.117157
66 45 3.78745 2.22384
66 46 3.03004 1.63049
66 47 2.527 -0.273268
66 48 2.0041 -1.01967
66 49 2.11117 0.568498
66 50 0.0196649 0.290141
66 51 0.229135 0.601471
66 52 -0.265219 0.0594441
66 53 2.48617 -0.0411701
66 54 -0.615463 1.17754
66 55 -0.0382726 -0.269839
66 56 -0.259119 0.0742825
66 57 0.309806 0.0496481
66 58 -0.139556 -0.0277131
66 59 0.487258 0.295443
66 60 0.541705 1.00883
66 61 0.20892 0.40555
66 62 0.529184 0.622225
66 63 -0.0498036 0.0120543
66 64 0.0207595 -0.0419178
