0 33 -2.19291 6.76564
0 34 -3.03823 2.69404
0 35 -1.72661 5.20772
0 36 -1.61999 4.73548
0 37 0.287139 4.5132
0 38 -3.31985 5.89348
0 39 -3.28674 3.24041
0 40 -2.83055 3.21954
0 41 0.58027 3.65428
0 42 3.68437 3.07803
0 43 1.24134 2.10273
0 44 -3.06094 -0.266144
0 45 -1.50346 3.28108
0 46 1.12428 -0.318642
0 47 0.607717 1.80516
0 48 -0.00812497 0.121176
0 58 -0.237207 0.143832
1 33 6.48626 20.7606
1 34 13.0804 1.73085
1 35 10.0363 11.4966
1 36 0.666655 0.68168
1 37 -6.94926 4.72525
1 38 1.72478 8.76283
1 39 -0.619624 7.85437
1 40 -3.72921 5.95173
1 41 1.15375 4.87931
1 42 0.169494 0.0503051
1 43 -3.66537 2.33163
1 44 -2.82426 2.38705
1 45 0.255604 3.68563
1 46 0.438617 2.64603
1 47 -0.310296 1.21108
1 48 -0.034234 -0.109056
1 49 -0.730687 -0.605568
1 50 0.1494 -0.143639
1 51 0.795047 -1.01686
1 54 -0.319715 -0.145977
1 58 -0.230147 -0.103152
1 61 0.764308 -0.0730427
1 66 -0.0872405 -0.0152048
2 33 3.37551 20.5243
2 34 3.75831 12.0987
2 35 2.26155 8.92003
2 36 4.83154 9.06462
2 37 -3.27453 10.6731
2 38 -2.28707 7.60735
2 39 4.72307 8.55796
2 40 3.01975 9.10202
2 41 -4.38108 4.58478
2 42 4.31351 5.79512
2 43 -1.628 2.96533
2 44 3.1762 1.13507
2 45 -3.96602 -0.867693
2 46 6.30655 -1.22777
2 47 1.38266 -0.725644
2 48 0.794582 -0.883355
2 49 -0.144523 0.765771
2 50 0.539517 0.28867
2 51 -0.175656 -0.172891
2 52 -0.184253 0.237346
2 54 0.0720923 -0.0230779
2 55 0.291339 0.107065
2 56 -0.297286 0.490594
2 57 -0.00138933 -0.00030956
2 59 0.398904 0.106201
2 63 0.00042341 0.000535904
2 66 -0.541308 0.0290554
3 33 -0.558644 26.6005
3 34 7.92711 14.6391
3 35 2.68125 20.7096
3 36 -2.07623 15.1773
3 37 -0.972061 16.4894
3 38 2.47013 17.7102
3 39 7.7067 9.28046
3 40 -1.47292 7.17713
3 41 3.58902 5.79317
3 42 1.19366 9.68556
3 43 -1.28345 10.4347
3 44 0.607082 2.41258
3 45 8.10861 3.16957
3 46 0.0146847 -0.504458
3 47 -1.01981 -1.24382
3 48 -0.454566 -0.125942
3 49 0.199955 0.0358091
3 50 0.484776 1.1688
3 51 0.928071 0.177845
3 52 0.0655041 -0.0437919
3 53 -0.0375631 0.00556371
3 54 -0.0826103 -0.0178822
3 58 -0.140896 -0.108163
3 59 -0.330979 0.315171
3 60 -0.177421 0.0399381
3 61 0.0716172 0.180415
4 33 -15.1982 34.9316
4 34 -11.8635 32.0409
4 35 -9.94731 21.9776
4 36 11.7062 18.6412
4 37 -1.45753 24.302
4 38 -0.922775 18.262
4 39 4.78594 13.4115
4 40 10.8735 8.08963
4 41 -2.84415 15.2035
4 42 -0.0909357 10.4549
4 43 9.07756 7.51703
4 44 12.2183 1.49279
4 45 2.0663 4.41781
4 46 2.11531 1.02737
4 47 1.37975 3.25739
4 48 0.857274 2.00678
4 49 -0.740198 -0.891105
4 50 -0.417181 -0.279099
4 51 -0.227785 0.1224
4 52 0.922201 1.1144
4 53 -0.133977 -0.415466
4 55 0.815699 0.847128
4 56 0.0198278 0.00547505
4 57 0.184198 -0.0508702
4 59 -0.219676 -0.0482596
4 61 0.0700332 -0.0694828
5 33 4.78332 27.1253
5 34 5.82147 31.8253
5 35 -1.81987 22.8422
5 36 -5.30111 16.9917
5 37 5.68501 22.0345
5 38 1.76331 20.5873
5 39 -8.89901 9.91235
5 40 -4.7427 8.83536
5 41 8.937 13.1964
5 42 7.35924 3.67742
5 43 1.17435 11.1153
5 44 0.525113 9.48541
5 45 -5.52081 8.70877
5 46 3.21916 4.32251
5 47 2.69482 1.09604
5 48 1.09946 -0.678824
5 49 -1.56142 -0.245224
5 50 4.00178 1.26977
5 51 2.36215 -0.289927
5 52 -0.408448 -0.00249639
5 53 -1.18152 -0.443105
5 54 0.139741 -0.330667
5 55 -0.0093058 0.00701478
5 56 -0.779418 0.375543
5 60 -0.265973 -0.520157
6 33 -2.32422 38.5317
6 34 10.7741 15.7075
6 35 12.8507 22.3749
6 36 3.75355 18.4874
6 37 5.16408 15.8998
6 38 1.00988 23.9392
6 39 12.8987 22.3405
6 40 1.20677 13.0589
6 41 -1.7994 12.1387
6 42 15.4664 11.2634
6 43 -0.668533 18.2481
6 44 -6.54274 12.5847
6 45 7.08281 3.30104
6 46 2.27856 5.13941
6 47 4.48561 -1.44212
6 48 -0.399213 3.37237
6 49 0.179062 -0.618386
6 50 1.61525 0.618027
6 51 -0.683379 -0.683905
6 52 0.077048 0.134666
6 53 -0.0285389 -0.0227428
6 54 0.0288757 -0.10269
6 55 0.151181 -0.516707
6 56 -0.0767115 0.943441
6 57 -0.0597914 0.0211949
6 58 0.0496752 0.282663
6 61 0.37005 0.277792
7 33 10.604 34.0383
7 34 -6.85901 16.7606
7 35 5.40179 15.1407
7 36 9.56896 19.0228
7 37 12.0803 17.1199
7 38 -4.04653 16.8243
7 39 6.57519 23.5429
7 40 0.368277 17.1158
7 41 -0.532513 15.6631
7 42 -2.66819 6.95651
7 43 1.70004 11.6317
7 44 -1.77956 1.14886
7 45 -0.614791 6.25606
7 46 1.47028 2.34618
7 47 0.0955049 0.62547
7 48 1.34132 0.283404
7 49 0.646546 0.640441
7 50 1.8959 -0.0446441
7 51 -1.37023 -0.248079
7 52 -0.703328 -0.682689
7 53 1.38937 1.4262
7 54 -1.96184 0.492587
7 56 -0.4093 0.111226
7 58 -1.80405 0.76901
7 59 1.00923 0.537747
7 60 -0.359801 0.252411
7 61 0.0413757 2.25688
7 64 -1.25438 0.112951
8 33 -8.18145 30.5545
8 34 6.40749 21.8158
8 35 -1.67627 31.0414
8 36 3.99428 22.4795
8 37 -0.619836 14.7492
8 38 16.0658 19.379
8 39 4.60201 15.3565
8 40 -3.17573 18.0202
8 41 -2.71723 10.1061
8 42 11.0609 0.737089
8 43 4.1111 8.06987
8 44 -0.974326 7.61306
8 45 1.09128 5.09443
8 46 6.80398 0.519263
8 47 -1.56785 3.13941
8 48 -3.06153 -0.398685
8 49 0.043536 0.98212
8 50 1.40127 1.70605
8 51 1.02855 1.06658
8 52 0.0694487 0.278937
8 53 0.663132 -0.249908
8 54 0.628019 0.681644
8 55 -0.482533 0.0576091
8 56 0.0255918 0.0442034
8 58 -1.46136 -0.0058002
8 59 -0.12295 -0.0759626
8 62 -0.612313 0.290791
8 64 1.5981 0.0651011
8 65 0.040621 0.00776472
9 33 5.08074 32.2313
9 34 12.3114 14.3142
9 35 9.83116 13.8018
9 36 1.9678 13.1185
9 37 6.48826 5.05544
9 38 -7.00218 12.6684
9 39 8.93807 13.1326
9 40 6.49362 17.3996
9 41 1.3651 11.1412
9 42 9.33523 12.9994
9 43 -6.1103 10.933
9 44 4.2118 10.1792
9 45 5.98465 0.236178
9 46 5.60056 -0.343244
9 47 1.69211 1.00665
9 48 -0.336578 2.75824
9 49 -0.0117818 3.12378
9 50 -0.687616 0.926167
9 51 -0.571843 -0.267357
9 52 1.53644 -0.372631
9 53 0.597707 -0.587866
9 54 -2.00258 -0.397499
9 55 1.37515 0.225074
9 56 1.54184 0.013696
9 58 0.492912 0.0248498
9 59 -0.431455 -0.84659
9 60 -0.529273 0.412742
9 62 0.993654 1.79674
9 63 0.294867 1.13791
10 33 8.04304 24.2795
10 34 1.39794 9.52757
10 35 17.0065 7.98585
10 36 5.49373 9.62877
10 37 11.4974 11.4894
10 38 8.66731 7.48083
10 39 23.5777 7.34288
10 40 -1.12575 9.51303
10 41 1.82017 7.89885
10 42 9.83065 6.27343
10 43 1.25862 -0.7321
10 44 2.71272 -0.425124
10 45 3.57725 9.73052
10 46 -2.16007 4.23506
10 47 0.543111 1.70002
10 48 -1.90558 1.38524
10 49 -0.800923 2.10038
10 50 1.21155 -0.309649
10 51 -0.295184 0.0786062
10 52 -0.744004 -0.959285
10 53 -0.374768 -1.12457
10 54 -0.183119 0.0628346
10 55 0.865462 -0.61787
10 56 0.900947 0.256407
10 57 1.56884 -1.53647
10 58 -1.67065 0.874799
10 59 0.140824 0.0514362
10 62 -1.40447 -0.519285
10 63 0.666539 1.97041
10 64 -0.908516 -0.882753
10 65 -0.689908 -0.326308
11 33 1.25632 19.1046
11 34 0.614228 0.941649
11 35 9.54935 6.69527
11 36 6.5332 12.9358
11 37 -1.14417 8.83412
11 38 13.0666 1.11954
11 39 13.0166 -1.37958
11 40 4.19332 4.85151
11 41 -0.65336 2.51493
11 42 13.9016 10.8197
11 43 5.0116 5.49612
11 44 0.00633303 1.44397
11 45 1.77185 3.53331
11 46 0.583334 2.2921
11 47 -0.359943 4.26164
11 48 -0.827287 0.879083
11 49 0.31959 1.27421
11 50 -1.74237 0.733022
11 51 -0.562283 0.634477
11 52 -0.494055 1.28233
11 53 0.644304 0.711216
11 54 -0.108388 0.033902
11 55 0.608625 -0.137908
11 56 0.482552 0.30632
11 57 -1.0363 -0.271045
11 58 0.323912 0.112964
11 59 -0.136471 -0.229698
11 61 0.0148894 -0.00325704
11 63 -0.452571 0.368803
12 33 6.14908 8.65982
12 34 -12.1216 3.50719
12 35 9.27561 8.69447
12 36 1.4914 5.795
12 37 15.7071 9.50559
12 38 13.918 15.1962
12 39 1.57781 0.389088
12 40 4.07039 5.11944
12 41 4.69818 4.97104
12 42 12.6494 9.85388
12 43 15.3542 7.60638
12 44 13.7221 1.96445
12 45 14.8829 2.2224
12 46 12.3077 4.11753
12 47 0.761236 3.89358
12 48 -2.62681 3.54598
12 49 2.70546 1.76508
12 50 0.522199 1.28895
12 51 -2.68236 -0.814821
12 52 -0.3797 0.215583
12 53 0.378445 -1.27071
12 54 1.00951 1.0843
12 55 0.941424 -0.251204
12 56 1.62094 1.0064
12 57 -2.22885 0.202126
12 58 -0.0317057 -0.262743
12 59 -0.594115 0.289487
12 60 0.0292855 0.0481359
12 62 -0.318959 0.0545306
12 63 -0.157124 0.38891
13 33 1.48443 11.035
13 34 -0.496807 11.2684
13 35 -5.77518 3.78758
13 36 9.21813 5.90256
13 37 8.17514 2.49607
13 38 7.43082 4.46516
13 39 0.490097 -0.17423
13 40 6.06115 3.54845
13 41 9.65439 7.40364
13 42 11.755 3.64186
13 43 9.16511 12.3348
13 44 3.74333 5.47362
13 45 7.1623 5.77154
13 46 6.15713 3.97606
13 47 -3.90355 4.33878
13 48 0.30189 2.47223
13 49 1.3408 -0.208408
13 50 2.44629 0.521853
13 51 -0.614651 -0.114785
13 52 -0.129354 1.50962
13 53 1.28786 -1.10281
13 54 -0.264216 0.0995424
13 55 0.0528806 0.10223
13 56 -1.04545 0.0124367
13 57 -0.765662 0.797351
13 58 -2.68947 -0.369772
13 59 -0.166759 0.0921383
13 60 -0.985695 0.0356626
13 61 0.0486843 0.12797
13 62 0.544474 0.640716
13 63 0.658024 0.868409
13 64 -0.172503 0.047445
13 65 -0.0141842 -0.0407351
13 66 -0.00224415 0.018609
14 33 5.35696 5.83213
14 34 -0.00949758 3.04948
14 35 7.80175 2.4681
14 36 -7.69656 10.2156
14 37 6.44829 2.3146
14 38 3.45808 1.36343
14 39 -1.9277 7.90425
14 40 12.7935 7.2112
14 41 0.93708 4.18143
14 42 1.16794 4.36827
14 43 23.8724 1.31982
14 44 6.48355 -2.52343
14 45 -4.95817 -4.50293
14 46 4.21445 3.90461
14 47 2.20655 0.89586
14 48 -1.97991 1.03403
14 49 -1.28664 0.395919
14 50 -2.3148 -1.10674
14 51 0.839764 -0.385648
14 52 0.59139 1.12015
14 53 -0.694122 -0.0565974
14 54 0.258146 0.0468838
14 55 1.83747 1.47701
14 56 -0.667777 0.252228
14 57 0.895214 0.818916
14 58 -1.6209 -1.45045
14 59 -0.287627 -0.058566
14 60 0.345105 0.443091
14 61 -0.140688 0.000718951
14 62 0.978806 -0.348125
14 63 0.136703 -0.0937328
14 64 0.420051 -0.710877
15 33 4.65235 6.15872
15 34 0.141445 -6.26419
15 35 17.9382 5.49953
15 36 8.19411 0.793667
15 37 1.9159 -2.34401
15 38 3.07868 9.35134
15 39 9.1792 4.43199
15 40 9.65293 -0.46916
15 41 0.0732062 1.44171
15 42 -0.176603 2.97181
15 43 2.60472 0.00826009
15 44 17.2324 5.96987
15 45 3.20101 0.358861
15 46 1.20204 2.54865
15 47 1.76711 1.41735
15 48 1.14611 4.84576
15 49 1.1245 1.11743
15 50 2.39128 2.36828
15 51 0.69838 0.76554
15 52 1.13296 0.0667271
15 53 -0.10069 0.622887
15 54 -0.270345 0.185026
15 55 -0.43954 3.21441
15 56 -1.29631 1.27318
15 57 -4.79172 2.62742
15 58 0.22171 -0.0190013
15 59 0.454357 -0.161536
15 60 0.180532 -0.557197
15 61 -0.0151139 2.45792
15 63 -0.51443 0.298513
15 66 0.104252 0.0782872
16 33 -4.06013 5.95366
16 34 8.14767 -2.8865
16 35 1.23692 1.57379
16 36 7.61449 4.93017
16 37 7.58569 -1.15568
16 38 -2.97299 4.61853
16 39 3.44622 1.91059
16 40 5.22341 4.61464
16 41 7.34401 -0.0625544
16 42 5.06291 1.63576
16 43 5.66176 6.09183
16 44 11.698 -3.67382
16 45 4.36844 1.39501
16 46 14.1536 2.94298
16 47 1.18528 1.9491
16 48 -2.34884 1.40888
16 49 -1.08718 -0.0475934
16 50 3.03873 -0.523509
16 51 0.808568 0.0307195
16 52 1.04028 -1.02066
16 53 0.215769 -0.280497
16 54 -1.04751 -0.677235
16 55 1.33839 3.55017
16 56 -0.353052 -0.113682
16 57 0.775201 1.59819
16 58 -1.49743 0.528384
16 59 0.589187 -0.441579
16 60 0.762031 0.340864
16 61 0.869735 -0.0710262
17 33 4.73799 1.18283
17 34 -0.742582 1.37652
17 35 18.1324 -3.45571
17 36 10.0811 2.44924
17 37 4.8327 7.96635
17 38 -0.628549 6.20538
17 39 9.3098 4.96895
17 40 -0.0620877 6.12548
17 41 10.2717 0.669419
17 42 6.44919 4.053
17 43 6.33376 1.31715
17 44 8.7602 -0.163802
17 45 2.60448 -0.0692827
17 46 8.40016 0.507414
17 47 2.2877 -0.66538
17 48 0.0817202 -1.24482
17 49 -2.21416 -1.91377
17 50 3.02491 2.48045
17 51 -0.403056 4.91086
17 52 2.02873 1.6346
17 53 0.507421 0.0953849
17 54 0.975507 0.676985
17 55 -1.23046 1.12838
17 56 -0.543648 0.322022
17 57 -0.611401 0.628733
17 58 0.167785 0.262799
17 59 1.2168 -1.61182e-05
17 60 -0.545858 0.612946
17 61 0.840588 0.219463
17 62 0.325349 -0.483671
17 63 -1.48057 1.36667
17 65 0.0267709 -0.00455875
18 33 4.59187 -0.193297
18 34 8.62251 -0.456655
18 35 -1.73587 -4.35128
18 36 4.14521 2.04961
18 37 6.83328 -1.51432
18 38 -0.0586017 7.57208
18 39 15.9532 -0.838059
18 40 3.71185 3.26091
18 41 4.87057 2.21819
18 42 -0.834507 6.22689
18 43 6.86781 5.50576
18 44 9.23425 4.2139
18 45 3.29225 4.48883
18 46 -4.75841 0.316815
18 47 5.07687 4.99307
18 48 1.83015 -0.557745
18 49 2.58671 1.56092
18 50 -0.829414 2.41513
18 51 1.29963 0.578534
18 52 -0.0185793 0.224368
18 53 1.01657 0.457112
18 54 0.835559 0.356586
18 55 -1.94472 -1.03171
18 56 -1.13372 1.3506
18 57 -0.175278 0.732885
18 58 0.423538 0.401679
18 59 0.0773726 -0.286188
18 60 -0.728843 -0.0520402
18 61 0.316209 -0.228543
18 62 -0.336973 -0.283709
18 63 -0.459323 -0.622509
18 64 -0.161163 0.173257
18 65 -0.0113195 0.772669
18 66 0.497652 -0.307637
19 33 4.15314 0.973478
19 34 1.20253 0.527418
19 35 6.60472 2.70004
19 36 1.67645 -3.38598
19 37 3.88101 -1.10103
19 38 16.3873 1.73326
19 39 1.16444 0.448866
19 40 1.57412 1.37021
19 41 4.48828 -1.09745
19 42 2.88506 4.15681
19 43 9.646 -3.03588
19 44 8.14956 -5.53262
19 45 7.11806 -0.200802
19 46 -1.41831 4.50187
19 47 -1.6265 0.567219
19 48 1.39046 4.22109
19 49 1.81316 1.69446
19 50 -0.423849 0.192476
19 51 0.412799 0.023468
19 52 1.37195 0.581112
19 53 0.94488 -1.24783
19 54 -0.046177 0.968135
19 55 -0.654433 1.37834
19 56 -0.879093 1.29515
19 57 0.944734 1.06932
19 58 -0.120509 -0.0360734
19 59 0.0232356 0.15706
19 60 1.78373 0.0292999
19 62 0.275508 0.583275
19 63 -0.0686732 -0.0854214
19 64 0.199584 -0.874095
19 66 0.826975 0.515219
20 33 1.49562 -2.59771
20 34 5.83486 -1.26943
20 35 2.9374 -3.23253
20 36 1.25913 -2.54791
20 37 2.51568 -0.475176
20 38 14.7344 -4.72975
20 39 11.1311 6.60739
20 40 0.798839 -1.44058
20 41 9.90253 -0.0270376
20 42 4.56406 4.25649
20 43 7.28798 6.19931
20 44 -0.78757 -2.44336
20 45 8.2361 3.22753
20 46 2.5749 3.19814
20 47 0.392848 -1.50406
20 48 2.89311 0.485802
20 49 5.05726 2.66331
20 50 -0.309354 2.77378
20 51 1.13014 1.19908
20 52 1.04172 0.419569
20 53 -0.534529 1.1412
20 54 0.470696 0.241755
20 55 -2.25932 -0.401887
20 56 3.88566 0.0330224
20 57 0.388878 0.187437
20 58 1.14712 -0.620303
20 59 -0.811856 -0.244179
20 61 -0.106883 -0.0171186
20 62 -0.755885 0.260122
20 63 -1.18981 0.623587
20 65 0.0737299 0.0343344
20 66 -0.625684 0.395366
21 33 5.40865 -1.20353
21 34 6.38602 3.40414
21 35 1.90136 -0.87363
21 36 6.35506 -2.5039
21 37 2.33178 1.77857
21 38 -2.59794 2.73073
21 39 6.45352 -0.33756
21 40 4.90401 1.64535
21 41 6.64414 -1.13882
21 42 5.02078 -4.40208
21 43 6.83006 2.49732
21 44 2.17416 2.28376
21 45 3.17683 4.14531
21 46 5.50145 3.832
21 47 5.18927 -1.70424
21 48 -2.28623 -3.51569
21 49 1.58827 1.34682
21 50 1.26186 0.7386
21 51 2.70562 -1.76056
21 52 0.145562 2.88016
21 53 0.402008 -1.16758
21 54 2.11278 1.22322
21 55 0.0170354 1.43052
21 56 -0.0152051 1.40776
21 57 0.105998 -0.193428
21 58 0.436679 0.292431
21 59 -0.395014 -0.0587258
21 60 1.93156 1.09274
21 61 -1.15746 0.428901
21 62 1.38802 2.01302
21 63 0.107836 0.515036
21 64 0.392458 0.215584
21 65 -0.584609 -0.191107
21 66 -1.57406 1.81641
22 33 1.82734 -0.445064
22 34 1.65011 0.504373
22 35 -1.61636 -0.538798
22 36 -5.13303 -2.21574
22 37 4.03379 1.5039
22 38 3.62995 -5.06028
22 39 5.73272 -6.67827
22 40 7.68636 1.6108
22 41 6.43477 -2.46155
22 42 5.77846 1.13613
22 43 3.31041 -0.248457
22 44 0.432569 5.5619
22 45 7.81732 2.68948
22 46 8.29635 -0.613215
22 47 2.72359 3.22642
22 48 0.552006 1.36149
22 49 5.15491 2.56681
22 50 0.320872 0.650159
22 51 0.652104 2.08045
22 52 -1.36951 -1.22189
22 53 1.55884 0.707305
22 54 0.142851 0.210611
22 55 -1.67111 1.1276
22 56 -1.3295 1.76096
22 57 -1.24435 0.786965
22 58 0.821489 1.65105
22 59 0.73881 -0.698615
22 60 -0.648769 -0.161733
22 61 1.295 1.0206
22 62 -0.0386316 0.616241
22 63 -0.287403 0.101614
22 64 -0.819116 -0.927903
22 66 -0.432396 -0.0748368
23 33 4.10752 -2.49202
23 34 2.48744 -3.71719
23 35 1.78477 2.99555
23 36 8.83262 0.872131
23 37 7.03777 -1.40496
23 38 13.8837 -0.421747
23 39 8.53918 0.827273
23 40 3.08125 -5.45518
23 41 6.64921 1.20284
23 42 3.81982 2.90841
23 43 0.585202 2.87942
23 44 -0.398479 -1.87294
23 45 2.32264 1.49521
23 46 0.321717 4.21386
23 47 -0.559176 3.05585
23 48 3.11117 1.78973
23 49 -1.66661 1.26388
23 50 -0.123153 0.860818
23 51 -0.508124 0.956379
23 52 -1.13811 -1.69445
23 53 1.20473 0.172262
23 54 0.0528936 -2.17993
23 55 0.338036 0.508235
23 56 0.314761 -0.311102
23 57 0.419466 -0.0774242
23 58 1.43654 -0.0582075
23 59 0.11476 -0.0283354
23 60 0.00644826 -0.0617672
23 61 -2.56599 -0.493836
23 62 0.316244 0.161999
23 63 -0.588866 1.06819
23 64 -0.108814 0.0584134
23 65 -0.125073 0.0533884
23 66 -0.171173 0.246078
24 33 1.19563 -0.206136
24 34 0.876245 -2.03649
24 35 1.87512 3.97166
24 36 10.9625 -2.9994
24 37 2.00712 2.47779
24 38 7.45595 -1.3292
24 39 1.15041 2.94424
24 40 -1.64125 0.787445
24 41 6.59523 -1.68217
24 42 -0.140733 5.16417
24 43 6.37212 2.45945
24 44 -3.06829 -0.138032
24 45 5.95836 -6.02921
24 46 -0.734301 -2.23267
24 47 -1.82366 2.09966
24 48 4.07494 4.58572
24 49 1.09663 2.18976
24 50 -0.10327 3.06794
24 51 -1.72654 -0.460281
24 52 -0.282907 -0.385482
24 53 0.79617 -0.0518173
24 54 1.98013 1.91845
24 55 0.0133319 0.939719
24 56 0.593098 -0.490234
24 57 0.567702 0.537175
24 58 0.123394 -0.296339
24 59 0.00489372 0.0134914
24 60 0.342312 -0.110203
24 61 -0.281139 -0.19526
24 62 -0.0429399 0.184975
24 63 0.525334 0.656379
24 65 0.449933 0.138711
24 66 0.462241 0.360257
25 33 1.38485 -1.47027
25 34 2.12129 -2.25845
25 35 9.84773 -5.75103
25 36 6.654 -2.99476
25 37 9.59309 3.91935
25 38 4.6176 -2.91799
25 39 -1.1569 0.686561
25 40 8.68179 2.90675
25 41 1.85941 4.57162
25 42 5.82259 7.54891
25 43 1.6345 2.82427
25 44 8.15418 4.00072
25 45 1.00102 4.55822
25 46 -0.111047 -2.50419
25 47 5.27332 5.51515
25 48 -3.49142 2.50872
25 49 1.08705 -0.317372
25 50 1.4345 0.357728
25 51 -0.527548 -0.323999
25 52 3.24874 0.750767
25 53 -0.100161 0.331878
25 54 -0.709784 0.460905
25 55 0.0820899 -1.06568
25 56 -0.0299149 -0.0298244
25 57 1.72717 -0.155318
25 58 -0.00539028 -0.168143
25 59 0.412833 -0.298525
25 60 -3.61644 1.21052
25 61 0.192411 0.569716
25 62 0.795731 0.349561
25 63 -0.732453 -0.221782
25 64 0.781406 0.473256
25 65 0.78908 0.367752
25 66 -0.335099 1.4405
26 33 2.50944 -2.35125
26 34 -3.32524 -2.39863
26 35 7.83324 -1.0669
26 36 4.26995 -2.59409
26 37 3.19837 -7.15116
26 38 3.90936 -1.29712
26 39 7.53746 1.5745
26 40 3.08825 0.722463
26 41 2.56663 -0.624857
26 42 1.53444 3.2139
26 43 3.68331 -1.52037
26 44 7.21806 3.25912
26 45 3.98318 -1.93835
26 46 4.42623 2.35723
26 47 2.80848 0.838678
26 48 2.737 0.231456
26 49 2.90932 0.912268
26 50 0.130086 1.94526
26 51 -1.10841 1.95273
26 52 0.129894 0.0291507
26 53 -1.29575 1.41036
26 54 4.17035 0.0902366
26 55 0.786229 0.411696
26 56 -1.49463 2.39297
26 57 0.0566178 -0.906083
26 58 0.350525 0.0123985
26 59 1.00769 0.353548
26 61 0.738665 0.676598
26 62 0.0597028 0.0760347
26 64 0.318111 1.00782
26 65 -1.3126 -0.229702
26 66 -0.0879462 0.483266
27 33 3.80182 -2.27793
27 34 7.91496 -4.69557
27 35 3.12801 -4.31945
27 36 -1.49837 -0.255897
27 37 2.04777 3.67669
27 38 11.5107 -3.90053
27 39 3.6888 -5.90902
27 40 5.11176 -1.8989
27 41 4.81814 1.49887
27 42 2.89854 1.96495
27 43 16.246 4.68749
27 44 0.805211 0.552473
27 45 5.65595 -1.78197
27 46 1.4442 2.93378
27 47 -1.40665 1.4738
27 48 3.58915 1.6451
27 49 -2.35517 5.42376
27 50 2.64623 -0.369521
27 51 0.654431 0.439592
27 52 -2.14547 1.38977
27 53 -3.5965 0.923073
27 54 -0.900946 -0.977932
27 55 -1.04485 0.600884
27 56 -0.829778 0.780917
27 57 -0.67596 -0.622067
27 58 -0.435747 0.648811
27 59 1.10161 -1.35241
27 60 -1.29266 1.75918
27 61 0.763776 1.35244
27 63 0.589294 0.120062
27 64 0.181548 0.175164
27 65 0.139363 1.67432
27 66 0.319463 -0.380815
28 33 3.30853 -1.28984
28 34 8.75383 -3.81029
28 35 4.24465 -3.25094
28 36 1.68466 1.59042
28 37 10.6248 -4.96556
28 38 10.2203 5.61916
28 39 7.65427 3.82039
28 40 5.99101 -5.45796
28 41 2.22304 4.69397
28 42 7.53902 1.94043
28 43 6.2879 4.77752
28 44 4.10861 0.407037
28 45 3.69976 0.857904
28 46 5.72487 3.05479
28 47 2.41244 2.17158
28 48 2.29982 6.56264
28 49 -0.442107 -0.198083
28 50 -0.302531 1.72327
28 51 -2.09121 -0.528347
28 52 -0.0627662 2.02876
28 53 0.47112 1.04053
28 54 -0.851765 0.0912086
28 55 3.20176 -0.871272
28 56 1.36668 -0.219501
28 57 -0.497723 -0.151985
28 58 -0.665455 1.55901
28 59 -0.1001 0.530777
28 60 0.34994 1.39684
28 61 -0.737301 0.984985
28 62 0.469115 0.736622
28 63 0.395245 -0.605065
28 64 0.867228 -0.913034
28 65 -0.300169 0.315486
28 66 0.197727 0.31244
29 33 2.51145 -2.49749
29 34 2.27995 -4.26023
29 35 5.57603 -4.28612
29 36 6.36883 -4.48044
29 37 5.54755 2.41126
29 38 1.16251 1.50262
29 39 9.27676 3.1213
29 40 12.3545 -2.07823
29 41 4.89536 -0.713941
29 42 0.31736 -2.83079
29 43 10.7318 1.13465
29 44 3.60342 2.23157
29 45 4.14759 -2.7122
29 46 2.09833 2.17145
29 47 6.39966 3.75565
29 48 4.51916 2.22795
29 49 -1.39876 -0.0584667
29 50 -1.17299 0.90755
29 51 1.20186 2.62807
29 52 1.15422 -0.390633
29 53 -0.235803 0.974621
29 54 1.60166 2.24798
29 55 -0.242236 1.83042
29 56 1.2054 -0.605653
29 57 0.443724 0.0499177
29 58 -1.07316 0.0625376
29 59 0.842832 0.108643
29 60 -0.400291 0.703006
29 61 1.69713 -0.16937
29 62 -0.0412921 0.421482
29 63 1.48655 0.526891
29 64 -0.824305 -0.375248
29 65 0.287682 0.508162
29 66 -0.0041197 0.00211608
30 33 1.88318 2.2493
30 34 0.623577 -1.92191
30 35 -2.21566 2.59353
30 36 8.05738 0.531436
30 37 3.49071 -4.04131
30 38 11.332 -2.70649
30 39 -1.17053 1.5413
30 40 6.58222 -2.26897
30 41 4.82206 1.03102
30 42 7.85572 2.14908
30 43 0.378804 4.55123
30 44 -0.690347 0.558227
30 45 6.55566 3.36875
30 46 5.11797 2.54133
30 47 7.19101 0.240088
30 48 -1.76491 1.99387
30 49 -0.955213 0.944047
30 50 0.425592 2.97051
30 51 -0.963538 0.524383
30 52 1.27712 2.51421
30 53 1.02764 2.12995
30 54 2.19962 -0.899968
30 55 1.28348 -0.193357
30 56 0.749912 -0.352141
30 57 0.358585 0.273028
30 58 0.613587 2.07678
30 59 0.664421 -0.347707
30 60 0.142416 0.0482609
30 61 -0.247168 1.34408
30 62 -0.331524 1.79765
30 63 1.73288 0.473802
30 64 0.0283231 0.285918
30 65 0.409932 0.580875
31 33 1.61851 -1.64989
31 34 7.98288 -0.416103
31 35 5.3733 -4.88875
31 36 0.972354 3.57797
31 37 5.39889 -0.585321
31 38 2.2492 5.42329
31 39 4.53823 0.971129
31 40 3.41099 0.449666
31 41 11.0875 1.10071
31 42 16.0751 1.25587
31 43 5.67111 3.91126
31 44 1.77448 -1.7551
31 45 -2.56659 -3.05176
31 46 1.72442 -0.682074
31 47 2.19733 1.22389
31 48 -2.39373 2.29355
31 49 2.80863 1.53742
31 50 0.423169 -0.162724
31 51 -0.0276797 0.031855
31 52 1.06702 1.53945
31 53 1.71073 0.528289
31 54 1.37302 2.36007
31 55 -0.527299 0.554475
31 56 -0.625723 0.945276
31 57 -0.0778483 0.0346343
31 58 1.22089 0.844031
31 59 -0.336832 -0.245898
31 60 -0.404689 0.00269736
31 61 0.494809 -0.410629
31 62 -2.47706 -0.0328511
31 63 0.457782 0.154024
31 64 -0.950513 -0.594902
31 65 -0.402342 0.79552
32 33 2.94037 -2.32323
32 34 8.76782 1.47149
32 35 3.60655 -1.52751
32 36 1.70883 1.23953
32 37 6.75332 -1.39092
32 38 -0.581672 6.1822
32 39 0.118227 3.91213
32 40 -3.83499 -2.50523
32 41 4.21678 9.84115
32 42 -4.44395 -2.9779
32 43 6.75037 -0.652993
32 44 0.120064 1.43905
32 45 1.26953 1.09377
32 46 3.78015 4.1948
32 47 -0.0775195 2.93334
32 48 4.88336 0.754646
32 49 -0.253632 -1.44521
32 50 2.22723 -0.74364
32 51 0.312786 0.929818
32 52 0.409131 2.35352
32 53 5.26261 4.0918
32 54 1.1359 -0.0312848
32 55 5.17222 -1.2296
32 56 0.0945363 0.453763
32 58 -0.435855 1.3206
32 59 1.01979 1.17689
32 60 -0.864267 -0.549149
32 61 0.597867 -0.440262
32 62 1.48625 0.175448
32 63 0.310681 -0.496594
32 64 -1.22189 0.425075
32 66 -0.135967 -0.308948
33 33 0.537088 -0.366216
33 34 2.17453 2.56485
33 35 -1.0782 1.47392
33 36 3.0789 -0.511206
33 37 2.46687 1.9885
33 38 8.54147 -1.86557
33 39 8.15337 -2.60013
33 40 4.48526 -2.13356
33 41 5.28937 0.751174
33 42 1.20333 -0.294018
33 43 -1.23368 1.38546
33 44 4.17124 1.49074
33 45 3.07275 2.02182
33 46 3.8209 2.08642
33 47 2.8579 1.86719
33 48 -0.382909 3.0317
33 49 3.15211 -1.90277
33 50 2.30492 -0.62794
33 51 -1.10525 2.12616
33 52 -1.03174 1.54147
33 53 0.217735 0.69902
33 54 4.17761 1.60873
33 55 -0.935654 -1.85737
33 56 0.227494 1.82415
33 57 -0.240976 -0.0281357
33 58 0.35789 -0.661421
33 59 -0.386673 0.483623
33 60 0.284161 0.261462
33 61 -1.14454 -0.601041
33 62 -1.12418 -0.412508
33 63 0.745402 0.578989
33 64 -0.0214439 -0.330126
33 65 -1.46325 0.167837
33 66 -0.274487 0.0328238
34 33 3.34754 -0.187654
34 34 1.42578 -5.59262
34 35 8.36318 -2.07531
34 36 6.03698 -0.985478
34 37 5.46009 1.23032
34 38 -5.41213 3.95594
34 39 11.8276 -3.90739
34 40 -2.14665 3.03935
34 41 2.36901 2.28063
34 42 2.80443 -2.52193
34 43 6.4917 6.79513
34 44 1.23521 0.135616
34 45 8.25334 -0.177364
34 46 -1.65203 1.70671
34 47 0.527718 1.97291
34 48 3.66855 6.82702
34 49 2.62831 -2.31648
34 50 -0.698602 1.91043
34 51 0.351982 0.344895
34 52 0.95993 -1.70882
34 53 0.965413 1.41886
34 54 0.748208 -0.0603339
34 55 -0.311862 0.348103
34 56 -0.702042 0.524212
34 57 0.275544 0.262658
34 58 0.858178 0.76816
34 59 0.52614 0.924839
34 60 2.22145 -0.437356
34 61 0.467274 0.980522
34 62 0.40072 0.539538
34 63 -0.595222 -0.255896
34 64 0.494354 0.216109
34 66 0.0244599 -0.0399838
35 33 4.22376 -2.74224
35 34 2.02166 -1.99035
35 35 8.83198 -5.45648
35 36 2.22393 -3.00205
35 37 4.04733 -0.770398
35 38 9.61366 -0.579585
35 39 0.65249 1.90329
35 40 -0.110017 0.189977
35 41 4.39587 -0.966294
35 42 3.11878 -3.3813
35 43 3.45023 3.4859
35 44 6.60238 5.08536
35 45 2.08857 1.2579
35 46 4.24604 -0.264619
35 47 1.9863 2.18508
35 48 -0.49368 -2.13847
35 49 0.0115281 -1.75417
35 50 -1.34058 0.0690286
35 51 1.79075 1.31115
35 52 0.221463 -0.842718
35 53 0.31129 2.1621
35 54 0.0503727 1.63842
35 55 2.13755 0.0394748
35 56 1.61119 -1.08434
35 57 -1.48774 -0.149273
35 58 -0.150541 0.10009
35 59 1.23241 0.0277646
35 60 -0.903321 -0.383123
35 61 0.115979 0.597116
35 62 0.704893 -0.723441
35 63 -1.27875 0.2029
35 64 0.251703 0.365308
35 65 0.242065 0.304235
35 66 -0.148928 -0.0599294
36 33 2.4685 -0.0904431
36 34 -0.104999 -1.72516
36 35 0.121082 0.723513
36 36 5.04512 -5.73166
36 37 6.1032 -2.84231
36 38 5.85444 0.864934
36 39 0.830319 3.0495
36 40 2.94015 -0.239134
36 41 10.9835 -0.708442
36 42 11.3601 -0.197085
36 43 2.43329 1.09265
36 44 -0.255634 -3.37593
36 45 -6.38656 0.230592
36 46 4.8602 0.330582
36 47 1.96227 2.53956
36 48 3.76113 2.75727
36 49 -0.776103 1.63846
36 50 0.468313 2.66822
36 51 -1.19673 1.7543
36 52 2.63766 1.14525
36 53 0.918537 -0.130038
36 54 0.158487 -0.272239
36 55 0.887408 0.496724
36 56 2.39015 -0.327175
36 57 1.76431 0.121035
36 58 0.428237 0.197242
36 59 -0.272979 0.21492
36 60 0.0318501 -0.141023
36 61 -0.55702 0.459906
36 62 -0.053126 0.0339944
36 63 0.40533 0.101995
36 64 0.254439 0.407107
36 65 -1.16926 1.02034
36 66 -0.16631 0.128725
37 33 4.2815 -0.55938
37 34 -0.0469404 0.0335163
37 35 -4.2667 -0.475109
37 36 1.57093 -3.1255
37 37 -3.70748 -1.30538
37 38 2.18957 -3.60319
37 39 5.29936 -0.466021
37 40 -4.5344 1.99914
37 41 6.12166 2.61275
37 42 10.3467 1.41846
37 43 3.74862 2.48176
37 44 3.95423 0.290447
37 45 4.83668 -1.54615
37 46 5.51902 2.61842
37 47 5.63513 -6.35363
37 48 -3.55774 1.17404
37 49 2.88097 0.322593
37 50 1.76888 -1.33223
37 51 -0.0751668 0.696221
37 52 -0.708775 2.95512
37 53 -0.965905 0.891827
37 54 1.11587 0.863761
37 55 -0.128423 -0.653678
37 56 -0.835838 -0.127737
37 57 2.35623 0.165568
37 58 0.296067 0.500878
37 59 0.772612 0.195568
37 60 -0.375952 -0.177001
37 61 -2.16857 1.69318
37 63 -0.538014 -0.0470063
37 64 0.424984 0.488318
37 65 -0.122901 0.0874751
37 66 -0.673449 -0.285341
38 33 2.06666 0.0677299
38 34 3.99391 -0.688052
38 35 -1.10881 -3.24342
38 36 7.32869 -1.21291
38 37 4.43486 -0.776232
38 38 9.55703 -3.28597
38 39 4.28522 -0.136954
38 40 4.81028 -0.0141368
38 41 3.65867 3.00845
38 42 2.39672 -1.15051
38 43 10.5361 1.59167
38 44 7.14866 2.49683
38 45 -0.0558444 2.60664
38 46 1.24765 -1.83452
38 47 -1.92531 -2.80415
38 48 3.75133 -2.17948
38 49 2.08907 0.364288
38 50 0.715958 1.03322
38 51 -2.24216 0.994828
38 52 -1.35566 1.62673
38 53 1.48462 0.405202
38 54 -1.03789 -1.58877
38 55 0.278645 0.472291
38 56 0.796792 1.04033
38 57 -1.9212 1.00348
38 58 1.22721 -0.854965
38 59 0.00347807 0.0404129
38 60 -0.00198374 0.0679884
38 61 -0.323892 -0.125491
38 63 0.308381 -0.167545
38 64 -0.398627 0.00936582
38 65 0.234387 0.270861
38 66 -0.0114444 0.21391
39 33 2.95459 -1.02701
39 34 -0.741692 -2.34367
39 35 4.40371 -1.35606
39 36 5.30901 -2.15871
39 37 2.793 -1.43807
39 38 4.95961 -0.194132
39 39 6.57464 1.69827
39 40 3.64688 4.5972
39 41 1.25143 0.828036
39 42 1.63019 -0.201978
39 43 -1.08297 5.52951
39 44 5.57516 -2.01605
39 45 4.42672 1.37476
39 46 5.75402 -0.965987
39 47 2.62121 2.27773
39 48 -3.76609 0.671718
39 49 1.06577 4.40158
39 50 -1.34501 -1.49937
39 51 0.606774 1.73785
39 52 -0.145152 2.13013
39 53 -0.540833 -1.47823
39 54 2.21335 -0.473005
39 55 2.28263 1.82185
39 56 -0.415998 0.330163
39 57 0.611412 0.116556
39 58 0.444744 1.36667
39 59 -0.485967 -0.00620594
39 60 0.510454 -0.380699
39 61 -1.42095 0.867625
39 62 -0.603809 0.0674442
39 63 0.464867 -0.194772
39 64 -0.758275 0.635662
39 66 0.135336 0.257745
40 33 2.70413 -3.26453
40 34 4.21078 -0.282596
40 35 5.02805 -2.31287
40 36 -4.29598 0.946452
40 37 1.27912 -1.07599
40 38 12.1437 -1.71828
40 39 1.33242 -0.55394
40 40 -1.94494 3.24432
40 41 3.19722 -2.67539
40 42 1.87533 -0.0717395
40 43 1.94076 4.19651
40 44 8.14908 2.61638
40 45 4.70368 6.47052
40 46 9.71314 2.94182
40 47 0.219597 0.458164
40 48 1.87912 -0.87273
40 49 2.36 0.753222
40 50 0.0230293 0.0733091
40 51 -0.930366 -1.26343
40 52 1.00447 -1.36377
40 53 -0.26992 1.5939
40 54 2.34331 1.50857
40 55 1.58292 0.286375
40 56 0.715494 0.154304
40 57 0.207188 -0.366287
40 58 -0.39749 1.30287
40 59 0.00623447 -1.25895
40 60 0.57496 -0.288276
40 61 0.519793 0.570261
40 62 3.05449 2.30878
40 63 -2.60032 0.951405
40 64 -0.647381 -0.59168
40 65 1.46086 0.0145883
41 33 0.546896 -0.624892
41 34 4.25514 1.6709
41 35 7.24599 0.497206
41 36 1.38456 -5.30158
41 37 1.55621 -1.09003
41 38 5.10519 6.65906
41 39 7.7458 1.83739
41 40 5.23536 2.17767
41 41 2.65146 -1.29438
41 42 8.8973 1.63907
41 43 2.65145 0.932382
41 44 7.06692 2.63381
41 45 1.15889 2.39058
41 46 3.57464 0.391508
41 47 3.42611 3.29162
41 48 0.573069 1.66397
41 49 -1.77989 1.42165
41 50 1.07913 1.83595
41 51 -2.34528 -0.703081
41 52 -1.60582 0.315339
41 53 2.86044 -0.855385
41 54 -1.1293 -1.57892
41 55 2.85471 2.26933
41 56 1.20382 1.16234
41 57 0.0571813 -0.533597
41 58 2.09426 -0.0986346
41 59 0.201889 0.263028
41 60 0.188954 0.79599
41 61 -0.16187 -0.621201
41 62 0.263745 0.574086
41 63 -0.0223773 -0.807875
41 64 -0.19011 0.15431
41 65 -0.264534 0.405301
42 33 -1.44542 -2.68531
42 34 4.85258 -1.61165
42 35 4.04334 1.97379
42 36 -0.4698 -1.28655
42 37 5.96656 -1.78171
42 38 0.331099 3.09298
42 39 4.8246 2.19763
42 40 3.38801 -2.76008
42 41 6.08134 -3.29057
42 42 2.06798 1.13852
42 43 6.37495 1.77379
42 44 8.06622 0.140933
42 45 8.97994 3.45374
42 46 0.407202 -2.3366
42 47 1.46681 1.49588
42 48 -2.85738 1.82838
42 49 -0.772456 0.257624
42 50 0.16913 0.212998
42 51 0.0772817 -0.312149
42 52 -1.29081 1.54413
42 53 -2.32307 1.72009
42 54 -1.0268 0.170016
42 55 3.14328 -1.33137
42 56 -0.677409 -0.723613
42 57 -2.25968 0.0374949
42 58 -0.829021 -1.01386
42 59 -0.248635 0.302165
42 60 0.710005 -0.688046
42 61 -0.626889 0.58063
42 62 1.52314 0.878287
42 63 -1.20756 0.429596
42 64 -0.249069 -0.101464
42 65 -0.107226 -0.0768192
42 66 -0.300766 -0.208069
43 33 1.91353 -1.15879
43 34 2.69678 -1.90984
43 35 -0.462923 0.397711
43 36 7.35082 -2.88051
43 37 1.558 -1.73196
43 38 4.29543 -1.60807
43 39 0.621289 3.73799
43 40 -3.47262 2.51223
43 41 4.42412 1.83658
43 42 5.49693 2.47321
43 43 9.7742 4.04785
43 44 4.04905 1.11985
43 45 7.85812 2.17294
43 46 7.71442 1.26617
43 47 5.89499 -2.55549
43 48 2.78217 -3.06147
43 49 -0.52278 4.23225
43 50 1.18405 1.70306
43 51 1.34912 0.670525
43 52 1.55202 0.396367
43 53 3.10429 1.57495
43 54 1.06997 -2.60858
43 55 0.158792 -0.251008
43 56 -1.66655 0.540472
43 57 0.407524 0.282307
43 58 -0.500636 -0.509127
43 59 -0.0171046 -1.16217
43 60 0.240337 -0.492326
43 61 -2.0319 1.29156
43 62 0.950475 0.37382
43 63 -0.834607 1.01661
43 65 -0.0616427 0.171446
43 66 -0.12263 0.0217433
44 33 3.72542 -2.89291
44 34 0.36412 0.770603
44 35 2.21727 0.989509
44 36 6.47604 -0.844682
44 37 2.38798 2.42225
44 38 -1.58803 -3.95545
44 39 -0.174421 1.29592
44 40 6.75609 2.55465
44 41 5.73332 0.898867
44 42 6.38665 1.01078
44 43 3.67378 3.50188
44 44 7.95829 -0.791468
44 45 4.273 3.26338
44 46 0.394584 3.52818
44 47 -0.503461 0.411375
44 48 1.00716 2.22702
44 49 1.43689 0.215829
44 50 4.98446 -1.57403
44 51 -0.319111 -1.28308
44 52 -0.683953 -0.135563
44 53 -1.59883 -1.61127
44 54 -3.14459 0.526434
44 55 0.431086 0.589208
44 56 -0.0327871 -0.0634901
44 57 -0.120222 -0.806985
44 58 0.65473 0.073307
44 59 0.802352 0.538205
44 60 1.1993 -0.204432
44 61 1.60704 1.67682
44 62 -0.0603919 0.239191
44 63 -0.644488 1.35518
44 64 -0.099232 -0.274703
44 65 -0.204799 0.164883
44 66 -0.0993089 -0.110189
45 33 4.71764 -0.186196
45 34 0.776859 -1.37813
45 35 5.78792 0.631012
45 36 -0.122028 -0.523277
45 37 -1.18291 0.32886
45 38 -2.74058 1.59693
45 39 -0.509934 1.89246
45 40 13.2801 -0.439832
45 41 6.37198 -2.06384
45 42 2.50573 -0.345577
45 43 5.6714 -2.52745
45 44 7.87551 -2.21766
45 45 -4.70844 1.20569
45 46 6.60739 1.30134
45 47 0.936199 2.10083
45 48 3.13585 4.01282
45 49 -4.89191 2.33415
45 50 2.90377 -2.35186
45 51 5.32486 0.718751
45 52 2.27114 1.06074
45 53 -0.258425 1.90314
45 54 3.24275 0.230484
45 55 0.801965 0.567906
45 56 1.83833 -0.44631
45 57 1.1549 0.370651
45 58 -0.42941 0.724657
45 59 1.47762 1.13451
45 60 -0.664142 -0.417982
45 61 -0.25887 -0.0803631
45 62 -0.270697 0.316287
45 63 -0.0407008 0.437751
45 64 -0.00985451 0.00846179
45 65 0.292001 0.28877
45 66 -0.342234 0.341091
46 33 2.91685 0.115584
46 34 0.138824 -4.03572
46 35 0.535621 -0.411449
46 36 -0.169488 -1.26948
46 37 -4.3686 -0.260197
46 38 3.4086 4.58409
46 39 1.8754 0.486537
46 40 0.707457 5.76239
46 41 10.4625 3.58434
46 42 0.168398 5.34363
46 43 7.19341 0.337556
46 44 5.22698 -1.34631
46 45 2.48472 -1.90062
46 46 -1.75074 -0.664209
46 47 -2.75812 0.300357
46 48 5.70484 3.19589
46 49 0.634208 1.40181
46 50 -2.69813 3.70527
46 51 2.90365 -0.480283
46 52 1.95436 -0.960196
46 53 0.426274 0.357448
46 54 3.43397 -0.372463
46 55 0.626767 1.07925
46 56 0.464249 -0.899891
46 57 -1.39337 -1.31718
46 58 0.483015 -0.0137933
46 59 1.12764 0.787621
46 60 -1.53393 -0.672761
46 61 -0.276886 -0.213001
46 62 0.0733446 1.91801
46 63 -0.00775785 0.156674
46 64 0.12119 0.630801
46 65 0.0338188 -0.0126498
47 33 4.54537 -0.143793
47 34 1.86975 -3.27212
47 35 -2.35369 1.6743
47 36 -0.177319 -3.19486
47 37 5.9383 -3.87088
47 38 0.0239587 -1.58717
47 39 3.08233 2.35252
47 40 4.26829 -0.893487
47 41 6.64567 2.1215
47 42 1.85262 -1.90877
47 43 3.38555 -3.27001
47 44 0.890815 -0.445856
47 45 1.21521 2.80734
47 46 10.3911 3.51499
47 47 -3.34283 1.62842
47 48 0.828735 1.58831
47 49 2.47801 0.770982
47 50 -1.14484 2.35809
47 51 2.78636 1.66875
47 52 -1.65365 0.600242
47 53 -0.0245912 -0.208608
47 54 1.51402 -1.14275
47 55 0.487889 0.832777
47 56 -0.522219 1.8869
47 57 -0.54878 0.193195
47 58 0.638017 0.747231
47 59 -1.37438 -1.17173
47 60 0.831375 1.27537
47 61 0.862004 -1.41068
47 62 -0.384219 -0.0176502
47 63 -0.744542 0.192811
47 64 -0.748673 -0.501033
47 65 0.00903814 -0.00642124
47 66 -0.246064 1.03729
48 33 7.05695 -3.08408
48 34 1.39315 -0.561722
48 35 2.9587 -1.02798
48 36 4.51934 -1.4611
48 37 3.66477 3.09985
48 38 3.8232 -0.687689
48 39 -0.310114 2.15361
48 40 2.5173 1.66915
48 41 -1.82829 7.62397
48 42 2.22997 -2.32589
48 43 -0.173028 2.59011
48 44 10.2938 5.83339
48 45 -1.02176 0.638312
48 46 5.04757 1.92832
48 47 2.77721 1.81963
48 48 3.18002 0.306365
48 49 -0.998758 -1.38597
48 50 1.82569 0.433642
48 51 -0.540204 0.705612
48 52 2.5553 1.57341
48 53 0.572439 -1.3841
48 54 0.597681 -0.990889
48 55 0.29377 0.459104
48 56 -1.71677 -0.1487
48 57 1.69092 0.207398
48 58 0.471381 0.255293
48 59 0.343194 0.194227
48 60 0.498166 -0.161316
48 61 -0.0864076 0.0266189
48 62 -0.713795 0.315121
48 63 -0.902369 0.0040542
48 64 0.566453 0.380255
48 65 -0.448909 0.0686822
48 66 0.989613 1.07605
49 33 2.36281 -4.26741
49 34 1.5251 -1.65646
49 35 1.31145 0.357026
49 36 1.5556 0.221715
49 37 3.35626 -1.89935
49 38 1.15062 2.42194
49 39 6.45799 -4.93984
49 40 1.76735 -2.48246
49 41 0.657803 -0.223472
49 42 4.74164 0.464777
49 43 2.05294 1.41248
49 44 4.41741 5.65474
49 45 2.16399 2.75906
49 46 1.2733 -0.9124
49 47 -0.0433778 1.32425
49 48 -2.45353 1.3293
49 49 2.77144 -1.35181
49 50 0.187625 -0.923293
49 51 1.01628 0.105072
49 52 -0.374984 0.240966
49 53 2.32918 3.05622
49 54 0.373415 1.26942
49 55 -0.112921 -0.164692
49 56 -1.13114 -1.46574
49 57 1.41885 -0.363944
49 58 0.964168 2.21746
49 59 2.05521 0.887927
49 60 1.00896 0.132262
49 61 1.24177 -0.117644
49 62 1.32764 0.218736
49 63 -0.0394248 -1.07918
49 64 0.855838 -1.11588
49 65 0.172521 0.0262906
49 66 0.206162 0.886552
50 33 4.14905 -1.84567
50 34 2.22899 -2.96548
50 35 3.32551 -0.364669
50 36 1.66084 -2.04876
50 37 6.53995 -0.860279
50 38 -2.73389 -4.58552
50 39 2.21721 -2.24151
50 40 3.4828 6.06184
50 41 -0.44975 4.55728
50 42 2.29674 0.661138
50 43 1.76771 -2.24542
50 44 -0.818042 -0.294749
50 45 4.11918 1.57911
50 46 0.751904 0.827856
50 47 0.0134986 2.20717
50 48 5.5123 0.62207
50 49 0.541223 0.874488
50 50 2.17005 1.41998
50 51 2.55309 -0.553771
50 52 1.03373 3.86419
50 53 -4.01348 1.18244
50 54 1.66667 0.607213
50 55 -0.306177 3.2858
50 56 -0.292424 0.708703
50 57 2.08605 0.936964
50 58 0.902101 -0.0393248
50 59 0.557077 0.480407
50 60 -0.693438 0.547346
50 61 0.555095 -0.497788
50 62 -0.879438 -1.33587
50 63 -0.238705 0.193579
50 65 -0.478643 0.167282
50 66 0.0960664 0.289892
51 33 5.63401 -2.88998
51 34 1.51704 0.546461
51 35 7.04268 -0.653756
51 36 0.367989 0.175339
51 37 0.577454 4.85679
51 38 7.48989 -1.66464
51 39 4.74228 -1.14621
51 40 0.0509403 -0.0613209
51 41 3.35135 2.50205
51 42 3.6313 1.91802
51 43 2.27949 3.00135
51 44 -1.42055 2.28594
51 45 2.35255 3.6471
51 46 0.177349 3.19614
51 47 -1.52844 0.952571
51 48 -0.153738 6.50796
51 49 0.791191 0.723943
51 50 0.784467 -0.643393
51 51 -0.41125 0.820645
51 52 1.84234 1.21961
51 53 -0.427883 0.2754
51 54 2.86496 0.0883562
51 55 -1.37337 0.666644
51 56 -1.17641 0.668571
51 57 -0.156443 0.940743
51 58 0.0492246 -0.163256
51 59 -0.385466 1.53424
51 60 0.320941 0.677594
51 61 -0.365112 -0.412298
51 62 -0.581272 -0.138591
51 63 -0.49885 0.106449
51 64 0.284373 0.0938168
51 65 0.906231 0.64031
51 66 0.25285 0.183753
52 33 0.141877 -2.89103
52 34 0.562466 0.638713
52 35 3.46651 -0.914653
52 36 -3.34085 -0.593483
52 37 1.16629 -2.05453
52 38 1.9559 2.56579
52 39 1.88797 0.814505
52 40 -2.36855 0.44879
52 41 5.4573 0.162587
52 42 7.36196 -2.09493
52 43 -0.580445 1.40537
52 44 1.42523 2.32753
52 45 2.25181 -0.522486
52 46 -2.02965 2.36996
52 47 1.31046 0.903479
52 48 0.20785 1.64891
52 49 3.85638 5.59007
52 50 2.48521 0.751845
52 51 3.565 1.95639
52 52 -0.745917 0.827849
52 53 0.982034 -0.886086
52 54 -0.388944 -0.96166
52 55 0.109529 -0.0746538
52 56 0.520768 0.410535
52 57 -0.993385 -0.99596
52 58 -0.486844 -0.263686
52 59 -0.811075 1.02398
52 60 0.361734 0.321654
52 61 -0.397638 0.119025
52 62 -0.983511 0.560246
52 63 -0.00338552 0.00675844
52 64 0.760866 1.93691
52 65 -0.0333607 -0.023882
52 66 0.199313 -0.214386
53 33 1.26327 -0.51894
53 34 -0.20952 0.502539
53 35 3.56545 -0.690767
53 36 1.2409 -0.294533
53 37 -2.25743 0.437522
53 38 -0.099887 2.24673
53 39 2.65455 -1.52712
53 40 9.95901 -0.0680291
53 41 3.11005 -2.12019
53 42 2.58801 0.386527
53 43 9.47334 0.652874
53 44 3.50287 -1.16899
53 45 4.20684 0.742911
53 46 4.64096 -1.00732
53 47 1.13942 -2.5492
53 48 -4.44133 0.286371
53 49 0.992539 0.593878
53 50 -1.86576 -0.698678
53 51 1.15496 -1.39343
53 52 1.43423 -0.471689
53 53 1.27386 1.88943
53 54 -2.59202 0.512087
53 55 0.213802 -0.223556
53 56 -0.485116 0.229214
53 57 -0.0714485 -0.60495
53 58 -0.835382 1.38684
53 59 1.44056 -1.55542
53 60 -0.647602 0.986362
53 61 0.00282913 -3.12468e-05
53 62 0.703422 0.182708
53 63 0.452112 -0.198833
53 64 -1.10134 0.692539
53 65 0.0877422 0.0819474
53 66 -0.347951 0.605226
54 33 2.11899 -0.357661
54 34 3.45841 0.130071
54 35 0.441105 -1.93265
54 36 2.25397 -0.954499
54 37 4.66278 3.99878
54 38 1.90641 4.73564
54 39 4.9405 -2.212
54 40 -5.60273 1.97035
54 41 6.89511 1.7745
54 42 -0.756964 0.988936
54 43 -0.129436 1.15837
54 44 7.11925 1.96807
54 45 1.74985 1.16146
54 46 1.61411 1.05234
54 47 2.8434 0.190234
54 48 0.602722 -1.33669
54 49 1.04362 0.593354
54 50 -1.09209 4.82712
54 51 -2.07715 3.37019
54 52 1.23741 0.680287
54 53 1.75891 1.95378
54 54 0.872098 0.486458
54 55 -0.611006 -0.182901
54 56 -1.19977 -1.09941
54 57 -0.0653977 0.816363
54 58 0.24241 1.43574
54 59 2.4288 -0.0139581
54 60 -0.600097 0.399767
54 61 -1.15667 0.538486
54 62 2.3768 0.27139
54 63 1.4025 0.717324
54 64 -1.20979 -0.0864399
54 65 0.24961 0.0598859
54 66 0.0874153 0.266537
55 33 0.502012 0.121729
55 34 4.23204 -2.89783
55 35 3.91061 -0.648997
55 36 7.72135 -1.9945
55 37 -0.582242 -0.18606
55 38 5.0954 -1.20268
55 39 -4.31179 -8.20596
55 40 7.2864 -1.833
55 41 1.16277 0.248627
55 42 3.46387 1.66929
55 43 -2.61901 0.100165
55 44 7.94098 0.381811
55 45 3.40736 -0.730815
55 46 3.47137 -2.69271
55 47 1.42148 1.26978
55 48 2.39027 1.04428
55 49 -0.552525 0.149469
55 50 -0.528336 1.87311
55 51 2.6337 1.03901
55 52 3.1765 0.999603
55 53 0.582137 -0.984413
55 54 0.443734 1.29212
55 55 0.581741 -1.81206
55 56 -1.48485 -0.338941
55 57 0.42254 -0.392558
55 58 0.089884 0.141676
55 59 0.327077 1.77443
55 60 1.15388 0.0213385
55 61 -0.586924 0.577307
55 62 2.65401 2.03462
55 63 -0.51709 0.793308
55 64 -0.367349 0.896828
55 65 0.65309 -0.871788
55 66 -0.0887482 0.204894
56 33 0.787797 -1.95091
56 34 6.60863 -1.53589
56 35 -3.53885 1.28661
56 36 5.28936 0.118647
56 37 3.75515 -1.57225
56 38 4.30567 -0.953884
56 39 -1.43021 4.06469
56 40 5.83372 3.19818
56 41 2.38007 0.782113
56 42 6.29641 -5.80197
56 43 3.38137 1.39398
56 44 5.40888 -0.0675031
56 45 3.00287 0.350716
56 46 3.92132 0.0245956
56 47 3.96059 1.86851
56 48 3.62864 0.52191
56 49 1.81103 -2.83216
56 50 -1.96124 0.105442
56 51 1.82555 1.30045
56 52 0.249239 0.366997
56 53 -2.06719 0.0789922
56 54 0.0564174 0.0964995
56 55 1.89601 1.60921
56 56 -2.86702 3.61968
56 57 1.19684 0.462977
56 58 -0.890369 0.19798
56 59 0.224609 1.24379
56 60 -1.11697 2.01054
56 61 -0.893012 0.14246
56 62 -0.0770515 0.250587
56 63 -0.196995 0.245787
56 64 -0.179173 -0.0744927
56 65 0.543668 -0.145775
56 66 -0.191353 -0.0999083
57 33 2.61109 -1.43653
57 34 -0.507703 -1.23986
57 35 5.38662 0.70775
57 36 0.284119 0.160657
57 37 8.35991 -3.54059
57 38 2.776 -0.612117
57 39 6.12926 -4.145
57 40 -1.61558 5.76696
57 41 4.56741 -3.90846
57 42 7.23129 -0.630199
57 43 -0.369899 -1.12316
57 44 5.85967 -1.03353
57 45 1.50645 1.62983
57 46 2.78857 1.5845
57 47 1.22502 1.23182
57 48 4.36418 2.88477
57 49 3.72028 0.1628
57 50 0.695445 0.26147
57 51 -0.263286 1.37157
57 52 -1.51421 3.04986
57 53 -1.07399 2.55374
57 54 -0.956833 0.354004
57 55 -0.921216 -0.00774114
57 56 -0.403716 0.179493
57 57 -0.424253 0.185924
57 58 1.48039 0.675674
57 59 0.240049 0.814031
57 60 0.0347936 0.211287
57 61 -0.335645 -0.0613623
57 62 1.91972 1.09838
57 63 0.891616 -0.230934
57 65 -0.500586 1.7465
57 66 0.687392 0.838444
58 33 -0.103814 0.458853
58 34 0.5433 -0.746143
58 35 2.53052 -0.227462
58 36 7.78543 -0.172463
58 37 0.920807 -0.328866
58 38 6.2618 0.284247
58 39 1.44851 -3.30358
58 40 6.68657 -2.08249
58 41 3.11329 -2.16431
58 42 7.24308 -1.20153
58 43 4.01885 -2.63954
58 44 2.86858 1.27542
58 45 9.38192 3.28967
58 46 4.45915 3.137
58 47 -0.485356 1.19407
58 48 -1.93228 1.72
58 49 -0.336831 1.94823
58 50 -0.0975052 0.0564936
58 51 -1.63005 -1.54345
58 52 -0.587852 -0.425381
58 53 3.09009 0.737948
58 54 -0.206417 -0.90936
58 55 3.06174 0.379918
58 56 -0.0361503 -0.233096
58 57 -0.679374 -0.434581
58 58 -0.843573 1.12936
58 59 -0.721826 -0.724637
58 60 0.819005 -1.37213
58 61 -0.666897 0.340954
58 62 -0.504277 0.0781528
58 63 -0.209023 -0.554584
58 64 0.729492 0.025771
58 65 1.03421 -1.12235
58 66 0.465995 -0.265746
59 33 2.67542 -1.71526
59 34 1.12593 -3.86582
59 35 2.19536 1.85296
59 36 5.0659 -1.52748
59 37 3.56877 -4.50648
59 38 2.5092 -1.40948
59 39 2.80188 -0.205524
59 40 5.04305 0.158485
59 41 -0.877004 0.199982
59 42 3.93456 -2.57646
59 43 0.557523 0.0983686
59 44 4.37524 1.47406
59 45 4.16463 2.42468
59 46 0.552693 2.59674
59 47 -2.82709 2.50291
59 48 0.127988 2.8666
59 49 3.36002 0.730937
59 50 -1.18977 4.34577
59 51 2.7843 -1.07855
59 52 1.72076 2.29895
59 53 2.09397 5.21985
59 54 2.61082 1.11762
59 55 -2.11625 0.801088
59 56 -0.580498 -0.465003
59 57 -1.03558 -0.459302
59 58 1.96964 -0.14385
59 59 0.737142 0.708602
59 60 1.0884 -1.23959
59 61 0.262225 -0.78483
59 62 -1.01473 0.720416
59 63 -0.571884 0.172816
59 64 0.9734 -0.467299
59 65 0.840716 -0.108375
59 66 -0.338176 -0.214616
60 33 1.85684 -1.15469
60 34 4.58518 -1.18734
60 35 1.77278 -3.11685
60 36 10.2176 -2.85648
60 37 1.43507 0.233218
60 38 4.1951 -0.408181
60 39 6.43371 -0.941807
60 40 0.60323 -0.211841
60 41 0.30949 1.32963
60 42 7.79466 3.16194
60 43 8.01913 -0.937737
60 44 8.61906 -0.14842
60 45 3.04221 0.854606
60 46 1.45663 0.711328
60 47 2.75789 3.15373
60 48 -1.27897 2.69189
60 49 2.40533 0.402465
60 50 -1.46249 1.61445
60 51 -0.869538 -0.466255
60 52 -2.76294 -1.37609
60 53 1.33678 0.353988
60 54 -0.414746 -0.69756
60 55 -0.252556 0.408213
60 56 0.241737 0.0309677
60 57 -1.46743 1.85518
60 58 0.923649 0.666379
60 59 -0.591372 0.697443
60 60 -0.811286 0.373088
60 61 0.213453 -0.0341859
60 62 -1.03648 1.58722
60 63 0.342095 1.02469
60 64 -0.0820114 -0.540033
60 65 -0.352948 0.0141912
60 66 0.273615 0.218505
61 33 -0.639461 -0.438208
61 34 2.3075 -0.656573
61 35 0.102648 1.50384
61 36 3.54413 0.490992
61 37 -2.3283 1.66044
61 38 5.53146 -3.09657
61 39 1.01858 -0.181927
61 40 -0.713807 1.37111
61 41 3.38656 4.12572
61 42 1.91692 -0.540733
61 43 1.8585 -0.251317
61 44 3.29869 2.9946
61 45 1.00493 2.62177
61 46 2.10611 2.75683
61 47 4.10784 2.89527
61 48 6.44789 -0.41607
61 49 -0.661064 2.40575
61 50 -0.132029 -0.261804
61 51 -3.06034 2.3111
61 52 1.65069 1.89848
61 53 3.15835 -0.105001
61 54 0.411368 -0.453087
61 55 1.45229 -0.325551
61 56 -0.318671 0.437916
61 57 -2.84257 1.92634
61 58 -0.551745 -0.242649
61 59 -0.812097 0.126377
61 60 -1.11089 0.96964
61 61 0.14584 0.0209784
61 62 -1.18237 0.553194
61 63 2.58628 0.233715
61 64 1.03293 0.76994
61 65 0.178402 0.00991631
61 66 -0.0957921 0.39911
62 33 0.954335 -0.933566
62 34 0.482308 -3.90276
62 35 8.67279 2.64767
62 36 1.17385 -1.9628
62 37 1.5216 1.57122
62 38 1.70856 0.322868
62 39 5.39856 0.155187
62 40 1.52308 2.02314
62 41 -2.04367 -0.640462
62 42 -1.19879 -0.552017
62 43 6.67868 4.24903
62 44 6.33234 0.385478
62 45 1.47563 0.495976
62 46 -2.10458 1.25129
62 47 5.65938 -2.1576
62 48 2.70146 1.56374
62 49 2.77441 0.789892
62 50 2.73236 2.37094
62 51 3.88432 1.08092
62 52 -1.07492 -1.05307
62 53 -2.28008 2.19705
62 54 0.216164 0.425328
62 55 0.343946 -0.352717
62 56 -1.13337 -0.309679
62 57 -0.437017 0.160451
62 58 -0.0552448 -0.141969
62 59 1.78891 0.502241
62 60 -0.920433 2.12985
62 61 0.527101 0.0806648
62 62 -0.378836 0.915375
62 63 -0.510539 0.306039
62 64 0.46126 0.0501211
62 65 0.531186 -0.305908
62 66 0.427224 0.279769
63 33 1.6849 -1.53062
63 34 4.47054 -2.76559
63 35 2.59628 0.364053
63 36 0.95459 2.00001
63 37 3.00819 0.697464
63 38 3.81311 -0.0877607
63 39 2.99107 -0.319734
63 40 6.09804 -1.54921
63 41 3.89841 0.755143
63 42 3.81544 -2.77028
63 43 6.08094 1.83361
63 44 6.94941 0.900788
63 45 0.388891 -0.714752
63 46 -2.39035 -0.392596
63 47 2.53737 0.969554
63 48 3.16422 3.10546
63 49 1.83288 1.87485
63 50 -0.29221 0.860531
63 51 3.54844 1.50672
63 52 0.367572 -0.567018
63 53 -0.713673 0.0402921
63 54 -1.62878 -0.583952
63 55 1.66511 -0.277277
63 56 1.24752 0.0823671
63 57 0.690123 -0.424582
63 58 0.927137 0.665918
63 59 1.88241 0.0820743
63 60 0.394438 -0.0781419
63 61 1.09029 1.28554
63 62 -0.264618 -0.878569
63 63 0.0696812 1.29747
63 64 -0.144328 0.00345443
63 65 0.0872 -0.274999
63 66 0.177875 0.269041
64 33 1.283 0.726327
64 34 0.459441 -2.10668
64 35 3.13797 -1.11066
64 36 2.79524 -1.7634
64 37 4.89005 1.12491
64 38 4.04341 0.365773
64 39 0.87553 -2.01832
64 40 5.00805 2.29766
64 41 -0.756418 2.23792
64 42 3.46909 1.29246
64 43 0.460723 -1.839
64 44 2.96375 4.5382
64 45 0.913692 2.31659
64 46 1.41883 -0.962571
64 47 0.821046 0.865311
64 48 2.08281 2.84456
64 49 -0.530257 0.548033
64 50 2.57604 -0.759016
64 51 -0.02737 1.92703
64 52 -0.845591 -0.806945
64 53 1.25353 -0.582468
64 54 -0.920988 1.40403
64 55 0.535687 0.706362
64 56 0.343997 0.461526
64 57 1.45245 -0.0231534
64 58 0.761826 0.212514
64 59 0.418249 1.23094
64 60 -0.00760471 0.190601
64 61 0.983918 0.257433
64 62 1.82664 1.60637
64 63 0.452454 -0.303942
64 65 -0.143625 0.458928
64 66 0.494113 0.181303
65 33 1.50623 -1.43045
65 34 7.37101 -1.11853
65 35 5.41172 -2.37436
65 36 0.229374 0.497954
65 37 3.22271 2.32218
65 38 3.40862 -0.456035
65 39 3.99266 -0.246159
65 40 5.99878 0.249739
65 41 3.82681 0.702345
65 42 3.07667 -0.915946
65 43 3.5584 0.455574
65 44 1.23889 -1.17162
65 45 1.2938 -0.914282
65 46 0.21502 0.337208
65 47 1.38176 1.78703
65 48 3.55742 2.44987
65 49 2.50671 1.65636
65 50 3.26051 1.11712
65 51 1.23905 0.781158
65 52 0.223637 1.63864
65 53 1.97822 1.46501
65 54 2.29827 1.20659
65 55 1.40067 1.25696
65 56 0.592971 -0.56953
65 57 0.319632 -0.132463
65 58 0.39205 -0.0742351
65 59 1.20395 1.45818
65 60 0.886335 0.710802
65 61 0.384409 0.401219
65 62 1.048 -0.441876
65 63 0.0953899 -0.0483182
65 65 -0.552831 -0.387776
65 66 0.558567 -0.233479
66 33 3.08956 -1.45789
66 34 5.22248 -1.6692
66 35 2.77967 -1.15621
66 36 3.72966 0.55372
66 37 4.45847 -0.62136
66 38 5.60592 -0.142755
66 39 5.04166 2.68367
66 40 4.42167 1.62993
66 41 4.37148 -0.748524
66 42 5.4824 -0.234461
66 43 4.48767 -0.569545
66 44 2.96279 0.987077
66 45 3.8326 0.474999
66 46 3.43223 0.0743529
66 47 4.64594 -0.12051
66 48 0.525245 0.926285
66 49 2.95071 2.88806
66 50 4.02377 1.63727
66 51 0.46387 0.646687
66 52 1.66529 1.69873
66 53 2.51743 0.309108
66 54 2.43477 -0.247199
66 55 3.49916 0.940733
66 56 0.274379 1.12679
66 57 0.658423 -0.123745
66 58 0.0275424 0.324365
66 59 0.958422 0.336499
66 60 0.131499 0.0955287
66 61 0.684991 0.419427
66 62 0.613535 -0.178825
66 63 0.0681636 0.184016
66 64 0.047539 0.0948038
66 65 0.171379 0.198697
66 66 0.247064 0.244852
