0 34 4.013e-05 3.98874e-05
0 35 -1.25609e-06 -6.30632e-07
0 45 -5.84446e-05 -2.36759e-05
0 46 4.02914e-05 1.22946e-05
1 37 -0.000213146 0.000254013
1 41 -3.03577e-05 6.21042e-05
1 42 0.000169403 0.000132239
1 43 -0.000249979 0.000142367
1 46 -0.000130418 8.40135e-05
1 58 -8.42227e-05 -4.58798e-05
2 33 -2.23368e-05 -3.52385e-05
2 34 -1.26909e-05 2.37423e-06
2 35 3.34497e-06 2.01982e-06
2 36 -5.20559e-05 4.39448e-05
2 38 0.00011928 -8.7774e-05
2 39 -1.60484e-05 1.03684e-05
2 46 8.06848e-05 4.92799e-05
2 47 -0.000123341 -5.80522e-05
3 34 8.26293e-05 -0.000157542
3 35 -0.000545812 6.97655e-05
3 36 -0.000213162 0.000187006
3 37 5.87618e-05 0.000180592
3 38 -4.22322e-05 -2.12956e-05
3 39 -0.000139072 4.81019e-05
3 40 9.01999e-05 9.014e-05
3 41 0.000128482 -0.000153879
3 42 -1.36802e-05 -3.43775e-05
3 43 0.000219855 -0.000183013
3 45 0.000281727 0.000804112
3 48 -0.000119069 -0.000118818
3 56 -6.46555e-05 -4.45723e-05
3 64 5.40774e-05 0.000365923
4 33 3.94481e-05 8.4099e-06
4 34 0.000357911 -0.000206995
4 35 0.00082611 -0.000280947
4 36 0.000586147 -0.00072888
4 37 -6.91301e-05 -0.000176461
4 38 0.000101746 0.000345932
4 39 -0.000105378 0.000147255
4 40 9.56687e-05 -0.00024535
4 41 3.76915e-05 -0.000115297
4 42 1.91936e-05 -0.000120201
4 43 0.000155173 0.000199895
4 44 3.84036e-05 -1.50585e-05
4 46 0.000281643 0.000253134
4 48 -4.16233e-06 -2.38844e-06
4 52 0.000322751 0.000329497
5 34 8.53457e-05 -0.000135533
5 35 0.000359268 0.000100655
5 36 -8.2185e-05 -4.21748e-05
5 37 -1.66659e-06 0.000422836
5 39 0.00091217 0.000544174
5 40 0.000280319 2.62914e-05
5 41 0.00010048 -0.000187061
5 42 -5.05749e-05 4.99454e-06
5 44 0.000311788 5.36612e-05
5 45 -0.000565924 0.000329937
5 46 -0.000377451 -1.6507e-05
5 49 -0.000407613 2.13133e-05
5 51 -0.000350884 -0.000206473
5 58 -0.000158896 -5.75424e-05
6 34 -0.000249172 0.000101916
6 36 0.000722793 0.000104574
6 37 -8.51499e-05 6.74641e-05
6 38 0.000123361 0.000429596
6 39 0.000574074 -0.000152159
6 40 8.69644e-05 0.000624714
6 41 0.000147174 0.000540177
6 42 4.17878e-05 0.000134132
6 43 -0.000181963 1.09938e-05
6 44 0.000216686 0.000210148
6 45 0.000280366 0.000652595
6 46 -0.000100864 5.54971e-05
6 47 1.91878e-05 2.25922e-05
6 49 0.000468469 -0.000105146
6 51 0.000102026 -4.88359e-05
6 52 0.00029649 -0.000180283
6 56 -0.00026699 0.000157704
6 58 -0.000307473 0.000344463
7 33 -3.91136e-06 3.98415e-05
7 35 0.000306425 -0.000346778
7 36 -0.000157008 -0.00031328
7 38 -0.000173987 -0.000184438
7 39 6.22527e-06 6.26162e-06
7 40 -0.000317843 -0.000152929
7 41 -0.000570774 -0.000768496
7 42 0.000182229 -7.9467e-05
7 43 9.36806e-05 0.000249071
7 44 0.000120927 -5.12165e-05
7 45 -0.000250212 0.000252466
7 46 0.000308946 0.000387266
7 51 0.000117706 0.000127319
7 54 8.31058e-06 1.58247e-05
7 56 -0.000212162 0.000183898
8 33 -4.15377e-05 -2.01156e-05
8 34 0.000364395 -9.52758e-05
8 35 0.00028834 -5.6669e-05
8 36 5.13255e-05 -0.000125561
8 38 -0.000162216 0.000188848
8 39 2.26798e-05 0.00021368
8 40 -0.000176406 3.3551e-05
8 41 9.22183e-05 0.000224581
8 42 -8.46012e-05 2.13354e-05
8 43 -1.13422e-05 4.2766e-05
8 45 -0.000354305 0.000295809
8 46 -0.000164074 0.000344027
8 47 -0.000105933 -0.00029878
8 53 0.000274451 4.25609e-05
8 56 0.000266311 -4.11941e-05
8 63 0.000304567 0.00017984
9 34 0.00020953 0.00031543
9 35 0.000440185 0.000187758
9 36 0.000156487 -0.00010576
9 37 0.000180126 -4.07305e-05
9 38 -0.00027228 0.000151497
9 39 -0.000249062 -0.00017062
9 40 2.30773e-05 -8.63329e-05
9 41 0.000476453 -0.000291187
9 42 -0.000217763 -0.000199037
9 43 -8.45458e-05 3.89746e-05
9 44 0.000162991 0.000288734
9 45 9.46306e-06 1.83904e-05
9 46 -0.000369437 -0.000221989
9 47 -0.000441897 0.000192993
9 48 -6.40755e-05 0.00045818
9 49 -0.000769328 -0.000195504
10 33 0.000110714 -0.000841274
10 34 -6.13408e-05 -0.000335043
10 35 -0.000330484 6.24537e-05
10 36 3.46239e-05 0.000215169
10 37 -0.000244368 8.7911e-05
10 39 0.000151557 -0.000214635
10 40 0.000114124 0.000479771
10 41 -0.000258547 -0.00041971
10 43 -7.44964e-05 0.00049147
10 44 0.000558309 0.000444533
10 45 -0.000102125 -0.000319386
10 46 0.000377195 -0.000311209
10 47 -0.000221445 0.000109483
10 50 -4.10481e-05 0.000190454
10 60 -4.43335e-05 0.000245682
11 34 0.000133024 -4.52418e-05
11 35 -0.000419578 -0.000207624
11 36 0.000469175 0.000534083
11 37 0.00023271 1.81401e-05
11 38 0.000909274 0.000558639
11 39 -5.46789e-05 4.74008e-05
11 40 8.22376e-05 3.62453e-05
11 42 0.000370619 -0.000139541
11 43 -2.63975e-05 -3.84477e-05
11 44 -1.3411e-05 -0.000144321
11 45 -9.69417e-05 -9.20871e-05
11 46 0.000866719 0.000215738
11 47 0.000103389 1.79147e-05
11 51 -4.52282e-05 0.000361354
11 54 4.7043e-05 7.60483e-05
11 64 -0.000367756 1.39925e-05
12 33 6.5362e-05 -0.000273011
12 34 -0.00029686 4.55912e-06
12 35 -7.35405e-05 9.63183e-05
12 36 0.000307895 -0.000209981
12 37 8.16924e-05 -0.000135711
12 38 -0.000241755 0.000203803
12 39 -2.6792e-05 -0.000196979
12 40 0.000979363 0.000396659
12 41 -0.000174901 -0.00076777
12 42 -4.63475e-05 0.000119332
12 43 0.000400814 -8.04317e-05
12 44 -0.000346713 -0.000189839
12 45 -0.000258108 0.000155455
12 46 0.000404467 0.000132189
12 47 0.000439336 0.000638416
12 50 0.000459633 6.91964e-05
12 58 0.000322619 -0.000128296
13 35 -0.000263462 0.000122604
13 36 0.000874871 0.000206866
13 37 0.000579825 0.00035699
13 38 5.31951e-05 -0.000560389
13 39 0.000618677 0.000276394
13 40 0.000482465 -0.000115001
13 42 0.000383203 5.81689e-05
13 43 3.87152e-05 0.000102225
13 44 0.000684495 -0.000312355
13 45 -0.000427678 0.00059764
13 46 0.000395253 -0.000362344
13 47 0.000229743 0.0001123
13 48 -2.90866e-06 -0.000206785
13 50 -0.000415591 0.000318745
13 51 0.000105825 0.000378259
13 52 2.43602e-05 1.61475e-05
13 53 -0.000358874 0.000195236
13 54 0.000282768 0.000182501
13 56 -0.000121832 0.000184937
13 59 0.000385418 0.000129741
14 33 0.000330831 -6.73905e-05
14 34 0.000520346 -0.000409059
14 35 -1.87106e-05 -0.000816271
14 36 0.000112205 7.9673e-05
14 37 0.000308159 0.000256263
14 38 -0.000227131 8.86243e-05
14 39 9.68533e-05 5.77265e-05
14 40 -0.000201569 7.52906e-05
14 41 0.000596135 -0.000131124
14 42 0.000222219 0.000123449
14 43 0.000261836 -1.95601e-05
14 45 0.000252544 0.000177583
14 47 0.000289694 -0.000234439
14 48 -7.51268e-05 -0.000369768
14 50 7.67557e-05 0.000474143
14 52 0.000411438 0.000432109
14 53 0.000325612 0.000172598
14 54 0.000153764 -3.76484e-05
14 55 0.000410938 1.00389e-05
15 33 0.000250766 -1.74208e-05
15 34 7.10788e-05 9.88022e-05
15 35 0.000451331 -3.15413e-05
15 36 9.37739e-05 -1.39495e-05
15 37 6.45884e-05 -4.46007e-05
15 38 7.50946e-05 0.000289628
15 39 0.000156675 5.20282e-05
15 40 1.96847e-05 0.000590613
15 41 0.000411745 0.00080329
15 43 -0.000963441 -0.00021205
15 44 -0.000216263 -0.000128656
15 45 0.000591079 0.000299704
15 46 -5.00174e-05 7.29128e-05
15 47 -6.06609e-05 -0.000128296
15 48 0.000169054 -9.30984e-06
15 49 0.000651485 -2.40516e-06
15 51 4.33114e-05 -1.15169e-05
15 53 0.000416433 -9.48678e-05
15 59 -4.61741e-05 5.55399e-05
16 33 3.59496e-05 -6.79068e-06
16 34 0.000242402 2.47675e-05
16 35 -0.000291693 0.000192342
16 37 0.000130257 -1.20901e-05
16 38 0.00119452 -0.000201274
16 39 -0.000176152 -0.000490307
16 40 0.000365724 0.000218009
16 41 -0.000409914 4.05434e-05
16 42 -1.38201e-05 1.21145e-05
16 44 0.000527008 0.000300396
16 45 -9.93777e-05 -0.000420475
16 46 0.000202035 3.34167e-05
16 47 0.000425482 -0.00019596
16 48 -1.20701e-05 8.23109e-06
16 55 -9.89844e-05 0.000281328
16 57 -0.000426495 -0.000220762
16 61 -0.000357919 -0.000304707
17 33 -0.000215369 -0.000224392
17 34 0.000120133 0.000236441
17 35 0.000640485 3.27048e-05
17 36 0.000189252 -9.61008e-05
17 37 0.000175421 -0.000107193
17 38 0.000167952 0.000110434
17 39 -5.76526e-05 9.77857e-05
17 40 -0.000110757 0.000135752
17 41 -5.96153e-05 -0.000121181
17 42 -0.000215979 -1.17351e-05
17 43 0.000370776 0.000500623
17 46 -6.55504e-05 -0.000351914
17 47 0.000145688 1.69333e-05
17 48 0.000573872 0.000410795
17 49 0.00022159 0.000177333
17 50 -0.00029836 0.000130099
17 56 0.000462202 -0.000105268
17 58 -0.000242351 0.000104861
18 33 0.000316166 -0.000344931
18 35 -1.82237e-05 -9.67506e-05
18 36 -0.000254057 -8.58101e-06
18 37 0.000376193 9.09912e-05
18 38 -0.000230861 0.000128635
18 39 -2.1847e-05 9.25242e-06
18 40 0.000193733 -0.000280632
18 41 0.000347439 0.000232077
18 42 0.000274699 0.000138186
18 43 0.000246887 -8.71375e-06
18 44 -0.000115049 -0.000141708
18 46 5.06492e-05 0.000193468
18 47 -0.000178437 -0.000456422
18 48 0.000533698 -0.000190211
18 55 0.000158906 -1.98389e-05
18 56 -0.000154916 0.000314234
18 57 -0.000399301 -6.58419e-05
19 33 0.000150184 0.000167448
19 35 -0.00034556 -0.000327126
19 36 -0.000390845 -0.000236953
19 37 -0.00030725 0.000244067
19 38 0.000300168 -5.0027e-05
19 39 0.000458556 -0.000377073
19 40 4.99023e-05 -2.70819e-05
19 41 -0.000338549 -6.50577e-05
19 42 -0.000214694 -0.000235533
19 43 0.000194749 0.000138135
19 44 0.000200386 0.000118271
19 45 0.000108438 8.09318e-05
19 47 0.000675991 0.000545925
19 48 9.70019e-06 1.47542e-05
19 49 -0.000206547 1.38182e-05
19 50 0.000359209 5.63392e-05
19 51 -0.000257961 0.000159979
19 53 -3.9434e-05 -6.07887e-06
19 56 0.000169552 0.000180327
19 57 -0.000243411 -0.000245364
19 58 0.000394266 0.000222188
19 62 5.99056e-05 0.000243194
20 33 1.80107e-05 -7.08802e-05
20 34 0.000369464 -1.15145e-05
20 35 0.000471541 -0.000384943
20 36 -0.000627506 -7.40206e-05
20 37 -0.000129299 -0.000345579
20 38 -0.000420687 0.000177459
20 41 0.000570695 5.58632e-05
20 42 0.000552666 -0.000310288
20 43 0.000406288 0.000207747
20 44 0.000218826 0.000298155
20 45 -0.000212837 6.66146e-05
20 46 -1.82136e-05 0.00014044
20 47 -2.79353e-05 4.55325e-05
20 49 -0.000298324 9.39083e-05
20 50 -0.000497183 -0.000214207
20 51 -0.000330744 -0.000126668
20 52 -8.59348e-06 1.42979e-05
20 53 -0.000352365 -2.24282e-05
20 59 0.000357911 -0.000108087
21 33 0.000101304 2.80635e-05
21 34 0.000175248 4.16466e-05
21 35 0.00011541 8.56713e-05
21 38 0.00055575 0.000528859
21 39 0.000493 -5.28753e-05
21 40 0.000400489 0.00096588
21 41 -0.000149914 -0.000270189
21 42 0.000308425 8.14561e-05
21 43 -2.84412e-05 9.17279e-06
21 44 0.000418838 0.00025562
21 45 0.000441948 -0.000251673
21 46 0.000325368 7.43394e-05
21 47 4.87815e-05 -6.86047e-05
21 48 0.000125943 -7.32326e-05
21 49 0.000164052 -0.000243446
21 50 -0.00032048 0.000823752
21 51 -0.000323341 -0.000311574
21 52 -0.00038066 -0.000655921
21 53 -3.89824e-05 5.66872e-05
21 54 -0.000117265 9.30263e-05
21 55 0.000158506 -0.00023698
21 56 -1.92998e-05 9.15054e-06
21 58 -0.000241555 4.66539e-05
22 34 0.000338961 0.000477731
22 35 0.000226413 -1.67313e-05
22 36 0.000645263 -1.65151e-05
22 37 0.000251287 -0.000377891
22 38 -0.000144853 7.19829e-05
22 39 0.000180544 -5.15124e-05
22 40 0.000146839 0.000313182
22 41 2.4999e-05 0.000451162
22 42 0.000197843 0.000165957
22 43 8.31965e-06 -0.000597492
22 44 0.00011706 0.000265164
22 45 0.000181376 0.000233194
22 46 0.000413722 0.000212869
22 47 0.00031436 0.000244493
22 48 2.52708e-05 -0.000171095
22 49 0.000131042 -0.000359764
22 51 0.000529669 0.000218524
22 52 -4.50201e-05 0.000516379
22 55 -2.14406e-05 4.45978e-05
22 58 0.000376056 0.000161824
23 33 2.89108e-05 -2.67135e-05
23 36 -0.000234624 -4.48932e-05
23 37 0.000367487 0.000165864
23 38 0.00026989 0.000303561
23 39 0.000261305 0.000185643
23 40 0.000259858 5.94819e-05
23 41 -0.000138839 -5.42831e-05
23 42 -0.000147748 0.000202862
23 43 2.13403e-05 5.72616e-05
23 45 0.000203878 -0.000180951
23 46 -0.000585269 -0.00016373
23 47 -0.000537495 0.000149177
23 49 0.000177174 7.25383e-05
23 50 0.000275978 4.01215e-05
23 51 9.86816e-05 -0.000101096
23 52 -0.000253295 -0.000229655
23 54 6.92207e-05 4.40676e-05
23 55 -7.5122e-05 2.69481e-06
24 35 -3.44385e-05 -0.00012426
24 36 0.000569539 0.000103912
24 37 0.00115319 9.97226e-06
24 38 0.000460807 0.000326451
24 39 0.000107221 -3.18564e-05
24 40 0.000841465 4.92859e-05
24 41 -0.000632864 -0.000406508
24 42 -2.37583e-05 1.31007e-06
24 43 -0.000515311 -0.000335377
24 44 0.000804845 -0.000225497
24 45 -1.63746e-05 -0.0001519
24 47 0.000182 0.00060514
24 49 8.01945e-05 -0.000131717
24 50 0.000366179 -0.000179449
24 51 -0.000276712 0.00047651
24 53 0.000544236 0.000636787
24 55 0.000440468 0.000133517
24 63 0.000148985 4.89592e-05
25 33 0.000383844 -2.84064e-05
25 34 0.000363819 -0.000106496
25 35 3.3821e-05 1.14391e-05
25 36 0.000779323 -0.000223529
25 37 -8.10622e-05 -7.87318e-05
25 38 0.000760038 -1.37043e-05
25 39 6.83411e-05 4.52233e-05
25 40 1.73153e-06 -4.78359e-06
25 41 1.47539e-05 0.000348171
25 42 -6.77867e-05 0.000223146
25 43 0.00122091 -0.000156677
25 44 0.000432298 0.000424776
25 45 0.000444405 0.000124606
25 46 0.00042609 -7.07266e-06
25 48 0.000168191 -0.00010418
25 49 -0.000514604 -1.83652e-05
25 50 -0.000302864 0.000277919
25 51 0.000333884 -9.52724e-06
25 52 0.000107899 -1.94699e-05
25 54 9.3147e-05 -1.19477e-05
25 55 -8.96768e-05 -1.53753e-05
25 56 -0.000290401 0.000213234
25 65 0.000110808 1.91724e-05
26 33 0.000316376 0.000277705
26 34 -5.95422e-05 0.00010223
26 35 1.20278e-05 7.04146e-05
26 36 8.8113e-05 -9.63909e-05
26 37 0.000305699 0.000675471
26 38 -0.000190114 -6.52683e-06
26 39 0.000832627 -0.00011111
26 40 0.00070837 -0.000409114
26 41 0.000481168 -0.000534241
26 42 0.000363724 1.94049e-05
26 43 -0.000390209 -0.00025146
26 44 0.00048646 2.74652e-05
26 45 4.08308e-05 -0.000132779
26 47 0.000318621 7.07488e-06
26 48 0.000156842 -5.74105e-05
26 49 0.000402296 -0.000210055
26 50 -1.39029e-05 0.000103193
26 51 -0.00030563 0.000373896
26 53 0.000208007 -0.000142925
26 54 0.000293395 5.37398e-05
26 55 0.000236292 6.34232e-05
26 57 0.000401536 0.000224603
26 58 0.000375371 -7.06264e-07
26 59 -4.74458e-05 4.20742e-05
26 60 -0.000151319 -0.000454421
27 33 0.000605959 -0.00025555
27 34 0.000542119 -4.06303e-05
27 35 0.000488163 -0.000134369
27 36 0.000348692 0.000284724
27 37 -6.43162e-05 -0.000109057
27 38 0.000435044 -7.7916e-05
27 39 0.000138369 0.000201595
27 40 1.04828e-05 0.000140637
27 41 0.000812055 0.000468996
27 42 0.000373524 -0.00022376
27 43 0.000458398 2.05491e-05
27 44 -0.000505941 -0.000148687
27 46 0.000631004 -0.00028959
27 47 -4.03472e-05 -0.000738351
27 48 0.000467559 9.36512e-05
27 50 3.63563e-05 9.35664e-05
27 51 0.000458386 -6.79567e-05
27 55 -5.33258e-05 -0.000245531
27 57 -7.20487e-05 -1.16511e-05
28 33 7.37006e-05 -0.000115088
28 34 -0.000109459 0.000180634
28 35 -0.000331917 0.000271622
28 36 0.000599442 1.15242e-05
28 37 0.000481601 -0.000119696
28 38 0.000110599 -9.23674e-05
28 39 -0.000128062 -0.000289627
28 40 0.00127932 8.55348e-05
28 41 -0.00015527 -0.000295417
28 42 0.00150048 0.000293795
28 43 0.000292888 0.0001635
28 44 -0.000129338 -0.000227202
28 45 -0.000135485 0.000240895
28 46 4.22316e-05 0.000178535
28 48 5.02416e-07 -2.84181e-05
28 50 0.000378703 0.000343501
28 51 -0.00027915 0.000215031
28 53 0.000206014 8.54046e-05
28 60 0.000116333 0.000157289
29 34 0.000992732 -0.00077372
29 35 -0.000311214 -0.000100202
29 36 0.000712951 -0.000429954
29 37 0.000228591 2.24167e-05
29 38 7.29095e-05 0.000222256
29 39 0.00110505 0.000169619
29 40 0.000699266 0.000409694
29 41 0.000399474 -2.80331e-05
29 42 0.000430261 -0.000444106
29 43 0.000270819 0.000366153
29 44 0.000146827 0.000116028
29 45 0.000128491 0.000145792
29 46 -6.78883e-05 0.000447464
29 47 0.000944795 0.000107747
29 48 -0.000173858 0.000354195
29 49 -0.000138847 0.000170623
29 50 0.000350434 0.000284406
29 52 -0.000338478 0.000246715
29 53 3.29068e-06 9.42476e-06
29 54 0.000106975 -0.000362514
29 63 0.000211189 -1.38926e-05
30 34 0.000157096 -9.12178e-05
30 36 0.000198772 -4.4701e-05
30 37 0.000401296 -8.08154e-06
30 38 2.07386e-05 0.000151279
30 39 0.000319159 -0.000105142
30 40 0.000150587 -3.79223e-05
30 41 0.000270714 -0.000164462
30 42 0.000436642 -0.000290388
30 44 0.000693106 9.0334e-05
30 46 0.000130589 -5.76457e-05
30 47 0.00039403 -0.000169429
30 48 0.000410019 4.6172e-05
30 49 -0.000243895 0.00015042
30 50 0.000102378 0.000116071
30 51 0.000105052 1.27948e-05
30 53 -0.000146294 0.000411827
30 54 0.000369161 0.00011958
30 55 1.5126e-05 3.45318e-07
30 59 -0.000101599 0.000162506
30 62 -0.000329185 0.000221501
30 64 0.000277157 -0.000124231
31 34 -0.000306338 -7.94044e-06
31 35 -0.000327217 -5.63943e-05
31 36 0.000260633 -0.000126546
31 37 -2.38509e-05 -0.00041965
31 39 0.000367557 -0.000152517
31 40 8.59921e-05 0.000336367
31 41 0.000653638 -5.97626e-05
31 42 0.00022693 0.000155534
31 43 -0.00011723 0.000454242
31 45 0.000378312 -3.76194e-05
31 46 -0.000728594 -0.000124889
31 47 -0.000286947 -2.56036e-05
31 48 0.000135519 -0.000216213
31 49 -0.000134185 0.000175386
31 50 -0.000251419 -8.67455e-05
31 51 1.79401e-05 -1.88824e-05
31 54 -7.74894e-05 0.000390869
31 55 0.000180406 5.32064e-05
31 57 -1.01406e-05 -1.91315e-05
31 62 0.000406039 -6.15343e-05
32 33 -5.01661e-05 -0.000294256
32 34 0.000563606 0.000158065
32 36 -0.000178479 0.000126931
32 37 0.000317773 -9.25608e-05
32 38 5.66764e-05 -0.000361509
32 39 0.000458021 0.000114446
32 40 0.000530092 0.000210651
32 41 0.000413544 0.000185552
32 42 0.000205561 0.000240614
32 43 0.000402174 7.18515e-05
32 44 -0.000257388 0.00017849
32 47 2.4398e-05 -4.55709e-05
32 48 0.000255009 0.000381647
32 49 6.73624e-05 -2.94596e-06
32 50 0.000165932 9.29119e-05
32 55 -0.000176904 -0.000215288
32 62 5.39009e-05 9.35904e-05
33 34 0.00050786 -0.000123555
33 35 0.000292743 -0.000931529
33 36 -9.69769e-05 0.000379936
33 37 -0.000138216 0.00031428
33 39 -0.000314934 -0.000320245
33 40 0.000273033 0.000254822
33 41 0.000336445 0.00015475
33 42 0.000171715 -9.03749e-05
33 43 0.000531169 5.33401e-05
33 44 -0.00032756 0.000222651
33 45 -1.99557e-05 1.46498e-05
33 47 -0.000354533 -0.00020625
33 50 2.36241e-05 4.80986e-06
33 51 -0.00025259 0.000169127
33 59 0.000396536 0.0002835
33 61 -6.68503e-05 8.27574e-06
34 33 0.000196936 0.000243999
34 34 0.000353578 -0.000313177
34 35 -5.70383e-05 -6.3234e-05
34 36 -0.000146173 -0.000401515
34 37 0.000147671 -0.000126508
34 38 -0.000211697 0.000129153
34 39 0.000398258 -0.000204731
34 40 0.00167058 -6.79745e-05
34 41 0.000116904 -0.000229912
34 42 -0.000797914 -5.61449e-05
34 43 0.000574989 -0.000547792
34 44 3.70378e-05 0.000217534
34 45 0.000228415 8.55369e-05
34 46 0.00032119 0.000194852
34 47 -0.000444547 -0.000162949
34 49 -0.000131377 0.00023764
34 51 -0.000229771 0.000380433
34 53 -0.000435435 -0.000122606
35 34 -1.54222e-05 -0.000548894
35 35 5.72279e-05 0.000172727
35 36 0.000153333 -0.000170017
35 37 0.000323019 8.66675e-05
35 39 0.000771392 2.44177e-06
35 40 0.000625147 0.000406008
35 42 -0.000112731 -0.000247217
35 43 -0.000133406 -0.00029276
35 44 0.000360235 -0.000403375
35 45 -9.81803e-05 0.00028341
35 46 0.000159442 0.000115776
35 47 0.000417021 0.000801909
35 49 1.19789e-05 -7.23706e-05
35 50 0.000216212 -0.000103923
35 51 0.000733597 0.000641862
35 52 -0.000119691 -0.00018421
35 56 0.000335231 -0.000240559
35 57 -0.000138391 0.000121317
35 58 9.93702e-06 -6.67034e-06
35 63 -0.000130572 -0.000225488
36 34 2.12506e-05 -1.70321e-06
36 35 0.000264614 -0.000263688
36 36 0.000206364 0.00011673
36 37 0.00041458 -2.33594e-05
36 38 0.000170789 -0.000240866
36 39 0.000412954 -0.000130029
36 40 0.000329875 -0.000105938
36 41 -0.000413223 -0.000168503
36 42 -0.000529642 0.000394798
36 43 0.000288727 -2.2383e-05
36 44 -8.41805e-05 3.86162e-05
36 45 2.78656e-05 -4.69452e-05
36 46 -0.000412566 0.000141602
36 47 -0.000145716 -6.09924e-05
36 48 -0.000195119 -4.54928e-05
36 49 6.90205e-05 -0.000293443
36 50 0.000206508 0.000192068
36 51 0.000471288 2.81897e-05
36 53 0.000372653 -0.000331453
36 57 0.00011892 -7.64757e-05
36 62 3.78866e-05 0.000179763
36 63 0.000258788 -0.000194528
36 64 -0.000287088 -4.51605e-05
37 34 6.38255e-05 0.000311114
37 35 -0.000348104 4.45558e-05
37 36 6.51667e-05 0.00019941
37 37 0.000184156 0.0001416
37 38 7.41831e-05 4.71299e-06
37 39 4.62295e-05 1.03017e-05
37 40 -7.36819e-05 0.000137857
37 41 3.79527e-05 9.21018e-06
37 42 0.000149863 -6.51552e-05
37 43 0.000212429 0.000204978
37 44 0.000394 6.07771e-05
37 45 0.000608234 0.000395259
37 46 0.0005827 0.000276885
37 47 -0.00016161 -8.94106e-05
37 48 -0.000674391 8.70696e-05
37 49 0.000667772 0.000100641
37 50 -0.000370099 6.88865e-05
37 51 0.000116146 2.92682e-05
37 52 0.000404962 -0.00010553
37 53 -0.000200711 7.80956e-05
37 55 0.000312541 -0.000302427
37 63 -1.89829e-05 3.99966e-05
37 64 3.0737e-06 2.55551e-05
37 65 0.000260975 -0.000112323
37 66 0.000295261 0.00024015
38 33 0.00012428 0.000209022
38 35 -7.99599e-05 -0.000117472
38 36 0.000295689 0.000249821
38 37 0.000154021 -0.000101891
38 38 -0.000284139 2.71262e-05
38 39 0.000257215 0.000567535
38 41 -0.000236901 -0.000187398
38 42 -0.00040649 4.65793e-05
38 43 0.000235073 8.88393e-05
38 45 0.000309432 -6.57416e-05
38 46 -7.98409e-05 -0.000157733
38 49 -0.000202531 8.24079e-05
38 50 2.85846e-05 4.44331e-05
38 51 0.000803049 3.73506e-05
38 52 -4.98042e-05 0.000103252
38 54 0.000127548 -0.000277039
38 55 -0.000181909 3.55534e-05
38 56 -0.000538855 -8.61798e-05
38 59 0.000594168 6.56708e-05
38 62 0.000438288 -0.000236797
39 33 -1.71961e-05 -0.000105839
39 34 -5.4543e-05 -0.000172918
39 35 0.000199487 0.000361952
39 36 0.000286458 8.92582e-05
39 37 0.000134941 5.8499e-05
39 38 0.00011046 -0.000106168
39 39 0.000407877 -7.09565e-05
39 40 4.63294e-05 -0.000938015
39 41 -0.000168804 0.000342739
39 42 6.45015e-05 0.000165815
39 43 -0.000381362 0.000289893
39 44 4.62338e-05 0.000103622
39 45 0.000116207 0.000133439
39 46 0.000431611 0.000643953
39 47 0.00017655 -0.000259652
39 48 -0.000336663 8.80315e-06
39 50 0.000450605 -0.000110113
39 51 2.28386e-05 1.9952e-05
39 53 -0.000183573 -0.000107725
39 54 1.7809e-05 3.03657e-05
39 59 -0.000103536 4.12731e-05
39 61 -0.000222358 0.00035196
40 33 0.000127691 -0.000160271
40 34 0.00023856 0.00010738
40 35 0.000639334 1.07624e-05
40 36 -0.000350032 -1.99745e-05
40 37 -5.81578e-05 5.17128e-05
40 38 0.000166348 -0.000250588
40 39 -2.96175e-05 -0.00031846
40 40 -0.000276278 -0.000301297
40 42 0.000210249 0.000260707
40 43 0.000485059 -1.6059e-05
40 44 8.13425e-05 -3.6091e-05
40 45 0.000467659 2.28037e-05
40 46 0.0002376 -4.9454e-05
40 47 0.000256896 6.49146e-06
40 48 -0.000288657 0.000245803
40 49 -0.000288954 6.95084e-05
40 50 0.000105608 -6.84577e-05
40 51 -0.000293013 -0.000110092
40 52 0.000158735 0.00031222
40 53 -0.000273793 -0.000100174
40 54 0.000446549 -0.000541025
40 56 1.95597e-05 1.02932e-06
40 57 -0.000168194 -0.000108538
40 58 -0.000201435 9.88346e-05
40 60 2.78697e-06 -3.35206e-06
41 33 0.00015079 -5.39741e-05
41 34 0.000590558 -0.00019562
41 35 -8.06672e-05 3.08069e-05
41 36 0.000288072 -6.00922e-05
41 37 -0.000316145 -0.000370866
41 39 -0.000151446 8.25448e-06
41 40 -0.000214423 -0.000115112
41 41 0.00064613 -9.82362e-05
41 42 -0.000583684 -0.000181181
41 43 0.000171618 0.000152402
41 44 -6.45677e-05 1.21134e-05
41 45 0.000238744 0.000100475
41 46 0.000553173 -0.000197806
41 47 0.00076929 -0.000489681
41 48 -0.000154971 0.000245213
41 49 0.000342095 0.000254384
41 52 0.000419558 0.000517116
41 53 0.000180279 0.000225095
41 54 0.000179217 0.000407661
41 55 0.00032252 -7.82776e-05
41 61 0.000515801 -6.61772e-05
42 33 4.72095e-06 -5.66495e-06
42 34 0.000108774 6.49603e-05
42 35 0.000165241 0.00032725
42 36 0.000253276 -0.000321821
42 37 0.000128528 -0.000112511
42 38 7.27122e-05 7.45739e-06
42 39 -5.74316e-05 2.86382e-05
42 40 0.000296143 -0.000184587
42 41 -0.000159567 0.000148134
42 42 -0.000407863 -0.000322343
42 43 0.000709387 -0.000306579
42 45 0.000450603 -0.000265715
42 47 0.00029317 9.70271e-05
42 49 9.9093e-05 -1.15903e-06
42 50 -0.000193302 5.57377e-05
42 51 -0.000133824 -3.75318e-05
42 52 4.78609e-05 -1.92888e-05
42 54 0.000114274 -4.89236e-06
42 55 -0.000291007 -0.000152414
42 56 -0.000161031 -2.45953e-05
42 58 -0.000354627 0.000200495
42 59 -0.000176323 0.000123818
42 63 -4.4179e-05 -0.000232906
43 33 2.12299e-06 -3.02337e-06
43 34 3.72748e-05 -0.000388296
43 35 0.000301713 -0.000325077
43 36 -0.000361036 -0.000341571
43 37 -0.000330956 -1.56876e-06
43 39 0.000125404 -8.42075e-05
43 40 0.000277398 -0.000203275
43 41 0.000518616 -0.000544752
43 42 0.00043789 -6.6245e-05
43 43 0.000221174 -6.98442e-06
43 44 0.000595533 0.000250275
43 47 -1.73712e-05 6.77748e-06
43 48 0.000289915 0.000398498
43 49 3.56889e-05 -4.99589e-07
43 50 9.93562e-05 1.87525e-05
43 52 0.000293787 -0.00011466
43 55 1.42822e-05 7.26041e-06
43 56 2.89709e-06 4.43954e-06
43 57 0.00027641 0.000208282
43 58 0.000377763 8.61278e-05
43 63 -0.000419875 9.47663e-05
44 33 0.000536117 -6.72895e-05
44 34 -6.00393e-05 0.000294814
44 36 -0.000575681 0.000104233
44 37 0.000436569 0.000105736
44 38 -0.000660289 -0.000380362
44 41 0.000476058 6.91553e-05
44 42 0.000466336 4.59307e-05
44 43 0.000790415 -2.38406e-06
44 46 0.00048648 0.000403851
44 47 0.000148065 -7.86109e-05
44 48 0.000292205 0.00020966
44 49 5.67501e-05 0.000313188
44 50 -0.000369808 -0.000141559
44 52 0.000386698 0.000121719
44 55 6.88362e-05 1.96831e-05
44 61 0.000143732 0.000327999
44 64 -0.000227667 0.000149471
45 33 1.68313e-05 -4.4381e-05
45 34 -0.000158594 -0.000217255
45 35 0.000489631 -0.00054376
45 36 3.77604e-05 0.000170319
45 37 -0.000339173 -0.000250071
45 38 -2.33748e-05 -8.54594e-05
45 39 0.000144928 -3.70328e-05
45 40 0.000455881 0.000451494
45 41 0.000132815 -0.00016502
45 42 0.000411325 0.000604451
45 43 0.000278988 9.8e-05
45 44 0.000655099 0.000393626
45 45 -0.000546484 1.83831e-05
45 46 0.000242507 -0.00031611
45 47 0.000269187 -0.000235712
45 48 0.000339574 -0.00019034
45 49 4.26532e-05 -3.14579e-05
45 50 0.00013896 -0.000101074
45 51 0.000131182 9.5927e-05
45 53 -6.03671e-05 0.000181017
45 55 0.000184676 1.24757e-05
45 57 0.000167293 5.43081e-06
45 59 -0.000298262 -0.000365493
45 60 0.000279645 -0.000294868
46 34 -1.80146e-05 1.54318e-05
46 36 0.000542238 -0.000110153
46 38 -6.92004e-05 7.55345e-05
46 39 2.73348e-06 0.000266885
46 40 -0.000331674 0.000123564
46 41 -0.000519365 0.000117497
46 42 0.000296451 -8.09952e-05
46 43 0.000974018 -0.000249325
46 44 2.49203e-05 0.000183361
46 45 -0.000276039 -0.000371003
46 47 2.72556e-05 0.00034404
46 51 0.000109779 0.000191526
46 55 5.70974e-05 2.31337e-05
46 56 9.96152e-05 0.000568391
46 58 -1.02036e-05 2.05703e-05
46 60 9.12386e-05 9.32293e-05
47 34 -0.000617802 -0.000623856
47 35 -0.000336269 0.000157843
47 36 0.000172773 0.000155859
47 37 2.46189e-06 -6.09251e-07
47 38 0.000282787 5.46021e-05
47 39 0.000432928 0.000359348
47 40 0.000115861 -2.34629e-05
47 41 0.000364357 0.000338036
47 42 0.000719046 2.58685e-05
47 43 0.000304909 -0.000270156
47 45 6.31564e-05 0.00010833
47 46 0.000178955 0.000244422
47 47 0.000117659 -8.71226e-07
47 48 1.60337e-05 4.83913e-06
47 49 -2.00675e-05 -8.25816e-06
47 50 -0.000179108 4.47665e-05
47 53 -0.000264412 -0.000169692
47 54 9.92631e-05 0.000460916
47 56 -4.71082e-05 6.71101e-05
47 59 0.000219056 0.000189041
47 60 0.000520678 -0.000127433
47 61 0.000383187 -1.97444e-05
48 34 0.000347592 -4.09045e-05
48 35 -0.00016828 9.65577e-05
48 36 -0.000358167 -0.00010885
48 37 0.000236824 -0.000235614
48 39 0.000237986 -1.93422e-05
48 40 0.00023347 -0.000113634
48 41 0.000173521 0.000129255
48 42 3.23448e-05 1.11376e-05
48 43 0.000432743 9.81951e-05
48 44 0.000180631 0.000169224
48 46 -8.44358e-06 -0.000122877
48 47 7.62582e-05 0.000153718
48 48 0.000626791 -0.00045524
48 49 0.000226819 0.00011282
48 50 0.000259563 -6.49482e-05
48 51 0.000129138 0.00052565
48 52 -0.000193202 0.000102787
48 54 -5.95298e-05 0.000253899
48 55 -4.00357e-05 5.84104e-06
48 60 8.37598e-05 -0.000104001
49 35 -1.51574e-05 -9.7946e-06
49 36 0.000406753 0.000278392
49 37 -3.04429e-05 -1.43697e-05
49 38 -0.000393144 -0.000198265
49 39 0.000283344 -3.96132e-06
49 40 0.000724023 -0.000499984
49 41 -0.000247288 0.000142872
49 42 0.00042183 -0.000220905
49 43 -7.53607e-05 -0.00040002
49 44 3.50797e-05 0.00011811
49 45 0.000201222 -0.000124908
49 46 0.000149436 -0.000133702
49 47 3.45701e-05 -0.00044267
49 48 0.000414022 -0.000130131
49 49 -0.000507885 -0.00010073
49 50 -8.31749e-06 -1.25183e-06
49 51 0.000258419 8.98575e-05
49 52 0.000220547 5.26954e-05
49 53 0.000158279 0.000162766
49 54 0.000206684 -5.25506e-05
49 56 -0.00010485 -0.000117986
49 57 -0.00035926 -4.17887e-05
49 62 0.000370724 9.00748e-05
50 33 -0.000152257 -0.000121259
50 34 -9.18344e-06 0.000127856
50 36 0.000282661 0.000176588
50 37 0.000410061 -0.00023931
50 38 -0.00035558 -0.000320672
50 41 9.53258e-05 -2.96594e-05
50 42 0.000500372 -7.00872e-05
50 43 -8.21867e-05 -0.000228847
50 44 7.09049e-05 4.16995e-05
50 45 -0.000463872 0.000171003
50 46 0.000260012 0.000233786
50 47 0.000512493 -7.55943e-05
50 48 0.000344269 4.99435e-05
50 49 0.000280852 0.000151376
50 50 -2.76336e-05 -3.51311e-05
50 51 0.000584182 5.52086e-05
50 53 0.000182022 0.000258317
50 54 6.01086e-05 1.12613e-05
50 56 0.000435639 -0.000206212
50 57 0.000165842 8.16232e-05
50 61 8.47405e-05 6.32329e-05
51 34 0.000565703 -0.000251495
51 35 0.00095009 5.24254e-05
51 36 0.00091614 -0.000444746
51 38 0.000651906 0.000552089
51 39 0.000935498 -0.000359208
51 40 0.000445135 4.95916e-05
51 41 0.000482292 0.000206557
51 42 -0.000127661 0.000189944
51 43 0.000193467 -0.000110759
51 44 0.00047099 0.000265118
51 45 0.000514437 -0.000146412
51 46 -0.000515932 -0.000123205
51 47 0.000586443 0.000228557
51 48 0.000567229 0.000211537
51 49 -0.000146179 0.00029713
51 50 -0.000450364 0.000289444
51 51 1.20774e-05 1.25704e-05
51 53 -7.36638e-05 0.0001028
51 54 5.25751e-05 0.000158437
51 55 0.000179591 6.86599e-05
51 56 -0.000159337 -0.000255955
51 59 0.000366912 8.3988e-05
51 60 0.000230557 -0.000362224
51 61 -0.000118497 -0.000243429
52 33 0.000323874 -6.63341e-05
52 34 0.000303886 0.000268598
52 35 5.10838e-05 5.03743e-06
52 36 -2.54662e-05 3.68707e-05
52 37 -4.16649e-05 -5.97329e-05
52 38 8.6409e-05 0.000207528
52 39 -8.51783e-05 -0.000173825
52 40 4.99347e-06 -1.48992e-07
52 42 0.000138516 -6.16056e-05
52 43 -0.000275573 2.14663e-05
52 44 0.000290601 -2.25658e-05
52 45 0.00020877 0.000293983
52 46 0.00018987 0.000174849
52 48 0.000452974 6.26041e-05
52 49 1.81803e-05 2.14573e-05
52 50 -0.000289589 2.54684e-05
52 52 0.000310248 -0.000118329
52 54 6.55794e-07 6.38909e-07
52 56 -2.31301e-05 7.09008e-05
52 57 5.37319e-05 7.0842e-05
52 59 0.000129935 0.000318098
52 61 6.20852e-05 6.84059e-05
53 34 0.000309365 -0.00028428
53 36 7.81881e-06 -8.58018e-06
53 37 6.45603e-05 -9.41527e-05
53 38 -9.77385e-05 -4.19153e-05
53 43 6.8899e-05 -3.32076e-05
53 44 0.00060969 0.000197255
53 46 -0.000168475 0.000337204
53 47 0.000840348 0.000665299
53 49 0.000674057 9.98418e-05
53 51 0.00039497 -0.000216451
53 52 8.06892e-05 0.00017985
53 53 0.000362411 0.000297502
53 54 3.07275e-05 -4.34883e-06
53 55 -0.000284248 -0.000178635
53 56 -0.000645772 -5.56761e-05
53 57 -0.000132818 -0.000287433
53 62 4.6342e-05 8.29446e-05
54 36 -1.89026e-05 -9.36731e-06
54 37 -0.00013752 -0.000196243
54 38 -0.000240056 -0.000610972
54 39 4.90034e-05 0.000114702
54 40 0.000376211 0.000215123
54 41 0.000977389 -0.000146427
54 42 -0.000105164 -0.000211574
54 44 0.000378706 7.81668e-06
54 46 0.000147311 -0.000222464
54 47 0.000116225 5.86231e-05
54 48 0.000379399 -0.00030257
54 49 0.000393911 0.000199164
54 51 1.48641e-05 8.23862e-05
54 52 0.00016444 -3.39527e-05
54 54 7.52107e-06 7.82914e-06
54 55 5.92715e-05 0.00015044
54 63 3.11106e-05 7.2457e-05
55 34 1.09842e-05 -1.19364e-05
55 35 4.53303e-05 1.02551e-05
55 36 0.000562845 0.000108542
55 37 1.00581e-05 -1.84884e-05
55 38 0.000511186 -0.000186029
55 39 -5.57057e-05 -0.00012931
55 40 3.91351e-05 -0.000272555
55 41 0.000147421 0.000193079
55 43 0.000336304 8.4154e-05
55 45 -2.86667e-05 -3.80115e-06
55 46 0.000740992 -9.57535e-05
55 47 -0.000324606 -0.000123254
55 48 -5.71259e-07 1.49123e-05
55 49 0.000348953 0.000207197
55 50 0.000240519 0.000343468
55 52 -9.97622e-05 -7.11671e-05
55 55 0.000329385 0.000363127
55 59 0.000232775 0.000119889
55 62 9.65237e-05 0.000255398
56 34 0.000321331 -1.38714e-05
56 36 -0.000356121 -0.000145178
56 37 1.91244e-05 0.000113225
56 38 -0.000687872 0.000275501
56 39 -0.000427128 -0.000148909
56 40 -0.000135704 -0.000321854
56 41 -0.000244949 9.71754e-05
56 42 9.55831e-05 -0.00033178
56 43 8.07704e-05 0.000204261
56 44 -0.000229631 5.18095e-05
56 45 0.000307653 0.000140547
56 46 -0.000425576 0.000186056
56 47 -4.83642e-05 0.000134932
56 48 0.000556282 -0.000385764
56 52 -0.000101587 0.000413868
56 54 1.67111e-05 6.90342e-06
56 55 0.000257081 -0.000151374
56 56 8.19412e-05 0.000274347
57 33 0.000171574 -0.000156992
57 35 0.000362791 -9.08718e-05
57 36 1.57903e-06 -2.81677e-06
57 37 0.000502213 0.0002868
57 39 0.00107256 -0.000598492
57 40 5.4943e-05 0.000282016
57 41 0.000171525 -0.000265321
57 42 0.000179501 -0.00054897
57 43 1.15596e-05 0.000530118
57 44 0.000176079 -0.000172443
57 45 0.000131321 0.000411572
57 46 0.000277143 0.000234417
57 47 0.000388333 -0.000198266
57 48 -0.000210108 -0.00024386
57 49 0.000663881 0.000185274
57 51 -6.02731e-05 0.000207937
57 52 0.000593605 -0.000329166
57 53 -0.000135238 2.2692e-06
57 55 6.56663e-05 4.33701e-06
57 57 0.000108287 0.00012482
57 63 -3.23649e-05 -5.78396e-06
58 36 0.00079745 0.000112859
58 37 -0.000396553 -0.000132172
58 39 -0.000167876 8.38294e-05
58 42 0.000874019 0.000336679
58 43 4.6144e-05 1.60414e-05
58 45 0.000137818 4.01117e-05
58 46 0.000179336 0.000130073
58 49 6.41539e-05 -9.33134e-05
58 50 4.93429e-05 9.2595e-06
58 52 -0.000215736 0.000156863
58 54 0.000124826 7.77969e-05
58 59 -0.000106973 2.10407e-05
58 60 0.000222778 1.09821e-05
59 33 -2.16962e-06 -6.97204e-06
59 34 0.000517152 -9.68045e-05
59 36 -0.000230124 0.000196045
59 37 -3.49264e-05 9.26306e-05
59 38 0.000618146 0.000180856
59 40 0.000180718 -0.000192864
59 42 0.000559076 -0.00022469
59 43 -8.64831e-05 -0.000318329
59 44 0.000149907 0.000359064
59 45 0.000369008 -0.000125167
59 46 0.000297552 0.000415415
59 47 2.10149e-05 2.82745e-05
59 51 6.33371e-05 4.77333e-05
59 52 -0.000181167 8.75653e-05
59 55 7.13526e-05 -2.17823e-05
59 56 1.49327e-06 2.80162e-07
59 59 0.000128918 5.20671e-05
59 61 0.000212871 0.000246931
59 62 0.000230118 -0.000401585
60 34 0.000215454 -0.000282576
60 35 -0.000189213 -0.000375759
60 36 -0.000488853 -7.03951e-05
60 37 0.000283157 -3.22925e-05
60 39 0.000692327 -0.000493936
60 40 5.5646e-05 1.65057e-05
60 42 -0.0001821 -0.000276061
60 43 0.000343907 -2.91732e-05
60 46 0.000231526 -1.28527e-05
60 48 0.000234982 -4.86117e-05
60 49 0.000245869 3.47097e-05
60 50 0.0001114 6.11856e-05
60 51 8.92931e-05 -3.69053e-05
60 53 1.71279e-05 2.80467e-05
60 54 0.000124605 -2.0867e-05
60 56 0.000276258 2.83981e-06
60 58 0.000182163 4.85795e-05
60 59 0.000187701 -0.000102951
60 62 0.000117745 5.1474e-05
61 34 -0.000138419 -2.55166e-06
61 35 -6.99869e-05 -0.000147916
61 36 0.000451559 -0.000118253
61 37 -0.000388417 -7.40741e-05
61 38 0.000386231 0.000166611
61 39 0.000471229 0.000126343
61 40 0.000175888 2.91712e-05
61 41 -3.20223e-05 4.58858e-05
61 42 0.000109439 -4.57238e-05
61 44 0.000359924 -6.99431e-05
61 45 5.00894e-05 3.92344e-05
61 47 4.15336e-05 2.50817e-05
61 48 0.000138464 2.04929e-05
61 49 0.000381413 -0.00021966
61 50 0.000443002 8.42688e-05
61 52 -0.000275258 0.000149184
61 57 -1.50281e-05 1.42433e-06
61 59 0.000111074 0.000403368
61 62 -0.000243709 -0.00037603
62 34 0.00026842 9.96762e-05
62 35 -0.00044925 -0.000130308
62 36 3.63109e-05 -2.41957e-05
62 37 0.000911577 -0.0001794
62 38 2.11286e-05 -1.46988e-05
62 39 0.000635987 0.000109644
62 40 0.000174689 -0.00013093
62 41 -0.00016224 -2.74641e-05
62 44 0.000445707 -0.00021786
62 46 0.000199269 9.48391e-06
62 47 6.74784e-05 -3.05387e-05
62 48 0.0001536 -0.000114766
62 49 8.27777e-05 -8.27782e-05
62 50 0.000673821 0.0002384
62 51 -1.34464e-05 3.06836e-05
62 52 8.49254e-05 0.000113529
62 53 0.0001875 2.92148e-05
62 54 -0.000476646 8.92353e-05
62 55 0.00021465 4.50379e-05
62 59 -0.000350325 -0.000106003
63 35 -1.78323e-05 -6.18575e-05
63 38 -9.0074e-05 -1.5704e-06
63 39 0.000349884 -0.000289663
63 40 0.000506688 -3.50366e-05
63 43 0.000375852 -5.53967e-05
63 46 0.000253761 0.00016085
63 47 -0.000323812 0.000336225
63 48 -2.41938e-05 8.85391e-06
63 50 0.000385812 9.76471e-05
63 51 0.000279543 0.000177385
63 52 0.000134868 0.000124331
63 53 0.000114298 4.44802e-05
64 34 3.67561e-05 -1.3908e-05
64 35 -0.000124736 9.90819e-05
64 37 0.00042446 0.000104129
64 38 -1.57951e-05 3.00479e-05
64 40 0.000168033 -9.13902e-05
64 41 0.000266548 -0.000507108
64 42 0.000130106 2.88302e-05
64 43 0.00061137 -0.00013785
64 44 1.81825e-06 1.65633e-06
64 45 3.21484e-05 5.05056e-05
64 46 -0.000290372 0.000306032
64 48 -0.000260662 -0.000287677
64 49 7.84777e-06 -5.65089e-06
64 53 0.000117063 0.000216052
64 55 7.75669e-05 7.80606e-05
64 62 2.67674e-05 5.61773e-05
64 63 6.53495e-05 5.13458e-05
65 34 0.00025701 -0.000123192
65 35 0.000360271 -3.74185e-05
65 36 -0.000370512 -7.22355e-05
65 37 9.02568e-05 -0.000141571
65 42 -0.000227119 0.000145425
65 44 8.03942e-06 -7.21646e-07
65 45 -0.000272541 2.51291e-05
65 46 0.000818533 3.31696e-05
65 48 0.000319981 -0.000107719
65 49 0.000143447 -0.0002722
65 50 0.000155566 1.1072e-05
65 51 8.88149e-05 0.000543678
65 52 -2.80987e-05 8.91746e-05
65 53 0.000325232 -0.000241801
65 54 9.25193e-06 1.82269e-05
66 37 7.15366e-05 -0.000276678
66 38 0.00110248 0.000197295
66 39 0.000430869 -5.08253e-05
66 40 0.00017729 -0.000197315
66 42 0.000316721 0.000103068
66 43 -7.3882e-05 0.000282259
66 44 0.000343018 7.29805e-05
66 47 -4.29535e-05 6.06893e-06
66 52 0.000236123 2.68919e-05
66 56 0.000105104 2.1753e-06
66 64 0.000284675 0.000410663
66 66 0.000215511 0.000358732
