0 38 -0.000231789 0.000108576
0 40 0.00020542 0.000170675
0 48 0.000163854 6.63784e-06
0 50 -2.76219e-05 4.38756e-05
0 51 0.000165801 -3.30053e-05
0 52 -0.000169831 0.000167206
1 34 2.85556e-05 0.000124838
1 36 -5.87614e-05 -0.000611911
1 37 1.20902e-05 2.04494e-06
1 38 6.08181e-05 -1.93187e-06
1 42 0.000123274 0.000381924
1 44 8.24429e-08 -1.05353e-07
1 47 0.000208983 0.000267658
1 48 4.86414e-05 5.14961e-06
1 49 2.43058e-05 -3.63173e-05
1 50 0.000116386 0.000107083
2 34 0.000112182 1.23897e-05
2 35 0.000357053 0.00012721
2 37 -0.000299756 -0.00033429
2 38 -0.000328218 -0.000252031
2 39 0.000323062 -0.000119872
2 40 0.00053383 -8.10468e-05
2 41 0.000173439 0.000140442
2 42 -0.000386982 9.88846e-05
2 44 0.000215657 5.57732e-05
2 48 -0.000414362 0.000235053
2 50 -0.00023131 -0.000155707
2 53 -6.00181e-05 -8.93264e-05
3 35 -2.8697e-05 -0.000238263
3 36 -0.000117268 -0.000321931
3 37 -5.44427e-05 0.000459131
3 39 3.49614e-05 1.43291e-05
3 40 0.000202399 0.000342668
3 41 -3.84415e-05 7.22934e-05
3 42 -0.000675773 0.000113862
3 43 0.000114251 -2.87184e-05
3 45 -0.00039997 8.73716e-05
3 46 -0.000202957 0.00033624
3 48 0.000231877 -0.000118872
3 49 5.02108e-06 3.9936e-06
3 50 -2.88122e-05 4.41505e-05
3 53 -3.69628e-05 -5.94921e-06
3 60 -0.00026745 0.000397543
3 66 2.4837e-05 3.44391e-05
4 33 0.000541979 -0.000204662
4 34 0.000294468 0.000451171
4 35 0.000424786 -0.000205902
4 36 0.000285779 -0.000318759
4 38 0.000218495 0.000141248
4 39 -0.000106928 -1.65943e-05
4 40 0.00036126 -0.000157799
4 41 -0.00086314 9.92356e-05
4 43 9.79099e-05 -0.000121957
4 44 0.000565331 4.70099e-05
4 46 -0.000394957 0.000647184
4 47 1.97122e-05 9.44036e-07
4 48 0.00021118 -0.000147883
4 49 -0.00067141 -2.17942e-05
4 50 0.000317562 0.000117263
4 51 0.000321937 0.000214727
4 52 0.000450668 0.00020419
5 33 -0.000343445 -9.57201e-05
5 34 -9.1618e-05 0.000106356
5 35 -0.000270752 -0.000456186
5 37 0.000374584 -8.16274e-05
5 38 -0.00063314 0.000927113
5 39 -0.0008088 -4.45534e-05
5 41 0.00010193 -2.81224e-05
5 42 0.000383194 5.32106e-05
5 43 0.000647291 -0.000100141
5 44 0.000128209 0.000454055
5 45 0.000227859 0.000278725
5 46 -0.000169992 2.25795e-05
5 47 -0.000429855 -0.000101758
5 49 0.000411308 0.000661518
5 50 0.000213745 0.00014511
6 33 0.000421457 -0.000316737
6 34 4.88255e-07 3.2948e-05
6 35 -0.000181879 -9.5161e-05
6 36 0.00019797 0.000436828
6 37 -0.000296438 -0.000389334
6 38 2.0406e-06 -0.000192826
6 39 -0.0010535 -0.00052842
6 40 8.78394e-05 0.00026349
6 42 0.000754655 -0.000104218
6 43 0.000212187 -0.00014722
6 44 3.28659e-05 -5.46299e-05
6 45 0.000363754 1.5099e-06
6 46 -0.000117339 -0.000103215
6 49 0.000251375 2.90831e-06
6 50 -0.000177071 0.000336976
6 52 -0.000232679 0.000193071
6 53 2.94708e-05 -0.000496882
6 56 0.000376339 -0.000116366
7 33 -0.00022872 1.65596e-05
7 34 0.000581147 0.000121536
7 35 0.000439551 0.000120251
7 36 0.000469637 0.000284746
7 37 0.000146482 -0.000403657
7 38 0.000188259 -4.25847e-05
7 39 0.00103213 -9.13856e-05
7 40 0.000296057 0.000121617
7 41 -0.000368 2.38855e-05
7 42 0.000272717 -0.000182194
7 43 6.82636e-05 -2.97092e-06
7 44 9.81148e-06 1.7672e-05
7 45 -0.00011349 0.000382497
7 46 3.58498e-05 -0.000191148
7 47 0.000586989 0.000317843
7 48 -0.000433829 -0.000182746
7 49 1.32328e-06 -5.91169e-07
7 51 7.2811e-05 4.49041e-05
7 52 -9.58277e-05 -0.000316915
7 53 0.00020016 -0.000195236
7 66 -0.000126694 0.000104249
8 33 -0.000638451 0.000122102
8 34 -0.000215843 -0.000257865
8 35 0.000512118 -0.000342309
8 36 4.53838e-05 -0.000170545
8 37 0.000483353 1.14825e-05
8 39 0.000286379 0.000293946
8 40 0.000311942 2.96766e-05
8 41 0.000374667 0.000288167
8 42 0.000231301 0.000373592
8 43 0.000175186 3.11119e-05
8 44 7.04553e-05 0.000350161
8 45 -0.000107756 -7.3458e-05
8 46 3.53406e-05 -1.96235e-05
8 47 0.000111964 -0.000398878
8 48 0.000158425 0.000429669
8 49 0.000169566 0.000461821
8 50 0.000158883 -0.00043594
8 52 0.00028552 0.000216886
8 53 7.11371e-05 -0.000206296
8 54 -0.000467824 0.000126545
9 33 0.000639565 -9.59672e-06
9 34 -0.000208641 -7.90722e-05
9 36 0.000165077 -0.000120483
9 37 -0.000139366 -0.00022352
9 38 0.00123405 -1.88509e-06
9 39 -0.000160398 -0.000224613
9 40 -4.62096e-05 6.45097e-05
9 41 0.000255245 6.39233e-05
9 42 0.000279254 -0.000350145
9 43 -7.53671e-05 -0.000180978
9 44 0.000425404 0.00014961
9 45 -2.99266e-06 0.000776944
9 47 0.000144332 0.000170206
9 48 3.36853e-05 0.000144423
9 49 7.28696e-05 0.000167393
9 51 -5.55389e-05 3.03504e-06
9 52 -0.000338418 0.000126719
9 54 0.000179689 -1.3488e-05
9 55 4.19095e-05 -0.000265483
9 56 -0.000144119 -4.52091e-05
9 59 -5.14523e-06 -2.32234e-07
9 61 0.000210542 0.000299594
10 34 -0.00028731 -0.000173423
10 35 0.000271202 1.72571e-05
10 36 0.000124416 -3.75433e-05
10 37 -0.000231989 -0.000487842
10 38 0.000347815 0.000529923
10 39 0.000655187 -0.000509827
10 40 0.00053139 0.00078851
10 41 -1.11275e-05 0.000331029
10 42 0.000589103 1.87146e-05
10 43 -4.3138e-05 4.28664e-05
10 44 0.000148295 -0.000300004
10 45 -0.00036805 -0.000246613
10 46 -3.2313e-05 -2.28967e-05
10 47 -0.000569087 0.000352869
10 48 -6.88815e-05 0.000146993
10 49 4.27975e-05 6.38146e-05
10 50 5.04163e-05 0.000216743
10 51 -0.00035656 0.000288373
10 52 0.00011469 0.000496402
10 53 -0.000125072 -0.000295282
10 55 -0.000146527 0.000249863
10 61 -0.000369636 2.30289e-05
11 33 7.0936e-05 -0.000110911
11 34 0.000367013 0.000213802
11 35 0.000598979 7.2588e-05
11 36 -0.000569246 0.000403607
11 37 -0.000476459 6.08207e-05
11 38 0.000133053 -1.62079e-05
11 39 8.67046e-05 -0.00020633
11 40 -0.0002779 -0.000536671
11 41 -0.000109593 -0.000354823
11 42 0.000269263 -0.000353564
11 43 -0.000576117 0.000209398
11 44 0.000537398 -3.9298e-05
11 45 -0.000403848 -8.29494e-05
11 46 -0.000185148 0.000201959
11 47 9.39322e-05 -7.60735e-05
11 48 -7.19118e-05 -0.000165332
11 49 0.000138851 0.000166552
11 53 -0.0003048 -9.36265e-05
11 55 -0.000120975 5.50537e-05
11 60 -0.000194122 6.31435e-05
12 35 0.000226055 -0.000265286
12 36 -0.000318612 -9.53262e-05
12 37 -6.56564e-05 0.000556279
12 38 0.000458939 -9.92321e-05
12 39 0.000492693 0.000106457
12 40 0.000714512 -0.000602943
12 41 -0.000344438 -0.000242495
12 42 -0.000180802 -0.000195089
12 44 -0.000170993 -1.65428e-05
12 45 2.33609e-05 -0.00018372
12 46 0.000719821 0.000363473
12 47 -0.000510357 -0.000386946
12 48 0.00100599 -0.000102862
12 49 0.00020846 4.52508e-05
12 50 -0.00026192 0.000132998
12 52 -0.000126316 0.000243022
12 53 0.000458721 5.58628e-05
12 54 -0.000128943 -0.000133635
12 55 -0.000259083 2.28952e-05
12 64 -0.0001357 0.000444137
13 34 0.000558577 0.000313815
13 35 -0.000327641 -0.000345866
13 36 -0.000160686 -0.000784149
13 37 -2.66335e-05 -0.000264223
13 38 -6.24947e-05 -0.000557161
13 39 0.000190659 3.1351e-05
13 40 -0.000164866 -8.51458e-05
13 42 -7.0234e-07 0.000273094
13 43 -4.58578e-05 0.000203721
13 44 0.000467314 6.37203e-05
13 45 0.000661799 -0.00046934
13 46 0.000390322 0.000170649
13 47 0.000410359 6.51525e-05
13 48 0.000313993 0.000351123
13 49 -1.64314e-05 0.000147982
13 50 0.000121972 0.000149218
13 51 0.000320995 0.000169253
13 52 8.00286e-05 -1.04459e-05
13 53 0.000172626 -9.83928e-05
13 54 2.16839e-05 2.60257e-05
13 55 -7.05295e-05 5.73558e-05
13 57 0.000216973 -0.000437273
13 59 -0.000208492 -4.58172e-05
13 60 5.09596e-05 3.15422e-05
13 63 -5.48615e-06 4.92072e-06
14 33 0.000491926 -8.04381e-05
14 34 -0.00113569 -0.000216492
14 35 -0.000142976 0.000346033
14 36 -6.10515e-05 -0.000220881
14 37 -0.000273875 0.000258215
14 38 0.000847495 -0.000202202
14 39 -0.000103811 0.000184871
14 40 0.000714892 6.40183e-05
14 41 0.000303404 0.000226732
14 42 0.000579024 0.000219764
14 43 0.000519284 0.000170232
14 44 -8.00868e-06 -0.000512243
14 45 -7.82455e-05 -4.08195e-05
14 46 0.000583012 -0.000189164
14 47 1.06606e-05 0.000519504
14 48 8.02603e-05 -0.000144457
14 49 0.000575378 0.000211347
14 52 -8.75044e-05 -3.43378e-05
14 54 9.69962e-05 0.000163033
14 62 -7.72093e-05 9.80651e-05
15 33 0.000730974 -0.000309911
15 34 0.000524349 0.000262882
15 35 0.000539433 -0.000396658
15 36 -0.000139366 1.27208e-05
15 37 3.10457e-05 -2.26504e-05
15 38 0.000305007 -0.000146663
15 39 0.000929763 5.26672e-05
15 40 0.000644356 -0.000143955
15 41 0.000766492 -0.000194572
15 42 0.00014105 0.000240737
15 43 0.000571839 2.65607e-05
15 45 0.000559328 0.000276528
15 46 0.000510377 -3.44553e-05
15 47 8.27977e-05 8.55337e-05
15 48 0.000143444 4.56297e-05
15 49 -3.23406e-05 -7.74408e-05
15 50 3.44507e-05 2.33619e-05
15 51 9.58504e-05 0.000171715
15 52 1.70143e-05 6.13746e-05
15 53 -0.00010594 -1.02094e-05
15 54 -0.000401279 0.000177342
15 57 3.69868e-05 5.02601e-05
15 60 -0.000173367 -0.00020619
16 34 -8.30556e-05 -0.000273158
16 35 0.000434173 -0.000354728
16 36 -0.000265891 -0.000170297
16 37 0.000122998 -0.000242439
16 38 0.000436045 0.000125279
16 39 -2.69417e-05 0.000430274
16 40 -0.000119907 0.000483342
16 41 8.40145e-05 -0.000193898
16 42 9.81697e-05 -0.000170004
16 43 -0.0004031 0.000268536
16 45 -0.000220504 -0.000171399
16 46 0.00101004 -0.000159545
16 47 -4.23121e-05 -1.07482e-05
16 48 -0.000246244 -0.000216045
16 49 0.00016284 -6.33268e-05
16 50 -0.000197909 0.000117583
16 51 -0.000124841 0.000223613
16 52 6.2461e-05 4.70754e-06
16 53 -0.000347168 0.000378949
16 54 -0.000188898 -2.74646e-05
16 58 8.01838e-06 0.000135837
16 64 0.000325439 0.00025427
17 33 5.33922e-05 -7.31369e-05
17 34 -0.00034484 -0.00054146
17 35 0.000784513 -4.06577e-05
17 36 -3.27468e-06 -5.00449e-06
17 37 -0.000545104 0.000470283
17 38 0.00112836 5.70597e-05
17 39 3.50678e-05 -0.000191063
17 40 -0.000127735 0.000176126
17 41 0.000387696 0.000149807
17 42 0.000305961 -0.000209727
17 43 0.000195588 0.000156151
17 44 0.000252115 0.000311141
17 45 -2.94849e-05 0.000342108
17 46 -0.000130627 -2.69357e-05
17 47 0.000463822 0.000274941
17 48 0.00077838 0.000352393
17 50 -0.000110913 -7.02835e-05
17 51 0.000488757 0.000174412
17 52 4.2679e-05 3.66548e-05
17 53 0.000104394 -8.69428e-05
17 54 -0.000218019 -0.000231281
17 55 -0.000415 -1.60449e-05
17 58 -0.000330779 -1.95182e-05
17 64 7.05454e-05 6.72193e-05
18 33 7.92629e-05 -5.54294e-05
18 34 -9.93815e-05 -0.000247288
18 35 3.01051e-05 -0.000446166
18 36 0.000886611 -9.99891e-06
18 37 0.000181579 8.08792e-05
18 38 0.000172565 -0.000141331
18 39 0.000156947 0.000632085
18 40 -9.20099e-05 -0.000129265
18 41 0.000579545 -0.000132778
18 42 0.000494095 0.000209412
18 43 -0.000171809 0.000224681
18 44 -0.000140158 -0.00045329
18 45 0.000334128 6.8922e-05
18 46 -0.000275714 -0.000232321
18 47 0.000286478 -0.000395554
18 48 -0.000203778 0.000689022
18 49 -0.000314865 -0.000624311
18 50 0.000190817 -0.000259049
18 53 0.000453907 3.45441e-05
18 55 -0.000319608 2.41002e-05
18 60 -0.000163445 -0.000214681
18 61 8.93944e-06 -1.31933e-05
18 63 -0.000447217 2.45301e-05
19 34 0.000360428 -0.000617644
19 35 -2.62173e-05 -9.04986e-05
19 36 0.000555822 -0.000164817
19 37 0.000369435 -0.000127691
19 38 0.000302687 -0.000486981
19 39 -0.000334427 0.000198614
19 40 0.000396295 -0.000155044
19 41 3.61885e-05 -4.95928e-05
19 42 0.000641104 0.00019873
19 43 -0.000331422 -0.000450809
19 44 0.000159257 0.000391866
19 45 8.47515e-06 0.000277499
19 46 0.000690963 1.6627e-06
19 47 -0.000119938 3.52848e-05
19 48 5.06332e-05 -4.57111e-05
19 49 -0.000195445 -0.00013226
19 50 7.67858e-05 0.000104023
19 51 0.000234492 0.000194262
19 52 1.91235e-05 -7.16643e-05
19 53 0.000224978 0.000117148
19 58 0.000308435 0.000241768
19 59 0.000377546 -0.000103653
20 33 -0.000316068 7.07067e-05
20 35 0.000350753 0.000102274
20 36 0.000153244 -2.79199e-05
20 37 -0.000456489 -0.000590538
20 38 -0.000626345 -0.000544215
20 39 -2.36925e-05 -0.000367498
20 40 0.000515828 -1.70714e-05
20 41 -0.000557123 0.000600219
20 42 0.00105687 4.6341e-05
20 43 0.000926886 -0.000405709
20 45 -0.000268381 0.000601116
20 46 0.000143598 0.000279282
20 47 0.000426814 5.56565e-05
20 48 0.000287381 0.000193156
20 49 0.000398305 -6.16555e-05
20 50 0.000626737 1.63472e-05
20 51 0.000230347 0.000173668
20 52 1.61264e-05 -6.69948e-06
20 53 0.000220352 7.75437e-05
20 54 -0.000363026 0.000215419
20 56 1.25671e-05 7.48922e-06
20 60 -4.1379e-05 -2.80325e-05
20 64 1.91195e-05 9.04454e-05
21 33 6.53056e-05 -0.000117309
21 34 -0.000256341 -0.00041828
21 36 0.000440261 0.000114562
21 37 0.000239298 -0.000110168
21 38 0.000332766 -8.16552e-06
21 39 -0.000360618 0.000199066
21 40 0.000351558 -0.000237348
21 41 0.000743907 7.11687e-05
21 42 -0.000376266 -0.000117437
21 43 0.000278313 -0.000194234
21 44 0.000237287 0.000144223
21 45 0.000387614 -5.1424e-05
21 46 9.78441e-05 0.000334678
21 47 -0.000715933 0.00069219
21 48 0.000304121 2.24533e-05
21 49 -0.000370217 0.000237308
21 50 0.0001731 0.000446117
21 51 0.00061108 0.000192836
21 52 0.000159361 8.99033e-05
21 55 0.000150504 0.000108995
21 57 -2.97783e-05 -0.000109694
21 61 0.000190718 -0.000133084
22 34 -0.000325759 0.000207139
22 35 -0.000503779 0.000453663
22 36 0.000266501 -0.000129727
22 37 0.000127377 -0.000373066
22 38 -0.000258341 -4.35573e-05
22 39 -0.000173586 -0.00018817
22 40 -9.17705e-05 0.000582501
22 41 -0.000326965 0.0003169
22 42 0.000176466 -0.000168607
22 43 4.26174e-05 -2.96745e-05
22 44 -0.00055557 5.10843e-05
22 45 -0.000376599 0.000502135
22 46 0.000469682 -0.000108362
22 47 0.000457996 -0.000240511
22 48 -0.000101236 6.10985e-05
22 50 0.000176293 4.67292e-05
22 51 0.000598299 0.000352211
22 52 2.4196e-05 0.000138882
22 53 0.000334776 -0.000160288
22 54 -1.41977e-05 -1.0466e-05
23 33 -5.62673e-06 -8.68576e-06
23 34 0.000275932 0.000208598
23 35 -2.56941e-05 -0.00027426
23 36 0.000248625 -0.000250728
23 37 4.13771e-05 -0.000488144
23 38 -0.000183526 -0.000854924
23 39 0.000121063 -0.000367036
23 40 7.84707e-06 0.00012484
23 41 6.50672e-06 -0.000167249
23 42 -9.32097e-06 0.000533891
23 43 0.000125558 -0.000320174
23 44 0.000926197 5.05459e-05
23 45 0.000572526 4.84602e-05
23 47 0.000129126 0.000215315
23 48 0.000268317 8.92244e-05
23 49 0.000731352 -0.0001544
23 51 -0.00031255 0.0005937
23 52 0.00025411 0.000255285
23 53 0.000220254 7.88951e-05
23 54 -0.000155094 0.000464024
23 55 0.000452253 5.61984e-05
23 56 0.000224296 0.000328809
23 58 -0.000362293 -0.000116774
24 33 -0.000116064 -0.000332246
24 34 3.69541e-05 2.71337e-05
24 35 0.000157546 -0.000102704
24 36 -4.92241e-05 -8.87984e-05
24 37 9.29006e-05 -0.00023501
24 38 -0.000308582 -0.000265649
24 39 0.000661398 8.51793e-05
24 40 0.00041736 -2.47029e-05
24 41 0.000249591 -0.000186863
24 42 1.67819e-05 -3.65064e-05
24 43 0.000635702 0.000481843
24 44 -0.000112075 0.000294504
24 45 0.000240393 0.000136045
24 46 0.000594522 9.37296e-05
24 47 1.99773e-05 0.00012721
24 48 -5.11585e-06 -0.000102143
24 49 0.000150262 4.56054e-05
24 50 0.000149288 -3.29012e-05
24 51 5.43884e-05 3.86269e-05
24 53 0.000158234 -0.000270934
24 54 -9.80747e-05 9.69437e-05
24 56 7.70352e-05 -0.000193064
24 57 5.77676e-05 -1.83447e-05
24 60 -0.000298219 0.000335703
25 33 0.000360078 2.55317e-05
25 34 -0.000125569 -0.000340779
25 35 -0.000186313 -0.000264124
25 36 -3.22196e-05 -0.000200899
25 37 5.00738e-06 0.000547776
25 38 0.000475236 0.000466056
25 39 0.000458538 -0.000169084
25 40 0.000487048 0.000806272
25 41 0.000746704 -1.36434e-05
25 42 0.00100508 -0.000265267
25 43 0.000350636 -0.000121658
25 44 -0.000326137 0.000245695
25 45 0.000166948 -3.24942e-05
25 46 0.000240967 7.9525e-05
25 47 0.000318037 8.22709e-05
25 48 -0.00011006 -0.000142071
25 49 0.000104644 -1.07866e-05
25 50 -0.000411027 0.000306536
25 51 0.000325498 -0.00021248
25 53 0.000176536 0.000268938
25 55 0.000205572 -0.00010072
25 56 -0.000442028 2.80452e-05
25 57 1.64314e-05 0.000748595
25 61 0.000103193 3.90643e-05
25 62 0.000145908 -0.0001874
25 63 0.000439989 -0.000127396
26 34 0.00038278 -6.02113e-05
26 35 0.000252185 -1.16054e-05
26 37 -7.63735e-05 -0.000135551
26 38 0.000212657 2.74091e-05
26 39 8.44324e-05 -7.77917e-05
26 40 0.00117057 -0.000351649
26 41 -0.000103237 0.000575496
26 42 7.74107e-05 0.000224728
26 43 -0.000538248 0.000220594
26 44 0.000152928 -0.000160167
26 45 -0.00032686 0.0002982
26 46 -7.54741e-05 0.000175701
26 47 0.000413716 0.000183666
26 48 -0.000119369 7.236e-05
26 50 0.00046883 0.000107872
26 51 -8.98554e-05 1.16077e-07
26 52 0.000780976 -3.17313e-05
26 53 -9.89283e-05 -0.000296856
26 54 0.000314473 0.000444952
26 55 -0.000233145 0.000307411
26 57 0.000181482 0.000257958
26 59 -0.000136187 9.26226e-05
27 33 0.000193736 -0.000161051
27 34 -0.000380153 6.87786e-05
27 35 -0.000369667 -0.000400665
27 36 0.00032049 0.000119091
27 37 -0.000201267 -0.000176796
27 38 -0.00014617 0.000147925
27 39 0.000390694 -0.000415492
27 40 -1.82755e-05 -0.000413524
27 41 -0.000132402 -0.000313686
27 42 0.0007456 -0.00027399
27 43 0.000150964 -0.000139886
27 44 -4.06838e-05 0.000251546
27 45 0.00039196 0.000334133
27 47 -0.000664026 0.000439402
27 48 -0.00028057 -0.000212556
27 49 0.000455541 0.000144664
27 50 0.000246626 3.58621e-05
27 51 -0.000321529 2.46566e-05
27 52 -0.000136913 0.000436203
27 54 0.000368563 -0.000161347
27 56 2.89104e-05 1.71426e-06
27 57 -0.000109129 -7.53595e-05
27 61 0.000301067 0.000321169
27 62 -0.000149238 1.01883e-05
28 33 -0.000229674 -5.95628e-05
28 35 -3.44024e-05 -0.00029372
28 36 0.000177868 -2.95434e-05
28 37 -0.000210263 0.000255416
28 38 0.000515216 -6.51267e-05
28 39 0.000402323 -0.000473419
28 40 0.000322132 -0.000192226
28 41 0.000254849 0.00032612
28 42 0.000449386 0.000349026
28 43 -2.8851e-05 0.000899775
28 44 0.000201514 -7.98107e-05
28 45 0.00035511 0.000239181
28 46 3.36888e-05 -4.90416e-05
28 47 0.000142658 -7.79791e-05
28 48 -0.000208911 5.99203e-05
28 49 -0.000253182 -5.22495e-05
28 50 0.000226406 -0.000204398
28 51 -0.0002282 0.000150468
28 52 -0.000294522 0.000236646
28 55 -0.000426713 -0.000148266
28 58 -0.000118751 8.16434e-05
28 59 4.93383e-05 0.000195767
28 64 0.00023254 1.6233e-06
29 33 0.00077821 0.000126482
29 34 0.000111031 0.000426427
29 35 0.00026283 -0.000109959
29 37 0.000246217 0.000274885
29 38 0.000488596 -0.000202661
29 40 0.000224165 0.000491833
29 41 -0.00026007 0.000209605
29 42 0.000663623 0.000311156
29 43 0.000777701 -0.000571921
29 44 -0.000673009 0.00049394
29 45 0.0010482 -5.69612e-05
29 46 0.000399736 -5.03328e-05
29 47 0.000550871 0.000357777
29 50 0.000131045 -9.43372e-05
29 51 6.50907e-05 -0.000274529
29 52 -1.38036e-05 0.000366638
29 53 -0.000166979 -4.45372e-05
29 54 -0.00012845 9.26762e-05
29 55 0.000337299 0.000304731
29 56 0.000223683 -0.000157465
29 59 -0.000136466 0.000229378
29 60 -0.000169668 0.000218255
29 65 -0.000320784 -4.30447e-05
30 34 0.000356608 0.00011055
30 35 0.000662062 0.000154115
30 36 0.000499103 -0.000135216
30 37 -0.000357063 0.000177779
30 38 0.000152223 9.00606e-06
30 39 8.94653e-05 -0.000471376
30 40 0.000549984 -0.000313046
30 41 -0.000297901 -6.47719e-05
30 43 0.000590526 0.000567547
30 44 -0.00043865 -0.000429966
30 45 -0.000155294 0.000386676
30 46 9.03203e-06 6.59068e-06
30 48 0.000369203 -0.000241058
30 49 1.2991e-05 0.000167122
30 50 0.000323816 6.57385e-05
30 51 -9.10804e-05 -0.000102148
30 53 0.000307693 0.000204858
30 54 0.000178196 -0.000188282
30 55 -0.000403594 -0.000142412
30 57 0.00017399 0.000311762
30 61 6.29297e-05 9.34285e-05
30 65 -0.000114231 4.06402e-05
31 33 5.95388e-05 -0.000103308
31 34 9.39263e-05 9.00045e-05
31 35 -0.000204295 -0.000213914
31 36 0.000416065 -8.00073e-05
31 37 -0.000156227 4.79713e-05
31 38 0.000420684 -0.000104343
31 39 -0.00029559 -7.16532e-05
31 40 0.000107489 -3.55382e-05
31 41 0.000262309 -0.000135008
31 42 6.07891e-05 -0.0003061
31 43 0.000140223 0.000171466
31 44 -0.00043429 0.000156809
31 45 0.000223059 -0.000148945
31 46 -0.000307255 0.000208061
31 47 0.000111137 -3.86465e-05
31 48 0.000630174 0.000158327
31 49 0.000326473 -0.000153279
31 50 -1.35868e-05 -2.38605e-05
31 51 0.000189023 -3.12465e-05
31 54 6.91771e-05 -4.70059e-05
31 55 -3.56173e-05 -0.000151685
31 56 4.42833e-05 2.92321e-05
31 57 0.000120238 0.000459326
31 58 5.55224e-05 -2.63662e-05
31 59 7.35943e-05 4.33482e-05
31 62 0.000115905 -1.29627e-05
31 64 0.00013836 0.000129697
31 65 -0.000392295 1.24516e-05
32 34 0.000350518 -0.000308125
32 35 -0.000444071 -0.000273423
32 36 -0.000194433 -0.000404207
32 37 0.000290845 -0.000672394
32 38 -0.000185693 -0.000182742
32 39 0.000725286 -8.4035e-05
32 40 0.000534907 0.000173234
32 41 -0.000282206 -0.000203483
32 42 4.40288e-05 1.27267e-05
32 43 -0.000259806 -0.000540418
32 44 0.00015757 4.55679e-05
32 45 0.000294478 -6.57074e-06
32 46 0.00032103 0.000259701
32 47 0.000510069 -0.000612646
32 48 0.000223455 0.000129283
32 49 -0.000113962 -0.000280057
32 51 0.000347735 5.72622e-06
32 52 0.000357752 4.35437e-05
32 53 0.000194966 0.000164121
32 54 0.000178482 0.000314502
32 55 -1.38694e-05 4.06644e-05
32 56 0.00015877 0.000133114
32 60 6.02808e-05 -0.000147911
32 61 -0.000528931 0.000294578
32 66 0.000123356 -0.000488798
33 35 0.000226083 -0.000330459
33 36 0.00027385 -3.59016e-05
33 37 0.000235506 -0.000195675
33 38 -0.000282699 2.00516e-05
33 39 1.14086e-05 -0.000235855
33 40 0.000209151 6.27426e-05
33 41 0.00030258 -0.000135344
33 42 8.97916e-06 -1.05209e-05
33 43 -5.49836e-05 -0.000388148
33 44 0.000438511 0.000193779
33 45 0.000664219 0.000398394
33 46 -0.000265344 -1.49256e-05
33 47 0.000553706 0.000252521
33 48 -5.52484e-05 -0.000178423
33 49 0.000365533 0.000179815
33 50 -0.000309353 0.000248962
33 51 0.000205512 -4.31917e-05
33 52 -0.000282481 -0.000400151
33 58 -0.000455594 0.000108895
33 62 5.90889e-05 -9.7652e-06
34 34 0.000432832 -0.000171025
34 35 0.000305093 -0.000189534
34 36 -8.97053e-05 0.000452294
34 37 -2.04606e-06 6.99324e-07
34 38 0.000831116 -0.000143
34 39 0.000265958 0.000152665
34 40 -0.000283622 -0.00018576
34 41 8.30376e-05 5.56643e-05
34 42 0.000528107 -0.000218328
34 43 -0.000162579 -5.28856e-05
34 44 -0.000157332 0.000195596
34 45 -0.000396167 0.000580076
34 46 -2.52084e-05 0.00011928
34 47 -8.04911e-06 0.000389899
34 49 -0.000227992 4.1904e-05
34 50 -0.000293297 4.27809e-05
34 51 0.000386804 0.000169654
34 52 0.000341371 0.000157715
34 55 -0.000180326 8.17373e-05
34 61 1.07988e-05 0.000108977
34 62 -6.73064e-05 0.000223406
34 64 0.000459423 -6.84938e-05
34 65 8.84202e-05 -4.693e-05
35 33 -0.000409786 -0.00043367
35 34 -6.29892e-05 -0.000264457
35 35 0.000408747 0.000131132
35 36 -0.000197186 -0.000110293
35 37 0.000336053 -0.000168529
35 38 0.000583765 -0.000514115
35 39 0.000110313 -0.000243557
35 40 -2.8263e-05 0.000243482
35 41 0.000221981 -0.000194076
35 42 -0.000234261 6.08347e-05
35 43 0.0002376 0.00035174
35 44 -1.01786e-05 4.96013e-05
35 45 0.000661528 8.66534e-05
35 46 0.000315715 0.000256989
35 47 -0.00012874 -0.000687828
35 48 0.000115517 0.000354982
35 49 -0.000367463 2.62113e-06
35 50 -0.000101407 0.000175069
35 51 0.000139444 0.000111889
35 52 -0.000148606 -0.000352864
35 53 0.000186846 -1.98376e-05
35 54 -7.46846e-05 -5.27565e-06
35 56 0.000220882 0.000397379
35 60 -0.000281837 0.000192993
35 64 -7.63191e-06 1.52601e-05
35 65 -0.000252928 0.000101227
36 34 0.000490317 -0.000127094
36 35 -0.000200816 6.54811e-05
36 37 0.000394628 -0.00022987
36 39 0.000374586 -8.24346e-05
36 40 0.000389327 0.000180099
36 41 0.000979295 -0.000152596
36 42 -0.000220936 0.000762656
36 43 -0.000391507 0.000281522
36 44 0.000785094 0.000180988
36 45 0.000370265 0.000105393
36 46 0.000120095 6.89803e-05
36 47 -0.000164375 0.000484297
36 48 -1.78191e-05 -1.91119e-05
36 50 0.00011766 8.34796e-05
36 51 6.57562e-05 -0.000193516
36 52 -0.000138738 -9.56039e-05
36 53 -3.51702e-05 -9.35822e-05
36 55 9.52249e-05 -0.000303278
36 56 0.000298605 0.000209834
36 57 -6.03758e-05 4.49725e-05
36 58 7.29995e-05 7.77957e-05
36 59 -0.000375083 0.000188711
36 64 -0.000319425 0.000154261
36 65 -4.25691e-05 -3.5627e-05
37 34 0.000200047 6.65789e-06
37 35 0.000355576 0.000125317
37 36 8.26663e-05 -3.6155e-05
37 37 -6.1114e-05 2.57583e-05
37 38 0.000255769 4.89947e-05
37 39 -0.000158315 3.84998e-05
37 40 0.00026102 0.000175757
37 41 -0.000207661 3.04237e-05
37 42 0.000508414 7.9027e-05
37 44 0.000376255 -0.000651593
37 45 0.000476736 0.000445355
37 46 -0.00015525 0.000444624
37 47 -0.000116632 0.000110883
37 49 0.000560754 -0.000162612
37 50 0.000994108 0.000534749
37 51 -0.000524493 0.000204719
37 52 1.50808e-05 4.99572e-05
37 53 0.000243496 0.000224185
37 54 -0.000179622 0.000131757
37 56 -0.000135098 0.00030213
37 61 0.000244773 0.00030507
37 63 0.000201962 -9.89972e-05
37 65 -0.000220637 -0.000368409
37 66 -0.000414657 -0.000151954
38 35 -2.1229e-05 8.34929e-05
38 36 0.000298631 -0.000196136
38 37 0.00063519 -0.00047149
38 38 1.39544e-06 1.13858e-05
38 39 0.000432821 -0.000267872
38 40 0.000521111 -0.000258286
38 41 -0.000293511 -5.46787e-05
38 42 0.000180438 0.000418908
38 43 -0.000309987 -9.89189e-06
38 44 0.000488005 0.000316974
38 45 0.000226668 0.000394041
38 46 0.000145092 0.000140942
38 47 0.000212403 -0.000127687
38 48 -0.000353312 -9.44414e-05
38 49 0.000547323 -0.000112127
38 51 2.41159e-05 2.81153e-05
38 52 -0.00028624 0.000415346
38 53 -0.000137552 -0.00029922
38 54 0.000518903 0.000337018
38 57 -0.000365926 -0.000146418
38 58 0.00024717 6.00119e-05
38 60 -0.000247524 0.000306281
38 64 -0.000214918 0.000214706
39 33 2.05767e-05 -6.6628e-06
39 34 0.000243799 0.000416659
39 35 -1.86177e-06 -0.000109835
39 36 -4.26686e-05 -0.000215708
39 37 -5.47743e-06 -3.86568e-06
39 38 0.000218001 0.000120409
39 39 0.000676165 0.000308993
39 40 -0.000537715 0.000597487
39 41 0.000287359 -0.000108731
39 42 0.000273784 -2.69823e-05
39 44 -0.000185575 0.000783073
39 45 0.000364732 -0.000101225
39 46 0.000164435 -0.000222614
39 47 0.000481887 0.000578586
39 49 0.000139481 -0.000776947
39 50 0.000208131 -9.82053e-05
39 51 -9.56269e-05 0.000394028
39 52 0.000421618 0.000409875
39 53 -2.3989e-05 -5.68611e-05
39 54 -6.01152e-05 5.18696e-05
39 56 3.4011e-05 -4.21156e-05
39 61 3.09932e-05 4.26662e-05
39 63 0.000121434 0.000161736
40 34 -0.000203223 -0.000277132
40 35 -0.00023182 0.000152268
40 36 0.000285524 7.85419e-05
40 37 1.35937e-05 -3.72179e-05
40 38 -0.000436584 9.62956e-05
40 39 0.00091427 0.000123611
40 40 7.46122e-05 4.79939e-06
40 41 -0.000138245 0.000578072
40 42 -0.000524885 0.000398726
40 43 0.000578562 -0.000100009
40 44 0.000373023 -0.000312747
40 45 -0.000629849 -0.000396818
40 46 5.52455e-07 0.000509504
40 47 0.000178048 -0.000265443
40 48 0.000301285 -0.000238172
40 49 0.000210868 0.000424058
40 50 0.000495214 3.25088e-05
40 51 -3.04126e-05 0.0001027
40 52 -0.000281963 0.000210346
40 54 -0.000143326 -0.000273276
40 57 -8.84521e-05 -2.62625e-05
40 58 1.18966e-05 3.30953e-05
40 59 0.000452798 0.000162393
41 35 -0.000449924 -0.000194888
41 36 -0.000204424 -0.000234031
41 37 0.000954605 0.00030908
41 38 -0.000217173 -0.000137292
41 39 6.61357e-05 0.000102588
41 40 0.000255546 8.17882e-05
41 41 0.000274255 -0.000421565
41 42 -0.000258529 0.000110882
41 43 0.000451166 0.000416224
41 44 0.00032495 0.000126648
41 45 4.91308e-05 0.000478665
41 46 -0.000365076 -2.86179e-05
41 47 -0.000299269 -0.000346439
41 48 -7.07997e-05 -0.000115755
41 49 0.000166437 -3.9718e-05
41 50 -0.000431693 4.22459e-06
41 51 0.000338181 5.99731e-05
41 52 -9.45494e-05 0.000230625
41 53 0.000452878 0.000396406
41 55 0.000159132 0.000134315
41 56 -0.000156344 -0.000409871
41 58 0.000335802 0.000118599
41 59 -2.29559e-05 8.48189e-05
41 60 0.000306383 -1.47984e-05
42 36 -8.3224e-05 -7.13515e-05
42 37 0.000433028 -0.000230957
42 38 -3.15535e-05 5.45402e-05
42 39 2.66848e-05 2.59787e-05
42 40 -0.000430824 9.4207e-05
42 41 -0.000493275 -0.000717975
42 42 -0.00011271 -0.000554982
42 43 -0.000279533 -0.000236456
42 44 0.00124109 0.000470622
42 45 0.000189902 0.000116355
42 46 -9.74446e-05 -6.44113e-05
42 47 0.000348098 -0.000499853
42 48 8.6393e-05 -6.31574e-05
42 49 0.000557731 -2.16387e-05
42 51 0.000230802 -0.000406585
42 52 0.000120857 0.000115619
42 54 0.000744276 0.000435685
42 56 0.000139882 0.000184679
42 57 0.000283878 9.98325e-05
42 58 9.55241e-05 0.000146032
42 59 0.000195808 5.95526e-05
42 60 0.000130446 6.09173e-05
42 61 7.18383e-05 3.36782e-05
42 64 -0.000517284 6.80302e-05
43 34 0.000189108 -0.000250353
43 36 -0.000411999 6.69782e-05
43 37 0.000402849 4.57374e-05
43 38 0.000566435 -0.000285951
43 39 7.70645e-05 -0.000166352
43 40 -2.13512e-05 4.50171e-05
43 41 -0.000622329 0.000480004
43 42 0.000471413 0.000155224
43 43 0.000189414 7.00911e-06
43 44 0.000411635 4.19438e-05
43 46 -0.000742698 0.000442041
43 47 0.000536993 0.000593942
43 48 -8.59473e-05 0.00022623
43 49 -0.000275841 0.000201077
43 50 0.000119157 0.000133215
43 52 0.000530165 -0.00105129
43 53 -0.000159868 2.38636e-05
43 56 0.00039832 -9.12859e-05
43 57 0.000437155 0.000238401
43 58 0.000280897 4.52028e-05
43 61 0.000132496 6.073e-05
43 62 0.000134349 1.88189e-05
44 33 0.00028466 0.000187558
44 34 0.000264624 -0.000118585
44 35 0.000121195 0.000111451
44 36 -0.000155923 -0.000414714
44 37 0.000341443 -0.000246883
44 38 -0.000271827 0.000165519
44 39 -0.000323029 3.39537e-05
44 40 -0.00017136 0.000192123
44 41 0.000324747 0.000211196
44 42 0.000230236 -0.000170859
44 43 -0.00012064 -0.00011789
44 44 0.000318979 0.000152299
44 45 -0.00010269 0.000138629
44 46 -0.000252257 0.000431089
44 47 0.000192839 -3.36826e-06
44 48 0.000458907 0.000378534
44 49 0.00131718 -2.57411e-05
44 50 0.000230061 2.26965e-05
44 53 2.6688e-05 6.27077e-05
44 54 0.000670672 -0.000162378
44 59 2.57887e-05 4.1747e-05
45 34 5.61462e-05 -0.000310323
45 35 -0.000268834 -0.000278928
45 37 -5.05826e-05 -0.00044478
45 39 -0.00011786 0.0001028
45 40 0.000313523 0.000167253
45 41 0.000305082 0.00014539
45 42 0.000835548 -2.19967e-05
45 43 -6.93485e-05 0.000397824
45 44 0.000408553 -4.3732e-05
45 45 -0.000421308 -4.62362e-05
45 46 0.000737289 0.000338154
45 47 0.000667678 6.32094e-05
45 48 0.000229718 -7.08737e-05
45 49 0.000180774 0.000700041
45 50 0.000319831 6.80832e-05
45 53 0.000259856 -0.000216133
45 54 8.84484e-05 5.81586e-07
45 55 0.000751165 -0.000228
45 56 0.000506756 0.000398236
45 58 0.000292251 -0.000118008
46 33 -8.13873e-05 5.71047e-05
46 34 3.13318e-05 -3.83254e-05
46 35 0.000408453 -0.000217396
46 36 -3.95683e-05 0.00033908
46 37 -0.000190241 0.000217832
46 38 0.000388264 -6.77967e-05
46 39 0.00030053 -0.000281233
46 40 0.000308671 -0.000320805
46 41 -2.61464e-05 3.25515e-05
46 42 0.000597894 -9.93849e-05
46 43 0.000521956 3.70041e-05
46 44 0.000107166 0.000304209
46 45 0.000220182 9.44855e-05
46 46 4.79425e-05 -4.33855e-05
46 47 0.00029669 -0.000289327
46 49 0.000341686 0.000129065
46 52 4.21644e-05 6.74393e-06
46 53 0.000281562 -0.000178166
46 54 6.28453e-05 7.95598e-06
46 57 1.6571e-05 7.38682e-05
46 58 0.000631735 -0.000472201
47 33 0.000436118 1.15197e-05
47 35 0.000729872 -0.000283867
47 36 0.000158992 2.91276e-05
47 37 0.000383395 0.000266931
47 38 0.000239812 -0.000200206
47 39 -0.000269209 -0.000174117
47 40 -0.000115594 -0.000422983
47 41 0.000189024 -4.59232e-05
47 42 0.00062286 0.000373836
47 43 0.000455567 -6.74561e-05
47 44 -0.000140319 0.000109313
47 45 9.21759e-05 8.27536e-05
47 46 0.000169428 0.000207391
47 47 0.00032339 -3.50638e-05
47 48 -9.74166e-05 -4.15771e-05
47 49 -0.000244419 8.86554e-05
47 50 0.000460928 -4.84546e-07
47 51 9.14668e-05 -0.000437967
47 53 0.000344721 3.06159e-05
47 54 -0.000215089 0.000202814
47 55 -1.4872e-05 -4.89935e-06
47 56 0.000115549 -4.83967e-05
47 57 -0.000129992 0.000248875
47 59 -9.86598e-05 -0.000210907
47 64 0.000105528 5.50556e-05
48 35 0.000322986 -0.00011782
48 36 -0.000379395 0.000200286
48 37 1.14507e-05 -7.25618e-06
48 38 -0.000159138 -0.000299992
48 39 0.000257228 0.000346438
48 40 -0.000491893 -1.32174e-05
48 42 1.24527e-05 -1.40699e-06
48 43 0.000758636 -0.000463559
48 44 3.29842e-06 2.9238e-06
48 45 -0.000474952 -0.000113761
48 46 0.000379396 0.00070162
48 47 1.12302e-05 4.43072e-05
48 48 0.000167461 0.000226686
48 49 -0.000667565 -0.00021574
48 50 0.00017647 -0.000131937
48 51 0.000178857 -3.16745e-05
48 52 0.000136882 0.00037362
48 53 -8.3783e-06 0.000123112
48 54 -9.49409e-05 6.48744e-06
48 55 2.29468e-05 0.000320278
48 58 7.16926e-05 -6.28955e-06
48 59 0.000278016 -7.60105e-05
48 60 -0.000342038 0.000186157
48 61 -0.000201665 0.000272325
48 62 7.20224e-05 0.000131473
48 63 0.000118822 0.000228735
48 66 0.000400175 0.000161012
49 34 -0.000151515 -0.000232098
49 35 0.00102254 -0.000183439
49 36 -3.29052e-05 -0.000214292
49 37 0.000284584 1.06306e-05
49 38 -0.000209018 0.000163416
49 39 0.000373515 0.000226328
49 40 0.000260366 -0.000188797
49 41 0.000255025 -0.000138936
49 42 -0.000313346 2.92137e-05
49 43 2.51355e-05 -8.55571e-05
49 44 -0.000705127 0.000402191
49 45 -0.000190152 -1.74215e-05
49 46 -0.000122219 -7.64693e-05
49 47 0.000188439 -1.39096e-06
49 48 4.44952e-05 -1.58111e-05
49 49 2.83365e-05 -0.000237523
49 50 0.000625953 -0.000264729
49 52 0.000222662 0.000128719
49 54 -0.000155397 -2.46511e-05
49 55 5.20223e-05 -5.11931e-05
49 56 0.000139375 3.86943e-05
49 57 0.000212856 0.0001098
49 58 -8.47654e-05 0.000119331
49 59 -9.70501e-05 3.22238e-05
49 64 0.000448555 5.69416e-05
50 33 0.000284932 -0.000387207
50 35 0.000250095 -0.000351135
50 36 0.000347946 -5.80134e-05
50 38 -0.000319422 -1.45525e-05
50 39 5.89351e-05 7.96272e-05
50 40 -0.000331191 0.000603917
50 41 0.000242719 0.000144229
50 42 0.000492604 -0.000657935
50 43 -0.000167352 0.000388769
50 44 0.000167416 0.000357158
50 45 0.000143492 0.000334702
50 47 0.000164201 1.13164e-06
50 48 0.000110389 0.000299883
50 49 -0.000122723 -1.11892e-05
50 51 0.000265037 -0.000355657
50 52 0.000859387 -9.53351e-05
50 53 0.000110734 0.000282955
50 56 0.000191408 -8.30011e-05
50 58 -3.85219e-05 -5.04648e-06
50 61 0.000513384 0.000365938
50 62 0.000407745 -0.000125809
50 63 -6.57244e-05 -2.76253e-05
50 64 2.89183e-05 1.96449e-05
50 65 -0.000246292 1.92922e-05
50 66 0.0001307 0.000303348
51 33 0.000323893 9.96345e-06
51 34 9.51046e-05 1.19421e-05
51 35 -0.000455233 -0.000285977
51 37 -0.000364865 0.000281025
51 38 -0.000501758 -7.3772e-05
51 39 0.000413538 -0.000460379
51 41 -5.75604e-05 0.000251607
51 42 0.0003455 0.000252795
51 43 -0.00013698 -0.000120354
51 44 0.000438731 -0.000204486
51 45 6.63878e-05 7.26884e-06
51 46 0.000263086 -0.000314428
51 47 0.000247865 0.000248547
51 48 0.00013518 -0.000136657
51 49 0.000245004 -0.00010767
51 50 0.00029271 0.000165995
51 52 -0.000143093 -3.79443e-05
51 54 0.00011706 -0.000164583
51 56 0.000555979 -0.000121
51 63 -0.000285654 -0.00022033
51 64 0.000138196 -0.000187181
52 34 0.00025188 -0.000243707
52 35 0.000425986 2.71729e-05
52 37 -4.53546e-05 -0.000386919
52 38 -0.000513335 -0.000272109
52 39 9.83728e-05 -0.000162186
52 40 -0.000186411 0.000235258
52 41 -6.70986e-06 9.46993e-05
52 42 0.000121491 -0.00039006
52 43 -0.000134727 -0.000471749
52 44 -0.00060111 0.000363326
52 45 -0.000211391 -6.79824e-05
52 47 0.000134124 4.5523e-05
52 48 1.99215e-05 0.00018561
52 50 -0.000112376 -0.000334467
52 51 -1.42245e-05 -0.000239948
52 53 0.000193641 0.000100818
52 55 -3.54652e-05 4.55586e-05
52 56 2.53418e-05 4.15226e-05
52 60 0.000212347 0.00041506
52 61 0.000289846 0.000130639
52 62 0.000385989 -3.86981e-06
52 63 -0.000348453 -0.000286753
52 64 0.000369206 6.9774e-05
52 65 7.64132e-05 6.07334e-06
53 34 -0.000297816 -0.000204316
53 37 0.000307297 0.000102243
53 38 -0.000188035 0.000471072
53 39 -0.000967743 0.000339211
53 41 2.16894e-05 -1.03286e-05
53 42 -0.000423731 -8.75471e-05
53 43 0.000105147 0.000178337
53 44 0.000111207 -0.000142514
53 45 0.000361899 -0.000187879
53 46 -0.00075565 0.000285301
53 47 -0.000150995 -5.45027e-06
53 48 -0.00016167 0.000261938
53 50 -0.000265465 -0.000405369
53 51 0.00024913 -0.000304741
53 52 -0.000260193 7.0006e-05
53 53 -0.000478284 -0.000127297
53 54 -0.000536886 0.000460598
53 55 0.000146732 0.000391259
53 56 -0.000307735 5.36376e-05
53 57 -2.96159e-05 3.34166e-05
53 59 0.000270291 -0.000140038
53 60 -9.33048e-06 1.87435e-05
54 33 1.97059e-05 -1.31603e-05
54 35 0.00014164 -9.22712e-05
54 37 0.000380052 0.000132427
54 38 0.000146383 4.6792e-05
54 41 0.00082139 -0.000376885
54 43 0.000309093 0.000405284
54 44 -0.000192109 0.000285147
54 46 0.000358762 -0.000289656
54 48 0.000115852 0.000242091
54 49 0.00035896 8.53957e-05
54 50 0.000214409 3.5369e-05
54 51 0.000281977 0.000124646
54 53 0.00010339 0.000241903
54 54 -0.000210996 0.000375317
54 55 0.000282098 1.8004e-05
54 56 0.000292747 0.000389075
54 60 0.000249584 5.30552e-05
54 62 0.000129771 -0.000277754
54 64 -0.000167166 0.000155138
55 35 0.00102252 -0.000219875
55 36 -0.000158086 7.35681e-05
55 37 -0.000179386 -0.000233373
55 38 -0.000210495 -0.000277512
55 39 0.000256067 -0.000394469
55 41 0.00033556 0.000194538
55 42 5.4539e-05 2.06715e-05
55 43 0.000314712 1.50013e-05
55 44 -0.000377587 6.43764e-05
55 45 0.000490719 3.62078e-06
55 46 2.71444e-05 -5.55709e-06
55 47 0.000318239 -8.86988e-05
55 48 -3.48395e-05 -2.83834e-05
55 49 0.00016464 1.39748e-05
55 50 -0.000219175 0.000138934
55 51 6.74248e-05 -1.41156e-05
55 52 7.10577e-05 6.75493e-05
55 53 0.000105445 0.000166074
55 54 0.000445613 -7.41728e-05
55 55 0.000361366 -7.79693e-05
55 56 0.000137085 -8.0955e-05
55 57 -8.90658e-05 0.000364746
55 58 0.00041543 0.000137635
56 33 0.000340317 -0.000326386
56 35 -0.000228317 -0.000155007
56 36 5.43072e-05 -5.9348e-05
56 38 0.000326012 -0.000565438
56 39 -0.000261439 -2.0417e-05
56 40 3.74276e-06 8.56941e-07
56 42 0.00021851 0.000292876
56 43 9.07204e-05 -1.17635e-05
56 44 0.000146983 -4.82182e-05
56 45 0.000238088 0.000240006
56 46 -0.000193507 -0.000150689
56 47 -3.40153e-05 0.000112273
56 48 0.000100592 0.000402869
56 49 0.000257711 0.000445393
56 50 1.75977e-05 -1.58816e-05
56 51 0.000188201 -0.000393987
56 52 0.000102664 5.02228e-05
56 54 0.000290492 0.000233983
56 55 -9.53221e-05 -0.000320305
56 57 0.000242302 0.000172907
56 59 -0.000140978 -0.00010685
56 65 -3.5481e-05 8.5383e-05
56 66 0.000192418 0.000237956
57 34 0.000431481 -0.000221021
57 35 0.00039626 -0.000203017
57 36 0.000333068 8.62102e-05
57 37 -0.00044484 -0.000334497
57 38 8.00518e-05 0.000308794
57 39 -0.000276475 -9.55736e-05
57 40 0.000535018 -0.00014654
57 41 -6.81476e-05 -0.000178519
57 43 0.000147227 -0.000297265
57 44 0.000482752 1.0651e-05
57 45 -0.000207452 -0.000379816
57 46 0.000368911 -0.00027526
57 47 7.05312e-05 0.000950656
57 48 0.000106531 4.07399e-05
57 49 0.000661364 0.000251583
57 50 0.00025338 2.64415e-05
57 52 4.81524e-06 -6.36486e-06
57 53 0.000314023 0.000160669
57 55 0.000214867 0.000276249
57 58 -0.000350603 0.000171
57 60 0.000193377 0.000157345
57 64 0.000109569 5.67619e-05
57 65 3.73501e-05 5.04324e-06
58 33 4.67846e-05 -3.00205e-05
58 34 2.64617e-05 0.000179542
58 35 2.52784e-05 -0.00013288
58 36 -0.000491028 0.000146919
58 37 3.70076e-05 -0.000380387
58 38 5.48483e-05 -1.72244e-05
58 39 4.27709e-05 9.78628e-05
58 40 0.000983438 0.000398805
58 41 0.000132974 2.37517e-05
58 42 0.0002474 -0.000132977
58 43 0.000422651 -0.000175051
58 44 0.00035318 -0.000261682
58 45 6.42512e-05 1.50003e-06
58 46 0.000140444 9.65774e-05
58 47 -0.000227523 0.000228602
58 48 0.000306745 7.24405e-05
58 49 0.000296563 -9.85161e-05
58 51 0.000167521 -0.000130663
58 52 -0.00070988 3.51194e-05
58 53 -0.000155301 0.000352611
58 54 0.000342288 0.000338352
58 57 -0.000142024 0.000210101
58 60 1.96949e-05 7.17902e-06
58 62 6.04281e-06 8.06842e-06
59 34 0.000106217 0.000148317
59 35 5.7005e-05 2.16953e-07
59 37 2.87977e-05 -2.16387e-05
59 39 3.29959e-05 -4.73126e-06
59 40 0.000272479 2.45049e-05
59 41 -4.62537e-05 2.37361e-05
59 42 3.96229e-05 0.000120605
59 43 1.52183e-06 3.68654e-05
59 44 -0.000343392 -2.80873e-05
59 45 0.000658745 0.000311808
59 46 0.000257598 7.30979e-05
59 47 0.000360865 -0.000214549
59 49 6.63978e-05 -0.000265861
59 50 0.000492294 -5.75359e-05
59 52 -6.63509e-05 0.00018641
59 53 -0.000125236 0.000192578
59 54 -0.00014941 -0.000570371
59 55 -0.000244851 0.000206503
59 56 0.000217938 -4.25257e-05
59 58 0.000270036 0.0001611
59 60 -0.000246403 7.88219e-05
59 61 0.000140873 -0.000287286
60 34 0.000535445 0.000213484
60 35 0.000415411 -0.000161812
60 37 9.64524e-05 -9.36213e-05
60 38 0.000476101 0.00021923
60 39 -0.000179494 4.64025e-05
60 40 0.000237372 7.56445e-05
60 41 0.000449357 -0.000555032
60 42 0.000203347 0.000280824
60 43 -1.32749e-05 2.58984e-07
60 44 0.000547913 -0.000128164
60 45 0.000334702 -9.62051e-05
60 46 0.000968355 -8.95526e-05
60 47 0.000220199 2.23158e-05
60 48 -0.00024521 7.40706e-05
60 49 0.000163222 0.000223951
60 50 0.000242951 0.000144375
60 51 5.95082e-05 -0.000131092
60 52 0.000229454 9.45244e-05
60 53 4.07012e-05 0.000191776
60 54 -0.000818842 3.44746e-05
60 55 -0.000231331 -0.000330886
60 56 3.47775e-05 3.27668e-05
60 57 0.00030486 0.000117058
60 58 0.000483725 0.000444386
60 61 6.63084e-05 -5.90991e-05
61 34 -0.000294926 0.000225264
61 35 0.000236154 -0.000632373
61 36 0.000297362 5.33771e-05
61 37 0.00037201 0.000146264
61 38 0.000435836 0.000181299
61 39 0.000286026 9.17412e-05
61 40 0.000521192 -0.000303459
61 41 0.000499058 -3.13748e-05
61 42 0.000526812 -6.87119e-05
61 43 0.000203103 -4.37301e-05
61 44 0.000260437 -0.000126016
61 47 8.91057e-05 6.77706e-05
61 49 0.000392418 0.000134884
61 50 8.6254e-05 -1.38908e-05
61 51 0.000272207 0.000106045
61 52 -0.000195266 -1.17148e-05
61 54 0.000369851 -0.000123439
61 56 -0.000120346 7.73965e-05
61 58 5.89505e-05 -7.93864e-05
61 59 0.000202539 -0.000262886
61 62 0.000338615 0.000326561
62 33 0.000330675 0.000161239
62 34 -0.000247605 -0.000382882
62 35 0.000376488 -0.000158633
62 38 -0.00032082 -0.000298362
62 39 1.72088e-05 -2.22299e-05
62 40 0.000249259 -0.000106929
62 41 0.000211926 0.000124487
62 42 6.79667e-05 0.000238854
62 43 0.000493555 -5.31444e-05
62 44 0.000138821 -8.70646e-05
62 45 -0.000432705 -0.000150575
62 46 -1.70978e-05 0.000421255
62 47 0.000139506 3.61977e-05
62 48 0.000276858 0.000120362
62 49 0.000105068 -5.01014e-05
62 50 -3.95583e-05 5.96151e-05
62 51 0.000164987 -9.46839e-05
62 52 0.000136702 0.000229412
62 54 7.91446e-06 2.87962e-06
62 56 -0.000408031 0.000183817
62 59 0.000379999 -0.000201298
62 61 -1.48238e-05 2.37242e-05
62 63 9.41817e-05 0.000300015
62 66 0.000215729 0.000414003
63 33 0.000272619 -0.000319069
63 34 0.000369872 -0.000156141
63 35 -9.64536e-05 -8.43421e-05
63 36 1.07573e-05 -1.11759e-05
63 37 7.68897e-05 0.000191248
63 38 6.53922e-05 -2.84639e-05
63 39 0.000170419 0.000305526
63 41 0.000247234 -0.000472507
63 42 0.000417339 0.000503008
63 43 0.000199773 -0.000172696
63 44 -0.000274336 -6.83764e-05
63 45 4.60013e-05 4.09283e-05
63 46 0.000275992 0.000243595
63 47 -0.000138255 -0.000242157
63 49 7.51851e-05 6.65113e-05
63 50 0.000180209 1.17403e-05
63 52 0.000187296 0.00019284
63 54 0.000587644 0.000329922
63 59 -0.000444796 -0.000197056
63 60 0.000257647 0.000190846
63 64 1.67217e-05 -2.66804e-05
63 65 -0.000186687 9.89928e-06
64 35 0.000191158 0.000223026
64 36 4.82342e-06 -2.01925e-06
64 37 0.000303642 4.41788e-05
64 38 -0.000207741 3.35798e-06
64 39 0.000806784 0.000126964
64 40 0.000313554 -0.000155919
64 43 0.000342499 2.84407e-05
64 44 6.31111e-05 0.000165815
64 45 -0.000150004 0.000333712
64 46 2.71242e-05 2.63885e-05
64 47 0.000151698 0.000101304
64 48 4.6637e-05 5.85028e-06
64 49 0.000517537 0.000227685
64 50 -9.02941e-05 0.000169017
64 51 0.000500494 0.000248335
64 52 0.00018484 -0.000383884
64 54 -0.00014789 -0.000262462
64 56 -0.000228063 0.000520145
64 64 0.000363148 -0.000156158
64 66 0.000336066 9.13969e-05
65 33 -0.000569573 0.000434828
65 34 7.17186e-05 0.00011553
65 35 0.000363804 3.54248e-05
65 37 0.000160718 -0.000241116
65 38 -1.80585e-05 -2.31702e-06
65 39 7.30858e-05 5.55459e-05
65 40 0.000361303 -0.000253293
65 41 0.000312143 1.74224e-05
65 42 0.000153652 0.000423856
65 43 6.34481e-05 -0.000170466
65 44 7.59506e-06 -2.0659e-05
65 45 3.53523e-05 0.000607367
65 47 5.87642e-05 0.000105557
65 48 0.000593882 0.000146837
65 50 9.43257e-05 1.87478e-05
65 51 0.000163463 9.61543e-05
65 52 0.000270341 0.000277232
65 55 0.000660194 0.000414518
65 56 -0.000296525 9.61361e-05
65 57 0.000498187 -5.78522e-05
65 64 2.64165e-06 1.06321e-06
65 66 9.02528e-06 6.6604e-06
66 33 0.000120041 -6.52415e-05
66 34 -6.41919e-05 -3.23664e-05
66 35 0.000302445 -5.26176e-05
66 36 0.000101617 1.58046e-05
66 39 0.000235752 0.000235068
66 40 -0.000456269 3.98868e-05
66 42 -0.000385244 -3.93656e-05
66 43 -5.49472e-05 -0.000107868
66 45 0.00119497 0.000421541
66 46 -0.000260975 -0.000280048
66 49 2.89383e-05 -6.77053e-06
66 50 0.000203309 -2.42466e-05
66 51 0.000283155 -0.000100427
66 52 -0.000159087 -0.000149891
66 54 -0.000128 0.000272032
66 58 0.00036671 0.000148172
66 60 -0.000320407 0.000367437
66 62 0.000102837 -8.90046e-07
