0 33 -41.0746 6800.65
0 34 6.39769 11702.7
0 35 11.7504 11955.8
0 36 68.0937 11707.5
0 37 94.0497 11782.3
0 38 -22.5613 11979.5
0 39 65.734 12049.1
0 40 -45.5274 11842.4
0 41 40.8674 11813.6
0 42 60.4458 11709.5
0 43 -38.8661 11592.4
0 44 -4.81859 11586
0 45 87.5958 11599.5
0 46 112.515 11386.3
0 47 83.3348 11503.9
0 48 154.833 12342.3
0 49 63.2736 14711.1
0 50 -22.064 16314.5
0 51 -3.3199 26.1379
1 33 101.211 19285.7
1 34 119.326 32557.6
1 35 344.918 32873.6
1 36 86.3502 33527
1 37 127.078 33953
1 38 236.342 34023
1 39 234.119 34331
1 40 389.776 34566.1
1 41 520.465 33919.1
1 42 490.988 33909.2
1 43 226.704 33177.9
1 44 391.868 32580.9
1 45 482.904 32951.2
1 46 630.783 32795
1 47 488.678 33058.5
1 48 631.883 34976.5
1 49 818.981 42938.2
1 50 880.674 45817.6
1 51 5.85304 174.458
1 52 -5.58681 -1.12316
2 33 194.177 29930.4
2 34 408.347 51298.6
2 35 399.333 52448.8
2 36 555.061 52945.2
2 37 554.958 53533.6
2 38 794.92 52852
2 39 918.777 51763.6
2 40 848.88 51438.8
2 41 781.674 51864.3
2 42 831.159 52245.9
2 43 1194.39 52583.2
2 44 1259.12 51779.5
2 45 1115.98 51793.4
2 46 1292.82 52362.9
2 47 1368.76 53380.1
2 48 1674.18 56060.4
2 49 1815.88 67537.3
2 50 2119.43 73847.1
2 51 8.31608 171.978
3 33 252.961 38034.8
3 34 703.276 64311.1
3 35 1070.59 65336.1
3 36 1382.74 66164.4
3 37 1226 66098.3
3 38 1411.24 66824.4
3 39 1343.53 66830
3 40 1286.48 66393.7
3 41 1312.94 66591.2
3 42 1657.09 66017.2
3 43 1684 64758.2
3 44 1641.78 65282.9
3 45 1914.79 66110
3 46 2424.89 67067.3
3 47 2715.71 69050.3
3 48 2950.91 73271.1
3 49 3801.17 90327.8
3 50 4288.91 97309.1
3 51 7.78628 207.102
3 52 -1.43979 -0.927615
3 55 3.96921 4.1576
4 33 342.725 43012.5
4 34 1071.69 72994.6
4 35 1610.82 74109.1
4 36 1384.49 74872.2
4 37 1794.15 75165.3
4 38 1754.43 74995.4
4 39 2120.66 76065.9
4 40 1882.94 76404
4 41 2285.87 76877.2
4 42 2601.67 76661
4 43 2656.21 76462.1
4 44 2637.82 76463.3
4 45 3037.11 76111.1
4 46 3408.03 78373
4 47 4102.25 81251.3
4 48 4187.68 88894.5
4 49 6129.59 111142
4 50 6204.46 119253
4 51 16.9737 259.862
4 52 13.1749 9.41488
4 53 -9.82535 -4.58435
4 56 9.83072 3.2791
4 57 -6.18438 -4.55751
4 62 5.12612 -3.88044
5 33 204.423 43459.2
5 34 1285 74050.9
5 35 1932.86 76474.8
5 36 1966.44 77693.4
5 37 2221.31 78936.2
5 38 2514.56 79762.3
5 39 2620.18 79776.8
5 40 2778.88 79495.1
5 41 3162.03 80156.3
5 42 2986.61 79698.6
5 43 3276.87 80609.8
5 44 3636.38 81022.9
5 45 4004.05 82314.1
5 46 4540.21 84134.7
5 47 5063.17 88870.7
5 48 5693.55 95557.8
5 49 7916.82 120133
5 50 8815.93 131917
5 51 22.8436 304.13
5 52 0.990794 13.814
5 57 4.97405 0.270419
6 33 371.325 43007.1
6 34 1694.29 72706.6
6 35 2243.65 74507.2
6 36 2538.22 75072.6
6 37 2651.4 75311.4
6 38 3085.37 75927.3
6 39 3421.91 77328.7
6 40 3377.26 78109.8
6 41 3671.8 80049.7
6 42 3838.89 80862.8
6 43 3750.48 80815.9
6 44 4391.51 82783.3
6 45 5143.91 85117.6
6 46 5490.09 88444.9
6 47 6143.11 93069.8
6 48 7212.58 102222
6 49 10115.6 130054
6 50 10932.3 139949
6 51 -0.344572 318.691
6 52 -3.82336 3.03313
6 57 16.2397 1.88832
6 62 -2.19719 6.72135
6 63 2.47093 5.26513
7 33 772.649 38729.4
7 34 1494.9 65944.7
7 35 1971.3 67661.3
7 36 2945 68890.9
7 37 3453.02 69833.6
7 38 3428.56 70550.4
7 39 3772.75 71767.4
7 40 3861.31 72589.1
7 41 4093.29 74073.6
7 42 4300.88 76458.9
7 43 4305.9 78157.3
7 44 4937.97 79803.4
7 45 5596.39 82373.2
7 46 6228.15 86629
7 47 7056.69 92892.6
7 48 8276.35 102786
7 49 11991 130626
7 50 12640.9 142329
7 51 19.0578 323.677
7 53 -11.0155 -1.14276
7 55 -7.50771 9.76518
7 61 -2.65358 5.44419
7 62 -2.62091 5.21103
7 63 4.89406 10.0511
7 64 3.02315 6.09571
8 33 673.42 33262.1
8 34 1712.31 56810.4
8 35 2826.47 58937.7
8 36 3239.09 59733.5
8 37 3582.81 60668
8 38 3507.12 60925.9
8 39 3873.95 62117.3
8 40 3866.85 63355.8
8 41 4199.8 66045.1
8 42 4357.37 67659.2
8 43 4643.69 70176.4
8 44 5322.35 73011.4
8 45 5953.73 76858.2
8 46 7093.28 81819.8
8 47 7347.27 88448.6
8 48 9533.61 99471
8 49 13384.7 130714
8 50 15003.5 144135
8 51 43.5318 426.612
8 53 -7.65566 3.27722
8 54 -3.81871 -2.27981
8 58 3.34538 4.97393
8 61 -2.41842 5.07481
8 62 4.79876 -3.83063
8 64 5.4645 12.3587
9 33 642.529 27790.6
9 34 1832.14 47791.6
9 35 2631.27 49244.7
9 36 3161.47 50705
9 37 3442.01 51885.1
9 38 3617.92 53232.1
9 39 3735.72 54703
9 40 3793.92 55657.5
9 41 4117.22 58093.7
9 42 4734.47 59769.5
9 43 5097.3 61810.1
9 44 5401 63949.4
9 45 6267.53 68262.6
9 46 7042.07 73517.5
9 47 7970.59 81501.5
9 48 9910.62 92924.8
9 49 13996.5 123499
9 50 15283.5 139181
9 51 34.9696 274.694
9 52 16.3342 38.9526
9 53 -9.71106 0.736138
9 54 -21.1214 8.41787
9 55 -5.32559 6.85453
9 57 5.41776 2.24066
9 59 7.4122 -4.74096
9 64 0.784175 1.74676
9 65 5.58813 12.2391
10 33 644.157 21465.7
10 34 1814.88 37460
10 35 2655.59 38768.2
10 36 3000.92 39943.3
10 37 3618.64 41225.8
10 38 3680.9 41660.3
10 39 3850.8 43576.2
10 40 4051.58 46052.1
10 41 4368.77 47771.8
10 42 4701.99 50139.2
10 43 4909.25 52529.4
10 44 5309.07 55750.3
10 45 6019.7 60733.4
10 46 7011.29 66552.9
10 47 8304.06 74112.2
10 48 10295.6 86180.7
10 49 14259.5 116942
10 50 15786.1 129588
10 51 40.9866 359.579
10 52 -5.34728 35.6793
10 53 7.65172 8.76846
10 54 -7.39197 2.86337
10 56 -5.89457 -2.59282
10 65 10.5037 19.646
11 33 493.906 16103.9
11 34 1516.59 28089.3
11 35 2694.57 29545.3
11 36 2860.23 30253.4
11 37 3467.26 31351.9
11 38 3602.84 32624.5
11 39 3748.97 33571.9
11 40 3654.17 34640.2
11 41 4074.01 37072.2
11 42 4716.47 39599.8
11 43 4803.5 42182.7
11 44 5079.78 45686.5
11 45 5941.94 50631.2
11 46 6669.2 57231.4
11 47 8187.01 65874.4
11 48 9872.03 77563.5
11 49 14976.4 107411
11 50 15594.9 115136
11 51 3.26626 199.21
11 52 -11.3122 7.13014
11 53 -9.99908 3.36089
11 54 -9.81849 -1.58199
11 58 1.37372 1.66107
11 59 5.26344 6.43406
12 33 617.699 11944
12 34 1429.56 20830.2
12 35 2289.42 21917.3
12 36 2613.14 22357.3
12 37 3116.46 23759.5
12 38 3231.54 24744.5
12 39 3406.24 25172.2
12 40 3512.03 26863.2
12 41 3700.97 28715.5
12 42 4119.09 30948.1
12 43 4372.96 33398.8
12 44 4631.36 36469.8
12 45 5351.76 41078.6
12 46 6124.95 47239.1
12 47 7520.19 55633.8
12 48 9335.52 66387.4
12 49 14730.1 95838
12 50 15874.8 104495
12 51 33.4434 211.778
12 52 -2.63332 -5.33624
12 54 -4.05873 1.44824
12 56 2.91794 -3.67998
12 59 4.5386 5.25757
12 66 -9.83604 11.3393
13 33 506.947 8011.31
13 34 1284.37 13968.6
13 35 2148.52 15064
13 36 2644.09 16221.4
13 37 2885.64 17054.2
13 38 3132.94 17956.5
13 39 3133.86 18895.1
13 40 3318.99 20012.5
13 41 3368.78 21563.1
13 42 3948.7 23874.8
13 43 3810.91 26069.7
13 44 4295.3 28927.2
13 45 4905.99 32765.4
13 46 5614.07 38297.8
13 47 6888.18 45724.6
13 48 8886.76 57387.3
13 49 13529.7 84110.9
13 50 14979 92715
13 51 16.6703 179.98
13 53 -5.90205 1.39243
13 54 1.3177 2.6725
13 55 -0.223073 -3.19305
13 58 -12.0649 9.44958
13 59 0.359505 0.426658
13 60 3.04306 3.77396
13 66 -2.20369 2.44535
14 33 316.757 5317.8
14 34 978.589 9575.23
14 35 1654.66 10330
14 36 2185.78 11246.2
14 37 2671.68 12231.7
14 38 2805.57 12972.6
14 39 2861.08 13490.7
14 40 3236.21 14618.4
14 41 3004.29 16278.3
14 42 3358.61 18101
14 43 3465.19 20147.1
14 44 3974.55 22817.4
14 45 4400.13 26490.8
14 46 5232.54 30830.5
14 47 6149.93 37546.8
14 48 7677.26 48099.4
14 49 12278.9 70685.8
14 50 13708 79488.5
14 51 0.654441 151.621
14 52 8.83937 13.7155
14 53 -2.794 1.14656
14 54 2.93795 5.46252
14 55 4.5153 0.701
14 56 13.7539 3.01196
14 58 -3.39694 2.44692
14 60 2.97796 3.84106
14 62 -5.72395 0.6859
15 33 235.285 3445.78
15 34 901.038 6130.65
15 35 1541.79 6859.05
15 36 2066.27 7877.93
15 37 2468.41 8670.42
15 38 2625.7 9258.79
15 39 2695.64 9754.63
15 40 2645.3 10531
15 41 2678.16 11269.3
15 42 2863.38 12828.7
15 43 3144.65 14409.9
15 44 3556.98 16427.5
15 45 4008.89 20068
15 46 4433.24 24152.8
15 47 5451.93 29670.2
15 48 7010.62 38933.9
15 49 11435.6 60709.5
15 50 12242.6 67160.7
15 51 -5.26911 141.196
15 52 -14.709 -4.55305
15 53 -2.04878 7.16998
15 54 7.60611 5.74663
15 55 4.59844 -9.87633
15 56 5.62854 0.237063
15 60 8.50978 2.46098
15 65 7.40008 18.7854
15 66 -14.1399 7.67066
16 33 172.294 2124.43
16 34 660.923 3815.5
16 35 1382.89 4486.97
16 36 1652.52 5061.75
16 37 2161.97 5846.27
16 38 2284.73 6396.06
16 39 2262.8 6779.56
16 40 2399.78 7664.63
16 41 2270.14 8104.95
16 42 2640.8 9333.42
16 43 2767.93 10652.3
16 44 3066.45 12641.8
16 45 3368.18 14618.6
16 46 3897.39 18145.3
16 47 4435.08 22985.3
16 48 6114.26 31480.1
16 49 10171.1 51112.6
16 50 10566.4 55043
16 51 22.5767 107.176
16 52 -19.5324 27.7871
16 53 -0.49295 0.203663
16 54 5.76537 0.527645
16 55 -6.9863 3.5195
16 60 3.0414 3.70602
16 63 -9.99993 11.4333
16 66 10.7135 7.51285
17 33 138.689 1203.84
17 34 637.237 2340.41
17 35 1159.91 2735.04
17 36 1384.89 3256.21
17 37 1963.22 4098.81
17 38 2134.93 4689.73
17 39 2134.55 5143.05
17 40 2196.08 5577.78
17 41 2210.64 6076.68
17 42 2272.62 7160.79
17 43 2482.45 8475.23
17 44 2530.71 9416.82
17 45 2877.18 11436.7
17 46 3096.16 14077.7
17 47 3716.42 17753.8
17 48 5036.36 24150.8
17 49 8787.69 40705.3
17 50 8956.07 44241.3
17 51 0.671066 79.5216
17 52 1.83129 9.82388
17 56 0.220138 0.491901
17 61 3.23916 3.81736
17 62 -5.93972 11.0779
17 63 -0.295492 9.39881
17 64 9.81679 15.6255
17 65 1.71574 2.28947
18 33 89.3983 720.212
18 34 466.535 1353.83
18 35 900.133 1791.22
18 36 1303.62 2310.58
18 37 1709.71 2868.91
18 38 1684.86 3178.92
18 39 1892.47 3770.13
18 40 1840.51 4045.15
18 41 1900.4 4469.67
18 42 1943.46 5070.18
18 43 2045.63 6161.93
18 44 2282.9 7274.81
18 45 2609.14 8831.44
18 46 2665.41 10725.5
18 47 3308.56 14043.6
18 48 4009.21 18738.6
18 49 7601.14 32149.7
18 50 7582.26 34697.4
18 51 27.6038 79.1755
18 52 -12.1567 -6.49835
18 53 -4.02724 -4.37162
18 54 5.69807 0.0134786
18 56 -4.32202 7.07216
18 57 0.680187 1.46577
18 58 5.36375 -1.22955
18 60 0.413181 3.49815
18 61 4.30711 11.4573
18 62 -6.34885 20.2153
18 63 1.98721 8.78842
18 64 4.15114 12.0789
18 65 12.9129 25.2363
19 33 94.6387 477.477
19 34 418.02 923.638
19 35 907.715 1321.73
19 36 1237.06 1660.79
19 37 1477.1 2180.96
19 38 1543.77 2508.1
19 39 1836.65 2932.83
19 40 1819.84 3295.23
19 41 1690.49 3506.57
19 42 1848.18 3973.86
19 43 1854.03 4494.08
19 44 1732.24 5015.71
19 45 2187.75 6513.15
19 46 2218.76 8142.22
19 47 2820.94 10859.2
19 48 3604.24 14559.8
19 49 6057.21 24721.6
19 50 6140.54 26524
19 51 -4.49166 -4.16194
19 52 -2.72612 1.31616
19 53 -2.98939 4.56397
19 54 -16.3481 1.70394
19 55 2.20579 1.42406
19 57 2.00858 2.13664
19 61 -2.00467 4.82353
19 62 -5.92482 7.58084
19 65 19.122 36.5337
19 66 2.10425 8.74576
20 33 65.2981 229.301
20 34 340.119 478.918
20 35 768.122 763.243
20 36 1013.23 1193.85
20 37 1394.11 1700.62
20 38 1421.06 1918.04
20 39 1638.7 2428.21
20 40 1669.12 2613.61
20 41 1665.22 2770.81
20 42 1703.27 3163.27
20 43 1595.15 3423.41
20 44 1687.92 4284.59
20 45 1787.02 4884.87
20 46 1986.63 6265.47
20 47 2182.14 7903.1
20 48 2909.88 11359.6
20 49 5208.57 20628.6
20 50 4724.36 20321.8
20 51 2.99941 4.5265
20 52 5.74919 3.47389
20 53 8.95793 -5.38432
20 54 -2.30639 -0.00791856
20 55 7.60965 -2.60695
20 56 -5.81527 -5.6132
20 57 16.8953 13.1399
20 60 -8.10215 0.841625
20 61 3.45737 3.92641
20 62 -4.17154 5.49485
20 64 3.21134 -3.84148
20 65 6.9921 7.67993
21 33 59.0095 98.0715
21 34 283.456 260.867
21 35 578.638 464.74
21 36 922.436 848.071
21 37 1113.38 1269.91
21 38 1273.32 1519.21
21 39 1596.45 1958.87
21 40 1490.72 2085.41
21 41 1440.95 2177.7
21 42 1548.15 2635.48
21 43 1437.05 2794.9
21 44 1460.3 2984.18
21 45 1520.52 4012.94
21 46 1689.36 4838.99
21 47 1871.2 6682.4
21 48 2382.24 8831.81
21 49 4190.71 15753.7
21 50 4119.91 16155.6
21 51 8.12628 4.49759
21 52 30.6337 14.1636
21 53 1.9969 2.47046
21 55 5.05839 3.00334
21 57 6.11391 5.31002
21 58 5.62517 4.5922
21 60 10.5229 7.73135
21 61 1.4228 10.7516
21 65 6.95205 8.40577
22 33 55.1165 45.2545
22 34 265.91 176.352
22 35 493.912 318.132
22 36 861.729 612.371
22 37 961.296 926.504
22 38 1207.65 1335.58
22 39 1428.28 1692.77
22 40 1356.09 1768.25
22 41 1356.27 2036.52
22 42 1244.16 2021.58
22 43 1397.22 2531.5
22 44 1294.67 2409.86
22 45 1352.76 3072.17
22 46 1414.01 3879.49
22 47 1641.9 4931.4
22 48 2204.27 7149.14
22 49 3528.22 12204
22 50 3143.72 11858.8
22 51 -2.20036 2.60839
22 52 14.1294 16.9628
22 53 7.49693 22.1919
22 54 -4.10079 16.9211
22 55 5.45837 3.57683
22 56 0.553673 -3.93627
22 57 -3.89921 -2.60612
22 61 -4.60566 29.2466
22 62 6.64267 8.24274
22 63 -4.46702 5.55558
22 64 -12.518 16.1821
22 66 -10.6291 13.46
23 33 59.592 28.4732
23 34 213.85 97.9057
23 35 457.293 266.548
23 36 685.557 475.614
23 37 851.189 731.681
23 38 1104.79 1161.03
23 39 1285.6 1451.08
23 40 1306.98 1674.73
23 41 1206.66 1674.43
23 42 1352.3 1941.38
23 43 1213.57 1992.26
23 44 1276.56 2325.04
23 45 1128.9 2221.38
23 46 1226.75 2833.11
23 47 1335.28 3898.16
23 48 1695.42 5561.3
23 49 3109.9 10332.4
23 50 2154.13 8356.49
23 52 9.10252 10.487
23 53 9.07695 23.4933
23 54 -4.13749 14.0769
23 55 11.0932 6.58707
23 58 6.74075 5.91608
23 59 5.5142 -2.26419
23 61 -1.15047 15.5605
23 62 5.98831 7.88594
24 33 58.3354 9.74949
24 34 200.924 42.261
24 35 338.848 181.76
24 36 558.539 367.573
24 37 685.268 587.284
24 38 1063.68 970.283
24 39 1103.29 1166.13
24 40 1174.32 1413.58
24 41 1222.48 1571.35
24 42 1302.49 1794.09
24 43 1101.03 1625.32
24 44 1183.34 1876.57
24 45 1048.6 1999.98
24 46 1015.06 2204.57
24 47 1074.84 2814.22
24 48 1461.26 4158.82
24 49 2586.69 7979.7
24 50 1757.77 6690.27
24 52 12.4499 5.6447
24 53 -6.73595 7.47919
24 54 21.4506 25.4396
24 55 3.82964 12.5087
24 56 -3.68494 -1.87791
24 58 1.6787 2.05963
24 60 -3.79401 8.30981
24 61 3.69818 4.75066
24 62 4.33536 11.2167
25 33 49.4581 6.14252
25 34 173.666 18.0142
25 35 274.675 139.026
25 36 478.368 284.577
25 37 649.403 550.893
25 38 1022.05 924.162
25 39 1083.37 1092.88
25 40 1106.32 1237.69
25 41 1021.46 1418.65
25 42 1079.69 1577.63
25 43 1060.88 1518.59
25 44 1094.16 1633.94
25 45 938.697 1690.71
25 46 878.384 1670.84
25 47 909.716 2268.81
25 48 1209.47 3324.94
25 49 2040.84 5738.06
25 50 1377.75 4616.44
25 51 5.75932 14.9612
25 52 6.51502 8.94209
25 53 -2.2138 9.67034
25 55 -0.662472 16.6919
25 56 3.03825 -3.38356
25 57 3.4752 -2.20437
25 58 -7.40808 11.1914
25 59 -1.99645 4.98644
25 60 7.33048 4.80636
25 61 8.95202 12.6277
25 63 0.194065 9.06067
26 33 53.8819 -6.04219
26 34 194.23 4.22374
26 35 257.195 117.44
26 36 411.671 240.621
26 37 628.077 521.336
26 38 842.756 802.498
26 39 1033.63 1013.16
26 40 1022.13 1036.11
26 41 930.178 1153.76
26 42 985.176 1418.03
26 43 988.629 1440.7
26 44 1016.85 1493.37
26 45 874.93 1490.87
26 46 765.786 1483.94
26 47 776.604 1788.11
26 48 1032.95 2613.11
26 49 1657.57 4688.17
26 50 871.56 2920.8
26 51 0.138977 0.283226
26 52 14.8837 17.5054
26 53 9.42695 12.7135
26 54 -3.80868 -3.66829
26 55 0.320001 4.51104
26 56 0.165415 1.25612
26 57 -4.82105 1.86359
26 58 -3.02576 36.1797
26 60 4.43026 3.05801
26 61 3.12854 4.71001
26 63 10.7927 2.46365
27 33 42.0974 -1.49684
27 34 99.8711 5.24272
27 35 207.529 92.8362
27 36 305.384 169.283
27 37 594.794 477.251
27 38 738.861 707.828
27 39 981.849 897.64
27 40 894.992 947.719
27 41 898.082 1116.16
27 42 806.831 1090.71
27 43 945.839 1420.95
27 44 826.984 1305.38
27 45 896.985 1455.73
27 46 672.566 1260.91
27 47 614.17 1256.57
27 48 786.518 1912.09
27 49 1373.13 3728.37
27 50 738.151 2468.99
27 51 8.50698 4.19391
27 52 -7.19586 1.6991
27 55 5.37548 2.55368
27 56 9.65213 2.08779
27 57 -4.40129 7.98483
27 58 15.9842 12.2235
27 59 0.638014 0.772859
27 60 -0.0734781 0.498009
27 61 4.49923 -1.52445
27 62 4.6998 0.174466
28 33 25.152 -0.809562
28 34 91.8832 8.08121
28 35 171.889 78.7473
28 36 248.465 164.024
28 37 520.797 358.345
28 38 633.443 538.828
28 39 890.239 793.582
28 40 815.309 886.563
28 41 903.662 1093.59
28 42 763.427 996.35
28 43 857.386 1190.36
28 44 743.654 1186.7
28 45 847.624 1404.67
28 46 639.387 1149.17
28 47 562.895 1085.68
28 48 654.197 1468.82
28 49 1163.8 3036.75
28 50 559.177 1801.37
28 51 9.82575 8.01357
28 52 -23.1128 5.1004
28 53 -11.5065 7.77289
28 55 4.37992 2.06321
28 56 -6.41898 2.59627
28 57 -1.42125 2.53543
28 58 21.2059 14.615
28 59 1.20721 1.44589
28 60 5.75084 3.99143
28 62 -5.40354 -1.40121
28 63 -1.692 9.28793
29 33 37.527 0.945413
29 34 50.158 -7.6362
29 35 211.541 69.6363
29 36 300.547 169.932
29 37 439.618 323
29 38 558.274 488.235
29 39 770.286 730.011
29 40 806.282 850.442
29 41 796.617 932.989
29 42 746.835 937.878
29 43 816.697 1073.35
29 44 624.288 949.928
29 45 766.974 1153.91
29 46 637.382 1117.84
29 47 551.846 1162.13
29 48 522.566 1209.15
29 49 964.144 2392.97
29 50 383.887 1161.68
29 51 37.3567 23.1676
29 52 1.13882 1.81131
29 53 6.2892 7.50601
29 54 -1.57647 5.57004
29 55 8.04308 3.72313
29 56 -3.32586 -3.40707
29 57 -3.72741 7.28741
29 58 21.5669 14.8597
29 59 2.17254 2.54599
29 60 3.06036 2.16826
29 61 1.895 1.31423
29 62 -3.54274 -0.967399
29 63 -19.246 18.28
29 64 -4.02505 -7.03668
29 65 -9.26484 8.32086
30 33 25.0831 4.79114
30 34 38.4922 -2.68123
30 35 126.971 46.3475
30 36 262.684 153.948
30 37 303.267 209.959
30 38 583.476 476.38
30 39 634.335 613.596
30 40 721.638 739.761
30 41 773.606 877.802
30 42 667.149 842.586
30 43 615.648 820.714
30 44 578.613 922.742
30 45 599.156 924.16
30 46 534.43 930.898
30 47 591.499 1042.69
30 48 397.873 857.566
30 49 749.747 1680.73
30 50 251.874 680.866
30 51 3.87488 -0.424952
30 52 7.29853 13.1198
30 53 11.8706 20.8244
30 54 -9.39786 3.03736
30 55 9.04573 13.1146
30 56 3.96501 12.0247
30 57 -1.8979 4.56391
30 58 0.857216 1.08373
30 59 -1.51133 0.347337
30 60 15.9515 7.99151
30 61 6.55114 4.27767
30 62 0.335931 10.0609
30 63 -0.72948 1.04535
30 64 2.59502 -2.67999
30 65 -3.62417 3.29644
31 34 58.8805 -9.23721
31 35 87.8748 35.3083
31 36 184.656 105.501
31 37 285.455 193.974
31 38 535.803 416.469
31 39 505.353 481.958
31 40 679.395 722.53
31 41 685.271 759.053
31 42 557.116 673.5
31 43 523.528 711.223
31 44 542.804 845.641
31 45 586.281 894.211
31 46 416.909 822.898
31 47 507.793 952.25
31 48 344.146 808.603
31 49 604.839 1449.96
31 50 130.06 482.582
31 51 -2.04647 2.39056
31 52 2.00245 2.38732
31 53 -1.95982 3.99854
31 54 -0.617443 1.09645
31 55 -19.0053 9.45107
31 56 3.53083 3.58623
31 57 -1.69009 5.74111
31 58 1.16797 0.785798
31 59 8.58932 11.2427
31 61 5.82826 3.7947
31 62 2.23336 7.25089
31 63 11.2099 5.73415
32 33 5.58428 -2.52857
32 34 36.6717 -1.2279
32 35 78.2017 13.7115
32 36 196.621 120.535
32 37 216.263 150.437
32 38 467.751 392.417
32 39 419.626 377.865
32 40 659.601 669.652
32 41 581.086 666.982
32 42 528.92 612.806
32 43 441.877 639.849
32 44 480.54 691.514
32 45 395.713 597.496
32 46 469.306 791.583
32 47 370.299 734.047
32 48 389.502 822.407
32 49 436.955 1015.4
32 50 137.062 445.658
32 51 16.4964 8.26813
32 52 -8.7457 7.51773
32 53 -12.1628 31.0679
32 54 -0.994147 9.16066
32 55 5.37048 23.8753
32 56 -4.92995 38.366
32 57 16.5108 10.8009
32 58 1.67031 1.11824
32 59 8.68669 12.9195
32 61 8.90424 20.9551
32 62 -9.99977 3.48509
32 63 4.86879 -3.26229
32 64 -1.53967 5.87734
33 33 1.54223 -0.870953
33 34 35.5306 -11.5377
33 35 33.2685 12.5118
33 36 165.365 84.2328
33 37 207.715 114.994
33 38 378.1 262.439
33 39 458.501 392.241
33 40 621.539 634.794
33 41 509.196 564.202
33 42 585.636 666.982
33 43 428.533 520.964
33 44 518.473 675.709
33 45 392.221 619.723
33 46 379.124 578.932
33 47 311.874 573.201
33 48 373.148 749.835
33 49 287.768 757.392
33 50 68.947 243.821
33 51 15.5039 15.6696
33 52 -4.88886 -4.39916
33 53 14.1963 18.4424
33 54 5.55052 6.6565
33 55 9.41258 9.76171
33 56 7.58442 20.345
33 57 -8.55353 5.40371
33 59 0.865754 18.0986
33 60 6.87738 10.6747
33 63 -11.9044 19.7152
33 64 -1.116 4.95542
33 66 0.245227 0.414338
34 33 2.4385 -1.40283
34 34 17.9343 2.35977
34 35 63.4034 24.1833
34 36 106.966 46.4099
34 37 236.088 144.708
34 38 344.249 252.935
34 39 437.117 336.883
34 40 476.334 482.543
34 41 506.427 555.169
34 42 553.821 591.112
34 43 405.371 493.751
34 44 456.471 616.1
34 45 377.302 536.296
34 46 388.81 587.408
34 47 273.159 457.798
34 48 256.118 575.543
34 49 305.104 794.605
34 50 59.9881 177.279
34 51 -18.8075 11.6616
34 52 23.6395 18.1155
34 53 19.9097 20.427
34 54 1.70646 -0.0956823
34 55 -6.51441 6.60454
34 56 1.49438 5.605
34 57 -29.5178 28.0607
34 58 1.16887 3.63318
34 59 7.01063 9.6095
34 60 2.02997 2.80844
34 61 0.137681 0.214208
34 62 12.8873 19.1843
34 63 -2.03197 10.2616
34 65 -3.43875 -3.04631
35 33 2.46768 -1.42797
35 34 33.8711 -2.26105
35 35 35.1066 8.66822
35 36 90.2423 38.989
35 37 194.437 119.677
35 38 321.413 199.505
35 39 400.004 329.954
35 40 405.462 440.186
35 41 459.915 502.487
35 42 481.362 496.912
35 43 376.678 490.962
35 44 315.946 453.638
35 45 397.462 573.471
35 46 338.874 516.182
35 47 218.13 371.749
35 48 202.958 430.845
35 49 289.965 624.547
35 50 44.6184 140.119
35 51 2.44505 7.61875
35 52 37.3575 20.2313
35 53 -4.39955 0.195599
35 54 -5.12484 11.5499
35 56 2.99287 -2.20113
35 57 -5.34223 4.04889
35 58 7.72204 29.7935
35 59 1.17616 0.782602
35 60 7.53555 12.8184
35 61 -5.80455 1.42639
35 62 8.61162 15.8396
35 63 10.7663 7.64724
35 64 14.2341 27.2948
35 65 5.61826 3.54641
36 33 0.492443 -0.284392
36 34 30.0883 -3.64103
36 35 34.8401 3.87467
36 36 100.207 44.296
36 37 151.966 100.815
36 38 264.249 168.508
36 39 335.739 267.773
36 40 393.739 400.235
36 41 471.61 500.656
36 42 399.257 444.744
36 43 401.047 504.144
36 44 329.565 463.296
36 45 354.275 500.394
36 46 266.576 413.839
36 47 258.43 372.485
36 48 129.892 236.113
36 49 182.433 464.259
36 50 57.8622 168.851
36 51 3.24917 -3.78718
36 52 35.9909 33.6904
36 53 -0.0516689 6.13145
36 54 -6.35466 10.987
36 55 -8.47854 1.76157
36 56 -5.729 -14.4254
36 57 -0.65983 6.96657
36 58 2.91616 5.18097
36 59 1.6493 1.07296
36 60 4.77317 7.84065
36 61 2.37953 4.71731
36 62 -4.45591 5.37372
36 64 3.72983 6.73734
37 33 11.4717 3.30977
37 34 32.3057 0.368235
37 35 29.0124 5.865
37 36 80.5191 30.9032
37 37 162.728 110.829
37 38 198.477 95.3598
37 39 305.721 244.554
37 40 323.308 302.406
37 41 426.801 404.042
37 42 395.42 436.41
37 43 376.385 475.121
37 44 313.45 421.408
37 45 242.773 359.001
37 46 230.046 378.855
37 47 234.37 362.362
37 48 116.645 218.672
37 49 175.332 356.878
37 50 19.1193 38.7372
37 51 12.3542 16.7114
37 52 3.37053 24.3532
37 53 -7.79483 7.70973
37 54 3.42768 5.05122
37 55 0.820046 0.294558
37 56 -3.94895 2.58471
37 57 -0.658974 0.438514
37 58 -6.85728 8.21184
37 59 2.81805 1.79031
37 60 5.95187 -1.8163
37 61 8.83917 15.4891
37 63 2.06135 1.65534
37 64 0.477898 0.385326
38 33 7.80266 -1.8732
38 34 25.8199 -6.97629
38 35 41.4139 6.59271
38 36 59.5966 25.1426
38 37 147.987 89.0562
38 38 188.772 80.0692
38 39 243.814 200.831
38 40 283.479 262.537
38 41 384.768 369.226
38 42 308.594 338.971
38 43 299.969 360.727
38 44 320.471 445.193
38 45 278.23 366.992
38 46 205.092 307.391
38 47 189.092 305.741
38 48 96.0632 176.084
38 49 133.379 266.323
38 50 0.823273 0.603168
38 51 2.16611 0.567469
38 52 6.4014 4.86345
38 53 6.75171 5.9984
38 54 0.0389244 9.47799
38 55 -5.51392 26.4019
38 56 2.96616 17.5427
38 57 2.64456 4.5431
38 58 -11.7714 11.8374
38 59 0.963076 0.614798
38 60 2.05138 2.09768
38 61 5.75092 9.9162
38 62 -1.44916 10.2175
38 64 1.96581 1.57475
38 66 -8.36774 17.2257
39 33 2.14287 -1.29709
39 34 12.8577 -2.37603
39 35 28.7558 1.60214
39 36 52.2408 16.57
39 37 134.192 64.9064
39 38 153.64 62.0802
39 39 200.244 164.076
39 40 312.557 274.715
39 41 325.053 332.526
39 42 234.46 267.23
39 43 246.808 276.768
39 44 293.619 331.045
39 45 297.57 372.931
39 46 177.492 242.99
39 47 184.23 336.283
39 48 174.217 297.809
39 49 82.5882 117.464
39 50 -12.4295 10.7329
39 51 1.84267 -4.22304
39 52 -4.30845 1.14234
39 53 6.84993 5.91338
39 54 8.94458 28.1465
39 55 7.84152 -0.349999
39 56 4.64006 -0.762367
39 57 1.69946 -9.06134
39 58 -2.47646 4.48436
39 59 -8.12529 0.331488
39 60 -0.745784 -3.43458
39 61 2.8699 2.11539
39 62 0.262315 0.969018
39 63 2.20576 8.49896
39 64 1.7314 1.34745
39 65 -2.35068 4.28892
39 66 -4.92937 8.69148
40 33 2.35627 -1.40177
40 34 17.1462 -4.35205
40 35 25.1085 3.78896
40 36 54.2853 18.9247
40 37 110.872 62.4628
40 38 139.692 68.3517
40 39 222.488 166.428
40 40 285.825 247.496
40 41 297.513 270.876
40 42 275.293 285.675
40 43 289.768 329.814
40 44 255.898 284.737
40 45 201.652 270.371
40 46 196.88 259.534
40 47 152.382 264.432
40 48 139.025 250.322
40 49 90.7044 175.654
40 50 13.8516 21.8913
40 51 18.326 -3.85565
40 52 12.8063 -1.59576
40 53 -6.79736 23.223
40 54 -3.99496 9.56894
40 55 1.88311 0.756206
40 56 -2.33104 10.2622
40 58 -13.7556 11.4615
40 59 6.23985 30.9663
40 60 1.55025 -0.293828
40 61 6.01153 4.63716
40 63 1.27714 6.16057
40 64 3.85282 11.2905
40 65 -4.26425 7.41917
41 33 0.307611 -0.185171
41 34 18.577 2.46456
41 35 40.8357 11.1812
41 36 37.1561 19.796
41 37 90.1222 53.6281
41 38 136.916 43.3969
41 39 147.547 98.2797
41 40 212.145 209.467
41 41 280.775 247.682
41 42 258.811 261.671
41 43 244.731 270.607
41 44 232.364 268.171
41 45 231.07 270.087
41 46 203.877 287.291
41 47 109.963 148.021
41 48 137.967 232.192
41 49 51.6008 110.655
41 50 12.1606 8.78827
41 51 2.06391 2.66754
41 52 8.31571 9.7227
41 53 0.772445 11.5182
41 54 11.075 1.40515
41 55 -0.209828 11.6396
41 56 -3.21697 2.26904
41 57 14.9624 6.44728
41 58 -7.09202 9.47402
41 59 4.5509 3.62087
41 60 23.3457 2.05898
41 61 3.50328 2.44108
41 64 3.46362 13.1713
41 65 -9.39353 37.5528
42 33 -2.8771 -2.43319
42 34 4.20087 -0.329336
42 35 23.4663 4.18162
42 36 31.5108 15.3441
42 37 96.0474 57.2656
42 38 103.03 36.3503
42 39 142.343 84.8992
42 40 158.227 136.807
42 41 215.35 188.28
42 42 220.82 232.797
42 43 259.741 332.145
42 44 195.766 214.708
42 45 201.464 287.204
42 46 163.2 251.836
42 47 131.726 142.292
42 48 109.259 177.097
42 49 33.0605 129.935
42 50 18.74 18.9587
42 51 -1.03021 4.12069
42 53 2.00327 0.860696
42 54 2.12551 2.71596
42 55 4.12494 2.21292
42 56 -10.2656 -7.28537
42 57 -2.00351 1.90219
42 58 -1.18421 1.59581
42 59 1.60883 1.4245
42 60 -0.0442178 3.77318
42 61 6.4231 5.07184
42 63 3.23779 4.35
42 64 1.71827 1.38973
42 65 -9.6923 2.25838
43 33 2.94855 -1.95768
43 34 4.71719 0.783572
43 35 13.8092 11.0354
43 36 29.4501 12.4209
43 37 82.6793 46.1061
43 38 70.5252 44.4659
43 39 116.376 68.7067
43 40 166.296 124.516
43 41 160.054 137.194
43 42 193.683 208.961
43 43 217.212 270.963
43 44 185.682 238.029
43 45 127.356 159.432
43 46 170.565 220.587
43 47 78.9229 170.669
43 48 100.117 158.982
43 49 23.772 84.8466
43 50 38.4603 29.8758
43 51 15.2989 -6.10049
43 52 8.59196 2.50932
43 53 0.321752 0.140864
43 54 1.14475 8.43174
43 55 -2.48026 9.7242
43 56 11.8671 8.49329
43 58 8.51802 7.22505
43 59 2.13992 1.88633
43 60 7.62024 1.69954
43 61 -10.6434 27.2098
43 64 -0.585847 5.93333
43 65 -14.6082 -6.55539
44 33 0.0527779 -0.0336772
44 34 9.64441 4.31673
44 35 28.0704 5.73786
44 36 19.7026 -11.1819
44 37 55.4475 13.4279
44 38 82.2245 41.6021
44 39 76.9387 52.7287
44 40 128.959 114.138
44 41 148.614 134.336
44 42 212.421 201.932
44 43 174.696 193.385
44 44 164.758 150.491
44 45 185.317 206.048
44 46 115.77 136.453
44 47 102.642 183.098
44 48 90.5762 132.477
44 49 53.0644 81.6569
44 50 -3.88366 -3.31788
44 51 15.9688 -6.34248
44 52 5.72166 4.10421
44 54 20.7229 16.7553
44 55 2.98456 1.15414
44 56 8.16258 6.26962
44 57 -0.764983 -5.52876
44 58 11.7777 6.97571
44 59 -13.2536 22.335
44 60 4.93235 1.48584
44 61 -0.201254 11.6522
44 62 2.04962 5.73561
44 64 1.21137 2.05395
44 65 -3.8055 -3.38949
45 34 2.32726 -4.68419
45 35 19.7467 1.44945
45 36 30.4308 -0.589372
45 37 51.9955 21.5059
45 38 76.1819 47.9143
45 39 42.789 31.0733
45 40 118.992 67.1668
45 41 132.992 109.743
45 42 206.785 206.032
45 43 159.931 149.167
45 44 158.56 165.047
45 45 147.591 169.8
45 46 111.581 133.911
45 47 80.4301 157.47
45 48 75.1327 157.904
45 49 55.3038 106.13
45 50 17.1584 20.7336
45 51 17.8659 7.11546
45 52 -2.50714 23.9997
45 53 -4.17923 3.96809
45 54 -8.86941 34.4594
45 55 3.30158 13.9627
45 59 -1.00268 6.83651
45 60 2.66306 3.10485
45 61 -5.93361 18.4787
45 62 2.46701 2.48053
45 63 3.47325 12.3335
45 64 -3.4814 4.70284
45 65 1.73529 1.36042
45 66 4.29458 1.0866
46 33 1.86454 -4.40167
46 34 7.95301 8.95969
46 35 19.5261 -2.68876
46 36 13.2022 5.87544
46 37 76.0265 28.1969
46 38 75.7347 53.103
46 39 38.8175 21.6052
46 40 89.5161 58.6327
46 41 147.802 135.273
46 42 125.359 136.24
46 43 153.293 178.057
46 44 124.92 131.321
46 45 137.296 165.049
46 46 110.563 146.848
46 47 87.8451 115.824
46 48 74.0208 133.059
46 49 18.7641 68.7395
46 50 4.74673 4.03994
46 51 1.5235 6.09924
46 52 4.66124 9.20445
46 53 3.53518 19.8093
46 54 3.6033 8.16893
46 55 8.51319 10.9539
46 56 -11.1569 5.68361
46 59 0.424929 0.359124
46 60 5.21553 -3.68974
46 61 -13.2434 10.035
46 62 10.6757 10.3421
46 63 3.99268 16.5439
46 64 1.01958 4.7341
46 65 2.00074 1.59171
47 33 -0.0248111 -0.13629
47 35 21.9487 12.8448
47 36 31.1608 1.23822
47 37 44.7573 24.309
47 38 87.1338 53.287
47 39 31.5298 25.9111
47 40 69.8571 43.622
47 41 104.065 95.128
47 42 124.149 101.978
47 43 134.824 149.527
47 44 107.487 120.228
47 45 105.99 122.042
47 46 106.295 118.323
47 47 57.6904 94.0305
47 48 72.3266 121.415
47 49 16.6306 83.5433
47 50 1.64583 6.04496
47 51 -4.37631 1.29117
47 53 7.18427 12.2538
47 54 0.540472 5.33711
47 55 13.9432 17.4802
47 56 6.34721 -2.98774
47 59 1.6195 -4.21029
47 60 10.2971 4.32133
47 61 1.99488 -3.32821
47 62 13.3941 7.53134
47 64 4.50226 15.6507
47 65 1.87916 1.4792
48 35 18.0586 5.60796
48 36 5.4264 3.33624
48 37 43.5563 19.1141
48 38 103 69.1569
48 39 42.1153 33.9486
48 40 38.2427 28.2808
48 41 72.8327 76.0635
48 42 121.547 96.719
48 43 129.797 130.445
48 44 102.564 111.228
48 45 123.997 133.672
48 46 82.3621 91.2176
48 47 44.6142 86.7793
48 48 64.9551 130.811
48 49 14.2658 7.82888
48 50 1.44786 10.7893
48 51 2.07853 1.58693
48 53 -3.51374 2.61404
48 54 4.06615 7.38869
48 55 16.8901 14.2232
48 59 -5.52437 6.74353
48 60 -3.82239 -5.84689
48 62 32.2176 21.459
48 65 -1.53329 -0.746236
48 66 9.98134 -0.814881
49 33 -9.40588 -5.91272
49 35 11.4133 2.66461
49 36 8.95763 5.03821
49 37 20.012 13.7023
49 38 82.1318 43.8498
49 39 38.8887 35.8579
49 40 50.4534 45.1147
49 41 51.5703 52.752
49 42 104.521 85.5901
49 43 138.95 148.77
49 44 105.599 130.201
49 45 114.883 123.791
49 46 61.3374 84.9278
49 47 44.046 70.3845
49 48 71.974 95.5858
49 49 16.6636 28.3283
49 50 0.611443 1.07533
49 51 1.41909 1.09018
49 54 4.53212 9.67887
49 55 10.0239 10.2022
49 56 15.5072 9.24459
49 57 -3.74718 -2.53685
49 58 3.86536 16.5898
49 59 6.44675 -1.09183
49 60 8.39849 12.9772
49 61 -1.85992 15.3516
49 62 22.64 41.6851
49 63 -8.03999 21.4829
49 65 1.53227 1.14408
50 33 0.618757 0.277833
50 35 10.857 2.74777
50 36 15.5127 7.02927
50 37 10.4108 5.77365
50 38 57.0046 39.6237
50 39 45.8968 37.3393
50 40 60.3915 43.3214
50 41 68.9776 54.7053
50 42 106.197 93.3209
50 43 159.695 150.872
50 44 121.45 123.377
50 45 95.268 86.2523
50 46 33.1345 51.7958
50 47 37.1917 50.5457
50 48 15.787 22.7728
50 49 31.0863 31.4527
50 51 1.17412 0.908328
50 54 3.81535 2.16101
50 55 9.5545 18.8993
50 56 8.38215 -1.84244
50 57 3.69591 16.0448
50 58 -3.3253 10.3627
50 59 -1.63987 11.015
50 60 1.35098 1.49542
50 61 11.7092 2.99725
50 62 16.9696 -0.352619
50 65 2.01797 1.47131
50 66 -9.15161 -1.94836
51 34 5.10772 -3.72715
51 35 8.10127 2.0745
51 36 16.6628 5.68152
51 37 16.2235 6.23922
51 38 46.4662 32.7848
51 39 40.0263 29.1019
51 40 41.805 27.927
51 41 35.1786 31.5843
51 42 50.6304 54.4285
51 43 111.537 99.1913
51 44 59.8391 59.3842
51 45 111.242 109.178
51 46 65.5565 74.575
51 47 55.502 68.6686
51 48 22.2991 36.8392
51 49 21.0116 28.2871
51 50 -0.472038 7.58028
51 51 -15.2571 13.667
51 52 -1.97638 16.697
51 53 8.04345 10.6344
51 54 7.67994 -2.71552
51 55 -2.41886 9.04309
51 56 8.28923 11.4679
51 57 10.1577 14.1408
51 58 8.13304 7.25239
51 59 5.20441 1.00896
51 60 -2.85646 4.99917
51 61 -10.1428 10.2638
51 62 0.0636393 -1.01699
51 63 0.654278 -2.27233
51 65 2.17047 1.58897
51 66 -1.25548 7.85547
52 35 2.44669 0.0811915
52 36 32.4765 12.4349
52 37 34.7719 2.47242
52 38 11.4327 11.1854
52 39 50.8841 38.0588
52 40 54.1408 36.9626
52 41 38.1917 34.9614
52 42 47.4236 49.4969
52 43 58.6782 48.0885
52 44 69.4295 66.3351
52 45 88.5435 80.1849
52 46 42.1549 42.6155
52 47 38.3009 48.1869
52 48 26.8476 31.1706
52 49 -4.4851 0.372349
52 50 12.0334 9.12336
52 51 0.12589 13.9137
52 52 12.7244 11.2011
52 54 3.45058 1.99951
52 56 22.4471 38.6181
52 57 10.9383 0.29292
52 58 11.4711 23.2497
52 60 -5.67824 7.87955
52 61 -9.51152 17.1728
52 62 5.47442 3.81814
52 65 -0.103005 12.054
52 66 7.9249 6.39939
53 35 6.73213 1.93234
53 36 4.0066 1.63069
53 37 17.6951 7.41855
53 38 16.2636 11.9518
53 39 61.0196 34.9492
53 40 44.7559 28.4498
53 41 46.2534 20.5469
53 42 55.6241 56.2681
53 43 47.1113 44.1303
53 44 75.7707 64.2525
53 45 82.829 83.6714
53 46 58.8063 59.8415
53 47 25.4027 53.501
53 48 23.0071 25.2076
53 49 -10.4919 3.54518
53 50 5.81141 6.08219
53 51 3.90445 5.35425
53 52 0.540018 16.7117
53 53 6.18246 2.89441
53 54 -1.3784 3.44425
53 55 6.61009 -0.179096
53 56 23.9963 19.2339
53 57 5.1286 14.6541
53 61 14.7284 14.6694
53 62 5.23675 3.66223
53 63 -4.17383 3.67854
53 64 -0.389865 1.94614
53 65 -3.75499 5.22365
53 66 -0.227783 -5.17027
54 35 9.52692 2.27157
54 36 14.3697 5.80463
54 37 9.94155 5.10973
54 38 6.9987 5.62336
54 39 25.6452 25.515
54 40 44.6079 33.3218
54 41 47.0025 37.1126
54 42 46.4261 35.7313
54 43 59.6613 56.9966
54 44 40.9018 42.8901
54 45 52.9617 55.8605
54 46 53.9124 53.2318
54 47 31.2082 28.4682
54 48 35.1336 29.9071
54 49 -2.39734 1.79474
54 50 20.7879 8.34495
54 51 0.200054 8.14064
54 52 -5.60091 8.39239
54 53 5.72429 17.2512
54 54 12.2751 12.4098
54 56 15.0382 17.7486
54 57 -2.59251 -3.00779
54 58 -4.45832 -5.4708
54 61 10.4974 10.404
54 62 9.64355 1.16112
54 63 12.1811 9.67677
54 66 2.47147 2.01631
55 35 6.70719 1.24165
55 36 2.1182 1.09509
55 37 16.5407 2.17695
55 38 8.252 5.8342
55 39 16.4148 18.2253
55 40 49.8352 33.9834
55 41 55.5302 33.7631
55 42 62.1293 42.5449
55 43 93.904 35.458
55 44 59.9591 54.1726
55 45 72.2206 73.9031
55 46 39.0902 45.0131
55 47 28.5561 30.6171
55 48 21.1225 18.7179
55 49 -1.49034 1.65348
55 50 17.1228 8.24167
55 51 11.1742 18.2048
55 52 6.28512 0.913514
55 53 9.99788 9.8934
55 54 11.6483 25.7815
55 55 7.59173 17.8145
55 56 3.97028 6.1289
55 57 -4.77327 1.29891
55 58 0.004617 0.000928612
55 60 4.03031 -0.276365
55 61 -4.08082 22.8635
55 62 7.6793 1.14588
55 64 5.1059 4.72758
55 65 4.76396 -2.59773
55 66 15.1363 2.15046
56 35 12.607 -0.796727
56 36 5.00545 0.805402
56 37 3.64462 0.11067
56 38 6.92992 5.31543
56 39 40.4396 23.9082
56 40 22.6436 17.3135
56 41 62.993 49.1467
56 42 63.9458 52.7287
56 43 43.4851 51.8458
56 44 53.1297 42.0904
56 45 44.2275 55.0745
56 46 57.565 66.3813
56 47 11.7853 17.8006
56 48 30.1565 8.26147
56 49 -0.664445 1.87748
56 51 7.71645 16.8568
56 52 -2.8062 1.61375
56 53 5.75413 -4.35547
56 54 15.8468 6.47682
56 55 15.5166 1.14491
56 56 9.13372 9.98139
56 57 -1.2017 10.3403
56 58 8.59546 0.0221969
56 59 -1.29642 14.5324
56 60 -17.1185 24.8789
56 61 3.17076 1.84403
56 62 -4.87231 -0.385863
56 65 4.77707 6.10196
56 66 1.85635 1.4955
57 34 3.87346 4.27862
57 35 11.9016 2.37464
57 36 -12.4249 8.08788
57 37 -4.77602 8.47001
57 38 17.5923 -6.99393
57 39 6.85641 6.5296
57 40 30.8021 22.1746
57 41 66.2313 53.962
57 42 29.4853 47.8636
57 43 37.1849 46.3704
57 44 38.7208 25.7782
57 45 67.985 79.3674
57 46 61.5818 60.1694
57 47 20.6026 13.2562
57 48 24.7799 18.4589
57 49 6.4119 2.51552
57 50 -9.90759 1.95391
57 51 -5.47841 -1.25267
57 52 4.95657 -1.32349
57 53 0.232052 -0.167251
57 54 19.1887 12.94
57 55 31.6528 2.25634
57 56 -4.16943 3.98747
57 57 -4.36389 4.48576
57 58 7.05513 11.0836
57 59 -2.84106 -4.38566
57 60 -10.6235 9.31798
57 61 6.17512 5.11255
57 62 9.36217 23.4699
57 66 2.87525 2.40348
58 33 -4.39371 -3.2094
58 34 5.08209 -1.71946
58 35 13.263 -0.0348197
58 36 2.46444 1.18652
58 37 4.16471 0.114024
58 38 23.4793 -14.9251
58 39 19.5645 19.9083
58 40 13.8934 7.57931
58 41 51.5311 39.4691
58 42 40.8752 32.489
58 43 38.3075 53.787
58 44 33.8859 29.1775
58 45 42.63 29.2592
58 46 58.9058 45.421
58 47 27.6494 40.611
58 48 7.26117 12.9655
58 49 -8.83667 6.40999
58 50 2.70338 1.89829
58 51 -11.1019 10.2032
58 52 9.66196 4.04143
58 53 6.79808 3.84228
58 54 12.7279 13.6662
58 56 5.14102 -3.36196
58 57 10.3125 3.75085
58 58 11.3758 -0.337267
58 59 -9.18017 -0.280077
58 60 4.08307 -4.60767
58 61 5.52366 4.42482
58 62 0.922323 0.729291
58 66 2.21474 1.82224
59 35 7.78328 -0.760536
59 36 2.00491 7.37225
59 37 5.57166 0.164377
59 38 8.8258 -1.22595
59 39 10.2277 8.57525
59 40 29.9571 15.1804
59 41 43.0838 30.681
59 42 15.9087 17.7691
59 43 33.6392 32.3825
59 44 18.9412 19.837
59 45 30.0374 -4.65087
59 46 39.7438 28.6658
59 47 26.3062 40.3726
59 48 7.62803 13.0696
59 49 7.40152 -3.06383
59 50 2.72263 1.63948
59 51 7.93906 3.32451
59 52 1.9599 1.95931
59 53 3.59013 5.56106
59 54 6.94868 12.7512
59 55 5.73434 11.9661
59 57 7.39678 0.43238
59 58 3.64893 24.583
59 61 6.06583 3.78434
59 62 11.3552 9.3553
59 63 -5.71404 1.67143
59 66 -8.53268 -2.10922
60 35 13.1235 -0.854199
60 36 7.58665 -1.17341
60 37 10.0992 -3.91303
60 38 10.5825 3.15272
60 39 31.7792 12.8411
60 40 16.4742 1.4799
60 41 17.1652 8.53531
60 42 17.5816 15.1233
60 43 50.034 24.1243
60 44 21.6164 17.8365
60 45 8.41787 6.95879
60 46 27.6786 14.1844
60 47 27.4224 33.5724
60 48 2.94054 -4.98342
60 49 8.57584 -5.35143
60 50 11.3643 3.14468
60 51 -3.42674 2.86388
60 53 0.801833 0.574538
60 54 10.0979 12.3044
60 55 0.9088 15.6134
60 56 7.29795 0.679011
60 57 18.9882 8.29772
60 58 4.28551 0.662703
60 59 5.42988 3.9654
60 60 1.42808 0.906983
60 61 5.85375 1.71196
60 62 23.2985 5.86743
61 33 -3.46035 4.3375
61 35 2.37954 0.37125
61 36 3.1065 1.60539
61 37 20.37 0.391434
61 38 17.0914 12.109
61 39 4.53744 3.49682
61 40 2.97116 0.0345104
61 41 6.49465 -0.595209
61 42 20.2365 15.9832
61 43 18.8759 19.101
61 44 28.804 21.526
61 45 21.1805 15.877
61 46 1.8547 1.21118
61 47 29.2224 28.7487
61 48 7.12811 6.95023
61 49 4.67054 -0.870078
61 50 10.9109 4.97387
61 51 6.01587 -3.21038
61 52 -4.06002 -0.843165
61 53 6.18996 6.31104
61 54 -2.40654 6.2917
61 55 18.1087 30.0915
61 56 -0.0252698 8.20758
61 57 -1.87734 6.43087
61 58 20.3427 1.02902
61 59 -1.61538 25.5613
61 60 5.0144 3.10899
61 61 4.17607 -0.866878
61 62 -10.3845 13.971
61 64 2.48353 3.50326
61 66 -3.18092 6.62355
62 35 6.18154 5.57209
62 36 -0.608504 -0.782222
62 37 1.07541 0.177671
62 38 18.1841 -2.7744
62 39 6.27663 2.47103
62 40 3.10824 2.2344
62 41 14.5793 3.89518
62 42 36.7185 -7.59029
62 43 17.9558 20.3269
62 44 11.0028 10.6271
62 45 -4.49211 7.88959
62 46 0.461194 2.52293
62 47 33.7206 30.5828
62 48 4.33068 3.16499
62 49 3.84008 -2.8622
62 50 2.51705 10.4886
62 51 2.65145 -0.324519
62 52 2.52069 -6.04766
62 53 5.17815 5.38547
62 54 22.9769 9.9188
62 56 10.4189 22.3409
62 57 8.55938 0.263879
62 58 -6.58283 23.0217
62 59 1.30367 2.1922
62 60 12.0542 -1.68591
62 61 5.12694 1.6124
62 62 17.9228 -5.98941
62 64 0.967527 1.32361
62 65 -15.8868 5.69428
62 66 -2.01551 4.18424
63 35 3.95685 0.433952
63 36 0.432869 5.66353
63 37 -3.92126 14.5184
63 39 18.6335 9.57407
63 40 8.17636 4.60856
63 41 11.456 3.98445
63 42 12.3774 6.93026
63 43 5.02857 11.6795
63 44 4.36317 2.90082
63 45 8.81808 2.44181
63 46 10.6334 1.75771
63 47 28.8742 14.9101
63 48 5.45932 1.71724
63 49 4.85725 -3.6381
63 50 15.6273 9.14168
63 51 -0.744358 4.51055
63 52 -4.61248 4.5277
63 53 20.8356 24.6322
63 54 5.3705 0.666853
63 56 5.22194 -4.52539
63 58 4.11847 2.36145
63 59 5.60205 1.77665
63 60 35.6382 -6.73853
63 61 18.9644 -6.16015
63 64 4.59469 2.55419
63 65 3.39015 4.11357
64 34 -5.54421 -2.70042
64 35 2.90127 0.29645
64 36 -9.04813 1.45884
64 40 16.1739 7.05923
64 41 7.85582 0.809769
64 42 7.11667 8.02475
64 43 8.87565 2.5724
64 44 15.8107 2.07601
64 45 4.63444 6.4058
64 46 18.2869 21.941
64 47 23.6678 18.8111
64 48 5.31911 4.07232
64 49 9.25408 4.88671
64 50 4.15432 13.652
64 51 7.31812 14.2053
64 52 5.78279 0.192416
64 53 3.95206 1.68652
64 54 0.325743 -1.67702
64 56 -1.7971 -0.182475
64 57 -4.41094 3.51731
64 58 8.19563 4.99632
64 59 0.202914 0.194732
64 60 6.17294 2.20232
64 61 7.10304 8.25898
64 62 -4.71623 -0.419054
64 63 -14.6938 3.83029
64 65 3.62669 -3.92854
65 35 3.35345 0.408992
65 36 11.6027 6.31583
65 39 5.02498 -0.376911
65 40 14.1006 8.8531
65 41 9.14702 2.29187
65 42 13.4442 13.5001
65 43 6.32405 3.35234
65 44 10.7297 10.3334
65 45 -2.90384 3.45277
65 46 20.429 11.513
65 47 11.4348 17.0771
65 48 5.38796 4.35185
65 49 21.6095 -9.63386
65 50 26.7329 10.117
65 51 7.78261 11.9978
65 52 6.53706 6.75723
65 53 9.34026 3.5688
65 54 3.21543 -2.10773
65 56 6.29524 -3.44267
65 58 14.1038 4.88722
65 59 -4.51328 -8.00469
65 60 3.03245 3.67112
65 61 4.93716 2.80014
65 63 2.29706 -1.47048
65 64 -8.80728 13.2337
65 65 2.87134 3.42581
65 66 5.3599 -1.43285
66 33 0.286534 -0.134521
66 34 1.91888 -1.36556
66 35 3.69279 -0.0627905
66 36 12.5297 7.37494
66 37 0.156392 -0.0776865
66 38 0.315729 0.132865
66 39 0.147738 -0.452852
66 40 16.0656 5.06744
66 41 6.688 0.492168
66 42 25.9625 13.4041
66 43 6.09321 3.9581
66 44 20.4924 15.2015
66 45 6.18656 1.58916
66 46 4.36283 4.89005
66 47 6.97758 9.94935
66 48 7.2898 5.93817
66 50 4.66143 0.340032
66 51 6.59751 8.74492
66 53 7.41249 2.50951
66 56 -1.92373 -3.04495
66 57 3.1525 1.48639
66 60 4.98213 8.51682
66 61 10.8408 5.63576
66 65 3.36287 3.85133
