0 39 -0.000214683 0.000144387
0 40 6.28007e-05 -6.28908e-05
0 49 -0.000419267 -0.00017971
1 36 -8.67071e-05 0.000104987
1 38 -5.25686e-05 -0.000235718
1 39 0.000210471 -0.000294426
1 43 -0.000461671 -0.000133753
1 44 0.000337792 3.84435e-05
1 46 -0.000250145 0.0002023
1 47 3.00462e-05 2.92298e-05
1 59 -2.08931e-05 -5.56176e-06
2 34 0.000115511 0.000162092
2 35 0.000466805 2.78982e-05
2 38 -2.73193e-05 0.000240882
2 40 -0.00038652 0.000250605
2 41 0.000558335 0.00018276
2 44 -0.00037752 0.000384218
2 45 -0.000492015 8.21633e-05
2 47 -0.000177015 -0.000170412
2 52 3.99708e-05 7.15707e-05
2 54 -0.000243655 -1.41023e-05
2 60 -0.000249205 0.000112943
3 35 5.85709e-05 3.43887e-05
3 36 9.26209e-05 -0.000121677
3 37 -0.000123288 2.04092e-05
3 38 0.000492198 1.3444e-05
3 39 8.4653e-05 0.000142807
3 40 0.000402258 0.000117364
3 41 -0.000173093 0.000102942
3 42 -0.000290098 -0.000285371
3 43 0.000292114 -0.000210749
3 44 0.000172222 -0.000153357
3 45 0.000382714 0.000513392
3 46 -0.000137873 -0.000163073
3 47 0.000170459 -0.000187734
3 48 0.000315681 0.000292685
3 50 2.35681e-05 9.2913e-05
3 60 -0.000278344 0.000318345
4 33 0.000213839 5.09553e-05
4 34 -0.000152985 0.000619028
4 36 -0.000126463 0.000281715
4 37 -4.98018e-05 -1.9676e-05
4 38 0.000196989 0.000293607
4 39 0.000308958 -1.45633e-05
4 40 0.00045036 -0.000194504
4 42 -0.00034708 3.71084e-05
4 43 -0.000639671 -0.000249345
4 44 -5.32715e-05 5.82855e-05
4 45 -6.30931e-05 -3.97801e-05
4 46 0.000149051 6.03561e-05
4 47 -0.000120834 -5.73774e-05
4 48 -0.000171977 0.000174014
4 49 0.000146359 -0.000127212
4 50 0.000202041 5.69735e-05
4 51 -0.000820236 -4.70116e-05
4 52 -0.000177639 2.43455e-05
4 53 -0.000249881 0.000136254
4 54 0.000567654 0.000207469
4 55 0.000362015 -0.000149451
5 33 -9.32995e-05 -6.12977e-05
5 34 0.000408145 -0.000186853
5 35 -0.000418473 -3.24441e-05
5 36 -5.29091e-05 -0.000126549
5 37 2.83765e-05 7.41706e-06
5 38 -0.000241656 2.82051e-05
5 39 -4.05606e-05 -0.000135823
5 40 0.000550842 -0.000126521
5 41 -9.708e-05 0.000355209
5 43 -6.00493e-05 0.00041268
5 45 2.94014e-05 -2.33375e-07
5 46 5.61506e-05 9.68363e-05
5 48 4.14413e-05 0.000112924
5 53 9.81628e-05 0.000310108
5 54 -0.000380628 0.000250854
5 63 -9.95093e-05 0.000155095
6 34 0.00019862 -6.56182e-05
6 35 0.000335436 0.000351831
6 36 -0.000309563 0.000289025
6 37 6.33546e-05 -0.000446888
6 38 -0.000202179 -0.000275401
6 39 0.000247426 0.000393882
6 40 -0.000265106 -0.000189313
6 41 4.52095e-06 -1.71526e-05
6 42 0.000218607 0.000569484
6 43 9.38533e-05 0.000729564
6 44 7.8747e-06 -0.000329962
6 45 4.69154e-06 -9.47265e-06
6 46 0.000403064 -0.000194562
6 47 0.000473553 -4.2778e-06
6 48 -0.000351887 7.72085e-05
6 49 -8.64038e-05 0.000420593
6 50 1.5312e-05 8.35961e-06
6 53 6.38728e-06 8.01783e-05
6 56 6.46747e-05 -6.66104e-06
6 62 0.000408137 -5.32322e-05
7 33 -0.000429959 -8.44364e-05
7 35 6.51384e-05 -0.000610608
7 36 0.000650656 -0.000359414
7 37 0.000134709 -0.000200423
7 38 -0.000173577 -0.00030339
7 39 0.000121727 0.000232253
7 40 0.000426291 8.04195e-05
7 41 -0.000282462 -0.000148232
7 43 -0.000302558 0.000350313
7 44 -7.47074e-05 0.000351518
7 46 -0.000158647 -8.84369e-05
7 47 -0.000499344 -0.000247641
7 48 0.000188676 -0.000121331
7 49 0.000247557 0.000181847
7 53 9.82777e-06 0.000129892
7 54 -0.000416072 0.000256959
7 56 -8.38358e-05 0.000314578
7 57 4.00491e-05 6.59179e-05
7 58 0.000119113 -0.000100741
8 33 0.00029745 -0.000162571
8 34 0.000382641 0.000889002
8 35 -0.000245738 5.60181e-05
8 36 0.000128146 -0.000346337
8 37 -0.000527492 -8.98366e-05
8 39 0.00027043 0.000319084
8 40 1.15828e-05 2.22367e-05
8 41 5.00269e-05 -0.000252518
8 42 -0.000139391 8.17475e-05
8 43 -0.000156676 -9.79549e-05
8 44 0.000221721 -0.000302491
8 45 0.000536921 0.000536454
8 46 0.000181724 5.80789e-05
8 47 -0.000238899 6.26358e-05
8 48 5.15226e-05 -1.23099e-05
8 49 0.000375233 0.000144111
8 54 -0.00011104 -0.000453185
8 55 -4.94401e-05 -6.37247e-05
8 60 7.76959e-05 1.99235e-05
9 34 -1.74106e-05 -3.37911e-06
9 35 0.000403831 -5.9604e-05
9 36 -2.3702e-05 -1.18475e-05
9 37 -5.55943e-05 -0.000154655
9 38 -0.00030303 0.00019396
9 39 -0.000444491 8.12462e-05
9 40 -0.000254033 -0.000379931
9 41 9.51827e-05 -0.000222045
9 42 0.000305168 0.000287913
9 43 0.000226603 0.000240508
9 44 5.90221e-05 -0.000268016
9 45 0.000432689 8.69348e-05
9 46 0.000122422 5.40213e-05
9 47 5.30602e-05 2.33275e-05
9 48 -7.41409e-05 1.56555e-05
9 49 0.000263102 -0.000150327
9 52 1.73561e-05 1.15508e-05
9 57 -0.000324136 1.90132e-06
9 64 -0.000378624 0.000102025
10 33 -0.000121613 1.91601e-05
10 34 0.000294363 7.32152e-05
10 35 0.000322801 -0.000253338
10 36 -0.000362629 9.41642e-05
10 37 0.000325375 -1.49393e-05
10 38 0.000175536 -0.000381398
10 39 7.80258e-06 5.93878e-06
10 40 -0.000385592 4.48724e-05
10 41 0.000843481 0.000151979
10 42 0.000419872 2.46715e-05
10 43 -0.000177231 0.000185515
10 44 0.00028939 -0.000237141
10 45 0.000192304 -6.04534e-05
10 46 0.00102608 -8.58981e-05
10 47 7.78728e-05 0.00021458
10 48 0.00024265 -0.000333614
10 49 -0.000387624 -0.000106791
10 50 -6.30885e-05 -3.78301e-05
10 51 -0.000412516 1.86621e-05
10 52 -0.000168513 0.000127995
10 53 0.000213737 0.000379272
10 62 0.000288533 -6.42673e-06
10 65 -0.000159959 9.72332e-05
11 34 1.10109e-05 -7.18966e-06
11 35 0.000247326 -0.000328017
11 36 -0.000243015 -0.000262615
11 37 -4.62703e-05 4.50938e-05
11 38 -7.48844e-06 0.000192084
11 39 0.0011088 -2.1288e-05
11 40 -0.000126739 -5.03601e-05
11 41 0.00046078 -0.000460453
11 42 -9.80432e-05 -0.00034678
11 43 -6.1984e-06 -0.000328252
11 44 -0.000149765 7.39008e-05
11 45 0.000114238 0.000274252
11 46 -0.000345963 0.000380449
11 47 -0.000260715 0.000394175
11 48 0.000930202 0.000628602
11 49 -0.000351651 0.000210267
11 50 -2.9532e-06 0.000438024
11 51 -7.46164e-05 -3.69938e-05
11 53 3.45787e-05 1.88332e-05
11 55 -0.000189272 9.90878e-05
11 56 -0.000447403 0.000111513
11 57 -0.000196812 0.000197245
11 65 -0.000150174 7.19131e-05
12 33 -1.6767e-05 3.00493e-05
12 34 -9.3113e-06 1.48597e-05
12 35 -0.00037816 0.000196217
12 36 0.00027933 -3.03925e-05
12 37 -0.000392175 -0.000302949
12 38 0.000575146 -2.79101e-05
12 39 -0.000585557 -0.000233478
12 40 0.000114308 -9.62277e-06
12 41 -0.000193315 -3.54013e-05
12 42 -0.000266025 0.000169735
12 43 0.00041786 6.16763e-05
12 44 -7.68087e-05 0.0004255
12 45 3.29708e-05 -7.06599e-05
12 46 0.000157699 -0.000117868
12 47 0.000823409 0.000265839
12 48 2.60589e-05 0.000878687
12 50 0.000291429 0.000249669
12 51 -0.000380957 -0.000239708
12 52 -0.000380787 -1.72674e-05
12 53 -0.000136581 0.000338865
12 57 0.000242678 0.000725123
13 33 -0.000203093 4.26581e-05
13 34 -0.000657766 -0.000478918
13 35 -0.000327326 0.000122634
13 37 0.000304377 -0.000102219
13 38 -2.39299e-05 3.07307e-05
13 39 -0.000105382 4.86657e-05
13 40 0.000467927 4.31437e-05
13 41 0.000975821 -0.000423257
13 42 -0.000179109 -2.93931e-05
13 43 5.94359e-05 -9.81008e-06
13 44 0.000495593 -9.07011e-05
13 45 1.63221e-05 0.000469776
13 46 0.000502104 1.05051e-05
13 47 0.000283757 0.000523614
13 48 7.9278e-05 0.00017099
13 49 0.000133122 -0.000221578
13 50 0.00050871 0.000407051
13 51 0.000319074 0.000187405
13 53 -5.50081e-05 -5.84261e-05
13 54 5.7025e-05 5.66677e-05
13 55 -8.18924e-05 -7.57665e-05
13 56 -0.000236637 0.000115974
13 60 4.31407e-05 -4.15179e-05
14 35 -0.000148153 3.91347e-05
14 36 0.00115736 -0.000197637
14 37 0.000340609 -0.000110741
14 38 -0.000247471 -0.000596225
14 39 -0.000502573 0.000117103
14 40 0.000558704 0.000331149
14 41 -1.92736e-05 -2.48864e-06
14 42 0.000470193 0.000347101
14 43 7.22558e-05 0.000117039
14 44 0.000848176 0.000280479
14 45 0.00047525 2.14175e-05
14 46 0.00105755 -0.000210433
14 47 4.60743e-05 1.66128e-05
14 48 0.000349333 -0.000173212
14 49 0.000192964 0.000314411
14 51 0.00064853 -0.000113495
14 52 -0.000458009 -0.00021392
14 54 -0.000215481 0.000136832
14 55 -0.00010134 0.00021295
14 57 2.01069e-05 0.000535026
14 58 0.000130891 0.000127593
14 62 0.000390205 -0.000141846
15 33 -3.3306e-05 -7.27792e-05
15 34 4.14442e-05 3.32942e-06
15 35 -0.000172779 -0.000105213
15 36 8.95724e-06 7.39949e-06
15 37 0.000331893 -0.000313348
15 38 5.08038e-05 -6.00475e-05
15 39 0.000451552 -1.64926e-05
15 40 -0.000251717 0.000413423
15 41 8.41633e-05 0.000196496
15 42 -0.000351398 -0.000315797
15 43 -0.000163685 0.000148924
15 44 0.000620118 1.31366e-05
15 45 -0.00053496 0.000122799
15 46 0.000240313 -0.000212048
15 47 0.000143969 -0.000116677
15 48 9.9189e-05 0.00040766
15 49 -9.13122e-05 2.3618e-05
15 50 0.000250373 2.75767e-06
15 60 -3.44195e-05 -6.90597e-06
15 61 -1.50849e-05 3.52174e-05
15 64 -0.000280333 0.000150911
15 65 3.5454e-05 4.34709e-05
16 33 3.57447e-05 -4.65996e-05
16 34 -6.01457e-05 2.61367e-05
16 35 -0.000147657 0.000148915
16 36 -1.49811e-05 -0.000624069
16 37 -0.000431675 -0.000511312
16 38 -2.24993e-05 -0.000357302
16 39 0.000601893 0.00029056
16 40 6.20165e-05 -2.144e-05
16 41 -0.000396399 0.000665838
16 42 0.000194847 -0.000335158
16 43 -2.98455e-06 -4.9247e-05
16 44 -0.000309595 0.000242054
16 45 -0.000155819 0.000323926
16 46 -0.000388755 0.000463687
16 47 0.000921244 0.000475018
16 48 -7.88441e-05 5.87816e-05
16 49 0.000135164 -6.48147e-05
16 50 0.000290895 0.000147981
16 51 -5.48972e-05 5.37498e-05
16 52 0.000168909 5.47943e-05
16 56 4.91397e-05 0.000323983
16 59 0.000156691 -1.74807e-05
16 61 -8.95601e-05 -2.30789e-05
17 34 0.000566295 -0.000238468
17 35 2.39776e-06 -6.88632e-06
17 36 0.000133434 0.000151031
17 37 -0.000242317 -0.000385515
17 38 0.000416306 8.88857e-05
17 39 0.000411598 -6.75304e-06
17 40 0.000531865 -0.000187999
17 41 6.98965e-05 -0.000277034
17 42 -0.000161508 7.15312e-06
17 43 0.000541333 -3.25914e-05
17 44 0.000163137 1.49304e-05
17 45 -0.000195322 -0.000173343
17 47 0.000129244 0.000368624
17 48 -0.000321291 0.000498076
17 50 0.000166366 -2.95277e-05
17 51 0.000110915 0.000117785
17 52 -6.97012e-05 0.000301568
17 55 -0.000209468 0.00014674
17 56 0.000143388 3.23341e-05
17 58 8.08148e-05 -0.000101884
17 62 -4.02877e-05 -1.38583e-05
18 33 4.58119e-05 -1.97553e-05
18 34 -3.08939e-05 -0.000206206
18 36 0.000389233 -0.000627761
18 37 0.000152958 0.000408544
18 38 0.000196814 0.000272403
18 39 -0.000124146 -0.000411615
18 40 0.00058733 -0.000123531
18 41 0.000153103 1.16517e-05
18 42 0.00011737 0.000720754
18 43 -0.000306444 -0.000256336
18 44 -0.00133996 0.000300526
18 45 3.2496e-05 -0.00021727
18 46 0.000622973 0.000409905
18 47 -0.000312106 0.000213801
18 48 0.000214826 -0.000199662
18 49 0.000189437 -1.35484e-05
18 50 0.000199519 0.000147614
18 51 -0.000280133 2.98866e-05
18 52 -0.000187864 0.000135605
18 53 7.08821e-05 -5.56064e-05
18 54 -0.000201157 -0.00010887
18 56 0.000444292 -3.54244e-05
18 57 0.000142756 1.29235e-05
18 58 7.91934e-07 1.09763e-06
18 61 0.000172033 -0.00031889
18 62 -8.41509e-06 7.80957e-07
19 34 0.000281739 -4.34199e-05
19 35 -2.95402e-06 4.46885e-05
19 36 0.000108881 7.10259e-05
19 37 0.000257981 -0.000105046
19 39 0.000164897 5.04567e-05
19 40 0.00065067 0.000318835
19 41 -0.00012329 -0.000169547
19 42 0.000379706 -0.000205737
19 43 9.9368e-05 0.000278274
19 44 0.000292682 -0.000260999
19 45 0.00063522 -0.000491989
19 46 0.000362893 -0.000172527
19 47 -0.000334867 -0.00015215
19 48 -0.000167245 0.0002918
19 51 6.70428e-05 -0.000205672
19 52 8.05609e-05 8.73191e-05
19 53 -0.000323574 -2.17265e-05
19 58 0.000627966 0.000123348
19 59 7.6443e-05 0.000311897
20 35 -0.000226255 -0.000399202
20 37 -5.08579e-06 -2.45897e-05
20 38 -0.000152509 -0.000144513
20 39 0.000313017 -3.85248e-05
20 40 0.000295656 9.66883e-05
20 41 7.412e-05 0.000115539
20 42 0.000223951 -2.28917e-05
20 43 0.000483598 0.000279286
20 44 -0.000393145 -0.000370115
20 45 0.000557841 9.65752e-05
20 46 0.000346677 8.95009e-05
20 47 0.000426588 -0.000283229
20 48 -2.74515e-05 0.000240069
20 49 -0.000125202 0.000164289
20 50 -0.000142291 6.81824e-05
20 51 -0.000144952 4.37224e-05
20 52 -0.000187887 0.000119651
20 54 0.000115961 -5.17048e-06
20 55 -0.000381198 -0.000142667
20 56 -0.00014083 4.49225e-05
20 59 0.000179125 0.000164479
20 60 -0.00015436 -0.000230211
21 33 -0.000170494 -3.62079e-05
21 34 0.000289955 -8.43905e-05
21 36 0.000231983 1.22397e-05
21 37 0.000811364 0.00044545
21 38 -5.4961e-05 -0.000129924
21 39 1.54196e-05 5.21156e-05
21 40 0.000604975 2.38666e-06
21 41 0.000482955 8.71046e-05
21 42 0.000270058 0.000225523
21 43 0.000107566 -3.75537e-05
21 44 -0.00034413 4.6183e-05
21 45 -0.000145879 0.00043801
21 46 2.57432e-05 4.62472e-05
21 47 9.19978e-05 -0.000330871
21 48 0.000673927 0.000125975
21 49 0.000369919 -0.000172033
21 50 -0.000287191 -0.000103496
21 51 1.85908e-05 0.000155591
21 52 -4.95605e-05 0.0005141
21 54 -0.000102598 0.000160131
21 55 -0.000440042 0.000527084
21 59 -5.46049e-05 2.75138e-05
21 61 0.000101896 0.000346134
22 33 -4.76886e-05 7.15246e-05
22 34 0.000425731 0.000260122
22 35 0.000407626 -0.000255586
22 36 0.000744455 -0.000136651
22 37 9.32407e-05 0.000539313
22 38 7.29242e-05 0.000316207
22 39 -0.000341817 -0.000157722
22 40 -0.000132469 0.000689314
22 41 -0.000131719 -0.000568385
22 42 0.00041216 0.000174129
22 43 8.28562e-05 -0.000453391
22 44 0.000821635 0.000361512
22 45 1.97565e-06 3.7931e-06
22 46 -0.000267828 0.000423079
22 47 -6.26599e-05 3.89766e-06
22 48 -4.35238e-05 -4.07064e-05
22 49 0.000620645 -1.25449e-05
22 50 5.13018e-05 -1.56117e-05
22 51 0.000185726 -0.000248826
22 53 0.000785348 -0.000319981
22 54 -0.000433845 -5.57236e-05
22 55 0.000126054 -1.68077e-05
22 59 -0.000364675 0.000284198
23 36 0.000425257 -1.37343e-05
23 37 -0.000293713 -0.000269472
23 38 -0.000556967 -0.000350861
23 39 0.000619761 -0.000996482
23 40 0.000910413 0.000390593
23 41 0.000151247 -0.000330829
23 42 -0.000243336 0.000326907
23 43 0.000494275 0.000136414
23 45 -0.000313895 -0.000187141
23 46 -2.7241e-05 -0.000135918
23 47 0.000482246 -0.00017082
23 48 0.000360652 0.000188498
23 49 0.000183843 0.000124489
23 51 -0.000239546 -1.79895e-06
23 52 -0.000651032 0.000161263
23 54 0.000327129 -0.000171857
23 55 0.000195283 0.000542723
23 56 -0.000290895 2.63296e-05
23 57 -0.000391757 1.71317e-06
23 58 0.000314194 0.00010566
23 60 0.000138496 0.000283018
23 62 9.88601e-05 1.60124e-06
24 33 -0.000272476 -0.000187952
24 34 0.000271654 1.36389e-05
24 36 -1.55703e-05 -9.64243e-06
24 37 -0.00104299 -0.000557466
24 38 0.000746943 -0.000595115
24 39 -3.64356e-05 -7.58711e-05
24 40 -0.000123521 0.000171375
24 41 2.42893e-05 -2.36777e-05
24 42 0.000249529 -1.90026e-05
24 43 0.000853254 -2.38186e-05
24 44 0.00050597 -0.000259964
24 45 -0.000249553 -0.000450333
24 46 0.000172879 8.53325e-05
24 47 -0.000167787 -0.000151839
24 50 0.000266215 0.000116242
24 51 -0.000186737 0.000105099
24 52 0.000176437 -0.000108292
24 53 -0.000261158 -0.000300123
24 54 0.000756808 0.000221748
24 56 0.000391411 0.000208287
24 57 -0.000306777 6.25179e-05
24 58 9.02137e-05 0.000217161
24 59 0.000618435 0.000364454
24 61 -0.000223578 0.00021664
24 65 -0.000263515 -0.000123305
25 35 0.000334886 0.000303116
25 36 4.98659e-07 -4.17028e-06
25 37 0.000157068 0.000189158
25 38 7.45689e-05 -0.000146864
25 39 7.06254e-05 -0.000250226
25 40 0.000221351 -2.7816e-06
25 41 -0.000379809 -0.000304844
25 42 0.00104984 -5.51504e-05
25 43 0.000389935 0.000105838
25 44 0.000140251 0.000145864
25 45 0.000137891 7.00105e-05
25 46 0.000218265 0.000106601
25 47 0.000845355 0.000841563
25 48 0.000312515 5.59859e-05
25 49 -0.00014908 -0.000147032
25 51 -0.000319286 0.000237966
25 52 -0.000246638 -0.000101231
25 53 -0.000190658 -0.000383018
25 54 0.000453124 0.000102357
25 59 -0.000216136 0.000356324
25 61 -3.47848e-05 0.000257554
25 64 0.000408408 -7.47939e-05
26 33 -0.000144551 -0.000217228
26 35 0.000436457 -7.41179e-06
26 36 -0.000526537 -0.000425357
26 38 0.000147899 0.000207895
26 39 -0.000215077 -0.000105582
26 40 0.00182646 4.91731e-05
26 41 0.000417198 -3.15223e-05
26 42 -0.000566472 -0.000304311
26 43 0.000183541 -7.9983e-05
26 44 0.000932539 -0.000317848
26 45 8.66689e-05 0.000295919
26 46 9.89725e-05 0.000174001
26 47 -9.12648e-05 -4.63034e-05
26 48 0.000309481 0.000172157
26 49 0.000232171 -1.86505e-05
26 50 0.000163494 5.26505e-05
26 51 0.000324496 -3.70618e-05
26 52 0.000425828 -0.000180226
26 53 1.61252e-05 3.30252e-05
26 54 0.00016518 3.54034e-05
26 58 0.000349123 -0.000158422
26 60 -0.000320738 5.56124e-05
27 33 0.000464775 0.00017541
27 34 9.29336e-05 -0.000103192
27 35 0.000466485 0.00014311
27 36 -0.000125197 -0.000258618
27 38 -0.000364452 -0.000193902
27 39 -6.06951e-05 -0.000353436
27 40 0.000278802 4.4489e-05
27 41 0.000194144 -3.86634e-05
27 42 0.000752924 0.00034903
27 43 0.00039602 -0.000194184
27 44 0.000244121 0.000515819
27 45 1.02849e-05 0.00067285
27 46 1.9692e-05 -0.000108553
27 47 0.000238174 0.00022453
27 48 0.000470357 4.1101e-05
27 49 -0.000328506 7.87846e-06
27 50 9.82405e-05 0.000361104
27 51 0.00027218 -0.000160154
27 52 0.000499874 0.000321946
27 53 -3.43426e-05 -2.00107e-05
27 55 -0.000439145 -9.31495e-05
27 56 9.47556e-05 -0.000168037
27 59 0.000397066 0.00022096
28 36 0.000319213 -7.13222e-05
28 37 2.31735e-05 -0.000438355
28 38 -0.000160074 -6.27747e-05
28 39 0.00107999 6.65685e-06
28 40 0.000337786 0.000431705
28 41 0.000382537 0.000144881
28 42 0.000847494 0.000317542
28 43 -9.74324e-05 4.3537e-05
28 44 -0.000494649 -0.000149434
28 45 -2.12733e-05 0.000237799
28 46 0.00113723 -0.000217952
28 47 0.000465946 -3.19232e-05
28 48 0.000431933 -8.71582e-05
28 49 6.42379e-05 0.000106351
28 50 -0.000477953 0.000115848
28 51 1.20514e-05 -1.0812e-05
28 53 -5.86031e-05 -6.0971e-05
28 56 0.000135355 0.000479495
28 57 -0.000293424 -7.80666e-05
28 63 -0.00028394 -3.38638e-06
29 33 3.26592e-05 -0.000124625
29 34 9.26216e-05 -9.69466e-05
29 35 -7.53012e-05 0.000185378
29 36 0.000222077 -7.01715e-05
29 37 0.00034019 3.46605e-05
29 38 0.000374787 0.000274942
29 40 0.000127728 -0.000205676
29 41 -0.000175295 0.000223408
29 42 6.69444e-05 -0.000226551
29 43 5.8657e-05 3.12955e-05
29 44 0.000540265 -0.000143373
29 45 -0.000297182 -5.7782e-05
29 46 0.00018896 -0.000145125
29 47 0.000141608 8.51231e-05
29 48 0.000346797 -0.000116387
29 49 0.000383485 -0.000120016
29 50 -3.10909e-05 0.000183337
29 52 3.92202e-05 0.000118009
29 54 8.89861e-05 -0.000397625
29 56 -0.000364358 4.55285e-06
29 58 0.000134379 5.84293e-05
29 59 0.000138289 -4.89367e-05
29 61 0.000495049 -1.16121e-05
30 34 0.00053606 -0.000108264
30 35 0.000399951 9.75491e-05
30 36 0.000254281 -0.000208165
30 37 0.000440034 -1.95201e-06
30 38 0.000718591 -0.000155917
30 39 0.000455197 -0.000102
30 40 0.000576886 -1.72144e-05
30 41 0.000177242 -0.000329294
30 42 -0.00014483 0.000217574
30 43 0.000558949 -0.000446025
30 44 0.000334066 -0.000267019
30 45 -0.000517936 -0.0002979
30 46 -0.000236681 0.00084777
30 47 -0.000481459 -0.000549922
30 48 -2.47236e-05 -0.000236344
30 49 4.19858e-05 6.76984e-06
30 50 -4.4408e-05 6.87134e-05
30 51 1.96118e-05 4.10915e-05
30 52 -0.000133529 0.000138788
30 53 0.000674083 0.000276873
30 54 -0.000288187 0.000236529
30 55 0.00063462 5.05441e-05
30 56 -0.000227609 0.000237473
30 57 4.70601e-05 1.18859e-05
30 61 5.8131e-05 0.000276371
30 62 2.8884e-05 -6.17229e-06
30 64 0.000277229 -6.48879e-05
31 33 3.56622e-05 -1.34373e-05
31 34 -0.000528601 -0.000153875
31 35 -0.000274926 7.38441e-06
31 36 3.20435e-05 -2.08973e-05
31 37 3.74114e-05 -1.8307e-05
31 38 0.000103887 -5.84074e-05
31 39 0.000996906 -0.000516439
31 40 -0.000432384 -0.000530548
31 41 0.00109181 -0.00036062
31 42 0.000395128 0.000243723
31 43 0.000724591 0.000356678
31 44 0.000134849 -0.000270299
31 45 0.000196455 6.05609e-05
31 46 0.000127227 7.86599e-05
31 47 0.000363357 -0.000165772
31 48 0.000187333 0.000250257
31 49 -3.53311e-05 -2.50476e-05
31 50 -0.000266535 6.28692e-05
31 51 4.17177e-06 0.000486141
31 52 -0.000314814 -0.000206046
31 53 -0.000229689 -0.000238627
31 54 0.000318327 -0.000341231
31 55 -0.000330949 -0.000370887
31 56 -0.000141575 0.000318305
31 59 0.000264874 0.00033016
31 64 0.000317871 -0.000310427
32 34 4.87726e-05 -0.000119025
32 35 0.000320004 0.000347885
32 36 -0.000201911 -0.000595478
32 37 0.000316699 -0.000246808
32 39 0.000165737 4.1203e-05
32 40 0.000201314 -0.000159864
32 42 0.00128502 7.7907e-05
32 43 0.000282099 -4.42559e-05
32 44 -0.000246863 -0.000459101
32 45 0.000359727 -0.000161676
32 46 0.000321067 -5.25889e-05
32 47 0.000705882 0.000191721
32 48 0.00020537 -0.000311965
32 49 0.000319022 -7.93971e-05
32 51 0.000501602 0.000307968
32 52 0.000401968 0.000639878
32 54 -5.66171e-05 0.000173446
32 55 8.51778e-05 3.47071e-05
32 56 0.000123751 -0.00012456
32 57 0.000451008 3.55545e-05
32 60 1.40249e-05 6.6129e-05
32 62 0.000145443 0.000294423
33 35 -6.44769e-05 0.000119729
33 36 0.00139636 -0.000446168
33 37 -0.000285032 -0.00029318
33 38 0.000437407 -0.000144994
33 39 0.000207634 -0.000204223
33 40 0.000396675 -7.45282e-05
33 41 0.000972659 -4.98479e-05
33 42 0.000663078 0.000487431
33 43 0.000416096 0.000307534
33 44 0.000881003 -0.000433675
33 45 0.000756053 0.000436639
33 46 -2.33905e-07 0.000157425
33 47 0.00124394 -0.000561387
33 48 -0.000365055 -7.74305e-05
33 49 0.000434929 0.000590394
33 50 0.000284003 -8.34582e-05
33 51 3.58068e-06 -0.000178719
33 52 -0.000522205 4.91186e-05
33 53 0.000615449 -0.000288766
33 54 0.000372411 0.000225632
33 59 0.00021286 0.000135317
33 62 2.16122e-05 2.6624e-05
33 66 -0.000140222 2.3255e-05
34 33 -6.43373e-05 2.27058e-05
34 34 6.71811e-05 -0.000459552
34 35 0.000373715 -0.000118853
34 36 0.00016804 -0.000738122
34 38 -9.3245e-05 -0.000179143
34 39 6.01565e-05 -0.000190836
34 40 0.000155841 -0.000148628
34 41 4.55716e-05 -1.15275e-05
34 42 0.000325447 6.24001e-05
34 43 9.55111e-05 -0.000328385
34 44 0.000275604 -0.00011198
34 45 0.000234842 -0.000154905
34 46 -0.000105648 0.000115237
34 47 0.000298998 0.000534739
34 48 0.000121303 0.000140513
34 49 0.000289121 0.000313427
34 50 0.000616313 0.000132384
34 51 0.000508295 0.000360781
34 52 0.000287095 -4.71713e-05
34 54 0.000134764 0.000113081
34 57 -4.89768e-05 1.9101e-05
34 59 0.000168871 0.000177043
34 60 0.000659153 0.000295619
34 62 -7.05724e-07 1.63374e-06
34 63 5.84548e-06 4.63965e-06
34 64 0.000336532 5.57669e-05
35 33 0.000308097 -0.000249859
35 35 0.000138224 -0.000279959
35 36 0.00065784 0.000152012
35 37 -8.72798e-05 -5.14417e-05
35 38 0.00046752 0.000453786
35 39 -8.05447e-06 -7.86944e-05
35 40 -0.000514152 -4.08749e-05
35 41 0.000217054 -0.000352812
35 42 0.000211186 -0.000152497
35 43 -2.07589e-05 -0.000192422
35 44 0.000316897 1.9342e-05
35 45 -4.90558e-05 -0.000160128
35 46 0.000100491 -2.1201e-05
35 47 -3.69136e-05 0.000880026
35 48 0.000613257 0.000205595
35 49 -0.000219292 0.000390444
35 50 0.000168735 0.000245318
35 51 0.000176032 0.000327061
35 52 0.000223682 8.95724e-05
35 54 -7.90011e-05 -0.00010497
35 55 -0.000134697 -7.4461e-05
35 56 8.16444e-05 -0.00016262
35 59 0.000293581 -0.000164469
35 60 -8.36808e-05 -3.25961e-05
35 62 0.000128255 0.000127795
35 64 4.22509e-05 -7.86316e-06
36 33 0.000191994 -6.2767e-05
36 34 0.000343406 2.26669e-05
36 36 0.000366924 7.69165e-06
36 38 1.72392e-05 -0.000220934
36 39 0.000310918 -0.000422651
36 40 6.79864e-07 5.56085e-08
36 41 -0.000397053 -0.000182819
36 42 -8.21923e-05 -1.36605e-06
36 43 0.00049852 -3.43384e-05
36 44 0.000179646 -0.000183226
36 45 0.000136082 0.000233205
36 46 -5.78258e-05 -0.000135173
36 47 0.000348811 0.000139089
36 48 0.000352497 8.26282e-05
36 49 -6.33227e-06 0.000288857
36 50 2.90947e-05 1.38917e-05
36 51 0.000387955 0.000158261
36 52 -4.14062e-05 -6.72624e-05
36 54 3.3475e-05 -8.82586e-06
36 56 -0.00013923 0.000180095
36 61 0.00014895 -9.08317e-05
37 33 6.25442e-05 0.000127287
37 37 0.000286078 -0.00021723
37 38 0.000183885 4.54633e-05
37 39 -0.000116277 -0.000485249
37 40 0.000532074 -3.72633e-05
37 41 0.000240815 0.000192162
37 42 4.64763e-05 -2.39958e-05
37 43 -0.000361881 -0.000346062
37 46 9.61571e-05 -3.21386e-05
37 47 0.00019233 -3.40336e-05
37 48 0.000148979 -9.27916e-05
37 49 0.000552828 -0.000166657
37 50 -3.65393e-05 2.0754e-06
37 51 0.000157604 0.000134814
37 52 0.000504811 -0.000410544
37 54 0.00027332 0.000246925
37 56 -0.000384053 -1.54029e-05
37 57 -0.000122102 0.000416474
37 58 0.000395842 -0.0001815
37 62 2.96554e-05 -2.38719e-05
38 33 0.00019571 -0.000240209
38 34 7.78748e-05 1.91574e-05
38 36 5.79408e-06 -3.74133e-06
38 37 0.000189962 -0.000162728
38 38 0.000445364 0.000222794
38 39 7.64642e-05 0.000172764
38 40 0.00017456 0.000124944
38 41 -0.000307755 -0.000724646
38 42 0.000237999 0.000185209
38 43 6.64696e-05 -8.56644e-05
38 44 -0.000114995 -6.66155e-05
38 45 0.000451422 -0.000405739
38 46 7.32086e-05 0.000481511
38 47 1.58674e-05 -9.07088e-06
38 48 -0.000197913 0.000230287
38 49 0.000197328 0.000174852
38 50 9.91859e-05 3.89222e-05
38 51 0.000504794 0.000315239
38 53 -4.70228e-05 0.000263903
38 54 -0.000811114 0.000148278
38 55 0.000104786 0.000221608
38 58 0.000299485 5.51505e-06
38 60 0.000679571 0.0001583
38 63 0.000345177 -0.000267006
38 65 1.91117e-05 1.55931e-05
39 34 -3.79733e-05 -0.000145148
39 37 -8.83784e-05 -9.87086e-05
39 38 0.000369241 -0.000230178
39 39 0.000357566 -0.000412668
39 40 0.000176692 0.000333179
39 41 0.000200749 -0.000193611
39 42 -0.000355141 0.000280415
39 43 0.000636123 -2.32971e-06
39 44 0.000309716 8.78371e-05
39 45 0.000228233 -0.000502118
39 46 6.57738e-05 -0.000306505
39 47 0.000299139 6.79098e-06
39 48 7.15784e-05 -0.000289226
39 49 0.000234737 0.000274451
39 50 6.29606e-06 3.22777e-06
39 51 0.000397144 9.2434e-05
39 52 -0.000146427 9.18354e-05
39 53 -0.000247878 -0.000611074
39 54 -3.87694e-05 -0.000447466
39 55 1.27056e-05 0.000137111
39 57 9.82212e-05 0.000200047
39 59 -0.000221645 0.000364777
39 61 -0.0002228 0.000114688
39 65 -0.000313869 0.000213359
39 66 -0.000201307 0.000171572
40 33 -0.000386505 0.000106634
40 34 0.000362815 -0.000302569
40 35 0.000387025 -1.91019e-05
40 36 -0.000458347 0.000312513
40 37 0.00035674 0.00044668
40 38 -0.000228296 6.56355e-05
40 39 0.000319192 -6.36188e-05
40 40 0.000121569 -2.23696e-05
40 41 7.53444e-05 -7.074e-05
40 42 0.00039666 -0.000608998
40 43 -0.000358777 -0.00035654
40 44 0.000465657 0.000114663
40 45 -0.000237671 7.08742e-05
40 46 -0.000124145 8.65783e-05
40 47 0.00138335 -0.000120314
40 48 0.000389766 0.000142056
40 49 -2.72371e-05 6.36585e-06
40 50 0.00045001 0.000439445
40 52 -0.0001093 5.55574e-05
40 53 -0.000423667 0.000157014
40 58 0.000109678 -0.00011222
40 60 -0.000118857 -2.87893e-06
40 64 0.000250687 0.000101028
41 33 0.000119476 9.50497e-05
41 34 -4.70328e-05 -5.92479e-05
41 35 0.000293237 -0.000294628
41 36 0.000562568 0.000163141
41 37 0.00057269 -0.000125944
41 38 9.38965e-05 -0.000213577
41 39 0.000604964 8.70566e-05
41 40 0.00132274 -0.000232195
41 41 0.00086616 -0.000444501
41 42 0.00021932 5.27588e-06
41 43 0.00108744 0.000858086
41 44 0.00108762 7.88045e-05
41 45 8.98874e-05 6.89831e-05
41 46 -1.86927e-05 -0.000106375
41 47 -0.000454956 -0.000224535
41 48 0.000339817 -0.000161851
41 49 0.000190318 0.000272479
41 50 0.00022373 0.00031139
41 51 0.000138673 2.68407e-05
41 52 -1.49598e-05 1.56327e-05
41 53 -0.000205214 -8.49535e-05
41 54 0.00045348 -0.000298137
41 55 0.000159925 -0.000150372
41 56 -0.000165713 -0.000231403
41 57 -0.000110288 0.000394262
41 58 -0.0001875 -5.10874e-05
41 60 0.000312617 0.000257656
41 63 0.000178831 2.20643e-05
42 35 -0.000126862 0.000423326
42 36 -6.05983e-06 3.7693e-05
42 37 0.000330531 0.000185932
42 38 -5.17021e-05 0.000328574
42 39 -0.000620671 -0.000184321
42 40 0.00050324 0.000127618
42 41 0.00043278 -9.45067e-05
42 42 -0.000517285 0.000146503
42 43 0.000178166 -4.94705e-05
42 44 0.000406108 -0.000128441
42 45 0.000618056 8.42534e-05
42 47 0.000602529 -7.73793e-05
42 48 0.00022135 -8.7131e-05
42 49 0.000569104 -7.95831e-05
42 50 -0.000144351 0.000397225
42 51 0.000385091 -3.61663e-05
42 52 -0.000287532 0.000309215
42 53 -0.000815404 -0.000421313
42 54 0.000381827 0.000426659
42 55 8.98149e-05 0.00019994
42 57 0.000142831 2.61417e-06
42 59 6.59962e-05 3.304e-05
42 61 0.000307078 0.00018204
42 62 9.16586e-05 1.94659e-05
43 33 0.000143504 -0.000134362
43 35 0.000252123 -4.66179e-05
43 36 3.903e-05 -0.000115999
43 37 0.00012799 0.000281666
43 38 0.000670178 -0.00011773
43 39 0.000636675 3.0396e-05
43 40 -5.91557e-05 -0.000287588
43 41 0.000244167 -0.000448104
43 42 0.000291796 3.53069e-05
43 43 0.000295544 5.05184e-06
43 44 0.00045929 -0.000392635
43 45 0.000230839 1.67337e-05
43 46 -0.000743774 -9.8108e-06
43 47 6.81875e-05 0.000386141
43 48 0.000322882 0.000274831
43 49 -0.00010296 -0.00040704
43 51 -0.000413345 0.000225001
43 52 0.000205517 0.000198243
43 53 0.000306639 -0.000232149
43 54 -0.000125474 0.000184909
43 55 0.000278095 0.000396347
43 57 2.41619e-05 8.52568e-05
43 60 -0.000375054 -0.000104118
44 33 8.13334e-05 -5.44726e-05
44 34 0.0003023 -0.0001832
44 35 0.000758162 -0.000315473
44 36 0.000134761 -9.65206e-05
44 37 0.000289365 0.000206046
44 39 0.00013733 6.32492e-05
44 40 0.000810189 -0.000298945
44 41 0.000660612 4.00241e-05
44 42 1.0786e-05 -0.000254981
44 43 0.000433346 0.000229275
44 44 0.000249624 0.000316833
44 45 -0.000145605 0.000128194
44 46 0.000522595 -1.3563e-05
44 47 0.000105555 -0.000236527
44 48 6.29429e-05 -1.67992e-07
44 49 0.000127244 -0.000175042
44 50 0.000267891 0.000146348
44 51 -0.000211988 0.00022698
44 52 -0.000209204 6.15018e-05
44 53 5.47347e-05 0.000351103
44 56 0.000103686 -0.000118586
44 58 0.000220963 0.000426314
44 60 0.000245006 -0.000167082
44 66 -7.56772e-05 7.04075e-05
45 33 0.000273204 0.000331752
45 34 -0.000587339 -0.000516097
45 35 0.000240043 1.86917e-05
45 36 -0.000144449 4.70658e-05
45 37 0.000282426 -0.000717463
45 38 -0.000104392 -7.91655e-05
45 39 -0.000363229 5.331e-05
45 40 0.000258189 0.000518276
45 42 0.000141941 -8.37731e-05
45 43 0.000143954 0.000189076
45 44 -0.00040119 -9.44543e-05
45 45 0.000707423 -2.4551e-05
45 46 -0.000925405 0.000330338
45 47 0.000821793 -3.51182e-05
45 48 4.949e-05 -5.55909e-05
45 49 -6.62957e-05 5.45984e-05
45 51 5.25241e-05 -6.35619e-05
45 52 5.25683e-06 -5.56558e-06
45 53 0.000483744 -0.000475747
45 58 -0.000215689 -3.22902e-05
45 59 0.000166802 0.000108235
45 60 0.00041547 -3.43177e-05
45 61 8.46109e-05 -5.85114e-05
45 65 2.37621e-05 2.22544e-05
46 33 3.27714e-05 -7.25244e-05
46 34 0.000340609 -5.64194e-05
46 35 0.000393789 -0.000196339
46 36 -0.000125719 6.24009e-05
46 37 8.60376e-05 -1.59324e-05
46 38 0.000487316 0.000207873
46 39 -0.00029159 1.5856e-05
46 40 0.000178421 0.000230412
46 41 0.000345828 0.000180972
46 42 0.000276813 0.000370392
46 43 -4.66792e-05 -0.000373864
46 44 0.00081217 0.000506551
46 45 0.000458035 1.47094e-05
46 46 1.07799e-05 7.82047e-06
46 47 -0.000547965 0.00056232
46 48 1.90956e-05 0.000177007
46 49 1.52464e-06 7.57382e-05
46 50 0.000322611 -0.000372765
46 51 -0.000117615 0.000310582
46 52 0.0005301 -0.000110093
46 53 0.000199749 -0.000399467
46 55 9.85813e-05 0.000155953
46 56 -0.000172001 -0.000125356
46 58 8.4511e-05 -0.000135478
46 60 -1.11058e-05 4.80657e-05
46 63 0.000201671 -7.44828e-05
46 65 -0.000102502 0.000251876
47 33 0.000236021 -0.000335998
47 34 0.000202148 2.02554e-05
47 37 -0.000116741 0.00028587
47 38 0.000377077 -0.000121144
47 39 -0.000535202 -0.000810064
47 40 0.000361829 -0.000462305
47 41 0.000269555 -0.000103306
47 42 0.000770213 0.000216778
47 43 -6.24313e-05 -0.000228683
47 44 0.000432202 0.000265463
47 45 -0.000167293 -0.0004382
47 47 -0.000312952 0.000138036
47 48 0.000669364 -0.000262088
47 50 0.0002485 0.000252442
47 51 -7.5518e-05 0.000368325
47 53 -0.000183368 -8.39158e-05
47 54 6.08085e-05 4.43813e-06
47 55 0.000228866 6.00953e-05
47 57 -7.73601e-05 3.6331e-05
47 58 0.000181339 0.000188584
47 60 -0.000114269 0.0002572
47 61 0.000295343 0.000378439
47 63 0.000196263 4.08524e-05
48 34 0.000175536 0.000184744
48 35 -0.00042557 7.97461e-05
48 36 0.000252236 -0.000408264
48 37 0.000306548 -0.000269828
48 38 -0.000193958 0.000302449
48 40 -0.000367996 0.000289975
48 41 0.000361776 -0.000353098
48 42 -0.000386275 5.35203e-06
48 43 0.000395306 0.000246447
48 44 -6.8161e-05 -1.59515e-05
48 45 -0.000199968 4.61026e-05
48 46 -0.000147976 -5.33863e-05
48 47 -0.000131178 1.92195e-05
48 48 -7.26405e-06 -0.000222954
48 49 0.000297543 0.000101941
48 50 0.000238101 -0.000124296
48 51 -4.45541e-06 0.000123763
48 52 2.54048e-05 -4.02383e-06
48 53 0.000325613 0.000111219
48 54 0.000422885 -0.000105488
48 55 -0.000429054 0.000123924
48 57 -0.000152509 -0.000202107
48 58 -0.000203687 -0.000272116
48 63 0.000129615 0.000141042
48 65 -0.000219029 -0.000262725
49 34 0.000148034 4.429e-06
49 35 0.000284072 0.000146104
49 36 -0.000336643 5.55002e-05
49 37 0.00102193 -0.000214962
49 38 0.000415731 0.000706001
49 39 0.000168682 0.000242451
49 40 0.000266407 -0.0003428
49 41 0.00012045 -8.7819e-06
49 42 0.000172875 0.00015751
49 43 0.000134327 -0.000110876
49 44 4.26491e-06 4.34586e-06
49 45 4.33101e-05 -1.20891e-05
49 47 -0.000271105 -0.000108251
49 48 0.000295327 0.000105658
49 49 0.000362493 -0.000168633
49 50 0.000590733 -7.44114e-05
49 51 -2.69012e-05 0.000289672
49 52 0.000167633 0.000487048
49 53 0.000324294 0.000333656
49 55 5.71267e-05 2.35249e-05
49 57 8.95609e-05 2.53002e-05
49 59 -0.000244801 0.00022879
49 60 -0.00018697 -9.12428e-05
49 62 -0.00016474 0.000300593
49 63 0.000332445 -0.000212398
50 33 0.000466157 8.48894e-05
50 34 -9.48912e-05 -0.000201386
50 35 -0.000158267 -7.19754e-05
50 36 0.000404629 -0.00022985
50 37 0.000794286 1.92536e-05
50 38 2.37198e-05 -9.7765e-06
50 40 0.000234301 -0.000152032
50 41 0.000186837 -8.77695e-05
50 42 0.000347619 -0.0002402
50 43 6.54167e-05 -0.000239123
50 44 0.000382515 0.000216822
50 45 -0.000300957 0.00027462
50 46 -0.000195694 0.000284061
50 47 -0.000199384 0.000293476
50 48 -2.57883e-05 -0.000359992
50 49 0.000109077 -3.42042e-05
50 51 0.00014592 -0.000324097
50 52 -0.000398264 0.000469618
50 53 -7.81496e-05 9.14907e-05
50 54 2.7322e-05 2.35725e-05
50 56 -0.000286601 0.00038059
50 60 -0.00047555 3.49233e-05
50 63 3.07645e-05 -6.37986e-05
51 33 2.24967e-05 -0.000172803
51 34 7.1669e-05 -5.37727e-05
51 35 0.000237626 7.99449e-05
51 36 -0.000187957 0.000167681
51 37 0.000728887 -0.000349891
51 38 0.000600172 0.000102405
51 40 0.000511872 0.000284501
51 41 0.000143669 -0.000253754
51 42 0.000501603 -0.000171556
51 43 0.000120322 -1.20178e-05
51 44 -0.000125058 9.75918e-05
51 46 0.000519448 -0.000171784
51 47 0.000321393 0.000290563
51 48 4.52547e-05 6.92024e-05
51 49 -0.000357864 -7.70316e-05
51 50 0.000391428 2.91906e-05
51 51 -0.00031884 6.34873e-05
51 52 0.000620499 0.000437481
51 53 8.58934e-05 4.73986e-05
51 54 0.000147302 -0.00028131
52 33 -5.68427e-05 0.000296429
52 36 0.000356285 0.000304138
52 37 -0.000270144 -0.000287003
52 38 -0.00016749 -0.000206498
52 39 0.000232094 3.11049e-05
52 40 -0.000318836 -2.92927e-05
52 41 0.000245406 0.000246916
52 42 0.000106477 0.000565279
52 43 -0.000201326 0.000414087
52 44 0.000331965 0.000195125
52 45 0.000156761 -3.99491e-05
52 46 -9.37257e-05 0.000440963
52 47 0.000157436 -5.34609e-06
52 48 0.000552639 0.000349398
52 49 0.000142934 0.000267742
52 50 0.000272622 -0.000102191
52 51 0.000802077 8.06421e-05
52 52 2.93192e-05 5.31911e-05
52 53 0.000563685 0.000301972
52 56 0.000280269 0.000140622
52 60 -0.000177228 0.000406437
52 61 -0.000344947 -2.85697e-05
52 64 0.000326665 8.00944e-06
53 33 0.000228659 -0.000198935
53 34 0.000181592 -0.000121877
53 35 0.00010698 -7.0651e-05
53 37 -0.000129722 -9.92023e-05
53 38 0.000181646 0.000214523
53 39 0.000314887 0.000266752
53 40 0.000417328 -0.000237646
53 41 0.000420225 -0.000538971
53 42 0.000212097 0.000100536
53 43 -0.000278106 5.72753e-05
53 44 8.82573e-05 9.33519e-05
53 45 -0.000578338 -4.0512e-05
53 46 -0.00030857 0.000319186
53 47 0.000322315 0.000299992
53 48 0.000311339 0.000153594
53 49 0.000262244 0.000365552
53 50 0.000404113 0.000116429
53 51 -0.000467612 0.000329976
53 53 -1.04899e-05 -8.23158e-05
53 54 -0.000147671 0.000424549
53 56 -0.000255211 -0.00023683
53 57 2.51785e-05 1.71379e-05
53 61 4.39724e-05 1.91579e-05
53 64 -0.000304629 -0.000127738
54 33 -0.000561702 0.000223827
54 34 -0.000187967 0.000260211
54 35 0.000359771 -0.000322207
54 37 5.94993e-05 -5.39718e-05
54 38 3.69446e-05 4.26481e-06
54 39 -9.68736e-05 5.24192e-05
54 40 0.000258834 -0.00027242
54 41 0.000635571 -0.000692006
54 42 0.000311534 3.67138e-05
54 43 3.14822e-05 0.000546967
54 44 4.87624e-05 0.000279374
54 45 1.24311e-05 0.000130482
54 46 -0.000125928 2.63452e-05
54 47 0.000515525 -6.35489e-05
54 50 0.000598331 0.000126795
54 51 0.000297871 0.00024148
54 53 0.000314675 0.000237538
54 54 7.29956e-05 4.41099e-05
54 58 -0.000359511 0.000150104
54 60 0.000129967 3.48084e-05
54 61 0.000223032 4.83177e-05
54 63 -0.000245668 -0.000105694
54 66 -0.000271866 0.000139004
55 34 2.39343e-05 3.37182e-05
55 35 -0.000336156 0.000402279
55 36 0.000696296 -0.000158806
55 37 0.000599512 1.91626e-05
55 38 0.000478152 0.000220819
55 39 0.00045307 -0.000305991
55 40 3.8142e-07 -5.38783e-08
55 41 0.000729497 -1.46484e-05
55 42 0.00037482 -0.000292407
55 43 0.000260121 0.000306692
55 44 0.000433769 0.000325777
55 45 -0.000365949 -0.000123334
55 46 0.000200378 0.000286871
55 47 1.44328e-05 1.55734e-05
55 48 0.000232543 6.02973e-05
55 50 2.41482e-05 -1.19655e-05
55 51 0.000356195 -5.06239e-05
55 52 -0.00027542 0.00085112
55 53 0.00013843 -0.000192271
55 55 0.000135844 8.04373e-05
55 57 0.000332341 -0.000370309
55 58 5.3677e-05 3.47256e-05
55 60 0.000182515 -0.000245953
55 62 0.000108834 1.96591e-05
56 34 0.000122801 0.000189299
56 35 0.00012215 -3.48454e-05
56 37 0.000562559 0.000217716
56 38 -0.000504691 0.000490769
56 39 0.000452285 4.30068e-05
56 40 -0.000139338 -0.000702238
56 41 0.000686865 6.76208e-05
56 42 0.000743289 -0.000323335
56 43 0.000232298 0.00017474
56 44 0.000311614 -8.34994e-05
56 46 -3.02178e-05 -0.000115959
56 47 5.86429e-05 -4.44918e-05
56 48 0.000396525 -0.000298773
56 49 -7.34517e-05 0.000377375
56 50 0.000128752 0.000302915
56 52 -4.13699e-05 7.53081e-05
56 53 -0.000277008 0.000104992
56 54 0.000155835 -4.97731e-05
56 58 -8.9846e-05 -4.06139e-05
56 60 -3.83962e-05 4.72937e-05
57 34 0.000199175 0.000104803
57 35 0.000164728 6.73133e-05
57 36 -0.000307692 0.000139262
57 37 0.000295386 0.000237895
57 39 0.000449859 -0.000539687
57 40 7.00523e-05 -1.89434e-05
57 41 -9.82424e-05 1.77136e-05
57 42 -1.61747e-05 9.72749e-08
57 43 0.000724111 0.000201366
57 44 0.000329733 -4.44983e-05
57 45 -0.00018029 9.93897e-06
57 46 -1.25677e-06 6.99617e-07
57 47 0.000204217 0.000364541
57 48 4.52081e-05 -0.000568801
57 49 0.000975819 -0.000262554
57 50 0.000304094 0.000236427
57 51 5.53832e-05 -0.000377529
57 52 0.000149593 -1.97869e-05
57 53 -0.00040562 0.000253729
57 54 -0.000162741 -0.000284753
57 55 0.000641004 0.000425486
57 58 8.74715e-05 4.30982e-05
57 59 0.000218889 -0.000299974
57 62 0.000387361 -0.000193247
57 63 0.000408574 -0.000260681
58 33 0.000377563 -0.000232552
58 34 -0.000493235 0.000360643
58 35 -0.000432188 -0.000723229
58 36 0.000276868 -4.84012e-05
58 37 -0.000314298 -0.000126013
58 39 7.68312e-05 -7.3051e-05
58 41 9.54911e-05 -0.000285793
58 42 0.000304901 -5.77138e-05
58 43 0.000988751 -0.000104284
58 45 0.000225252 0.00024438
58 47 0.000509599 5.44519e-05
58 48 0.000468037 0.00047621
58 49 -9.67382e-05 0.000372605
58 50 0.000133447 0.0002328
58 51 -0.000147528 4.47552e-05
58 52 0.000138275 -2.63512e-05
58 53 -0.000236101 -0.00035434
58 54 -0.000469716 0.000147282
58 58 0.000147654 5.80348e-05
58 63 -8.83802e-05 0.000216969
58 64 0.000163683 0.000464777
59 33 0.000123689 0.000178599
59 34 0.000205618 -0.000308451
59 36 0.000401675 -9.64637e-05
59 37 -0.000399156 -0.000285401
59 38 3.3337e-05 -9.52159e-06
59 39 0.000348526 -0.000229442
59 40 0.000149081 -0.000183406
59 41 0.000501317 -0.000121245
59 43 8.15555e-05 1.95832e-05
59 44 0.000169512 -3.40093e-06
59 45 0.000240928 0.000123551
59 46 -4.13063e-05 3.49316e-05
59 47 0.000205459 3.26518e-05
59 48 -9.87399e-05 -0.000144261
59 49 0.00137203 -0.000124903
59 51 0.000255754 0.00011809
59 52 -0.000207995 0.000243688
59 53 0.000815174 -0.000317631
59 54 3.34778e-05 2.53139e-05
59 55 -0.000313588 0.000320283
59 58 -0.00012764 9.77457e-05
59 59 0.00031159 4.77845e-06
60 33 0.000353887 -0.000110854
60 34 8.14895e-05 -0.000151162
60 35 0.000102411 3.90076e-05
60 36 -0.000139895 -1.75145e-05
60 37 -0.00018601 -0.000318351
60 38 0.000362807 0.000332119
60 39 -9.84704e-05 0.000114271
60 40 0.000179415 -5.90534e-05
60 42 -8.4507e-05 -8.28488e-05
60 44 0.000417075 -1.60048e-05
60 47 -0.000204848 -0.000111807
60 49 0.00104982 6.3527e-05
60 50 -0.000220008 2.37979e-05
60 51 0.000100033 7.96418e-05
60 52 0.00028536 0.000391307
60 54 -0.000141958 0.000376653
60 55 0.000308423 0.000241002
60 56 0.000605574 0.000227723
60 57 0.000582902 -0.000140534
60 58 8.96806e-05 -2.90288e-05
60 61 0.000297757 -0.000316643
61 33 -2.63626e-05 -3.09973e-05
61 34 1.14389e-05 -2.14428e-06
61 35 0.000432126 -0.000152488
61 36 0.000130796 -0.000408932
61 37 0.000160672 -0.00044348
61 38 3.59596e-05 -1.25072e-05
61 39 0.000431733 -0.000215634
61 40 0.000290757 0.000101511
61 41 -2.47175e-05 0.000470109
61 43 0.0004449 -7.82704e-05
61 44 6.11179e-05 0.000692682
61 45 4.5619e-05 -8.91139e-06
61 46 -2.02535e-05 1.27305e-05
61 47 0.000660741 0.000306527
61 48 2.55258e-05 0.000103113
61 49 0.000436869 0.000106114
61 52 0.000241214 3.88271e-05
61 53 8.12733e-05 0.00019499
61 54 0.000202687 9.77262e-06
61 55 5.48884e-05 7.49513e-05
61 59 0.00024129 -6.18831e-05
61 60 3.6643e-05 5.72099e-05
61 65 9.99774e-05 0.000162431
62 35 0.000123825 -0.000164785
62 36 0.000316073 -4.16545e-05
62 37 8.05806e-05 -0.000197758
62 38 -0.00030109 -0.000124699
62 39 5.33183e-05 7.99567e-05
62 40 -0.000110608 -0.000231069
62 41 -0.000292783 0.000373693
62 42 0.000240346 5.4966e-05
62 43 5.68161e-05 -2.58066e-05
62 44 0.000160779 3.22039e-05
62 45 -3.58575e-05 -0.000250032
62 46 0.000272028 0.000265142
62 47 -0.000280259 4.94961e-05
62 48 0.00023603 0.000205687
62 51 0.000278777 -0.000228042
62 52 0.00010592 0.00045166
62 53 0.000763319 -4.803e-05
62 54 0.000364668 0.000335538
62 55 3.31429e-05 2.28787e-05
62 56 0.000255053 0.000166158
62 59 -4.8367e-05 0.000249502
63 34 -0.000202584 0.000303584
63 35 0.000520037 -0.000541279
63 36 0.000121967 -0.000119092
63 37 0.000233625 9.91025e-05
63 38 -0.000402648 0.00013143
63 39 0.000431136 -2.10645e-05
63 40 8.50227e-06 5.30608e-06
63 42 0.000409832 -7.31845e-05
63 43 -5.80465e-05 0.000125519
63 44 2.50691e-05 0.000181926
63 45 9.11495e-05 -0.000240485
63 46 0.000366716 -6.61336e-05
63 49 0.000110213 3.47394e-05
63 50 0.000110833 -0.000173624
63 52 -2.29274e-05 9.35698e-05
63 53 0.000335985 4.91573e-05
63 56 0.000306918 -7.05547e-05
63 57 -9.95353e-05 0.000406209
63 60 3.87818e-05 2.61449e-05
63 63 8.48893e-06 1.67365e-05
64 33 -3.6213e-05 0.000395093
64 34 0.000105523 -1.67381e-05
64 35 0.000916989 -0.000215129
64 36 -0.000381372 -2.15652e-06
64 37 -0.00014291 -7.10417e-06
64 38 3.05358e-05 -0.000159669
64 39 0.00074416 -0.000144447
64 40 0.000283366 -0.000241168
64 41 0.000497011 -1.36555e-05
64 42 0.000108787 -0.000271878
64 43 -0.000675622 0.000468287
64 44 0.000283617 0.000102305
64 45 -9.78508e-05 -0.000185503
64 47 -0.000265444 0.000256075
64 48 0.000352293 9.05716e-06
64 49 2.01926e-05 2.13796e-05
64 50 0.000389981 -0.000527178
64 51 4.95814e-05 0.000141098
64 53 0.00022622 0.00027956
64 54 0.000340269 0.0001317
64 55 0.000245409 -0.000226805
64 56 0.000210157 -2.94694e-05
64 57 0.000322449 0.000267543
64 58 2.83266e-05 6.57186e-05
64 59 0.000275601 1.53983e-05
64 61 0.000270132 1.21484e-05
64 63 0.000471904 3.41828e-05
65 35 4.24691e-05 -0.000454246
65 36 -2.27144e-05 -0.000169412
65 37 0.000284459 0.000197225
65 38 -0.000391786 -0.000226006
65 39 0.000272627 -7.54868e-05
65 40 -7.39451e-05 9.3435e-05
65 41 0.000181681 -0.000288289
65 42 0.000337741 -7.43957e-05
65 43 0.000282348 0.000133645
65 44 -3.80705e-05 -0.000216125
65 45 0.000486408 0.000237731
65 47 0.00037451 -2.40889e-06
65 48 -0.000159275 -6.07587e-05
65 49 5.03039e-05 1.24691e-05
65 50 0.000360203 -0.000221071
65 51 0.000482197 0.000437273
65 52 0.0002005 -0.000107735
65 55 -0.000196823 0.000349839
65 57 0.000422443 -0.000181274
65 60 -0.000246695 0.000244894
65 62 0.00029376 -0.000303345
65 63 -0.000410101 0.000281202
66 33 0.000201204 -2.62845e-05
66 34 0.000249508 -0.000181331
66 38 0.000143893 -7.0721e-05
66 40 0.000275622 -0.000290838
66 42 -2.63263e-05 -5.8698e-06
66 43 7.36989e-05 2.59734e-06
66 44 -0.000129344 0.000102598
66 45 0.000258702 -0.000210713
66 47 0.000129453 4.78789e-05
66 48 2.3727e-05 3.41011e-06
66 49 0.000281541 -0.000215206
66 50 -2.76155e-05 -1.09388e-05
66 53 0.00028756 1.49522e-05
66 65 0.000101862 6.62429e-05
