1 33 0.000479043 -8.35398e-05
1 34 -0.000256418 -5.41752e-05
3 38 0.0001136 5.25668e-06
4 41 0.00042573 0.000128839
5 33 0.000167276 0.000213017
5 34 0.000465135 4.65534e-05
5 35 -0.000439371 0.000229908
5 39 -0.000194194 3.05351e-05
5 40 0.000195067 -0.000107006
5 41 -0.000196612 -0.000289154
5 42 5.83044e-05 3.4457e-05
6 34 0.00020543 7.92543e-06
6 35 -0.000493198 -4.51845e-05
6 36 -0.000310526 -0.000221824
6 47 0.000145401 0.000196238
7 33 -0.000188976 0.00014828
7 36 0.000260786 -0.00018514
7 41 0.000330266 -6.44822e-05
8 33 -1.03564e-05 -0.000313756
8 35 0.000370033 0.000266472
8 37 -0.00028728 -0.000119013
8 44 0.000303915 -9.10444e-05
9 34 0.000656518 0.000156033
9 36 0.000201467 -9.89709e-05
9 41 0.000485884 3.19092e-05
10 33 0.000399231 0.000461069
10 34 -2.23767e-05 -1.1264e-05
10 35 -0.000250123 -1.07226e-05
10 36 0.0002458 -0.000240183
10 38 0.000293918 -1.07062e-05
10 40 -5.17011e-05 4.03301e-05
10 56 0.000197244 -0.000190757
11 35 0.000298681 -0.000325424
11 36 0.000141457 9.34855e-05
11 39 6.90038e-05 -4.368e-05
11 51 5.67903e-05 -2.35136e-05
11 56 -8.68395e-05 -3.50702e-05
12 33 -0.000272313 0.000221949
12 34 -0.000110953 -0.000103853
12 38 -0.000413791 -0.000173567
12 41 -5.99527e-05 2.58573e-05
12 42 3.04116e-05 3.28528e-05
13 34 0.000850799 -0.000244354
13 35 0.000135985 1.8497e-05
13 37 0.000264816 -0.00015319
13 41 0.000413576 0.000277633
13 55 1.30866e-05 -3.69874e-06
14 34 -3.52755e-05 9.47031e-06
14 37 0.000535148 0.00011292
15 34 0.000156967 -0.000190484
15 35 -0.000203221 0.000150594
15 36 0.000132798 -0.000408644
15 37 -2.4976e-05 -0.000431974
15 42 -0.000155594 7.64116e-06
16 34 0.000107144 9.69818e-05
16 35 2.95633e-05 -2.35367e-05
16 36 -0.000462976 -5.6946e-06
16 47 -0.000368596 5.94628e-06
16 48 -6.40662e-06 4.28983e-05
16 58 0.000135224 0.000104474
17 35 1.13763e-05 -1.15223e-05
17 36 -0.000256581 0.000160416
17 38 0.00043364 -8.53597e-05
17 42 6.41059e-05 -5.85366e-05
17 43 -0.000162273 -0.000119028
18 35 -0.000253799 0.000471655
18 36 -9.13423e-05 -7.42196e-05
18 37 0.000115896 0.000157003
18 38 -0.000175663 -0.000171494
18 39 5.50134e-05 0.000216535
18 45 -0.000265808 0.000186955
19 33 0.00026181 0.000123321
19 35 0.000288771 -8.80545e-05
19 41 0.000344128 -4.26178e-05
20 33 -0.000253651 -0.000188132
20 34 -0.000139374 0.000145134
20 35 2.10737e-05 -5.07552e-05
20 36 -0.000270871 -0.000278375
20 38 0.000304912 4.23432e-05
20 39 0.00027776 2.81531e-05
20 57 -0.000474474 -0.000118048
21 34 0.000293608 2.38174e-05
21 35 -0.000124153 -0.000129918
21 36 -0.000168038 4.10888e-05
21 39 -0.000132239 5.3058e-05
21 55 -0.000326222 0.000174407
21 61 0.000318996 -7.89278e-05
22 33 2.5268e-05 0.000126793
22 35 0.000681007 0.000466645
22 37 0.00030569 -0.000235519
22 38 0.000276472 -0.000342709
22 53 7.52581e-05 0.00025283
22 57 0.000110243 1.02774e-05
23 34 0.000437606 -5.05911e-05
23 35 -0.000152736 0.000116825
23 36 -0.000244639 -0.000227146
23 40 -0.000179972 0.000124483
23 41 -0.000183215 -0.000122339
23 43 4.28746e-05 -8.41902e-05
23 45 -0.000120048 -8.79753e-05
23 59 -0.00015701 9.83218e-05
23 60 0.000256945 2.32304e-05
24 35 -0.000235972 -2.17214e-05
24 36 -0.000284066 -0.000143474
24 37 0.000372009 -3.41198e-05
24 39 9.44925e-06 5.16351e-06
24 40 0.000323626 0.000355097
24 45 -0.000165593 -5.57837e-05
25 33 9.24937e-05 -1.21491e-05
25 37 -0.00064361 -0.000137259
25 40 0.000153525 0.00028155
25 42 4.08694e-06 -3.56234e-06
25 44 0.000370724 -0.000223693
26 35 0.0002479 6.59106e-05
26 36 0.00048866 8.32213e-05
26 38 -1.5166e-05 2.26061e-05
26 41 -0.00017615 -6.18744e-07
26 43 -4.31364e-06 1.91671e-05
27 33 -0.000373228 -0.000199295
27 34 -5.41648e-05 0.000193215
27 35 0.000184521 1.53232e-05
27 37 0.000182901 0.000193016
27 41 0.00029036 0.000157747
27 51 -0.000111872 8.96239e-05
27 55 3.42516e-06 1.03069e-05
28 33 0.000213105 -6.11619e-05
28 34 0.000143649 -3.01271e-05
28 35 0.000308314 0.000348148
28 37 0.000221659 0.000105018
28 41 5.92835e-06 -1.07177e-06
28 45 9.78072e-05 2.73905e-05
29 34 0.000158452 0.000320728
29 35 -0.000274654 0.000378506
29 36 -9.00818e-05 -3.07986e-05
29 38 0.000168808 0.000397857
29 40 -0.000152679 -6.15925e-05
29 41 0.000278752 0.00010567
29 43 4.61809e-05 0.000170444
29 44 -0.000280293 -3.51353e-05
29 51 0.00011617 0.000264429
30 35 0.000252966 -0.000141148
30 36 -0.000127001 0.000580136
30 37 -0.000169322 0.000244706
30 38 3.73448e-05 -1.05726e-05
30 44 9.23335e-05 0.000210553
31 33 0.000164417 6.80676e-05
31 34 9.78582e-05 5.80474e-05
31 35 0.000160537 0.00019654
31 37 -9.17229e-05 0.000462673
31 40 0.00018603 0.000194887
31 41 0.000353342 0.000114934
31 45 0.000192117 -6.04202e-05
31 54 -0.000443519 -9.42853e-05
32 33 0.000100192 -0.000480303
32 34 0.000304155 -0.000258069
32 36 0.000260889 0.000501756
32 37 -3.05379e-05 2.51514e-05
32 38 0.000244382 0.000225462
32 43 0.000487573 -5.57194e-05
33 35 0.000535618 -0.000213477
33 38 0.000255979 5.99095e-05
33 39 -0.000792329 7.23906e-05
33 40 7.75251e-05 1.71337e-05
33 41 0.000124517 -9.72504e-05
33 42 0.000123932 -7.32534e-05
33 43 -0.000187809 -0.00027269
33 46 -0.000357789 2.56959e-05
33 61 0.000263128 -3.03472e-05
34 34 0.000389967 -2.92833e-05
34 35 0.000156135 0.00023413
34 36 -3.2762e-06 7.24132e-06
34 37 -0.000189749 -0.000160709
34 40 2.91203e-05 -1.64208e-05
34 41 -0.000186279 -0.00010737
34 43 8.95901e-05 2.69815e-05
34 58 7.59786e-05 2.87354e-05
34 60 -0.000134676 0.000152714
35 33 -0.000138444 3.44583e-05
35 34 -0.000168017 -0.000201705
35 37 0.000204073 7.16335e-06
35 38 -0.000303417 -0.000138108
35 39 0.000114386 -9.59779e-05
35 61 -0.000333035 -0.000129642
36 33 0.000212221 0.000114562
36 34 0.000433529 1.38287e-05
36 35 7.87809e-05 0.000185159
36 41 -0.000102206 -0.000309473
37 33 1.73785e-05 -1.84293e-05
37 35 -0.000251479 0.000231788
37 36 9.31607e-05 0.000130177
37 37 8.57799e-05 3.6931e-05
37 39 -0.000268868 4.59243e-05
37 40 6.51652e-05 0.000277139
38 34 -0.000488269 -8.15662e-05
38 36 2.5867e-05 -5.48519e-06
38 37 -0.00075333 -0.000598964
38 38 0.00028457 0.000120937
38 41 -3.85196e-05 1.54925e-06
39 33 0.000240267 -8.24144e-06
39 34 3.25827e-05 -7.98304e-07
39 35 1.91014e-05 -1.82473e-05
39 37 -0.000371952 0.000155533
39 56 -0.000477221 3.18432e-05
40 37 6.5868e-05 -2.80446e-05
40 38 0.000206565 -0.000154216
40 44 0.000273247 0.000267724
40 56 0.000334907 0.000311809
41 34 -0.000135357 -0.000101579
41 37 -9.94929e-05 -0.000335813
41 41 0.000198604 -0.000228682
41 42 0.000335284 0.000118888
41 46 2.63007e-05 3.82581e-05
42 33 -0.000174967 -7.1789e-05
42 35 4.15384e-05 -3.30602e-06
42 36 5.60627e-05 4.65334e-05
42 41 -0.000108331 -9.73801e-05
42 43 -0.000384376 1.6301e-06
42 47 2.3076e-06 2.49255e-06
42 61 -9.84983e-05 -9.1646e-06
43 33 -0.000329413 0.000134259
43 38 -0.000671271 5.23088e-05
43 43 0.000167982 5.288e-05
44 38 3.29863e-06 -5.87826e-07
44 45 0.000168462 0.000175751
44 51 0.000308498 0.000311408
44 61 0.00016831 -0.000218653
45 33 0.000317088 4.44043e-05
45 35 0.000218054 0.000288687
45 38 0.000101798 0.000305616
45 40 8.01556e-05 7.82778e-06
45 42 7.75418e-05 -2.07747e-05
45 43 5.18458e-05 -4.04289e-06
46 33 0.000210876 -8.99137e-06
46 34 8.51802e-05 2.69159e-05
46 35 0.00020566 0.000311585
46 37 0.00016177 -2.23439e-05
46 38 0.000155227 5.3113e-05
46 40 0.000254771 7.84782e-05
46 46 -1.38806e-05 9.91707e-06
46 47 -0.000351394 -0.000260379
46 56 0.000106536 6.86219e-05
47 33 8.79595e-05 1.13785e-05
47 35 4.61053e-05 5.025e-05
47 37 -0.000230564 0.00022045
47 42 -0.000288825 -0.00021458
48 33 6.05228e-05 -2.96501e-05
48 35 0.000445177 7.83942e-05
48 36 0.000355968 -0.000237016
48 37 -0.000235226 0.00036105
48 38 1.8874e-06 -7.51624e-06
48 39 0.000217394 0.000344013
48 40 0.000259873 0.000307098
48 59 -0.000241923 0.000183376
48 60 -6.22166e-05 -0.000185154
49 36 -0.000287112 0.000165617
49 39 2.01475e-06 8.70492e-07
49 41 0.000112712 -7.93941e-05
49 42 -5.97298e-05 -2.55677e-05
49 43 0.000309602 0.000262853
49 46 -0.000108281 0.000281747
50 33 5.70453e-05 -3.85587e-05
50 35 4.57061e-05 -1.10145e-05
50 37 0.000287266 -0.000219484
50 39 0.000179052 -2.26346e-05
51 36 0.00028162 0.000154824
51 38 4.6566e-05 3.00075e-05
51 40 0.000105304 -0.000433532
51 41 0.000507825 -4.01812e-05
51 60 6.47507e-05 8.91936e-06
52 36 -8.19665e-05 0.000218475
52 37 -0.000137838 0.000298054
52 46 -8.56219e-05 -9.62451e-06
53 37 4.75349e-05 2.60479e-05
53 43 0.00031674 -0.000379642
53 45 0.000329233 -9.1232e-07
53 47 0.00012738 0.000173101
54 34 1.54268e-06 -2.14299e-07
54 36 3.55442e-05 9.43078e-05
54 38 0.000133232 -0.000230055
54 39 -0.000189224 0.000133249
54 41 6.73216e-05 -2.82708e-05
54 43 4.32938e-05 5.59832e-05
54 51 6.05942e-05 6.79114e-05
54 54 -0.000255285 0.000183159
55 36 0.000264337 2.11771e-05
55 41 -0.000163823 -0.000185355
55 42 0.000151361 0.000261283
56 35 -3.45643e-05 3.6868e-05
56 41 0.000317709 7.28177e-05
57 33 0.000238502 2.73237e-05
57 34 0.000126739 -2.46928e-05
57 36 0.00020643 -1.62452e-05
57 40 -0.000308934 0.000304473
57 41 0.000131292 -0.000444917
57 43 -0.000308141 0.000233634
58 33 0.00013809 0.000137402
58 34 0.000326844 -0.000317847
58 35 0.000269834 0.000385747
58 36 8.86892e-06 4.07388e-06
59 37 0.000123098 3.33018e-05
59 43 0.000335072 5.61927e-05
59 48 0.000106251 -0.000146219
60 33 0.000190333 2.35763e-05
61 34 0.000178634 0.000232288
61 40 0.000133661 -6.16866e-06
61 45 2.12679e-05 5.71291e-06
61 61 0.000307948 -0.000341494
62 37 0.000244462 -0.000310822
62 43 3.03963e-05 -0.000120366
63 36 -0.000148112 0.000377396
63 38 -0.000393118 0.000147617
63 42 6.70032e-05 4.53665e-05
63 44 2.05635e-06 2.1203e-06
63 45 1.05394e-05 5.24839e-06
63 46 7.87806e-05 2.56029e-05
63 65 0.000104078 4.21729e-05
64 37 0.000312435 2.97245e-05
64 41 -0.0001916 -0.000291282
64 42 6.49931e-05 5.54899e-06
65 34 -4.87757e-06 -2.23391e-05
65 44 -0.000274715 0.000140494
66 42 8.46099e-05 4.84185e-05
