0 37 0.00080146 -8.87082e-05
0 39 0.000178848 9.13034e-05
0 41 -0.000207669 -0.000174628
0 42 -0.000160399 -4.23727e-05
0 43 0.000444095 0.000110428
0 44 -4.41552e-06 -4.77405e-06
1 36 -0.000549717 5.58573e-05
1 37 -5.27605e-05 -2.36636e-05
1 39 -0.00028453 -1.60056e-05
1 40 -0.000151345 0.000100777
1 41 -0.000185934 3.51928e-05
1 44 -0.000334557 0.000279832
1 46 -1.04099e-05 1.26487e-05
1 47 -7.33726e-05 2.54604e-05
1 50 0.000254805 0.000212416
1 51 -0.000300901 -0.000176594
1 52 -0.000131066 0.000187279
1 54 0.000451368 0.000348077
2 33 0.000213055 8.89729e-05
2 35 0.000781538 0.00046206
2 36 -0.000124909 -0.000196979
2 37 -0.000105943 -0.000219786
2 41 -0.00040838 -7.03667e-05
2 42 0.000129552 2.46308e-05
2 43 -0.000182484 0.000351682
2 44 0.000270289 -0.000174467
2 47 -7.57593e-06 1.32455e-05
2 48 -0.000423425 0.00066569
2 49 9.63447e-05 7.47309e-05
2 50 0.00037451 1.28799e-05
2 52 -0.000246693 0.000120313
2 53 0.000338895 0.000183576
3 34 0.000228222 -0.000145565
3 35 4.58448e-05 -0.000344613
3 37 -0.000217543 0.000381323
3 38 -0.000401434 -0.00025185
3 39 0.000147227 -0.000146426
3 40 7.5864e-05 0.000177799
3 42 -0.000360355 -0.0003115
3 43 2.70839e-06 -1.73839e-06
3 45 0.000907048 0.000209175
3 47 0.000259386 -4.60999e-06
3 48 0.000176234 0.000182435
3 49 0.000678693 4.9179e-05
3 50 -0.000241794 0.000280158
3 51 5.84558e-05 -4.41639e-05
3 54 -7.79466e-05 4.92148e-05
3 56 0.000380877 -6.29834e-05
4 33 0.000214991 -0.000100934
4 35 0.000608384 -5.9718e-05
4 36 0.000422244 9.69341e-05
4 37 0.000297165 3.8303e-06
4 38 -8.29409e-05 -0.000118304
4 39 -1.29534e-05 6.94471e-06
4 40 -3.90775e-05 -8.62447e-07
4 42 0.000265913 -0.000127157
4 43 -0.000795627 -7.3939e-05
4 44 0.000290131 -7.62461e-05
4 48 0.000577063 -0.000229034
4 49 -6.66798e-05 0.000359872
4 50 0.000107511 0.000271925
4 51 0.000112144 4.37862e-05
4 52 0.000358764 -1.44576e-05
4 53 -1.67175e-06 0.000131723
4 54 0.000215055 -0.000255375
5 33 0.000234575 0.000166035
5 35 -8.42642e-06 1.25335e-05
5 37 0.00102691 0.000129532
5 38 1.07122e-05 0.000381102
5 39 -0.000488721 6.16311e-05
5 40 -0.000226251 0.000467389
5 41 2.97533e-05 -4.01961e-05
5 42 -0.000142215 0.000465336
5 43 3.99791e-05 -0.000132294
5 45 0.000144757 0.000429826
5 46 0.000181677 0.000100149
5 47 0.000294308 0.000495951
5 49 0.000623198 -8.19893e-05
5 50 1.84787e-05 5.18406e-05
5 51 0.000162628 -9.67583e-06
5 52 0.000302998 0.000223947
5 53 -0.000533567 9.24721e-07
5 54 -0.00010935 -0.000403003
5 56 0.000366411 0.000185225
5 57 0.000172827 -1.336e-05
5 58 -0.000237543 -0.000202708
6 33 -0.000122945 0.000207273
6 34 0.00133236 0.000610921
6 35 4.50975e-05 9.01998e-05
6 36 -8.91339e-05 6.34015e-05
6 37 0.000748437 0.000339151
6 38 4.35231e-05 3.22387e-05
6 39 0.000577286 0.000108352
6 40 0.000224884 0.000142047
6 41 0.000197798 0.000353359
6 42 -0.000200238 9.32086e-05
6 43 3.98074e-05 5.77322e-05
6 44 -0.000247653 0.000725496
6 45 0.000130294 0.000290565
6 46 0.000213899 0.000134705
6 48 4.40628e-05 0.000105565
6 49 -0.000837061 0.000831251
6 50 0.000201275 -0.000159607
6 51 0.000337344 -0.000279956
6 53 0.000523995 -0.000254685
6 55 -3.81314e-05 0.000400357
6 64 0.000338275 0.000208953
7 33 0.000559787 -9.18048e-05
7 34 -0.000383119 -7.36517e-05
7 35 3.02431e-05 6.1452e-07
7 36 0.000229601 0.000119947
7 37 -0.000421564 2.23386e-06
7 38 -0.00032607 6.09878e-06
7 39 0.000428921 -0.000247164
7 40 0.000236101 0.000369093
7 41 -0.000154238 0.000278863
7 42 0.000894424 0.000734487
7 43 8.15469e-07 2.32905e-06
7 44 0.00052435 0.00026443
7 45 -1.25144e-05 -0.000485325
7 46 2.56128e-05 -1.96436e-05
7 47 1.82044e-05 8.48777e-05
7 48 2.67436e-05 -0.000231355
7 49 0.000375958 -0.000304915
7 50 -4.76298e-05 0.000383788
7 51 -0.00025926 -0.000184757
7 52 0.0003562 0.000372719
7 53 1.18983e-05 -0.000291932
7 54 -0.000226647 0.000376662
8 33 -3.75912e-05 2.4083e-05
8 34 0.000275092 4.5076e-05
8 35 3.53466e-05 -0.0001315
8 36 0.000535891 -0.000425478
8 37 -6.87456e-05 5.38295e-05
8 38 -8.93246e-05 6.8738e-05
8 39 2.34518e-05 -1.39773e-05
8 40 -0.0003942 -0.000173968
8 41 0.000218701 4.81182e-05
8 42 -7.52421e-05 -0.000146142
8 43 -7.63665e-05 0.000198454
8 44 -0.00011981 0.000209097
8 45 0.000197589 0.000185998
8 46 -0.000281527 -0.000166273
8 47 1.33436e-05 -3.41365e-06
8 48 -0.000681865 -0.000745743
8 49 3.75854e-05 -0.000133273
8 50 0.000157456 0.000103939
8 51 0.000161812 0.00011866
8 52 -0.00026328 -0.000161744
8 53 -1.61163e-06 -0.000241573
8 54 -0.000376119 0.000316992
8 57 -6.85413e-05 6.56405e-05
9 33 -0.000226685 -0.000396921
9 34 0.00013156 -1.27683e-05
9 35 0.000189685 9.12929e-05
9 36 -2.89226e-05 -2.91774e-05
9 38 0.000941919 0.000167237
9 39 0.000346828 -0.000395315
9 40 -6.6504e-05 0.000181505
9 41 -0.000121825 0.000221279
9 44 0.00067196 -0.000323874
9 45 -2.40685e-05 -6.42884e-05
9 46 -0.000195582 0.000342943
9 47 0.000122379 0.000482059
9 48 -0.000513022 0.000138459
9 50 0.000164646 0.000218882
9 51 5.10161e-05 9.10612e-06
9 52 -0.000263888 0.000650694
9 53 -0.000264694 -0.000154741
9 54 -0.000142442 0.000215053
9 55 -0.000319157 0.000135191
9 56 -9.73294e-05 0.00011638
9 57 9.77097e-05 0.000106318
9 59 0.00027272 4.92832e-05
10 33 -0.000622734 -0.00029017
10 34 0.00040913 0.000216864
10 35 0.000708383 -0.000302882
10 36 0.000792075 0.000263623
10 37 0.000423991 -0.00010086
10 38 0.000149404 -0.000271955
10 39 -5.81943e-05 1.02783e-06
10 40 -0.000129314 -7.08237e-05
10 41 9.21782e-05 -1.63679e-05
10 42 0.000195911 -5.94771e-05
10 43 0.000152993 -0.000356687
10 44 0.000361573 -0.000211671
10 45 0.000938758 -0.000875091
10 46 -0.000301796 0.000317284
10 48 -2.34188e-05 0.000123574
10 49 0.00022956 -0.000335077
10 50 4.40831e-05 3.51067e-05
10 51 1.30234e-06 5.34799e-05
10 52 0.000453875 0.000773047
10 53 -0.000171985 9.68191e-05
10 55 7.22408e-05 0.000192707
10 56 0.000413552 0.000113076
10 58 -0.000127614 0.000325773
10 60 -2.18835e-05 -1.80712e-05
10 62 0.000235448 0.00010796
10 63 7.1188e-07 7.09939e-06
11 34 0.000572903 -2.62257e-05
11 36 0.000146082 0.000105216
11 37 0.000484181 -0.000346899
11 38 -0.000548396 0.000121974
11 39 0.000326125 0.00014943
11 40 0.000187475 -0.000171572
11 41 0.000612928 -0.000133479
11 42 0.000886993 -0.000406252
11 43 0.000250378 0.000512858
11 44 0.000275532 7.89494e-05
11 45 -0.000129827 0.000216325
11 46 0.000596555 -0.00011766
11 47 3.10849e-05 -2.91527e-05
11 48 1.17346e-05 -0.000414338
11 49 0.000296708 -5.10931e-05
11 50 -0.000199072 0.000146519
11 51 0.000316052 -0.000133297
11 52 -5.37252e-05 0.000828671
11 53 0.000186737 -0.000353707
11 55 -0.000307833 0.000167415
11 56 1.70924e-06 0.000280361
11 58 -8.72128e-05 0.000647683
11 59 -0.000152625 0.000224226
12 33 0.000143003 -6.2315e-05
12 34 0.000331569 -0.000308972
12 35 0.000106596 5.09061e-05
12 37 -7.56712e-05 -2.66401e-05
12 38 7.98988e-05 -6.92827e-08
12 39 0.000549094 8.01964e-05
12 40 -0.000256403 0.000204342
12 41 7.37449e-06 -4.38844e-05
12 42 0.000503495 -0.000526086
12 43 0.000550441 0.000114053
12 44 0.000507182 -0.000342291
12 45 0.000525854 0.000208362
12 46 -0.000124784 -0.000116407
12 47 0.000309852 0.000201546
12 48 7.76385e-05 -0.000258091
12 49 0.000984031 -3.11631e-05
12 50 1.94502e-05 -1.83474e-05
12 51 -0.000199841 6.36846e-05
12 52 0.000276322 0.000120925
12 53 -0.000746557 -7.92371e-05
12 54 0.000248253 2.71412e-05
12 55 0.000175696 -5.72368e-05
12 61 -8.54621e-05 0.000288871
12 63 -0.000239247 -0.000129002
12 65 0.000134662 0.000191473
13 33 0.000550422 -0.000360325
13 34 6.7717e-05 -0.000133759
13 35 0.000187076 7.17057e-05
13 36 0.000150565 0.000289941
13 37 -0.000496752 -0.000289266
13 38 0.000201559 -6.68711e-05
13 39 0.000109666 -1.87537e-05
13 40 0.000385271 0.000122854
13 41 0.000328639 0.000215882
13 42 0.000412109 0.000618797
13 43 -0.000215109 4.00168e-05
13 44 -0.000288184 0.000225606
13 45 -0.00015017 -8.71212e-05
13 48 1.47509e-05 0.000167555
13 49 -0.000377524 0.000239231
13 50 -0.000352313 -0.000322511
13 51 -0.000121696 0.000412653
13 52 7.73841e-05 0.000339512
13 53 -0.000112767 1.76838e-05
13 55 6.41291e-05 0.000390384
13 58 -0.000219266 0.000261456
13 62 0.000136613 0.000270179
14 33 -0.000148379 -4.54082e-05
14 34 7.07421e-05 -0.00030615
14 35 0.000565934 0.000211556
14 36 -1.35374e-05 -5.95236e-05
14 37 -9.19701e-05 -5.60138e-05
14 38 0.000231256 0.000282967
14 39 0.000459172 -6.07164e-05
14 40 0.0002644 0.000180341
14 41 0.000380423 -1.64866e-05
14 42 -0.000212627 -6.72649e-05
14 43 0.000388567 0.000189558
14 44 6.97855e-05 2.33558e-05
14 45 0.000561085 -0.000246898
14 46 0.000354572 -0.000173994
14 47 -0.000384017 -0.000104145
14 48 0.000688584 0.000152559
14 49 0.000400304 0.000370291
14 50 0.000345957 7.24538e-05
14 51 -5.21257e-05 0.000115654
14 52 1.90002e-05 0.000169872
14 55 0.000248552 0.000418996
14 58 0.000223809 -1.33902e-05
14 59 0.000645713 7.50149e-05
15 33 0.000363839 -0.000113009
15 34 -0.000138712 -0.000147862
15 35 -0.000164127 -2.82862e-05
15 36 6.59301e-05 -9.76361e-05
15 37 -0.000333476 -0.000333738
15 38 0.00055158 7.13724e-05
15 39 -5.19066e-05 -2.07904e-05
15 40 -5.39625e-05 0.000243603
15 41 0.000396694 0.000258508
15 42 0.000968927 -0.000184219
15 43 0.00062256 0.00012819
15 44 0.000387095 -0.000178124
15 45 -0.000370921 -0.000239812
15 46 0.000280634 0.000144199
15 47 5.30032e-05 0.000164966
15 48 0.000659952 -0.000142545
15 49 0.000539268 0.000141033
15 50 9.74283e-05 -1.76175e-05
15 51 -0.000139928 -0.000133225
15 52 0.000293912 -0.000560915
15 53 0.000186411 0.000456769
15 54 -7.01087e-05 0.000143895
15 55 -0.000146904 1.84658e-06
15 56 -0.000165767 -4.78508e-06
15 58 -0.000205809 -8.60524e-05
15 59 2.75368e-05 -0.000115747
15 60 0.000408063 -5.91625e-05
16 33 2.98143e-05 -7.84457e-05
16 34 8.33791e-05 3.3922e-06
16 35 9.85701e-05 0.000271372
16 36 0.0001819 -7.68606e-05
16 37 0.000938858 0.000327899
16 38 0.000387355 -0.000102676
16 39 0.00024378 0.000164189
16 40 -0.000636667 -0.000180571
16 41 7.46933e-06 -0.000169119
16 42 -0.000109304 -2.39931e-05
16 44 -0.000314226 -0.000239438
16 45 -0.000406828 -0.00025526
16 46 0.000101594 0.000110514
16 48 0.000371472 -0.000274906
16 49 0.00010502 0.000481701
16 50 0.000193386 -0.000145459
16 51 0.000301892 0.000303852
16 53 -4.68813e-05 -0.000183934
16 54 0.00014272 -7.8401e-06
16 55 0.000254072 0.000137244
16 56 9.35244e-06 2.1453e-05
16 59 6.38989e-05 4.22142e-05
16 61 4.01244e-05 0.000366317
17 34 -0.000306763 -6.96882e-05
17 35 0.000464193 0.000110732
17 37 0.000652727 -0.000132974
17 38 9.65126e-05 0.000272467
17 39 -0.00014151 0.000393036
17 40 0.000372506 -6.7476e-05
17 41 -0.000354144 -0.000206798
17 42 -0.000349192 0.000194772
17 43 -5.5845e-05 -0.000403463
17 44 0.000551052 0.000316661
17 45 0.000292322 0.000154365
17 46 0.000789227 0.000195321
17 47 -0.000320835 0.000171483
17 48 0.000201001 0.000250966
17 49 0.00059175 -0.000245157
17 50 -0.000443934 1.88922e-05
17 51 3.06086e-06 7.01882e-05
17 53 3.50337e-05 6.33458e-07
17 54 0.000284377 -0.000179067
17 55 -0.000278186 3.79817e-05
17 56 0.000100866 0.000107286
17 57 0.000177941 0.000111583
17 59 0.000207865 0.00015805
18 35 0.000165159 -1.45563e-05
18 36 -0.000518067 -9.07964e-05
18 37 -0.000136012 0.000380725
18 38 0.000116996 -0.000550466
18 39 0.000205273 2.80824e-05
18 40 -0.000574142 -0.000529653
18 41 -0.000330317 -0.000143471
18 42 -0.000600879 0.000245702
18 43 0.000129443 0.000194702
18 44 -0.00123443 0.00036255
18 45 -0.000412827 -0.000140621
18 46 2.85109e-05 0.000355709
18 47 4.09015e-05 3.29462e-05
18 48 0.000670302 0.000166395
18 49 0.00048892 -9.99698e-05
18 50 0.000225855 -0.000403688
18 51 4.90569e-05 6.084e-05
18 52 0.000798151 0.000278725
18 53 -8.54568e-05 -0.000146919
18 54 -0.000765581 0.00022216
18 55 0.000370732 8.55793e-06
18 57 -3.68053e-05 7.11909e-05
18 59 0.000142594 3.06496e-05
18 60 0.00037918 0.00027676
18 61 2.11173e-06 2.8009e-05
18 65 0.00023004 -0.000242668
19 33 -0.000366826 4.25568e-06
19 34 9.0763e-05 -0.000366879
19 35 0.000471977 -0.000853558
19 36 2.51158e-05 -0.000455789
19 37 -0.000130151 -0.000291021
19 38 2.21108e-05 -0.00052421
19 39 0.00060171 -6.38837e-05
19 40 -0.00065542 0.000231148
19 41 0.00102382 -0.000342245
19 42 -0.000197881 0.000185615
19 43 0.00016078 -0.000175384
19 44 -5.04224e-05 0.000373892
19 45 -0.00022065 2.40776e-05
19 46 0.000386258 0.000114371
19 47 0.000632457 -0.000290994
19 48 0.00115957 0.000222138
19 49 5.28672e-05 -0.000331845
19 50 -0.000469733 -0.000331775
19 51 0.00045395 0.000178632
19 53 3.06241e-05 0.000166328
19 55 0.000352068 5.44145e-05
19 56 -1.49757e-05 7.65486e-06
19 57 -0.000454274 0.000126242
19 60 7.14068e-05 0.000131855
19 61 3.17027e-05 5.269e-05
20 34 0.000194669 -4.17334e-05
20 35 -0.000334083 0.000233206
20 36 -5.71851e-05 0.000325368
20 37 3.21561e-05 0.000132725
20 38 0.00124892 -0.00027577
20 39 0.000509277 -0.00098769
20 40 0.000165446 4.37302e-05
20 41 0.000268299 -0.000142035
20 42 1.63601e-06 0.00026239
20 43 0.000881771 -0.000262532
20 44 -4.06037e-05 -0.000369062
20 45 0.000156127 -0.000310658
20 46 0.000106572 0.000426148
20 47 0.000341672 -0.000299023
20 48 0.000163094 0.000196205
20 49 0.000544533 0.000421311
20 50 1.17276e-05 -5.39743e-05
20 51 -0.000180741 -0.000239282
20 52 7.71074e-05 -0.000224311
20 53 0.000694212 -0.000304656
20 54 7.90951e-05 -0.00041253
20 55 9.74154e-05 0.00012703
20 56 -0.00018877 -0.000100122
20 57 0.00019684 0.000360154
20 60 -0.000460029 0.000171567
20 63 -0.000227669 0.000187301
20 65 0.00018058 0.000149196
21 33 1.86753e-05 -0.000351884
21 34 -0.000294231 0.000215052
21 35 0.00059197 0.000103305
21 36 0.000902083 -7.23233e-05
21 37 -0.000278134 9.10359e-05
21 38 -8.83993e-05 0.000109406
21 39 -0.0006567 0.000413493
21 40 -0.000138033 0.000536142
21 41 0.000179478 -0.000653264
21 42 0.000543023 0.000400671
21 43 0.00051836 6.87165e-05
21 44 0.000557586 0.000136488
21 45 0.000680895 -0.000208003
21 46 0.000499717 0.00041388
21 47 -0.000135332 -4.65676e-05
21 48 -0.000344748 -0.000104975
21 49 0.00023597 -0.000403828
21 50 0.000970192 0.000658548
21 51 -0.000276716 0.000401189
21 52 0.00110492 -6.53527e-05
21 53 0.000512789 0.000271383
21 54 -0.000341499 7.89526e-05
21 55 0.000679119 -0.000144808
21 60 0.000229359 -6.76953e-05
22 33 0.000191837 1.8022e-05
22 34 0.000323859 6.8065e-05
22 35 0.000869429 0.000350153
22 36 0.000131202 -0.000321026
22 37 -0.000240981 -0.000337707
22 38 -0.000237311 -0.000640853
22 39 0.000701506 0.000276584
22 40 0.00101366 0.000371861
22 41 -0.000239842 1.76792e-05
22 42 0.000671742 0.000625394
22 43 0.000439736 0.000381075
22 44 0.0006959 0.000106482
22 45 -0.000642573 -0.000375575
22 46 -6.65279e-05 0.000126788
22 47 0.000433377 0.000958826
22 48 -0.000369469 -0.000129065
22 49 0.00048899 0.000456894
22 50 5.62206e-05 -0.000482026
22 51 -0.000415484 0.000105539
22 53 0.000235105 -0.000386534
22 54 0.000352535 0.000121942
22 55 9.63022e-05 2.5133e-05
22 56 -0.00043619 0.000121737
22 59 0.000554533 -1.6279e-05
22 60 0.000467397 -6.536e-05
22 62 -8.71386e-05 0.000266144
22 63 6.11775e-06 -1.00886e-05
22 64 -0.000108756 -3.48718e-05
23 33 0.000387745 0.000119963
23 34 0.00024295 0.000312509
23 35 0.000604609 0.000127745
23 36 0.000749074 9.22668e-05
23 37 0.000235789 9.45486e-05
23 38 0.00054346 0.000287515
23 39 0.000290257 3.49093e-05
23 40 0.000323395 -0.000157781
23 41 0.000150814 0.000391133
23 42 0.000134897 0.000800202
23 43 0.00132908 5.33695e-05
23 44 0.000195007 -9.06691e-05
23 45 0.000657732 -0.000281205
23 46 8.48967e-05 3.56383e-05
23 47 -0.000375433 -4.5638e-05
23 48 0.000852326 2.45682e-05
23 49 -0.000764474 0.000276463
23 50 0.000728913 -5.49407e-05
23 51 -0.000623546 7.2618e-05
23 52 -0.000474105 -4.18619e-05
23 54 0.000358967 -0.000302553
23 55 0.000148044 0.000461406
23 56 0.000158542 7.72977e-05
23 57 0.000360609 -0.000224853
23 66 -4.06562e-05 7.18173e-05
24 33 -0.00014616 -3.02349e-05
24 35 0.000247143 5.44217e-05
24 37 0.000790794 0.000164748
24 38 -5.57692e-06 5.61993e-05
24 40 -0.000897481 0.000312641
24 41 0.000411675 -0.000484918
24 42 -3.35994e-05 3.40201e-05
24 43 -0.000347322 7.79603e-05
24 44 -0.000398085 0.000462949
24 45 0.000149927 0.000161368
24 46 -0.000163688 0.000108158
24 47 0.000236735 -0.000288076
24 48 -0.000201159 -4.0894e-05
24 49 0.000251804 0.000120231
24 50 5.05649e-05 0.000253643
24 51 0.000569949 0.00054391
24 52 -0.000183586 0.000199979
24 53 0.000636733 0.000274654
24 54 9.7541e-05 1.98718e-05
24 55 0.000312701 -0.000203532
24 56 -0.000108747 7.86313e-05
24 57 0.000246485 -0.000522667
24 58 -3.47642e-05 0.000128093
24 59 0.00049382 0.000187562
24 63 -0.000195334 0.000159664
25 34 0.000197968 -0.000100787
25 35 4.04334e-05 -0.000118379
25 36 -6.42484e-05 1.28261e-05
25 37 0.000832514 -0.000151878
25 38 -0.000219988 2.02071e-05
25 40 0.000258218 8.67702e-05
25 41 0.00047997 0.000285887
25 42 -0.000305833 0.000172151
25 43 4.34466e-05 -0.00015032
25 44 -2.00173e-06 -0.000168929
25 45 0.000851425 -0.000176342
25 46 5.03149e-05 -0.000389357
25 47 0.000842186 2.66495e-05
25 48 0.000704018 -0.000761844
25 49 -6.1727e-05 -0.000147988
25 50 0.000251893 -0.000361839
25 51 0.000425139 0.000135226
25 52 0.000389002 7.48036e-05
25 53 5.42744e-05 0.000302233
25 54 0.000184439 -1.47324e-05
25 55 9.34803e-05 -0.000425131
25 56 0.000425571 -5.38504e-05
25 57 0.000181715 1.75915e-05
26 34 -0.000108673 -0.0001522
26 35 -7.98997e-05 5.02041e-05
26 36 6.78352e-05 1.56214e-05
26 38 -0.000269049 -6.81177e-05
26 39 0.000833598 4.63268e-05
26 40 9.30699e-05 -2.93347e-05
26 41 0.000227572 0.000375511
26 42 0.000567945 0.000101652
26 43 0.000568703 -6.08191e-06
26 44 -0.000120049 -0.000257058
26 45 0.000122107 -0.000247992
26 46 0.000352683 9.73342e-05
26 47 -0.000828397 0.000258387
26 48 0.00014965 6.11721e-05
26 49 0.000848483 -0.000257563
26 50 -0.000365654 -2.81339e-05
26 51 -0.000182491 0.000308879
26 52 0.000141061 -0.000201446
26 53 -0.000239136 -0.000336542
26 55 -0.000337298 -0.000164471
26 57 -1.0771e-05 -0.000750298
26 58 7.80337e-05 7.24892e-05
26 62 -4.36403e-05 -0.000283169
26 64 0.000115243 -3.60252e-05
27 34 -0.00043257 0.000555564
27 35 -7.16218e-05 -0.00016926
27 36 -0.000377837 -0.00016574
27 37 -0.000982659 -0.000207874
27 38 0.000587591 0.000252915
27 39 0.000419499 -0.000415107
27 40 0.000106834 -5.3409e-05
27 41 -0.000606454 0.000143052
27 42 -0.000106654 0.000382565
27 43 -0.000520624 -0.000117918
27 44 -0.000717408 -0.000335543
27 45 -0.000465061 -0.00030022
27 46 0.00031268 -3.25261e-05
27 47 0.000198693 -0.000214075
27 48 0.000168932 0.00014711
27 49 0.00046525 5.94598e-06
27 50 0.000232628 -5.2266e-05
27 51 0.000647469 0.000284995
27 52 -0.000462654 -0.000138727
27 53 -0.000744623 0.000186191
27 54 0.000371684 0.000334567
27 55 0.000423916 0.000164318
27 56 0.000220598 -4.73641e-05
27 57 -0.000427689 0.000207966
27 58 -0.000308908 -9.71495e-05
27 59 0.000113456 4.1677e-05
27 61 0.000343086 7.90179e-05
27 66 -0.000328853 0.000210474
28 33 0.00048083 7.61625e-05
28 34 -0.000111018 0.000307918
28 35 0.000450475 0.000322205
28 36 -3.5993e-05 -7.31284e-05
28 37 0.000178342 2.86096e-06
28 38 0.000629187 0.000401993
28 39 -0.000165339 -0.000339369
28 40 0.000337255 -0.000145853
28 41 -7.15182e-06 3.86769e-05
28 42 -6.59785e-05 8.80996e-07
28 43 0.000741553 7.70096e-05
28 44 0.000421161 1.98469e-06
28 45 -0.000193901 0.000382991
28 46 -0.00031856 -0.000298663
28 47 2.14049e-05 -0.000156824
28 48 0.000837533 0.000182512
28 49 -0.000482458 8.86987e-06
28 50 3.41148e-05 0.000312225
28 51 -5.25476e-05 6.69092e-05
28 52 -0.000797741 -0.000258038
28 55 0.000244445 0.000332876
28 56 -0.000341903 0.000286364
28 57 0.000279218 0.000305811
28 58 0.00014857 0.000262768
28 62 1.03546e-05 4.88762e-05
28 63 -0.000170307 0.000379168
28 65 -0.000308281 0.000166731
29 33 5.28234e-05 -2.58118e-05
29 34 0.00010007 -1.56259e-05
29 35 3.43114e-05 7.6103e-05
29 36 0.0002718 0.00012224
29 37 0.000759758 -0.000282184
29 38 0.000108737 1.52608e-05
29 39 0.000531919 0.000571024
29 40 0.00047051 3.12822e-05
29 41 0.000979857 0.00025517
29 42 0.000617194 -0.000462519
29 43 0.000336247 -0.000116996
29 44 0.000369343 -0.000393083
29 45 0.000226349 2.58808e-05
29 46 9.41354e-05 -9.19312e-07
29 47 0.000119993 0.000211005
29 48 0.000443876 -0.000426075
29 49 0.000597114 9.23828e-05
29 50 -0.000141517 0.000241453
29 51 0.000118838 3.69831e-05
29 52 0.000379012 0.00021218
29 54 -0.000297587 9.48698e-06
29 55 0.000583405 0.000121274
29 56 9.14688e-05 0.00011799
29 59 5.26252e-05 0.000101939
29 60 0.000189896 8.50633e-05
29 61 9.68689e-05 -3.52469e-05
29 63 -9.35805e-05 -7.74259e-05
30 33 -3.96287e-05 -0.000166436
30 34 0.000363283 -4.32464e-05
30 35 -0.000302729 -0.000254549
30 36 9.21067e-05 -0.000383602
30 37 0.000333003 0.000239111
30 38 0.000369494 0.000185718
30 39 0.000314473 -0.000137144
30 40 -0.000211027 -0.000327528
30 41 -0.000505306 -0.000109967
30 42 -0.000132334 -0.000309682
30 43 1.04023e-05 -0.000246361
30 44 -0.00061058 -0.000403183
30 45 0.000132781 -8.15054e-05
30 46 0.000518643 -2.24104e-05
30 47 0.000137306 0.000282331
30 48 -0.000364181 0.000109772
30 49 -0.000431965 0.000167625
30 50 4.27986e-05 9.96427e-05
30 51 0.000186249 3.01298e-05
30 52 0.000662362 0.000320655
30 54 -0.000291015 0.000153575
30 55 0.000239338 0.00017663
30 57 5.21668e-05 -0.000372829
30 58 0.000103209 0.00013702
30 59 0.000371676 -3.0451e-05
30 60 -7.43254e-06 2.32314e-05
30 61 0.000204069 0.000183245
30 63 5.41329e-05 -1.70191e-05
30 64 4.843e-05 0.000164834
30 65 0.000193296 -0.000155213
30 66 2.02613e-05 2.20391e-05
31 34 0.000256314 -0.000109939
31 35 0.000287915 -0.00034813
31 36 0.000377196 -3.63012e-05
31 37 -0.000442866 -0.000245495
31 38 -0.000456064 0.000121966
31 39 0.00171517 -0.000592329
31 40 -0.000293557 -3.03e-05
31 41 -0.000210862 -0.000232881
31 42 -0.000176847 -9.7693e-06
31 43 -0.000281373 -0.000146714
31 44 -6.1029e-05 0.000278881
31 45 0.000409633 -0.00013418
31 46 0.000658575 0.000218731
31 47 0.00024562 0.000104109
31 48 3.44546e-05 -5.4594e-05
31 49 0.00034151 0.000661498
31 50 0.000270239 -4.15602e-05
31 51 9.84198e-05 -6.31636e-05
31 52 0.000305108 0.000260098
31 53 0.000144581 -0.000254138
31 54 0.000530072 -0.000149048
31 55 0.000171072 2.26474e-05
31 56 0.000623807 0.000171139
31 59 -0.000155768 -5.16102e-05
31 60 0.000243245 -0.00033785
31 61 -0.000307786 -0.000131924
31 66 0.000479171 -9.11241e-05
32 34 0.000269496 -0.000398629
32 35 0.00041826 0.000130706
32 36 0.000361281 -1.84199e-05
32 37 -7.48087e-05 0.000211678
32 38 0.000160471 0.000191225
32 39 -1.84125e-05 0.000214882
32 40 0.000267555 -0.000361109
32 41 8.70601e-05 -0.000328618
32 42 0.000398538 0.000170585
32 43 0.000657858 -0.000543802
32 44 0.000443346 0.000163643
32 45 -0.000253861 0.000143953
32 46 0.000518783 0.000222842
32 47 -0.000527824 0.000181903
32 48 0.000220723 -0.000103799
32 49 -0.000189738 -0.000220701
32 50 0.000605681 0.000218699
32 51 -0.000185651 0.000371121
32 52 -0.00050835 0.000317177
32 53 0.000435877 0.000325253
32 54 2.10107e-05 0.000576372
32 56 0.00030161 0.000371138
32 57 -0.000129973 -2.12456e-05
32 61 -0.000182494 -0.000294442
32 62 -0.000214457 -0.000396537
32 63 0.000396611 2.75549e-05
32 65 1.38276e-05 2.38363e-05
33 33 7.78434e-05 2.6444e-05
33 34 0.000539483 0.000318659
33 35 0.000628733 -0.000146398
33 36 -0.000329378 0.00059304
33 37 -0.000272941 -8.24562e-05
33 38 3.87901e-05 -3.08665e-06
33 39 0.000854929 -0.000101313
33 40 0.000470166 -0.000326779
33 41 0.000200498 -0.000185616
33 42 -0.000198743 -8.05622e-05
33 43 -0.000196142 -0.000275764
33 44 -3.51353e-05 8.39322e-05
33 45 -0.000418398 0.000253152
33 46 1.5449e-05 2.13419e-06
33 47 -0.000134408 0.000200337
33 48 0.000147333 -0.000397562
33 49 -1.34631e-05 -0.000111331
33 50 7.68773e-05 -7.21525e-05
33 51 -0.000216848 -2.21781e-05
33 52 0.000231753 0.000246111
33 53 0.00019167 0.000338539
33 54 -0.000241799 9.96974e-05
33 55 0.000111489 0.000314757
33 56 -7.13251e-05 -9.04721e-05
33 57 -0.000255607 6.5782e-05
33 58 0.000328593 -9.87333e-05
33 59 0.00020309 0.000304578
33 61 0.0004249 0.000184963
33 62 -3.6052e-05 5.94784e-05
34 33 0.000255575 -8.40256e-05
34 34 0.000120711 -0.00016812
34 35 -3.32232e-05 -0.000503674
34 36 0.000559781 9.78541e-05
34 37 0.000696812 0.000378234
34 38 -0.000394193 -7.76915e-05
34 39 0.00013952 -0.000305178
34 40 0.000695513 -0.00013606
34 41 0.000389086 -0.000125722
34 42 -1.12772e-05 6.60286e-05
34 43 -0.00011424 -0.00041649
34 44 9.63485e-05 -6.62217e-05
34 45 0.000639063 -0.000538482
34 46 0.000384103 0.000144005
34 47 -0.00056223 0.000709086
34 48 -1.03027e-05 -4.54714e-06
34 49 0.000313908 -0.000403697
34 50 0.000976793 0.00018978
34 51 -0.000329866 0.00042048
34 52 0.000340339 9.76645e-05
34 53 -8.98963e-05 -3.79315e-07
34 54 -0.000122568 1.58017e-05
34 55 0.000266038 -7.35645e-05
34 57 0.000423291 -0.000165194
34 60 9.46124e-05 0.000459573
34 62 -0.000403868 5.50461e-05
34 65 -8.80164e-06 8.25132e-06
35 33 -0.000311117 8.34006e-05
35 34 -0.000276439 0.000119296
35 35 0.000138804 0.000106179
35 36 -0.000380777 -0.000233766
35 37 4.3712e-05 1.54095e-05
35 38 0.000490866 -0.000431957
35 39 0.000242133 -0.000214919
35 40 0.000390683 -0.000159196
35 41 0.000716993 -0.000340847
35 42 6.65988e-06 -6.47732e-06
35 43 -0.00042729 7.6565e-05
35 44 0.000903785 0.000116833
35 45 -0.000238312 0.000458578
35 46 0.000130644 -0.000120806
35 47 0.000555698 -6.04327e-05
35 48 -0.000533626 -0.00018317
35 49 1.86812e-05 -5.84743e-05
35 50 0.00012803 -7.95657e-05
35 51 0.000165725 0.000133773
35 52 0.000679902 -0.000367107
35 53 0.000646371 -2.1253e-05
35 54 -0.000262741 -1.66016e-05
35 55 0.00048099 -0.000127114
35 56 -0.00029884 0.000642793
35 58 0.000296923 -0.000322918
35 60 -0.000450151 8.12709e-05
35 62 0.000447728 3.91115e-05
35 65 0.00034842 -0.000229951
36 34 0.000306248 -0.000176457
36 35 -3.3694e-06 -0.000294899
36 36 -1.26618e-05 1.37894e-05
36 37 0.00048317 -8.749e-05
36 38 -7.55414e-05 5.6805e-05
36 39 0.00036801 -5.17847e-05
36 40 0.000995045 -8.29614e-05
36 41 -0.000629884 -2.05409e-05
36 42 0.000226962 -3.33303e-05
36 43 0.000778581 0.000333622
36 44 0.000248419 -0.000285122
36 45 0.000179119 -0.000180635
36 46 0.000198473 9.06023e-05
36 47 -0.000575558 0.000201279
36 48 0.000164297 0.000556046
36 50 0.000109963 -8.36314e-05
36 51 0.000579533 0.000205959
36 52 7.68364e-05 7.66448e-05
36 54 0.000132294 -0.000173901
36 55 0.000611122 -7.23163e-05
36 56 0.00022121 3.95416e-05
36 57 -0.0001285 0.000221908
36 58 0.000387799 0.000784812
36 60 0.000238922 0.00039589
36 63 6.37406e-05 -5.42773e-05
36 64 -0.000413851 2.24278e-05
37 33 0.000271924 -0.000380746
37 35 -0.000279938 -2.22199e-06
37 36 0.000219356 0.000378916
37 38 0.000876944 -0.000162227
37 39 0.000278107 0.000110395
37 40 0.000649882 -0.000414324
37 41 -0.000139591 0.000151179
37 42 8.9918e-05 -8.0844e-05
37 43 0.00019238 -0.000159367
37 44 0.000489837 0.000577582
37 45 -0.000188146 -0.000210533
37 46 0.00102102 1.53733e-05
37 47 -0.000112948 0.000689917
37 48 0.000512782 7.16008e-05
37 49 0.000380702 -0.000482811
37 50 0.000259073 -0.000245291
37 51 0.000386088 0.000143528
37 52 0.000330093 0.000154505
37 53 0.000448065 0.000190727
37 54 0.000567043 -0.000250375
37 55 -0.000114517 -7.2768e-06
37 56 -0.000394261 -0.000118334
37 57 0.000594733 -0.000141505
37 58 8.32712e-05 0.000147755
37 61 -0.00014273 0.000135969
37 62 8.89932e-05 0.000109268
38 34 -0.000124908 -0.000159098
38 35 0.00068058 -0.000555022
38 36 0.000173298 6.14152e-05
38 37 0.000843804 -0.000143935
38 38 0.000268435 0.000391473
38 39 0.000171217 -1.58177e-05
38 40 0.00029847 -9.34312e-05
38 41 -0.00017407 0.000112992
38 42 0.000682669 1.23928e-05
38 43 0.000697695 -0.000749219
38 44 0.00019945 -0.000487952
38 45 -0.000413946 0.000548521
38 46 9.93082e-05 -1.97982e-05
38 47 -0.000329561 -0.000436028
38 48 -3.54575e-05 0.000749982
38 49 0.000274087 -0.000195701
38 50 -5.49397e-05 -0.000402168
38 51 -0.000161621 0.000655687
38 52 0.000350629 -9.03782e-05
38 53 0.000620071 0.000401492
38 54 0.000187723 0.000147968
38 55 9.08493e-05 0.000480626
38 56 0.000163751 0.00039242
38 57 0.000140602 -4.53596e-05
38 58 0.000145662 0.000322024
38 59 0.000165204 5.07293e-05
38 60 0.000546149 -3.57027e-05
38 61 -1.34727e-05 -5.26112e-06
38 62 4.20806e-05 -0.000119798
38 65 0.000109964 7.88312e-05
39 34 0.000236585 -0.000247451
39 35 0.000361515 -6.14622e-05
39 36 0.00114828 -0.000700465
39 37 0.000109034 -6.61457e-05
39 38 -0.00032428 -0.000306445
39 39 0.00039738 -0.000232186
39 40 0.000139206 -4.98315e-05
39 41 3.5446e-05 1.99194e-05
39 42 0.000832485 9.31131e-05
39 43 0.000618379 -0.000207216
39 44 0.000185505 -0.0002719
39 45 0.000137407 -0.000152442
39 46 0.000247889 0.000257814
39 47 0.000341789 -0.000192132
39 49 -2.93229e-05 -7.15398e-05
39 50 -0.000256426 0.000154271
39 51 0.000496216 0.000384179
39 52 -6.16521e-06 -4.99215e-06
39 53 0.000131742 0.000135549
39 54 0.000525464 -5.95134e-05
39 55 0.00059107 0.000210262
39 58 0.000424603 0.000432139
39 60 0.000951754 -0.000517568
39 64 -7.41032e-06 0.000142441
40 34 0.000444815 0.000111328
40 35 0.000436898 6.95907e-05
40 36 -0.000164098 -0.000500447
40 37 0.000670073 -0.000527858
40 38 0.000434965 0.000232106
40 39 -0.000398659 -1.36377e-06
40 40 0.000591099 -0.000330395
40 41 0.000197584 -0.000160294
40 42 0.000257468 1.9152e-05
40 43 5.59617e-05 0.000365298
40 44 0.000623342 1.57498e-05
40 45 0.000591145 0.000133026
40 46 -0.00020385 -0.000594302
40 48 -0.000170152 -0.000227953
40 49 0.000743658 -5.57147e-06
40 50 -0.000386615 -0.000145744
40 51 0.000209485 6.14133e-05
40 52 0.000337711 2.35432e-05
40 53 -0.000109299 -0.000270069
40 54 4.05757e-05 3.63327e-05
40 55 5.97102e-05 1.84152e-06
40 56 0.000473575 7.68126e-06
40 57 -0.000230355 0.000118621
40 58 0.000142437 1.97566e-05
40 60 -0.000374523 0.000162172
40 61 0.000378376 0.000314751
40 62 -7.03865e-05 0.00030634
40 63 -8.90229e-05 5.27867e-05
40 64 0.000311021 0.000150312
41 34 0.000603355 -0.000298494
41 35 0.000111913 -0.000289047
41 36 -2.60432e-05 -0.000115936
41 37 0.000222194 0.000129888
41 38 -0.000236628 -0.000418231
41 39 0.000213298 -0.000228715
41 40 0.000251734 -8.79337e-06
41 41 -0.000358318 -0.000227367
41 42 0.000248295 -2.66665e-06
41 43 -1.19684e-05 1.0745e-05
41 44 0.000400975 -4.44555e-05
41 45 0.000618774 0.000399669
41 46 0.000264354 1.21313e-05
41 47 0.000688346 -8.36081e-05
41 48 -0.000213943 2.92604e-06
41 49 0.000473826 -0.000143715
41 50 -0.000452239 0.000265489
41 51 0.000375283 2.91566e-05
41 52 -0.000373387 0.000184608
41 53 -0.000382305 2.52285e-05
41 54 -0.000367591 1.87198e-05
41 55 1.85175e-05 -0.000527439
41 56 -0.00036575 0.000227505
41 58 -0.000175209 0.000125089
41 59 -0.00027817 0.000191518
41 60 0.00012806 4.15837e-05
41 61 0.000206089 0.000318614
41 62 -3.0951e-06 -8.82602e-06
42 33 2.10129e-05 -1.11609e-05
42 34 0.000857996 -0.000267019
42 35 0.00107787 -0.000328897
42 36 3.73243e-05 -1.42346e-06
42 37 0.000151432 -9.34388e-05
42 38 0.00023702 4.52448e-05
42 39 0.000364245 9.03226e-05
42 40 0.000121843 -9.31873e-05
42 41 -0.000963696 -0.000431999
42 42 0.00012501 7.84069e-05
42 43 0.000382606 -0.000186442
42 44 0.000866346 3.37447e-05
42 45 -3.13447e-05 1.57191e-05
42 46 0.000795684 -0.000348867
42 47 0.000269663 -2.81464e-05
42 48 0.000281398 -3.07689e-05
42 49 -0.000131504 0.000149293
42 50 -1.86471e-05 -7.63863e-05
42 51 0.000410915 1.02487e-05
42 52 0.00034835 0.000453726
42 53 -0.000243077 0.000295147
42 54 0.000223194 2.46768e-05
42 55 -0.000270955 0.000399448
42 56 -0.000330513 0.000114072
42 57 4.08793e-05 -0.000271248
42 58 -0.000146406 0.000186345
42 59 0.000539409 7.2397e-05
42 60 -0.000460572 0.000610982
42 61 0.000213305 -6.07204e-05
42 62 -0.000299057 0.000258308
42 63 -0.000254609 -8.7362e-05
42 64 0.000157389 -7.24342e-05
43 33 3.64087e-05 0.00015062
43 34 0.000340212 -0.000191712
43 35 0.000391565 -5.4823e-05
43 36 0.00023609 0.000274143
43 37 0.000419112 -0.000130777
43 38 0.000197134 -0.000265841
43 39 0.000471332 -0.000314866
43 40 -0.000808663 0.000249018
43 41 -0.000238378 0.000148823
43 42 0.000169383 -4.02976e-05
43 43 0.000319745 0.00015534
43 44 -0.000147521 0.000441941
43 45 0.00104928 -4.80557e-06
43 46 0.00119331 -0.00061462
43 48 0.000181029 0.000307268
43 49 -0.000334137 -0.000193302
43 50 4.6793e-06 -1.03054e-06
43 51 0.000181609 0.000139672
43 52 -0.000534514 -0.000245187
43 53 0.00041457 0.000284193
43 54 0.000721473 -0.00018341
43 55 0.000778937 0.000592784
43 56 0.000209574 -0.000302265
43 58 -0.000128243 1.97586e-05
43 59 0.000200811 0.000243584
43 61 0.000336965 -9.12403e-05
43 63 0.000420174 0.000224021
43 64 0.000173041 0.000292858
43 65 -4.46696e-05 -0.000455036
44 33 0.000140391 -0.00010771
44 34 5.30514e-05 -1.02493e-05
44 35 -8.21759e-05 -0.000143163
44 36 0.000299164 1.50744e-05
44 37 -0.000308968 -0.00015419
44 38 0.000240019 0.000226957
44 39 -1.46276e-05 -0.000383801
44 40 -0.000136143 -5.17374e-05
44 41 0.000311881 0.000102484
44 42 6.02555e-05 0.000818081
44 43 -7.82546e-05 0.000149343
44 44 0.000452412 0.000146419
44 45 0.000412083 0.000321608
44 46 0.000847004 0.00064867
44 47 0.000447635 0.0001902
44 48 -0.000238113 -0.000226812
44 49 0.000483332 6.9179e-05
44 50 0.000212794 6.58389e-05
44 51 8.23681e-05 -7.72014e-06
44 52 0.000179649 -0.000109974
44 53 0.000205257 0.000584658
44 54 0.000454566 2.22958e-05
44 55 0.000324295 0.000316506
44 56 0.000160424 0.000243864
44 57 0.00035933 -0.00015654
44 58 2.05276e-06 1.91514e-06
44 60 6.95951e-05 7.78563e-05
45 34 0.000330037 -0.000166555
45 35 -2.81159e-05 -0.000290574
45 36 0.000588063 0.000404124
45 37 0.000300724 1.17098e-05
45 38 0.000951848 -3.10057e-05
45 39 -0.000357233 0.000441006
45 40 -0.000284676 0.000249786
45 41 0.00010184 -1.80125e-05
45 42 -8.63044e-05 -8.79571e-05
45 43 -4.42943e-05 -0.000341941
45 44 0.00025323 7.18176e-05
45 45 -8.20958e-05 0.000102345
45 46 0.000441169 0.000317889
45 47 -0.000438775 4.00019e-05
45 48 0.000813292 0.000375331
45 49 -8.71036e-05 -0.000337177
45 50 9.58632e-05 -6.04653e-05
45 52 0.000473971 8.40612e-05
45 53 -0.000183382 -0.000419662
45 54 -0.000283308 0.000260406
45 55 -0.00010972 0.000559702
45 56 -0.000132326 -0.000187378
45 57 0.000210108 -0.000129272
45 58 0.00026616 0.000315501
45 59 -0.000116787 0.000149632
45 60 -6.28131e-05 4.63106e-05
46 33 0.000181613 -0.000165961
46 34 -0.000613073 -0.000343235
46 35 -0.000330823 8.00699e-05
46 36 -6.13417e-05 -0.000131492
46 37 0.000348335 0.000126622
46 39 -0.000148736 0.000430397
46 40 0.000749624 0.000316236
46 41 -0.000384122 -0.00011624
46 42 0.000162093 0.000419286
46 43 -7.38611e-05 6.25824e-05
46 45 0.000343074 -0.000128932
46 46 0.00021981 6.43415e-06
46 47 0.000112497 2.82068e-05
46 48 0.000267941 1.86307e-05
46 49 0.000633692 0.000527173
46 50 -1.16815e-05 0.000261626
46 51 0.000369328 -3.14017e-05
46 52 0.000905696 0.000222791
46 53 8.02918e-05 -3.53394e-05
46 54 9.28276e-05 7.08271e-05
46 55 0.000600523 -0.000168924
46 57 0.000333057 0.000103978
46 58 0.000352742 -5.11597e-05
46 60 7.23559e-05 5.04437e-05
46 62 0.000127717 2.80655e-05
46 64 -0.000421878 2.91586e-05
47 33 -0.000451779 -7.40876e-05
47 34 0.00017722 -1.8494e-05
47 35 0.000203831 0.000167291
47 36 0.000347637 0.00010693
47 37 0.000670934 -0.000355166
47 38 0.00041626 5.9915e-06
47 39 0.000706912 0.000247519
47 41 0.000720358 5.40059e-05
47 42 0.000229984 0.000478285
47 43 0.000419487 -0.000113153
47 44 0.000218171 8.40484e-05
47 45 5.44377e-05 0.000219603
47 46 0.000664333 0.000265159
47 47 -6.15407e-05 -0.000169527
47 48 -2.00721e-05 0.000524338
47 49 -0.000260613 -0.000285102
47 50 0.00039941 0.000196103
47 51 7.76096e-05 -0.00018195
47 52 0.000959581 -4.08142e-05
47 53 0.000175488 -0.000423616
47 54 -3.72889e-05 1.9297e-05
47 55 0.000222282 3.98388e-05
47 56 0.000192533 4.74473e-05
47 59 0.000201099 -8.80448e-05
47 60 -0.00032164 0.000167307
47 61 0.000171359 0.000187479
47 62 0.000164201 3.41323e-05
47 64 0.000271911 0.000116149
48 33 0.000481693 -6.83282e-05
48 34 -0.000190335 4.41417e-06
48 35 -0.000230599 -2.06923e-05
48 37 0.000250811 -0.00016997
48 38 -8.25174e-06 -0.000438984
48 39 0.000710571 0.000280653
48 40 -0.000280328 0.000321111
48 41 -0.000161459 -0.00034117
48 42 0.000151833 3.57861e-05
48 43 0.000341318 -5.27226e-05
48 44 0.00113357 0.000298248
48 45 -7.7707e-05 0.000147051
48 46 0.000462934 0.000126544
48 47 -0.00108233 -0.000257009
48 48 0.000481302 5.61602e-05
48 49 0.000426953 0.000321162
48 50 -0.000133795 0.000554259
48 51 0.000531684 3.86244e-05
48 52 -2.27791e-05 0.000193874
48 53 1.71753e-05 0.000101546
48 55 8.48494e-05 -0.000244934
48 56 0.000412118 0.000231919
48 57 -6.92447e-06 0.000347464
48 58 0.000598348 0.000302051
48 59 -0.00026208 0.000229284
48 65 0.00021223 1.71765e-05
49 34 0.000205265 1.62643e-05
49 36 0.000233354 -1.6179e-05
49 37 -0.000240643 -0.000136574
49 38 0.000355099 0.000681254
49 39 0.000150476 -0.000179958
49 40 4.45478e-05 -0.000184591
49 41 0.000125512 -0.000100121
49 42 0.000248198 0.00022461
49 43 0.00075009 0.000142593
49 44 0.000134335 0.000109774
49 45 0.000863723 -0.000330852
49 46 0.00053859 -1.07394e-06
49 47 0.000148404 9.8547e-05
49 48 0.00052024 -0.000173996
49 49 0.000122038 0.000133857
49 50 3.94377e-05 0.000116021
49 51 2.00739e-05 4.26005e-05
49 54 0.000159603 -3.09049e-05
49 55 0.000131772 -0.000206281
49 56 -0.000668647 0.000420085
49 57 0.000181968 0.000408743
49 58 0.00017679 -0.000393139
49 59 -8.25661e-05 2.36895e-06
49 60 0.000384932 7.7718e-06
49 62 -5.78904e-05 0.000208969
49 63 9.2864e-05 5.57199e-06
49 64 0.000145195 -1.27e-05
50 34 -1.91393e-05 -0.000493832
50 35 -6.33356e-05 6.76711e-05
50 36 0.000316566 -0.000175676
50 37 0.000278957 9.99579e-05
50 38 0.000174627 0.000105185
50 39 0.000134485 0.000200591
50 40 0.000390282 -8.97403e-05
50 41 0.000542672 9.97621e-06
50 43 0.000565282 -0.000280779
50 44 0.000106147 -0.000564561
50 45 -0.000324664 -0.000197078
50 46 0.000340169 -0.000309969
50 47 0.00035118 2.48951e-05
50 48 9.29471e-05 5.81719e-05
50 49 0.000228447 5.47951e-06
50 50 4.2252e-06 -4.24965e-06
50 52 0.00027628 0.0001822
50 53 -0.000164306 -0.00018753
50 55 -0.000386404 3.97049e-05
50 57 -0.000261602 0.00013551
50 58 -0.000189141 0.000156054
50 59 -0.000272822 0.000386752
50 60 0.000102099 -3.42858e-05
50 61 0.000251881 0.000142534
51 33 1.18752e-05 -6.53237e-05
51 35 -2.44364e-05 1.90821e-05
51 36 0.000297989 -0.000170207
51 37 5.33568e-05 0.000111171
51 38 0.000408637 -1.36491e-05
51 39 0.00101558 0.000685785
51 40 -0.000160881 -0.000357915
51 41 0.000246014 -6.59039e-05
51 42 0.000276847 9.02072e-05
51 43 0.00126414 0.000642337
51 45 -7.29367e-06 0.000357362
51 46 -0.000234172 -0.000127706
51 47 -3.54857e-05 -0.000311303
51 48 0.000227993 0.000232739
51 49 0.000209904 0.000241207
51 50 -5.37641e-05 1.34296e-05
51 51 0.000153826 -0.000118649
51 54 0.000790963 -0.000247165
51 56 -0.000370839 4.06107e-05
51 58 0.000155412 0.000172941
51 59 -0.000395352 0.000151814
51 62 6.66323e-06 3.50253e-05
52 34 0.000131464 1.02749e-05
52 35 0.000290588 -0.000128264
52 38 0.000451433 -4.78597e-05
52 39 0.000395755 0.000195803
52 40 0.000540845 -4.71969e-05
52 42 0.00046038 -0.000357053
52 43 -0.000866222 0.000246912
52 44 0.000255892 -0.000285013
52 45 -0.000182198 7.79711e-05
52 46 -0.000288836 8.9043e-05
52 47 0.000612679 0.000410034
52 48 -0.00012687 0.000451647
52 49 0.000244419 8.68161e-05
52 52 0.000179868 5.73731e-05
52 53 -0.000721786 0.000573867
52 54 0.000230488 -0.000363839
52 55 -0.000109147 0.000116499
52 56 0.000743252 -9.94836e-05
52 57 0.000516901 2.77055e-05
52 58 1.3884e-05 0.000170547
52 59 -0.000172916 -5.55232e-05
52 61 7.74319e-05 4.01445e-05
52 62 -0.00024759 9.85608e-05
52 63 -0.000178055 -5.68653e-05
53 35 0.000467605 -0.00013806
53 36 0.000719804 -0.000142472
53 37 0.000159144 -3.48227e-05
53 39 0.00028488 5.79663e-05
53 40 0.000116899 2.12697e-05
53 41 0.000352664 -0.000418209
53 42 0.000882388 -6.18495e-05
53 43 0.000385349 0.000386872
53 44 0.000194583 -4.89385e-05
53 45 0.000543439 -0.000307651
53 47 8.90093e-05 -0.00022901
53 49 0.000119987 0.000180785
53 50 0.000297816 -0.000457367
53 51 0.000125188 -0.000100922
53 52 0.000163705 0.000358092
53 53 -0.000344855 0.000362935
53 54 0.000249697 4.69224e-05
53 55 0.000435386 0.000134371
53 56 0.000173292 2.47952e-05
53 57 0.000224058 0.000352545
53 60 -5.03917e-05 -4.53324e-05
53 61 0.00033993 -3.2842e-05
53 63 -0.000125943 4.00159e-05
53 65 0.00036273 3.4703e-05
54 33 0.000401686 8.34305e-05
54 35 0.000178504 -0.000189026
54 36 -0.000179841 0.000244705
54 37 -2.48354e-06 -2.28704e-05
54 38 9.40239e-05 8.8685e-05
54 39 0.000676348 4.04251e-05
54 40 -0.000373559 9.45079e-05
54 41 0.000431021 -0.000116511
54 42 4.34715e-05 6.9143e-05
54 43 0.000194827 4.56664e-05
54 44 0.000525765 0.000316704
54 45 0.000344702 0.000412391
54 46 -4.57937e-05 1.22077e-05
54 47 0.00052682 -0.000142867
54 48 1.80322e-05 -1.14017e-05
54 49 4.65229e-05 0.00031971
54 50 8.19566e-05 0.000121707
54 51 0.000402977 0.000408335
54 52 -3.76689e-05 -0.000315856
54 53 0.000332726 -0.000275307
54 54 0.000385891 0.000234251
54 55 -1.49278e-05 0.000150407
54 56 0.000335331 0.000180311
54 57 -0.000206843 9.75646e-05
54 58 0.00040588 -0.000211057
54 59 -4.65191e-05 -4.22358e-05
54 60 -3.18453e-05 0.000191107
54 64 -0.000180374 -0.000229258
54 65 0.000412831 2.95906e-05
55 33 9.24895e-05 -6.99822e-05
55 34 3.22382e-05 -2.76433e-05
55 35 7.6252e-05 0.000112445
55 36 9.29099e-06 2.26161e-05
55 37 -0.00022814 -1.44057e-05
55 38 -0.000298569 -0.000801187
55 39 2.07161e-05 -4.20065e-05
55 40 0.000222058 -0.000259358
55 41 -0.000232989 0.000150949
55 42 0.000548412 -0.00052512
55 43 8.23794e-05 0.000170428
55 44 9.61309e-05 -7.65691e-05
55 45 0.00018384 -2.64298e-05
55 46 -0.000254291 -5.71546e-05
55 47 9.2687e-06 1.60592e-05
55 48 0.000167971 2.72301e-05
55 49 0.000108965 -0.000210693
55 50 -8.02342e-05 -0.000257818
55 51 0.000292728 -0.000113404
55 52 0.00051856 0.000587784
55 53 1.29191e-06 1.45138e-06
55 54 0.000640843 -2.45539e-05
55 56 0.000271592 0.000282824
55 57 0.000379962 8.73201e-05
55 58 1.79654e-05 0.000350169
55 59 4.38536e-05 -0.000303078
55 60 0.000302344 0.0002164
55 61 -0.000104703 0.000135349
56 33 -4.81951e-05 -2.45165e-05
56 34 -5.01367e-05 0.000189417
56 35 -0.000195915 -0.000121553
56 36 -2.92402e-05 -1.99106e-05
56 37 0.000897201 2.19851e-05
56 38 -0.000102601 0.000197152
56 39 0.000326589 -0.000212456
56 40 0.000223496 -2.15094e-05
56 41 0.000277884 0.000182179
56 42 0.000712084 -0.000256998
56 43 0.000372521 7.5066e-05
56 44 0.000352459 -0.000221133
56 45 0.000179588 6.32647e-05
56 47 0.000322329 -2.51502e-05
56 48 -0.000242 -0.000577636
56 50 -0.000513699 -0.00036876
56 51 0.000791923 -6.30111e-05
56 52 0.000204679 -0.000270065
56 53 7.28682e-05 5.6645e-05
56 54 5.63789e-05 -1.52279e-05
56 57 -0.000780067 0.000116814
56 58 -4.30727e-05 5.66014e-05
56 59 2.82258e-05 0.00026598
56 61 0.000207175 -0.000404213
56 62 -0.000298399 0.000129793
57 33 2.35313e-05 -0.000197731
57 34 -0.000115189 -0.000494631
57 36 0.000733093 -0.000192195
57 37 0.000112074 5.4876e-05
57 38 3.90479e-05 4.27652e-05
57 39 0.000163435 -5.74433e-05
57 40 0.000354539 -3.05667e-05
57 41 0.000202051 -5.62198e-05
57 42 0.000148302 -0.000264022
57 43 0.000857629 8.01136e-05
57 44 0.000249708 0.000427346
57 45 0.000387698 9.07077e-05
57 46 0.000484821 8.78335e-05
57 47 0.000173203 -0.000444759
57 48 -9.70043e-05 -0.000207533
57 49 -0.000241302 -7.65816e-05
57 50 2.43106e-05 -0.000131476
57 51 0.000269849 -0.000185229
57 52 0.000791258 -0.000332076
57 53 0.000114311 0.000823474
57 54 0.0003504 -0.000187242
57 55 0.000128131 0.000165675
57 56 3.30259e-06 1.43548e-05
57 57 0.000259596 -4.57498e-05
57 58 -5.30363e-05 2.75578e-05
57 59 0.000153917 0.00022873
57 60 -0.000208579 0.000157366
57 61 -0.000216392 0.000120309
57 62 -0.000546657 0.000184501
58 33 -0.000139457 -0.000269931
58 36 0.000240538 -0.000163171
58 37 0.000411535 -7.3358e-05
58 38 -0.000238063 -2.67753e-06
58 39 0.000333323 0.000326962
58 40 0.00018198 0.00023005
58 41 0.000315041 -5.98216e-05
58 42 0.000528342 0.000542096
58 43 0.000268753 0.000263132
58 44 0.00016125 8.13962e-05
58 45 0.000750169 0.000101128
58 46 -1.75467e-05 -0.000113166
58 47 0.00010915 -0.000255553
58 48 0.000161009 0.000201463
58 49 0.000451861 -9.52298e-05
58 50 8.50815e-05 3.56739e-05
58 52 -0.000115446 0.000294238
58 53 0.000595332 0.000279291
58 55 3.90784e-05 -7.07776e-06
58 56 3.09136e-05 1.54043e-06
58 57 -0.000329146 0.00017774
58 58 -7.16516e-05 0.000167921
58 60 0.000116397 0.000131465
58 63 0.000342261 0.000302666
58 64 0.000612347 0.000382888
59 34 0.000366116 0.000161522
59 36 0.00036292 -0.000318287
59 37 -0.000204016 -0.000235441
59 38 0.000248936 -0.000119128
59 40 1.79172e-05 -2.81374e-05
59 41 0.000239555 -0.000328658
59 42 0.000128835 -9.28813e-05
59 45 -2.32923e-05 0.000141726
59 46 0.00108698 0.00021214
59 47 0.000951594 0.000283997
59 48 0.000615424 0.000158163
59 49 -0.000178261 7.86069e-05
59 50 9.79682e-05 -1.41339e-05
59 51 0.000574072 -0.000207385
59 54 0.000308608 0.000172489
59 55 3.56892e-05 3.43859e-05
59 56 0.000472075 -0.000112677
59 57 9.91076e-05 -0.000156271
59 58 -0.000327819 0.000171224
59 59 -0.000410694 9.05104e-05
59 61 0.000430997 -0.000271856
59 64 0.000114727 0.000124535
60 35 0.0007518 4.74868e-05
60 36 0.000187369 -0.000457924
60 37 1.39771e-05 -1.47776e-05
60 38 0.000311556 -0.000354932
60 39 0.000580594 -0.000401478
60 40 -0.00039341 0.000191846
60 41 -0.000193244 0.000307994
60 42 0.000416125 0.0001028
60 43 0.00016118 -0.000173287
60 44 0.000432618 -0.000135267
60 45 2.32271e-05 -0.0004002
60 46 0.000135495 0.000228042
60 47 0.000327223 8.91012e-05
60 48 0.000111834 -3.42241e-05
60 49 0.00011779 -0.000528297
60 50 0.00066367 0.000259608
60 51 -0.000774722 0.000380402
60 54 -0.000137419 -5.0251e-05
60 55 0.000256602 6.73302e-05
60 57 -0.000387662 -7.68708e-06
60 58 1.91264e-05 7.55105e-06
60 59 0.000200641 0.000230135
60 62 0.000139826 0.000361204
60 65 0.000469958 3.74601e-05
61 33 0.000337875 -1.70099e-05
61 35 0.000385015 0.000101035
61 36 0.000743279 -6.43068e-05
61 37 0.000316652 0.000288617
61 39 0.000417773 -3.10614e-05
61 40 0.000439883 -0.000166191
61 41 0.000487234 -3.48451e-05
61 42 0.000559628 -3.97838e-05
61 44 0.000667798 0.000127736
61 45 7.42999e-05 -3.49555e-05
61 46 0.000129821 -0.000175203
61 47 0.000154777 -0.000118504
61 48 0.000253167 0.000165156
61 49 0.000267887 -0.000467097
61 50 0.00027208 0.000205467
61 51 0.000173951 -2.38582e-05
61 52 -0.000222994 -0.000105315
61 53 0.000473103 1.36877e-05
61 54 1.3806e-05 -4.06839e-06
61 55 0.000375582 -9.72234e-05
61 56 -1.82046e-05 1.61063e-05
61 57 -0.000179253 -7.83479e-06
61 59 0.000227045 0.000335172
61 60 -0.000600054 0.000195089
61 63 0.000201246 4.32963e-05
61 66 -0.000136687 0.000205678
62 35 0.000294391 -7.13993e-06
62 36 0.000259437 -0.000109363
62 37 -0.000311584 -6.05915e-05
62 38 0.000260098 -0.000123258
62 39 0.000529132 0.000181574
62 40 0.000291797 -0.00032619
62 42 -0.000259117 5.98401e-05
62 44 0.000777234 9.48921e-05
62 45 0.000906214 0.000743196
62 46 -0.000170571 5.94604e-05
62 47 4.35369e-05 -5.69552e-06
62 48 -0.00020721 -0.000512081
62 49 0.000363972 0.000328711
62 50 0.000468341 -7.0825e-05
62 51 -0.000303076 0.000226462
62 52 -0.000283562 0.000122012
62 55 0.000230252 5.84932e-05
62 57 0.000160508 8.63076e-05
62 59 0.000163803 4.07799e-05
62 60 6.59277e-05 8.26358e-05
62 62 0.000279994 0.0002536
62 63 0.000233754 0.000146491
62 64 -0.00031073 0.000323673
63 36 -9.73736e-05 1.46327e-05
63 37 0.000334797 0.000108988
63 38 0.000619129 0.000104704
63 39 0.000561667 0.000325262
63 40 1.57709e-05 0.000112166
63 41 0.000833953 0.000515308
63 42 1.12397e-05 -1.35995e-05
63 43 0.000390848 4.73536e-05
63 44 -0.00023789 -0.000346492
63 45 0.000670464 0.00041311
63 46 5.27996e-05 3.62366e-05
63 48 0.000347864 0.000189523
63 49 -6.47254e-05 0.000227257
63 50 0.000186261 5.43747e-06
63 51 0.00052285 -0.000254322
63 52 6.24333e-05 -5.9892e-05
63 53 0.000345271 1.95655e-06
63 54 0.000333725 -1.46162e-05
63 55 0.000310029 5.56986e-05
63 58 -0.000259643 -0.000162209
63 62 0.00092306 -5.03893e-06
63 63 0.000331599 -5.07701e-05
63 64 0.000252403 0.000117518
63 65 -0.000120306 0.000292818
64 33 0.000113939 -4.10902e-05
64 34 0.00036823 -0.000186463
64 35 -0.000243563 0.000410028
64 36 0.000539895 -0.000188428
64 37 0.000302129 -6.47249e-05
64 38 -0.000166402 1.05863e-05
64 39 6.65209e-06 -0.00040181
64 40 -0.000424971 0.000462981
64 41 -0.000266299 0.000168996
64 42 0.00108622 -0.000620353
64 43 5.08151e-06 3.49947e-06
64 44 0.000147186 2.71695e-06
64 45 6.38963e-06 -0.000121231
64 46 0.000263345 -0.000133472
64 47 0.00010807 3.21727e-05
64 49 -0.000204177 0.000335323
64 50 0.000463048 6.60596e-05
64 51 -0.000186202 -0.000295036
64 52 0.000245353 -4.12956e-05
64 53 -0.000226827 -0.00024454
64 54 0.000825672 -1.17165e-05
64 56 1.71835e-05 9.52074e-06
64 58 0.000420974 0.000184512
64 60 8.25471e-05 -9.0458e-05
64 62 -7.77517e-05 8.95732e-05
65 33 0.0003724 7.56915e-05
65 35 0.000465949 0.000212319
65 37 0.000126629 -4.09412e-05
65 39 -0.000313162 -6.25907e-05
65 40 0.000381391 -0.000255465
65 41 -0.000416642 -0.000249328
65 42 0.000177946 5.77196e-07
65 43 0.000649641 0.000378038
65 44 0.000165888 -0.000285609
65 45 0.000171501 4.93026e-05
65 46 6.08625e-05 -0.000124341
65 47 0.00118978 0.00011496
65 48 0.000281769 5.72083e-05
65 49 0.000557166 0.000125092
65 51 0.000143813 -0.000111048
65 52 0.000450758 4.24366e-05
65 53 0.000285395 -1.69732e-05
65 54 -0.000147272 5.15472e-05
65 55 0.000302396 0.000233993
65 56 0.000433033 0.00023046
65 57 1.51626e-05 0.000571684
65 58 0.000147546 5.63474e-05
65 60 0.000345596 2.90754e-05
65 63 0.000177877 8.36931e-05
66 33 0.000314385 -5.68431e-05
66 36 -0.00012601 3.45624e-05
66 37 5.84332e-06 -1.32307e-05
66 38 0.000255493 0.000160487
66 39 -0.000295085 0.000425756
66 41 0.000190504 -0.000361827
66 44 9.85226e-05 -8.38628e-06
66 45 0.000155695 -0.00013925
66 46 0.000384484 0.000113764
66 47 -5.56357e-05 -5.1767e-05
66 48 6.61617e-05 0.000134106
66 49 -9.12133e-05 6.4967e-05
66 50 -6.67407e-05 0.000370722
66 51 0.000607243 0.000234401
66 53 -1.15531e-05 -3.80682e-05
66 56 0.000102188 8.20798e-05
66 58 3.13354e-05 8.85859e-05
66 61 0.000150027 4.63641e-05
66 62 0.000333361 0.000207042
66 64 0.000214503 0.000171123
