0 33 -2.10922 4.20747
0 34 -0.11785 1.67969
0 35 -1.84698 0.666108
0 36 0.383323 -0.222271
0 37 1.30108 1.69174
0 38 -1.75276 2.11541
0 39 1.13838 0.618863
0 40 -1.93941 -0.870047
0 41 -0.0230606 0.0136259
0 42 -0.355106 0.157717
0 43 0.0122141 -0.0590807
0 44 0.0644584 0.0345192
0 45 -0.864928 0.460187
0 48 -0.114872 -0.198584
0 66 0.680081 0.147839
1 33 2.5196 10.6671
1 34 -3.58418 1.03951
1 35 0.538056 1.2001
1 36 7.63866 2.04832
1 37 -1.44517 1.54672
1 38 -0.201603 2.25627
1 39 -0.886193 0.838449
1 40 0.719562 2.12761
1 41 0.061648 0.00546364
1 42 -0.193964 0.148316
1 43 -0.873708 0.473642
1 44 0.974565 -0.68097
1 45 0.105619 0.219879
1 46 1.20496 -0.977205
1 50 0.000392574 0.00238085
1 55 0.00664619 0.0555093
2 33 -0.48449 17.1944
2 34 -6.34298 4.79647
2 35 0.882883 3.44471
2 36 -1.42954 9.12678
2 37 5.46232 -3.40918
2 38 1.52672 1.40524
2 39 0.760817 -0.978715
2 40 0.625859 0.214147
2 41 1.02313 -0.121099
2 42 -1.13607 0.647673
2 43 0.483961 -0.127531
2 44 0.1872 -0.0669481
2 45 0.689571 0.0812724
2 46 -0.116438 -0.0556672
2 47 0.0144337 -0.00507212
2 49 0.764832 0.461978
3 33 -7.0359 23.8753
3 34 0.443426 8.31776
3 35 -7.82933 -1.44467
3 36 3.09528 1.68129
3 37 -5.85064 8.67465
3 38 1.26632 2.95419
3 39 3.19251 0.732833
3 40 -2.29628 4.10998
3 41 0.552767 0.433376
3 42 1.41063 1.46081
3 43 1.94046 -0.616966
3 44 -0.690677 -0.335244
3 45 2.53128 0.267675
3 46 -1.07828 0.904849
3 47 1.22917 0.734377
3 49 0.68495 0.60598
3 50 0.854276 0.379782
3 51 0.645617 -0.606977
3 59 -0.135729 -0.0161556
4 33 4.42043 26.8057
4 34 -3.71641 5.76849
4 35 6.89334 9.22671
4 36 -5.70585 11.2933
4 37 -0.816818 12.2763
4 38 4.24209 4.58592
4 39 -1.98209 1.49241
4 40 2.76408 -1.62787
4 41 -0.681226 -0.201944
4 42 -0.175802 -0.0616757
4 43 1.1793 0.760434
4 44 0.159357 0.351289
4 45 2.02363 0.522174
4 47 -0.803431 0.132536
4 49 0.110313 0.0408648
4 50 0.679842 0.325345
4 51 -0.0792629 0.0284962
4 53 0.16022 0.200035
4 57 -0.038271 -0.0198618
4 60 -0.0522055 -0.0208314
5 33 4.6821 37.9305
5 34 0.616542 4.12954
5 35 1.81692 11.2299
5 36 2.24147 9.32741
5 37 -0.240658 12.6943
5 38 3.0769 3.07856
5 39 7.09582 1.56258
5 40 -0.556676 -0.789343
5 41 -0.819223 0.819085
5 42 0.0302433 0.905458
5 43 3.74075 1.41011
5 44 0.518488 1.46265
5 45 -0.382338 0.0598144
5 46 0.0666076 0.115557
5 47 0.641767 -0.259365
5 50 -0.231456 -0.226895
5 52 -0.0992122 0.0598819
5 55 -0.013824 0.0218271
5 56 -0.320069 0.00349536
5 60 -0.390482 -0.169123
6 33 3.7461 32.8064
6 34 -8.45502 9.84097
6 35 6.1129 15.2184
6 36 4.71198 7.97417
6 37 2.9604 6.12557
6 38 9.62996 6.24923
6 39 -0.300495 4.9548
6 40 -0.442458 0.309717
6 41 3.6286 0.649427
6 42 0.245041 0.227769
6 43 -2.65532 0.607193
6 44 2.45435 -0.883706
6 45 1.20573 1.34882
6 46 0.00517547 0.246418
6 47 1.32756 0.377384
6 48 -1.27848 0.338328
6 52 0.252098 1.59335
6 54 0.889125 0.541004
6 57 0.523434 0.35406
6 58 -0.210168 -0.220504
7 33 2.01138 40.9588
7 34 10.3394 7.00409
7 35 2.82549 11.0112
7 36 7.05176 10.6798
7 37 3.87916 1.7279
7 38 5.12868 5.1387
7 39 2.3504 4.58026
7 40 3.11932 -0.0646574
7 41 0.933332 -2.32496
7 42 0.140842 1.50718
7 43 -0.498624 0.697129
7 44 -0.751953 -0.496657
7 45 -0.70225 -0.661778
7 46 0.558502 1.7511
7 47 -0.407285 0.612062
7 48 -0.48913 0.734198
7 49 -0.605348 1.15887
7 50 -0.0218982 -0.0286234
7 51 -0.228705 -0.10906
7 54 -0.517842 0.135626
7 56 0.325687 -0.20511
7 59 0.010794 0.00375408
7 61 -0.118105 -0.016319
8 33 2.56671 37.6644
8 34 11.3715 2.83809
8 35 5.68522 5.15844
8 36 6.46406 13.2945
8 37 -0.523166 5.03782
8 38 6.47932 7.05365
8 39 4.75236 0.227071
8 40 -3.65995 2.91644
8 41 -1.33371 1.25702
8 42 -2.84847 -1.369
8 43 -0.128287 -0.128094
8 44 0.472857 0.0851402
8 46 -0.452679 0.712506
8 47 -1.48203 0.158123
8 48 1.28517 -0.388593
8 49 -0.473071 0.769082
8 53 0.0373467 -0.565268
8 54 -0.466508 0.622991
8 55 0.206932 0.229852
8 58 0.0385106 0.0270541
8 61 -0.0108367 -0.00264864
8 64 -0.00760058 0.049518
9 33 6.37533 30.9625
9 34 -6.93496 10.852
9 35 1.27851 15.7613
9 36 5.31128 5.25769
9 37 2.21725 3.19056
9 38 7.75862 6.31897
9 39 2.16631 2.83472
9 40 -3.42836 0.849882
9 41 3.65709 2.10214
9 42 0.198156 1.79618
9 43 0.0863316 0.10374
9 44 -0.266471 1.15968
9 45 0.150162 -0.18113
9 46 -0.217936 0.0154513
9 47 0.176751 0.555334
9 48 -0.183868 0.471153
9 49 0.0700021 0.0256925
9 50 -0.0471423 -0.0863597
9 52 0.632817 0.292414
9 53 -0.280307 0.584816
9 55 0.167945 0.222448
9 56 0.545448 -0.603017
9 57 0.313699 -0.67167
9 58 0.247902 0.00166314
9 59 -0.0457713 0.154522
9 60 -0.444244 -0.277247
9 61 0.301327 0.440511
10 33 7.90769 33.2032
10 34 3.15795 4.18514
10 35 5.5686 4.92916
10 36 -3.50332 6.99261
10 37 7.42417 4.21465
10 38 7.95765 2.54137
10 39 2.15873 -2.06135
10 40 -1.42765 3.00648
10 41 -1.50037 1.63829
10 42 -0.316231 -0.45602
10 43 1.50326 1.01156
10 44 0.889986 1.17565
10 45 -0.353255 0.383661
10 46 3.85083 2.20305
10 47 -0.663791 0.295731
10 48 1.3255 1.30156
10 49 -0.0246548 -0.0319422
10 50 -0.303886 -2.24172
10 51 -1.02216 -0.346599
10 52 1.28758 0.299316
10 54 0.225567 0.430536
10 56 0.947452 0.654627
10 58 -0.154529 0.00560553
10 60 0.0995972 0.0501876
10 62 -0.0237124 0.0136639
10 64 0.267823 1.24129
10 65 -0.149455 -0.0167559
11 33 7.14332 27.2827
11 34 -3.47052 2.97664
11 35 2.90454 4.50731
11 36 -0.209857 12.2277
11 37 -2.49727 3.00975
11 38 18.2837 4.44907
11 39 -0.440173 8.30725
11 40 -0.217299 0.0303986
11 41 1.13149 5.11698
11 42 2.65878 -0.332362
11 43 2.31334 1.67294
11 44 1.39673 0.533921
11 45 0.832055 1.95023
11 46 0.344528 1.62564
11 47 -0.409936 -0.102977
11 48 0.479005 0.456954
11 49 1.42065 0.461256
11 50 0.122298 0.0712843
11 51 -0.767691 1.09317
11 52 -2.10745 1.98444
11 53 -0.149603 0.0107171
11 56 0.541863 0.290325
11 58 -0.129419 0.0548744
12 33 -3.47923 31.6532
12 34 3.21885 7.77888
12 35 2.08996 8.48602
12 36 0.698289 4.85256
12 37 -2.09564 3.14318
12 38 13.7899 -1.24069
12 39 2.56609 9.40674
12 40 4.71258 1.46631
12 41 -4.83981 3.22833
12 42 2.75968 1.71929
12 43 -0.0849292 4.41629
12 44 -0.362867 -0.332298
12 45 0.591373 0.701024
12 46 0.36717 0.526579
12 47 0.384486 0.853809
12 48 0.496291 0.850284
12 49 -0.1108 0.398282
12 50 -0.0921037 -0.0285185
12 51 -0.0851296 0.00927558
12 52 -0.511046 0.302943
12 53 0.243883 0.104352
12 54 -0.160894 0.158881
12 56 0.641253 -0.130684
12 57 -0.0261405 0.0321126
12 58 0.0196538 0.0188518
13 33 10.3491 17.3388
13 34 4.71012 9.65567
13 35 11.7662 7.41005
13 36 -1.39303 5.79141
13 37 10.2471 8.51206
13 38 5.20698 5.92131
13 39 14.6508 8.11367
13 40 2.99796 3.84227
13 41 3.18973 0.746845
13 42 4.43705 1.46784
13 43 -0.643197 1.35896
13 44 1.86719 2.60001
13 45 -1.49779 -0.23844
13 46 -0.530488 0.872883
13 47 -2.0718 1.04406
13 48 0.572366 -0.209273
13 49 -0.211909 0.0512023
13 50 0.0937787 -0.0706411
13 51 -0.403863 -0.167873
13 52 0.0874335 0.0138848
13 53 -0.451947 -0.419738
13 56 -0.393691 0.293835
13 59 -0.049326 0.0492625
13 60 -0.120032 -0.0350684
13 61 0.455813 -0.0673767
13 63 -0.104383 0.238377
14 33 4.88342 23.1311
14 34 3.09711 10.4277
14 35 0.943107 0.763801
14 36 -2.23582 0.601281
14 37 7.37333 10.9145
14 38 9.39907 8.19416
14 39 4.04394 1.64227
14 40 -0.793516 -0.628094
14 41 0.439542 -1.67365
14 42 1.00043 0.266377
14 43 1.8632 -0.794977
14 44 0.364181 0.391691
14 45 0.37998 -0.0413588
14 46 0.86101 0.490386
14 47 0.154674 0.599992
14 48 -1.31766 -0.115939
14 49 0.212189 -0.0676177
14 50 0.236057 0.0255326
14 51 -0.364796 0.716461
14 56 0.276923 -0.0226413
14 59 -0.681959 -0.015142
14 63 -0.880601 -0.634792
14 64 0.583239 -0.122546
15 33 5.19447 16.0757
15 34 -7.52491 3.43069
15 35 10.1773 5.74622
15 36 4.2538 2.10325
15 37 2.22112 6.26622
15 38 7.86598 4.4319
15 39 8.38594 -4.29016
15 40 2.07857 2.81198
15 41 2.30551 1.64046
15 42 3.00882 1.29565
15 43 1.04097 -0.855909
15 44 2.34439 -0.0925361
15 45 1.87916 -1.04679
15 46 0.26031 1.45029
15 47 -0.457204 -0.0328765
15 48 2.00373 -0.453061
15 49 0.221114 0.127835
15 50 -0.195481 1.50881
15 51 -0.0262044 -0.345518
15 52 0.285507 0.54929
15 53 0.0507661 0.0377826
15 56 1.02849 0.0573362
15 58 -0.209073 0.781667
15 59 -0.589121 -0.0914752
15 60 0.107418 -0.590236
15 61 -0.316294 0.289793
15 64 -0.0469384 -0.0105624
16 33 2.23496 17.4682
16 34 4.96844 9.26713
16 35 12.1276 1.20154
16 36 3.04567 5.29712
16 37 1.02648 2.20603
16 38 1.83068 5.48133
16 39 9.05565 3.0169
16 40 -0.295307 4.28027
16 41 7.63037 4.93481
16 42 2.63185 0.826122
16 43 2.36895 -0.761886
16 44 -0.481637 4.14658
16 45 -4.95595 2.51252
16 46 -0.253794 0.0627182
16 47 0.0869526 -0.0869835
16 48 0.967333 0.468345
16 49 0.334702 -0.617641
16 50 0.35138 0.761157
16 51 0.0108112 0.00166863
16 52 -0.273026 1.07406
16 55 -0.94263 0.113126
16 56 0.327333 -0.185026
16 57 -0.459088 0.279871
17 33 2.31073 9.5644
17 34 14.1298 6.76552
17 35 1.39505 -2.76027
17 36 7.03979 5.69244
17 37 6.89856 1.16324
17 38 0.940969 3.29987
17 39 5.45879 1.07441
17 40 1.66344 2.69043
17 41 2.17631 0.431496
17 42 -0.73092 -0.680971
17 43 -0.643601 3.67111
17 44 -1.00639 0.968008
17 45 -2.26444 -1.27965
17 46 0.304632 2.34387
17 47 0.309831 0.944411
17 48 -1.25319 -0.422105
17 49 -1.11588 0.741879
17 50 0.958118 0.23203
17 51 -0.399422 0.391199
17 52 -0.109976 -0.0063605
17 54 -0.240108 -0.107601
17 55 -0.0878267 -0.784395
17 57 0.305519 0.410983
17 59 0.0815064 -0.0548448
17 60 0.0351361 -0.000229086
17 61 0.0289809 0.117422
17 65 -0.273258 -0.386707
18 33 6.24885 11.4062
18 34 6.52453 0.586047
18 35 5.82585 2.4475
18 36 -0.7177 13.1019
18 37 7.72099 3.7886
18 38 8.33017 1.67754
18 39 -2.79336 1.05218
18 40 1.14042 5.49394
18 41 0.106322 1.35525
18 42 0.618191 2.72513
18 43 -0.761562 -3.15587
18 44 -0.741262 3.53562
18 45 -2.46857 0.499748
18 46 -1.2579 1.79619
18 47 -0.306271 -1.54723
18 48 -0.859426 0.158787
18 49 2.56695 0.3951
18 50 0.858187 1.0834
18 51 -0.880015 1.26713
18 52 1.08508 -0.0427569
18 54 -0.0781329 0.478736
18 55 0.103948 0.0880704
18 56 0.137921 0.0733143
18 57 0.0244379 0.0546554
18 59 0.212482 0.0387945
18 61 -3.3409 1.50854
18 62 -0.054696 0.0522482
18 66 -0.176621 0.09532
19 33 -0.978603 6.74742
19 34 8.14575 4.17218
19 35 4.96191 -1.3028
19 36 7.74711 1.00539
19 37 3.46505 6.01415
19 38 8.9535 8.2268
19 39 7.77348 5.36305
19 40 -1.02435 3.03889
19 41 1.25877 2.37328
19 42 1.22198 1.39167
19 43 -1.01265 3.84214
19 44 1.67219 1.86904
19 45 0.964861 0.456559
19 46 0.838782 0.364472
19 47 -2.02907 0.160653
19 48 -0.640595 -0.225781
19 49 -0.826732 -0.623742
19 50 1.14143 0.488121
19 51 0.01275 -0.0600621
19 52 1.05302 0.0616569
19 53 0.0283712 -0.0229009
19 54 -0.423954 -0.197877
19 57 -0.563568 -0.942674
19 58 -0.0398453 -0.000801646
19 60 -0.650417 0.36646
19 61 -0.24694 0.0202275
19 63 0.375517 0.191981
19 64 -0.65666 0.469082
20 33 5.44111 5.67876
20 34 -1.58559 6.51187
20 35 9.67596 -5.17066
20 36 11.366 -1.14264
20 37 6.54115 5.68865
20 38 10.7804 -1.04983
20 39 -2.21967 1.0526
20 40 3.9404 2.63197
20 41 2.04551 0.652415
20 42 1.36684 0.538165
20 43 -0.0721091 -0.127372
20 44 -1.87273 -0.0145364
20 45 -1.33564 -2.16613
20 46 2.7207 0.488836
20 47 -0.940799 0.614398
20 48 2.36173 2.30771
20 49 -0.827023 -0.789185
20 50 0.0800947 -0.214096
20 51 0.440621 0.13889
20 52 0.795193 0.333807
20 53 0.231315 0.641621
20 54 -0.0513678 0.362895
20 55 0.238035 0.275008
20 56 -1.16833 0.437142
20 59 -0.0544799 0.0247304
20 61 -0.456163 0.299336
21 33 8.07489 4.11845
21 34 4.79118 -4.82846
21 35 8.39376 -1.50674
21 36 7.33002 4.59211
21 37 5.37808 0.528465
21 38 0.534505 0.392211
21 39 3.31814 3.05461
21 40 5.66547 2.45353
21 41 -4.565 1.21591
21 42 3.5294 -0.647302
21 43 -1.61785 2.02559
21 44 3.66451 3.13189
21 45 -0.106357 1.06706
21 46 -0.645836 1.19869
21 47 0.219933 0.658262
21 48 0.321496 1.07535
21 49 0.422995 1.04116
21 51 -0.0518864 0.0403774
21 52 0.0365869 -0.00569436
21 53 0.50008 -0.0208912
21 55 0.76633 0.501402
21 57 0.276055 0.0402501
21 58 -0.218896 -0.0542867
21 62 0.278424 0.821437
22 33 6.40083 0.997852
22 34 5.17329 -0.992905
22 35 10.1321 -1.8007
22 36 7.04397 10.7618
22 37 10.4039 -3.90239
22 38 0.91355 -2.05288
22 39 1.5196 2.53246
22 40 -4.3538 2.10435
22 41 3.55773 1.96169
22 42 3.34773 2.90281
22 43 -0.186592 4.6038
22 44 1.55352 3.14281
22 45 3.06913 1.10713
22 46 3.45524 0.652482
22 47 1.35598 -1.30867
22 48 -0.262366 0.983896
22 49 1.34201 1.59669
22 50 -0.0152821 0.0507524
22 51 0.433174 0.415941
22 52 0.218824 0.151465
22 53 0.665674 0.274719
22 54 0.208979 -0.045085
22 55 -0.484914 -0.0676185
22 56 2.29512 -0.563662
22 57 0.96949 -0.701903
22 58 0.378408 1.13484
22 59 0.0426809 -0.09288
22 64 -0.0657477 -0.13427
22 66 0.0612794 0.00316324
23 33 5.35573 2.3184
23 34 0.822588 -2.34748
23 35 6.90621 0.840286
23 36 6.44713 2.70476
23 37 4.32532 -3.77985
23 38 8.55292 0.0592742
23 39 7.54372 -0.271996
23 40 0.444411 -0.924751
23 41 2.00694 3.51722
23 42 6.29101 -0.112763
23 43 5.07444 2.73809
23 44 2.64459 2.4507
23 45 1.4902 0.0450584
23 46 1.763 -2.2129
23 47 -0.528902 0.182487
23 48 -1.62386 -0.729325
23 49 2.70627 1.51884
23 50 -0.0521374 0.366816
23 51 -0.211167 1.37764
23 52 0.390427 0.205827
23 53 0.727676 0.0483915
23 54 0.352078 0.292192
23 55 0.0825623 -0.933319
23 56 -0.125843 0.185217
23 60 -0.307841 0.101567
23 64 -1.65216 0.181611
23 65 0.00270917 0.00558572
23 66 0.896019 0.14958
24 33 5.41481 1.62463
24 34 1.42632 2.27554
24 35 2.16047 1.06991
24 36 16.1365 2.27033
24 37 2.71367 -0.234128
24 38 -2.8439 -0.52384
24 39 4.90678 0.901613
24 40 1.19514 1.60406
24 41 2.13589 0.807283
24 42 1.87831 0.405593
24 43 -2.80762 3.57825
24 44 1.62002 -1.02857
24 45 2.7808 -0.819736
24 46 -1.4073 1.99987
24 47 -0.200646 0.213235
24 48 -2.39123 -0.187282
24 49 1.03329 -0.841094
24 50 0.482097 0.39181
24 51 0.0967123 0.0472384
24 52 -0.405654 -0.253237
24 53 0.262091 0.0664923
24 54 1.36571 0.0764964
24 55 0.745679 -0.874127
24 56 -0.83522 0.152326
24 57 -0.104741 0.00574574
24 58 0.342042 -0.402547
24 62 -0.09833 0.473902
24 63 -0.000996975 7.13962e-05
24 64 -0.375557 0.318375
24 66 -0.337082 -0.637545
25 33 3.59236 -0.0326365
25 34 8.72438 -0.853005
25 35 3.22796 -1.50341
25 36 -3.58409 3.26168
25 37 7.0588 -3.74185
25 38 0.0386147 -4.33959
25 39 8.55248 0.0442036
25 40 5.66751 4.74087
25 41 4.0053 3.6997
25 42 3.08628 1.26889
25 43 -0.209465 2.25301
25 44 0.239996 3.99553
25 45 -3.7839 1.17166
25 46 -2.76629 0.167964
25 47 0.49479 0.330264
25 48 -0.357688 0.210296
25 49 0.441375 2.01061
25 50 1.43668 0.902675
25 51 0.513693 0.434267
25 52 -0.302638 1.29767
25 53 0.170384 0.307294
25 54 0.0241079 0.024416
25 55 -1.6826 -0.505637
25 56 -0.44029 1.17639
25 57 0.0851046 0.0481718
25 58 -0.216868 -0.0471716
25 59 -0.53774 0.567973
25 62 -0.06666 0.00431757
25 66 -1.53279 0.880408
26 33 1.7856 -0.426358
26 34 -0.446818 -0.353647
26 35 3.33986 -0.579186
26 36 5.26364 0.107625
26 37 2.14378 -0.115009
26 38 3.32262 -0.588233
26 39 5.51452 -1.51426
26 40 4.07465 7.40669
26 41 1.1349 4.38461
26 42 5.32241 -0.830107
26 43 1.79146 3.30878
26 44 -1.03707 1.33532
26 45 -0.596833 0.981142
26 46 0.689567 0.875475
26 47 -0.216671 1.0411
26 48 -0.59135 1.68271
26 49 1.17715 -0.0853965
26 50 0.58078 0.419635
26 51 -0.0365385 0.247126
26 52 0.661851 1.57664
26 53 -0.243271 0.263479
26 55 -1.18431 0.314859
26 56 0.627248 0.421326
26 59 0.0416941 0.0305143
26 60 0.474018 -0.665346
26 62 -0.64194 0.181038
26 64 -0.112549 0.0544458
27 33 6.59316 -2.67794
27 34 8.21442 1.51526
27 35 -0.957791 2.84056
27 36 9.72441 0.884313
27 37 -0.827397 5.5165
27 38 0.4627 -4.93283
27 39 5.91454 4.78764
27 40 3.80725 -0.076618
27 41 3.71756 -0.24181
27 42 2.396 3.14227
27 43 5.39944 3.47435
27 44 0.754114 0.00791857
27 45 -1.87884 0.242636
27 46 0.0749769 -0.0762619
27 47 0.00601446 -1.5816
27 48 1.2621 0.272946
27 49 0.332531 0.0110224
27 50 1.04398 0.0667608
27 51 0.584213 -0.283716
27 52 -1.95868 -0.337294
27 53 -0.461849 1.56732
27 54 0.660544 -0.0313461
27 57 0.283103 0.165172
27 58 1.01005 0.433568
27 62 -0.0553931 -0.0539743
27 63 0.102899 -0.0685138
27 64 -0.0318925 -0.0906785
27 66 -0.0678844 -0.0903456
28 33 2.39899 0.729214
28 34 1.42091 -1.6671
28 35 3.41896 -1.98643
28 36 4.02139 1.34693
28 37 2.50429 -6.11933
28 38 5.98631 1.17354
28 39 6.95126 1.05595
28 40 0.0476773 -1.30318
28 41 0.921788 4.07073
28 42 3.60982 3.12769
28 43 0.821516 1.89762
28 44 -0.768115 0.327105
28 45 -0.244906 -1.11438
28 46 -1.51701 0.318143
28 47 1.83225 -0.569962
28 48 0.111014 0.41265
28 49 -1.77212 0.13968
28 50 1.00076 0.459139
28 51 1.40846 -0.289378
28 52 -0.561258 -0.73127
28 53 0.170462 -0.289898
28 54 -0.364022 0.82106
28 55 1.24752 -0.400439
28 56 -0.35408 -0.222377
28 58 0.311495 0.252473
28 59 0.025351 -0.0514848
28 60 -0.510201 -0.966642
28 61 0.00143778 -0.000743786
28 63 1.17393 -0.240111
28 66 0.47453 0.645477
29 33 3.39269 0.662754
29 34 3.55238 0.971812
29 35 3.72764 -0.486553
29 36 2.36433 -2.08128
29 37 3.09764 -0.0253529
29 38 3.04205 -3.65508
29 39 4.39858 2.91335
29 40 2.77703 -1.78209
29 41 3.5969 1.92183
29 42 0.125771 3.11228
29 43 -0.708455 2.00232
29 44 -1.88684 3.76751
29 45 -0.0313323 0.0554984
29 46 0.273089 -2.19829
29 47 -1.09662 -0.70277
29 48 1.67767 1.43634
29 49 1.43763 0.0691963
29 50 0.0503106 -0.104896
29 51 0.726101 -0.0137516
29 52 0.400764 1.12559
29 53 0.31205 1.22407
29 54 -0.0947336 -0.014101
29 57 1.23265 -0.129355
29 58 1.09338 -0.155957
29 59 -0.185024 0.143677
29 60 0.696095 0.173952
29 61 0.0907548 -0.0653404
29 66 0.0112278 0.186835
30 33 1.7033 -2.06689
30 34 1.10976 -0.939619
30 35 -0.326684 4.93178
30 36 7.51538 -4.69978
30 37 7.64298 -1.26612
30 38 1.88546 2.86469
30 39 6.34512 -2.68661
30 40 -2.27818 -3.30071
30 41 -0.24289 -0.525757
30 42 6.04907 -0.608209
30 43 -0.594303 -0.281638
30 44 -1.01403 1.96653
30 45 0.75594 1.55769
30 46 0.981925 2.73682
30 47 0.763248 0.512541
30 48 -0.411475 1.53398
30 49 1.05227 -0.301322
30 50 0.953053 -0.66223
30 51 1.44087 -0.858504
30 52 -1.38684 0.117463
30 53 -0.507443 1.83151
30 54 0.103386 0.241352
30 56 -1.94625 0.457496
30 57 -0.308831 0.245073
30 58 1.44362 0.492292
30 59 0.0208283 -0.328343
30 63 0.487812 -0.236614
30 64 -0.0376496 0.081831
30 65 0.0146892 0.089484
31 33 1.76195 -0.381556
31 34 6.70982 -1.92292
31 35 0.820109 -3.68096
31 36 -5.10233 0.718329
31 37 8.60815 0.0343324
31 38 -6.20827 -2.80238
31 39 3.35236 1.17128
31 40 3.48701 0.862455
31 41 -0.0687791 -1.02061
31 42 8.19264 1.56674
31 43 -1.78849 0.703975
31 44 0.614837 0.210411
31 45 0.988118 -0.798259
31 46 -1.04304 4.12458
31 47 -0.574541 0.0725218
31 48 1.19001 1.004
31 49 1.01067 -1.46482
31 50 0.995313 -0.48876
31 51 -2.14752 0.461673
31 52 1.11729 -0.285578
31 53 0.970409 0.202583
31 54 -0.181812 -0.765302
31 57 0.00128622 -0.00150654
31 58 -0.522859 0.180461
31 59 -1.0283 -0.385563
31 61 0.601484 0.372017
31 62 -0.0607403 0.0583512
31 63 -0.445661 -0.0638945
31 66 0.0932692 0.0543523
32 33 4.0903 0.407791
32 34 3.03003 -3.37571
32 35 3.17562 -3.50882
32 36 7.80641 0.918084
32 37 5.52695 6.12874
32 38 5.89402 2.72638
32 39 -1.3054 0.824839
32 40 2.21933 -0.459195
32 41 0.112363 3.99292
32 42 4.21838 3.59907
32 43 -0.109598 5.83182
32 44 1.60873 3.28019
32 45 1.49455 1.14425
32 46 0.291355 -1.09229
32 47 -0.15954 0.232718
32 48 0.536157 -0.552349
32 49 -0.788764 -1.72246
32 50 0.327478 -0.694512
32 51 0.449462 0.183425
32 52 -0.621162 0.295491
32 53 1.57679 -0.0535239
32 54 0.694499 0.119393
32 55 0.00558418 0.0136233
32 56 0.19736 -0.914317
32 57 0.0138017 0.322285
32 58 -1.14274 1.4219
32 59 -0.132184 -0.16923
32 60 0.112708 0.448263
32 63 0.109011 -0.0329132
32 64 -0.028737 0.0497216
32 66 -0.0804883 0.0162604
33 33 1.49988 -1.44662
33 34 0.436932 -1.69755
33 35 -0.460951 0.800281
33 36 4.9811 -3.21972
33 37 5.66656 0.677263
33 38 1.94301 0.0173864
33 39 3.27508 -0.71724
33 40 0.702645 1.45213
33 41 -2.92165 3.05625
33 42 0.461265 5.14395
33 43 3.56571 0.0596422
33 44 -1.08207 3.32802
33 45 -0.277646 -0.864777
33 46 2.16046 0.331156
33 47 -0.882285 1.47913
33 48 0.909953 0.573072
33 49 0.619726 0.302625
33 50 -0.655169 -1.13507
33 51 -0.984349 0.520394
33 52 -0.0712333 0.0749407
33 53 -0.0287532 0.0420165
33 54 0.044755 0.131724
33 55 0.0850906 0.0331849
33 56 -0.0107579 0.0106001
33 58 0.155055 -0.116505
33 59 0.196938 0.304343
33 60 0.13024 0.113169
33 62 0.0114485 -0.00352679
33 63 0.116844 0.198641
33 65 -0.249563 -0.466037
34 33 2.77726 -0.562838
34 34 10.4303 -4.0364
34 35 2.30557 -4.15989
34 36 3.1368 -1.10505
34 37 1.19942 -5.19833
34 38 4.55834 3.46528
34 39 -0.944108 -0.778236
34 40 4.4645 3.59772
34 41 3.45204 1.23156
34 42 3.51123 -2.4516
34 43 1.17566 2.42892
34 44 -0.82841 0.0495106
34 45 -1.45498 0.107244
34 46 -5.4115 -1.7167
34 47 1.73745 -1.22996
34 48 0.848278 1.11547
34 49 0.47547 -0.0688935
34 50 -0.392019 -0.320727
34 52 -0.290867 -0.384484
34 53 0.966305 0.775386
34 54 -0.566886 0.242832
34 55 -0.131025 -0.519948
34 56 -1.49457 -0.0525872
34 57 0.039635 0.0220431
34 58 0.362274 0.235118
34 59 0.104749 0.516068
34 60 -0.338317 -0.00337572
34 63 0.0206044 0.01463
35 33 1.09774 -0.797607
35 34 1.84817 -0.943237
35 35 8.22571 0.248551
35 36 0.118955 -2.39503
35 37 7.10257 -3.39898
35 38 4.56718 3.51757
35 39 5.48114 1.70237
35 40 4.91868 0.573445
35 41 2.94623 -2.97024
35 42 2.25904 2.24022
35 43 3.63898 -0.568444
35 44 1.52035 -0.606487
35 45 0.210992 0.0438175
35 46 -0.0158717 0.898081
35 47 0.612834 1.45325
35 48 1.07368 0.585718
35 49 -0.69411 0.523943
35 50 -0.767285 -0.501253
35 51 0.750079 0.640783
35 52 2.18173 -0.240206
35 53 1.92077 0.0162658
35 54 -0.253503 -0.083976
35 55 0.71418 -0.0644034
35 56 0.42346 0.22319
35 57 -1.15417 0.115631
35 58 -1.18984 0.297315
35 59 0.811381 1.00584
35 60 0.945831 1.36897
36 33 4.5669 -2.95696
36 34 2.94976 -4.29601
36 35 1.13074 -0.2904
36 36 0.871895 -1.32761
36 37 -1.14847 -1.49463
36 38 5.79482 -2.36826
36 39 2.60783 -3.31006
36 40 1.0666 0.199021
36 41 3.43108 2.36147
36 42 2.63276 -0.150771
36 43 1.63749 3.16181
36 44 0.0029315 1.69903
36 45 -1.47707 2.72183
36 46 3.49586 2.07033
36 47 -1.68059 0.703634
36 48 0.500393 -0.445263
36 49 -0.573915 -0.62777
36 50 -0.399194 -0.563745
36 51 0.296386 -0.587243
36 52 1.83643 0.0292098
36 53 0.9377 -0.821891
36 54 -0.596983 0.747548
36 56 0.782994 0.726796
36 57 -0.209365 0.371386
36 59 0.491385 0.744236
36 60 0.236509 -0.0844357
36 62 -1.02838 -0.609991
36 64 0.363801 -0.119752
36 65 0.113956 -0.0648935
37 33 0.352585 -1.26384
37 34 1.31082 -5.30008
37 35 3.54089 3.07793
37 36 6.293 0.212778
37 37 4.46173 -2.44449
37 38 5.34985 -1.08607
37 39 -1.34827 -0.506262
37 40 0.516572 0.346478
37 41 3.9409 0.411335
37 42 -2.87558 2.39339
37 43 0.0801838 -1.73537
37 44 0.0166083 -0.0983926
37 45 0.174935 -2.75358
37 46 -0.445806 0.00506969
37 47 -1.11217 0.00888255
37 48 -0.119575 -1.44767
37 49 0.182808 -0.47086
37 50 -0.335649 -0.122283
37 51 0.309134 -0.182621
37 52 0.135989 -0.143321
37 53 -0.0241761 -0.0172377
37 54 -0.314801 -0.0293667
37 55 0.759953 -0.446206
37 56 -0.777679 1.46115
37 57 -0.0622988 0.140614
37 59 0.2437 0.240249
37 60 0.511072 -0.0981309
37 62 -0.163814 -0.0923052
37 64 0.208558 0.336299
37 65 -0.286209 0.00374965
38 33 3.01258 0.00630164
38 34 -1.85262 0.725244
38 35 2.05045 -4.37782
38 36 5.67243 -1.20972
38 37 -1.38022 3.62384
38 38 3.97971 -1.25256
38 39 -1.04466 1.48037
38 40 0.675815 2.04948
38 41 4.69632 1.3524
38 42 0.697017 1.07825
38 43 -0.0191855 -0.583677
38 44 1.7235 0.468204
38 45 0.905384 -1.14725
38 46 1.15886 0.686285
38 47 0.969807 -0.603739
38 48 0.492518 0.759372
38 49 0.215007 -2.37268
38 50 1.69632 -0.291034
38 51 -0.5926 0.646835
38 52 1.12603 -1.01891
38 54 -0.79381 -0.900096
38 55 0.227673 -0.766916
38 56 2.4846 -0.139353
38 57 0.828896 0.636463
38 58 0.183998 -0.0801613
38 63 -0.798306 0.449132
38 64 0.0182642 0.0145942
39 33 3.8327 -0.56184
39 34 -1.22925 -0.72825
39 35 0.202322 2.04637
39 36 2.06738 -2.1951
39 37 5.62982 -1.3459
39 38 4.28989 1.37483
39 39 2.41674 -3.36474
39 40 0.947131 -1.5287
39 41 0.0762971 -1.69347
39 42 -2.41492 2.42805
39 43 -2.13607 -0.458332
39 44 -1.10939 -0.310421
39 45 0.0796613 1.94851
39 46 0.782774 5.73617
39 47 -1.25231 0.253293
39 48 -3.11596 -0.497401
39 49 1.90242 0.78296
39 50 -2.10744 -0.554372
39 51 -0.0763397 -0.0554503
39 52 -1.17252 0.932296
39 53 -0.173392 0.484063
39 54 0.716211 0.212243
39 55 0.0331221 0.645958
39 56 0.454917 0.489749
39 57 -0.261006 0.138747
39 58 1.63902 -0.104917
39 59 0.558124 0.218218
39 61 -0.563466 1.22168
39 62 0.175456 0.0645063
39 63 -0.0539814 -0.155107
39 64 -0.630038 -0.315887
40 33 2.05578 -1.13626
40 34 0.833134 -1.3255
40 35 3.73046 0.577445
40 36 5.64183 -0.132511
40 37 2.97842 0.236243
40 38 1.73209 -0.68511
40 39 7.929 1.73157
40 40 5.28392 1.04177
40 41 2.97226 -0.0139841
40 42 0.539573 0.321241
40 43 2.81444 1.31198
40 44 1.44892 1.07439
40 45 -3.05066 -1.44481
40 46 -0.636662 0.881319
40 47 0.567166 0.388173
40 48 -0.413097 -0.112127
40 49 0.593077 0.395065
40 50 0.0797327 0.122749
40 51 0.0478711 -0.0649088
40 52 0.142871 1.55854
40 53 0.218765 -0.67951
40 54 0.506596 -0.0892667
40 55 0.888806 0.987912
40 56 0.407193 0.893272
40 57 0.476061 0.854283
40 58 0.0140648 -0.0131896
40 61 0.0465781 -0.00132239
40 62 -1.10311 0.280502
40 63 0.235372 0.486055
40 64 -0.506544 1.53381
41 33 1.88157 -0.228862
41 34 4.34069 -1.62713
41 35 3.36983 -1.80569
41 36 6.59967 -1.84466
41 37 3.0914 0.551375
41 38 4.0126 1.19695
41 39 10.2395 0.562187
41 40 -1.1168 0.81496
41 41 4.93907 1.73733
41 42 3.14423 -0.270251
41 43 0.204967 -1.322
41 44 2.90795 -1.37737
41 45 -3.48888 2.73642
41 46 1.02895 -1.10584
41 47 0.0234917 0.384659
41 48 -0.420169 0.87382
41 49 0.232765 0.550772
41 50 -0.0509489 -0.0060953
41 51 0.273055 0.509471
41 52 -1.58009 0.0552474
41 53 0.749563 0.852274
41 54 -1.36155 -0.0571686
41 55 -0.0928794 0.625243
41 56 -0.0717705 0.0184642
41 57 -0.697131 0.691606
41 58 -0.552238 1.05608
41 61 -0.0385498 -0.0206891
41 62 -0.0719011 0.189633
41 64 0.813058 -1.05829
41 66 0.0664011 0.136801
42 33 3.26875 -0.768903
42 34 1.87273 -1.15991
42 35 -0.963725 -1.89435
42 36 2.76936 1.4508
42 37 2.5217 1.0101
42 38 1.45286 -1.3109
42 39 -1.44247 0.568204
42 40 4.39301 0.13089
42 41 5.22728 -0.614841
42 42 0.603713 1.8992
42 43 2.2682 1.06186
42 44 2.06668 2.67493
42 45 2.45064 0.634929
42 46 1.64454 1.92707
42 47 0.409739 0.64423
42 48 2.89723 1.44327
42 49 -0.0942792 -0.209324
42 50 0.347764 0.433122
42 51 2.37367 2.30568
42 52 0.216679 0.101285
42 53 1.18806 0.202294
42 54 0.813853 0.25473
42 55 0.639451 -0.791724
42 57 0.0763625 -0.143122
42 58 -0.813038 -0.107899
42 60 -0.20016 0.939277
42 61 -0.0376857 0.211378
42 64 0.475498 -0.940615
42 66 0.107052 0.0398292
43 33 1.1633 0.128427
43 34 1.9713 -0.332899
43 35 10.0696 3.21612
43 36 1.9689 0.312758
43 37 9.54967 -1.66058
43 38 5.78172 2.09909
43 39 1.29903 -0.403646
43 40 2.38261 -0.155206
43 41 3.7593 -0.568801
43 42 1.23018 -1.65685
43 43 0.400141 0.302184
43 44 1.78174 4.24928
43 45 -0.0575416 1.49155
43 46 -0.948489 1.95237
43 47 0.943175 0.182542
43 48 2.33293 1.06786
43 49 1.57733 -1.0134
43 50 1.56624 0.533634
43 51 0.37757 0.439561
43 52 -0.918144 -0.93051
43 53 0.357105 -0.384648
43 54 0.557859 -0.228923
43 55 -0.275008 -0.157982
43 56 -1.4484 0.618694
43 57 0.0701043 0.0770571
43 58 0.482847 0.388052
43 59 -0.0229435 -0.0109676
43 60 0.353844 -0.283655
43 64 -0.832103 -0.213533
43 65 -0.514323 -0.382768
43 66 -0.135775 -0.071175
44 33 4.9139 -1.22059
44 34 5.54249 -0.0186154
44 35 3.4812 -0.564343
44 36 0.596455 -1.0566
44 37 6.37089 -1.61903
44 38 5.81922 -1.9756
44 39 4.9523 2.40739
44 40 4.93612 0.880349
44 41 -3.26833 1.12805
44 42 4.52787 -0.580844
44 43 -0.242262 0.612445
44 44 -1.84093 -0.487145
44 45 -0.564119 -0.202724
44 46 2.20206 -0.496745
44 47 3.06741 0.13008
44 48 0.897564 0.146002
44 49 -0.727017 1.23872
44 50 -0.251999 0.218516
44 51 2.89518 -0.648805
44 52 0.687352 -0.644978
44 53 -1.00355 -1.14011
44 55 -0.065659 0.178813
44 56 0.218996 0.587695
44 57 -0.46317 -0.248817
44 58 -0.413582 -0.881147
44 59 0.0131817 0.025638
44 61 -1.17348 0.159727
44 62 0.351022 0.305503
44 65 0.300924 0.0834682
44 66 -0.475973 -0.116073
45 33 1.96595 -1.24232
45 34 -0.781935 -0.260494
45 35 3.17499 0.222984
45 36 -3.1827 -1.40924
45 37 4.17702 -1.08259
45 38 5.44572 -1.37767
45 39 1.86166 -2.39263
45 40 6.03365 -3.09653
45 41 1.70217 1.23431
45 42 0.996216 0.0360736
45 43 -1.64086 -3.13137
45 44 -0.322736 1.7091
45 45 0.629853 -0.844202
45 46 -0.306007 0.00148791
45 47 1.37878 0.997294
45 48 -0.818484 1.2037
45 49 3.20884 -0.41562
45 50 0.771702 -0.623653
45 51 0.0970146 0.247614
45 52 0.940248 0.7947
45 53 1.31024 0.830369
45 54 1.14677 1.26082
45 55 0.148316 0.0833672
45 56 1.47739 -0.041856
45 57 0.260377 0.961339
45 59 -1.40676 -0.684938
45 60 -0.271992 -0.00428922
45 61 0.701146 -0.018247
45 62 -0.461333 0.622868
46 33 0.401472 1.00346
46 34 6.02112 -0.936422
46 35 3.08757 -1.93322
46 36 3.38356 1.57174
46 37 -1.62008 1.96661
46 38 0.611747 1.97628
46 39 -0.649928 0.392282
46 40 6.58169 0.281797
46 41 2.15909 -0.744773
46 42 0.650007 2.47847
46 43 2.12887 3.49159
46 44 2.93785 0.272606
46 45 1.26259 -0.54809
46 46 -1.56007 0.0317704
46 47 -0.171237 -0.405769
46 48 -0.934025 -0.726595
46 49 2.47815 0.541188
46 50 2.12664 0.290612
46 51 -0.118218 -0.297186
46 52 0.574287 0.568999
46 53 0.132879 0.694174
46 54 1.27421 0.303644
46 55 0.241616 -0.126049
46 56 0.445576 0.910902
46 57 -1.07929 0.920372
46 58 -7.69954e-05 0.134528
46 59 -0.152812 0.180077
46 60 0.750202 1.03222
46 61 -0.249303 -0.340706
46 63 -0.278921 0.0851346
46 64 -0.408162 -0.992998
46 65 -0.165211 -0.178484
47 33 1.55475 -0.232
47 34 2.18898 -0.330074
47 35 -1.50293 0.852008
47 36 0.134373 -0.349685
47 37 3.88275 -0.574477
47 38 -0.616986 1.5362
47 39 2.96264 1.00017
47 40 0.652901 0.974567
47 41 1.98704 -0.952783
47 42 -0.234007 -1.10066
47 43 0.842056 0.944029
47 44 -0.235941 1.91745
47 45 -1.36898 0.578384
47 46 0.379978 0.758139
47 47 1.55775 -3.04694
47 48 1.2195 -0.344665
47 49 -0.70594 3.80891
47 50 -1.28172 1.34731
47 51 1.42091 1.40716
47 52 1.52311 -0.346947
47 53 0.371246 0.165029
47 54 0.258086 0.121007
47 55 -0.0331927 -0.0160198
47 56 1.23828 0.0311523
47 57 -1.29964 -0.0419812
47 58 0.727858 0.283631
47 59 0.331368 0.0537893
47 60 -0.28786 0.527581
47 61 0.203492 -0.159727
47 62 0.0411033 0.343552
47 64 0.00202146 0.00219831
47 65 -0.10348 0.000783084
48 33 3.30153 -3.06492
48 34 -2.46068 2.03319
48 35 -1.16718 2.25822
48 36 5.68773 4.11109
48 37 1.38707 -0.328415
48 38 2.58952 0.699524
48 39 1.70857 1.20814
48 40 2.29357 2.54744
48 41 2.24503 2.41356
48 42 1.32239 0.97329
48 43 2.10624 1.89716
48 44 0.962194 0.355324
48 45 2.38938 -0.571303
48 46 4.37261 2.00449
48 47 -0.0631292 1.609
48 48 -0.536725 0.71469
48 49 1.01728 -0.264284
48 50 1.05608 0.868826
48 51 2.24956 0.505973
48 52 -0.587874 -0.675409
48 53 -2.06555 -0.61951
48 54 0.294668 -0.0241577
48 55 -0.248381 -0.180737
48 56 0.0345631 0.0821068
48 57 -1.00424 0.20616
48 58 -0.386349 0.109873
48 60 0.0760794 0.0430991
48 65 -0.35261 0.219513
49 33 7.58931 -0.212807
49 34 -0.25059 1.13876
49 35 0.0442727 2.87653
49 36 1.23062 0.41918
49 37 0.445712 -0.10822
49 38 -0.182889 -1.83227
49 39 -1.32652 -0.175825
49 40 4.29796 2.47843
49 41 0.786887 2.82939
49 42 1.27958 -1.12297
49 43 0.882773 1.91774
49 44 3.60397 -2.05379
49 45 2.65357 1.45596
49 46 -3.62611 1.06412
49 47 0.212445 0.144197
49 48 0.475744 0.682428
49 49 -0.590654 0.516823
49 50 0.72384 0.395193
49 51 -0.540448 0.611051
49 52 0.359779 1.29087
49 53 -0.132845 0.531587
49 54 -0.0717402 -0.528171
49 55 0.0279135 0.0576895
49 56 0.22763 -0.600569
49 57 0.197922 0.543338
49 58 0.623168 0.290446
49 59 0.0189192 -0.00520651
49 60 -0.34767 -0.483226
49 61 0.00700336 0.000961155
49 62 0.0487866 0.0292871
49 63 -0.244549 0.228889
49 65 -0.2026 -0.100867
49 66 0.185001 0.0581253
50 33 3.6739 -1.1868
50 34 2.72902 -0.479444
50 35 -0.412524 -1.34893
50 36 5.22754 -0.404707
50 37 5.09093 1.75552
50 38 5.76714 -1.96954
50 39 3.98756 0.489948
50 40 1.96164 1.39133
50 41 4.02653 -0.75526
50 42 2.29166 2.3881
50 43 1.87925 1.78008
50 44 -1.96231 3.19186
50 45 -1.67358 0.229238
50 46 0.12942 1.37199
50 47 -0.737279 -1.28273
50 48 0.536659 0.0923929
50 49 -1.53717 -1.18884
50 50 -0.508372 0.779579
50 51 -0.353547 -0.353781
50 52 0.88466 1.36732
50 53 1.42683 0.571727
50 54 0.0416208 0.000236254
50 55 0.388174 0.846129
50 56 0.331524 0.18856
50 57 0.182293 0.0919639
50 58 -0.698977 -0.391055
50 59 0.0534495 0.0591752
50 60 0.0775991 0.107596
50 62 0.801027 -1.29441
50 64 -0.0274408 -0.0115208
50 65 0.0744326 0.0807728
50 66 0.0154638 0.0134884
51 33 1.2122 -1.6559
51 34 2.11519 3.1115
51 35 2.04222 -2.54142
51 36 3.15745 0.154844
51 37 5.41343 1.09153
51 38 2.60857 -0.641122
51 39 1.31144 0.164609
51 40 0.645551 0.0928652
51 41 -2.56248 -0.755165
51 42 2.82038 3.13952
51 43 -0.593208 -0.748247
51 44 1.98896 3.05681
51 45 0.957049 1.10227
51 46 -1.91418 1.44514
51 47 1.50116 0.563504
51 48 2.1579 0.922193
51 49 -0.534304 -0.874891
51 50 0.560162 0.991921
51 51 -2.32927 -1.0599
51 52 0.125236 0.614896
51 53 -2.21446 -0.827361
51 54 0.44461 0.307784
51 55 -0.5644 -0.355685
51 56 -1.66833 0.464311
51 57 1.39505 0.871876
51 58 0.471063 -0.046564
51 59 -0.604467 0.0915729
51 62 0.446961 0.0104775
51 63 0.188404 -0.142606
51 64 -0.0352364 3.32656e-05
52 33 4.40518 0.346147
52 34 2.19923 -1.29258
52 35 4.62443 -2.30309
52 36 -1.12859 -2.74207
52 37 2.40834 -1.0125
52 38 3.23625 1.04461
52 39 3.18561 -1.35569
52 40 3.90253 -1.42937
52 41 -0.312804 0.873518
52 42 0.199922 -0.396556
52 43 0.303668 4.08663
52 44 0.501451 0.295628
52 45 -1.41293 1.67812
52 46 1.19048 -0.844268
52 47 0.838351 -0.0305862
52 48 -0.765753 1.90908
52 49 -1.30196 0.480207
52 50 0.00244212 0.330774
52 51 0.341093 -0.485003
52 52 1.06965 -0.445225
52 53 0.664998 0.109827
52 54 -0.732574 1.10097
52 56 0.52507 0.182662
52 57 2.03735 1.60995
52 58 0.00765656 -0.00774882
52 59 0.639242 -0.245069
52 60 -0.776891 -0.869113
52 62 -0.0813272 -0.0516541
52 63 0.107894 -0.0291836
52 65 -0.337915 0.148712
52 66 -0.259629 0.56506
53 33 -0.232862 0.371862
53 34 0.514939 0.728695
53 35 3.12255 -0.934439
53 36 3.35245 0.844338
53 37 3.05007 0.35491
53 38 -0.105951 0.180773
53 39 0.389923 -1.49908
53 40 3.78666 3.31369
53 41 0.0391849 2.74394
53 42 2.96336 0.418175
53 43 3.94362 -0.445871
53 44 2.41417 1.23539
53 45 0.0248664 -0.790528
53 46 -0.430073 -1.37341
53 47 0.1188 0.157783
53 48 0.762296 -0.586379
53 49 0.0241546 0.665628
53 50 -1.20086 -0.571101
53 51 0.642283 -0.439128
53 52 1.02106 -0.261554
53 53 1.00013 0.0623858
53 54 0.0752842 -0.0251095
53 55 -0.00247267 0.00448123
53 56 -0.425897 0.937026
53 57 -0.303844 -0.0382853
53 58 -0.149148 0.31118
53 59 0.111431 0.334377
53 63 -0.103417 0.159647
53 65 -0.803494 1.45463
54 33 -0.823273 -0.30961
54 34 1.67502 2.07298
54 35 2.56138 1.08485
54 36 7.01677 -0.940188
54 37 5.7313 1.34882
54 38 -1.20071 1.48526
54 39 0.172086 -0.195524
54 40 0.0337445 0.307582
54 41 1.83464 0.749055
54 42 0.381662 0.00588465
54 43 -0.253575 0.045873
54 44 0.808883 -0.056446
54 45 -0.497915 1.42093
54 46 -0.303775 -0.794835
54 47 -2.25882 1.28744
54 48 -0.312754 0.734584
54 49 0.344976 0.132632
54 50 -0.515195 0.0212722
54 51 -0.668382 -0.219114
54 52 -0.81435 0.754471
54 53 1.36516 -0.462834
54 54 1.67299 -0.114033
54 55 1.87625 1.00169
54 56 -2.32993 0.0772635
54 57 -0.685364 0.327431
54 59 0.582284 0.630299
54 60 -0.236584 0.0466325
54 64 -0.256702 0.0658718
54 65 -1.08834 0.616856
55 33 2.34782 -1.0879
55 34 0.345338 -2.8478
55 35 2.32721 4.39456
55 36 4.56831 2.13348
55 37 2.39079 -0.91745
55 38 -0.942841 0.503372
55 39 0.937734 -2.23585
55 40 0.205828 -0.340642
55 41 3.15258 2.17566
55 42 1.68512 0.285984
55 43 0.546382 -0.811698
55 44 -1.28756 0.681481
55 45 0.870832 0.245103
55 46 -3.17233 1.1481
55 47 -1.36077 -1.18136
55 48 -1.00092 -0.620602
55 49 0.582471 -0.0461374
55 50 -0.766641 1.8797
55 51 1.56569 -0.925483
55 52 -1.39736 -0.0739425
55 53 -3.46431 1.57028
55 54 -0.0965077 1.75876
55 55 -0.488415 1.60345
55 56 -1.57632 0.0616481
55 57 0.00123841 0.00103733
55 58 0.0652926 -0.101381
55 59 0.600532 -0.0123948
55 60 -0.135592 -0.0251759
55 61 -0.166188 0.866987
55 63 -0.276491 0.0852648
55 66 0.0795796 0.0802596
56 33 0.385501 0.172986
56 34 5.85381 -4.88073
56 35 -3.22165 0.300747
56 36 3.37351 1.85081
56 37 6.93749 -1.99668
56 38 0.560245 0.0513138
56 39 5.04674 0.500922
56 40 -2.64113 0.997843
56 41 -0.783119 0.533342
56 42 6.60537 2.94545
56 43 1.32992 -0.269446
56 44 2.19968 -0.678832
56 45 5.85458 3.91201
56 46 -1.02141 -0.491426
56 47 -0.49494 -0.101871
56 48 -0.0187744 1.36619
56 49 1.06976 -0.0237479
56 50 0.685575 -0.190594
56 51 2.56567 0.861969
56 52 1.06306 0.0213028
56 53 0.61398 -0.117714
56 55 -1.78787 -0.548735
56 56 -0.536884 -0.448327
56 57 -0.100494 0.0195218
56 58 -0.366297 -0.144921
56 59 1.18341 -0.87522
56 60 0.774753 0.0975154
56 61 0.382101 -0.575463
56 62 -0.212359 -0.116378
56 64 -0.69 -0.468211
56 65 0.312717 0.444808
56 66 0.289052 0.441087
57 33 0.0344618 -0.096218
57 34 3.16967 0.256224
57 35 -0.314816 0.0114372
57 36 -0.395014 2.13357
57 37 3.63028 -0.838391
57 38 0.58838 -2.27771
57 39 2.38735 1.90857
57 40 -1.27444 2.28103
57 41 0.798751 1.94264
57 42 3.58572 0.741497
57 43 1.25778 0.424702
57 44 3.24269 0.0470257
57 45 -0.842485 0.397584
57 46 -0.0314036 0.934858
57 47 0.111298 -0.161117
57 48 -0.0399994 0.106144
57 49 2.04751 0.344602
57 50 0.765788 0.696022
57 51 -2.02534 1.01867
57 52 2.05241 -0.601096
57 53 0.270838 0.100737
57 54 -0.141809 -0.976433
57 55 -1.6526 0.375141
57 56 0.951345 -0.327722
57 57 0.619708 -0.563471
57 58 -0.166679 0.141341
57 59 0.817122 0.109246
57 60 0.75015 -0.0454886
57 61 0.53775 0.89094
57 62 -0.304727 -0.163361
57 66 -1.71143 0.214934
58 33 0.295374 -0.118461
58 34 2.57174 1.01409
58 35 2.41638 3.70635
58 36 0.784564 1.34317
58 37 -3.57683 0.363577
58 38 0.623785 -1.89332
58 39 1.43122 -2.77781
58 40 3.52555 -0.0507722
58 41 -0.809575 1.6865
58 42 3.30162 2.27341
58 43 0.282675 1.59912
58 44 0.0238643 1.88741
58 45 -2.17211 -1.04155
58 46 0.102667 -0.447894
58 47 -1.17256 0.182781
58 48 -1.41983 1.70399
58 49 1.38822 1.80304
58 50 1.05451 -0.129116
58 51 0.971231 -0.652599
58 52 1.71218 1.27544
58 53 1.9361 0.357447
58 54 -1.09125 0.200969
58 55 -0.863881 0.769776
58 56 0.484515 -0.548412
58 57 0.314146 1.84279
58 59 2.13084 1.23854
58 60 0.509147 -0.0284565
58 61 -0.13632 -0.0271688
58 64 0.0379682 2.3792
58 65 -0.424395 0.584933
59 33 0.730652 -0.646445
59 34 4.97742 -2.39025
59 35 1.29738 0.190935
59 36 4.23863 0.804175
59 37 0.875886 0.746545
59 38 -4.73505 -1.30594
59 39 -2.50345 -0.720543
59 40 -0.110565 2.15107
59 41 0.577212 0.507954
59 42 2.41884 0.983818
59 43 0.138785 -0.211057
59 44 2.25553 2.86217
59 45 2.80979 0.591784
59 46 0.847328 0.46175
59 47 -2.61262 0.601803
59 48 1.83845 1.1652
59 49 1.17235 1.15122
59 50 1.48612 0.638026
59 51 0.20086 -0.119102
59 52 0.342529 0.27684
59 53 -0.339651 -0.678515
59 54 0.0253636 -0.231127
59 55 1.37715 0.442058
59 56 -0.578247 0.485116
59 57 -0.96679 0.618447
59 58 0.768915 0.838633
59 60 0.0926639 0.0630862
59 63 -1.63155 0.714214
59 64 -0.0247838 -0.132352
59 65 0.243447 -0.160983
59 66 0.0621837 0.0522739
60 33 2.90867 -0.892816
60 34 10.2033 -4.0594
60 35 0.0139763 2.14402
60 36 1.28343 0.675922
60 37 1.7422 -0.829136
60 38 -1.15364 0.693635
60 39 1.62767 1.18257
60 40 4.99837 -0.917687
60 41 3.27664 1.07899
60 42 5.64937 4.03745
60 43 1.17765 0.097374
60 44 1.74297 0.522496
60 45 -0.570241 -0.123898
60 46 0.137629 -1.40443
60 47 -0.520922 0.0737152
60 48 0.10267 -0.097762
60 49 0.160087 1.02876
60 50 0.788246 0.515226
60 51 2.83902 -0.60948
60 52 1.81887 0.0864639
60 53 -0.478697 -0.27672
60 54 0.309448 -0.177228
60 55 -0.537905 0.111451
60 56 -0.794953 1.37512
60 57 -0.453776 -0.368107
60 58 -0.0617757 -0.0352306
60 59 0.0293022 -0.0139893
60 60 0.0646784 -0.188536
60 61 -0.178437 0.0148138
60 62 -0.16558 0.113068
60 63 -0.214799 -0.439155
60 64 -0.215478 -0.108853
60 65 -0.821059 -0.0778846
60 66 -0.687201 -0.115425
61 33 1.6645 -2.27573
61 34 2.42118 0.209657
61 35 0.962515 0.431067
61 36 -1.6952 -2.54799
61 37 1.4993 -0.517787
61 38 1.12104 0.348835
61 39 -1.69472 1.3498
61 40 1.61133 1.57515
61 41 1.71515 0.0595565
61 42 2.91867 0.772762
61 43 2.08527 -0.22585
61 44 3.08886 2.33231
61 45 1.21903 2.25529
61 46 0.87914 0.246903
61 47 -0.476107 1.61779
61 48 0.417959 0.695193
61 49 -0.616008 -1.73163
61 50 0.427949 -0.685934
61 51 -1.2364 1.51723
61 52 0.48778 0.878886
61 53 -0.0345443 0.309514
61 54 -0.0903721 0.29167
61 55 -0.794732 0.974443
61 56 1.10002 0.176517
61 57 -2.18173 1.24589
61 58 0.0669839 -0.0681594
61 61 0.488165 0.0358804
61 63 0.768245 1.27964
61 64 0.12754 0.0548007
61 65 1.70951 2.05805
61 66 0.225633 0.412665
62 33 3.12088 -1.48986
62 34 0.643479 0.369159
62 35 1.04144 0.774819
62 36 -1.08385 -1.8727
62 37 0.747965 -1.01506
62 38 2.02914 -2.00047
62 39 -1.36204 -0.611307
62 40 1.89463 1.50422
62 41 1.24146 -0.46183
62 42 1.37012 -0.0616582
62 43 -0.263525 1.38311
62 44 1.02521 -0.462015
62 45 -0.921143 -0.324111
62 46 1.42665 -0.907476
62 47 2.17388 -0.237844
62 48 1.29968 1.02996
62 49 1.23182 0.892427
62 50 -0.120843 0.910847
62 51 0.701209 1.42234
62 52 2.26032 -0.26099
62 53 0.0606749 -0.0842182
62 54 0.275778 0.624118
62 55 -0.0579792 0.261472
62 56 1.0691 1.01598
62 58 0.512671 -0.062315
62 61 -0.0198687 -0.0348874
62 62 0.258643 0.435711
62 65 -0.0320853 -0.0394876
62 66 0.291392 0.278023
63 33 3.0217 0.872055
63 34 6.00026 -2.25323
63 35 0.681298 0.240135
63 36 3.22139 -0.63505
63 37 -3.74302 -0.218373
63 38 -0.879959 -3.4482
63 39 4.72757 2.98061
63 40 -0.669447 1.00991
63 41 0.366921 0.370125
63 42 3.23125 1.51161
63 43 0.941133 -0.113546
63 44 0.831187 -0.86995
63 45 1.17744 0.594417
63 46 1.04821 -0.0428706
63 47 -0.0190388 -0.0590977
63 48 1.31029 1.34531
63 49 1.32958 0.313342
63 50 0.939949 0.991765
63 51 -0.529904 0.100608
63 52 0.32416 0.330687
63 53 -0.857146 -0.0455555
63 54 -0.747105 0.329801
63 55 0.778112 0.0511014
63 56 -0.133771 0.76253
63 57 -0.0763522 -0.108046
63 58 0.449676 0.661138
63 60 1.24486 1.1353
63 61 0.301071 0.481203
63 63 0.0413925 -0.170294
63 66 0.0955052 -0.0515725
64 33 2.52413 -1.56024
64 34 1.28521 0.368782
64 35 2.47045 0.644762
64 36 5.66946 0.296226
64 37 3.28598 0.031438
64 38 -1.50678 -0.428044
64 39 3.67278 -0.307183
64 40 1.16708 0.0718877
64 41 0.526348 -0.948271
64 42 2.56417 0.744557
64 43 0.0515096 0.0262803
64 44 1.23533 0.72238
64 45 0.489275 1.18461
64 46 2.59986 0.690683
64 47 0.510305 0.384155
64 48 0.408189 -0.0724465
64 49 0.0988499 -0.206402
64 50 0.430894 0.641986
64 51 -0.075092 0.73184
64 53 0.0885391 0.294107
64 54 0.260441 0.638789
64 55 -0.170688 0.0646742
64 56 -0.248862 -0.0874137
64 57 0.403286 -0.276407
64 58 -0.0244617 0.000865885
64 59 0.680191 -0.318963
64 60 -0.137325 0.153793
64 61 0.872882 0.176095
64 64 0.4439 0.110684
65 33 4.5109 -0.785465
65 34 3.45295 -0.575346
65 35 2.63217 0.993712
65 36 -0.640949 -1.08423
65 37 2.54454 1.25274
65 38 2.10422 -0.648546
65 39 1.78397 -0.788825
65 40 0.37813 -0.57984
65 41 1.20335 -0.20224
65 42 4.8296 -0.00341738
65 43 1.60136 0.189088
65 44 3.12562 1.44326
65 45 0.649314 0.338797
65 46 0.0711361 1.88249
65 47 1.70811 -0.600884
65 48 1.06355 0.0618893
65 49 0.676898 0.0274518
65 50 0.316823 0.565976
65 51 0.275421 -0.996814
65 52 0.914626 0.478178
65 53 0.16656 -0.19614
65 54 0.0260048 0.414768
65 55 -0.013704 0.00384621
65 56 -0.236523 -0.0552748
65 57 -0.27736 -0.0555151
65 58 0.265018 0.131009
65 59 -0.321238 -0.19035
65 60 0.514523 0.401916
65 62 0.047818 0.0100206
65 64 0.212921 2.00409
65 65 -0.719295 -0.0882603
66 33 3.51066 -1.06018
66 34 3.41907 -1.43387
66 35 1.33386 -0.72336
66 36 0.0665511 -0.606474
66 37 3.72064 -0.662194
66 38 2.39415 0.17788
66 39 4.07937 -0.0504327
66 40 2.19414 -0.408772
66 41 1.39002 -1.66855
66 42 0.936411 0.0798795
66 43 0.692451 1.12153
66 44 2.05871 0.103945
66 45 1.15625 0.188309
66 46 2.483 -0.14785
66 47 1.62805 1.4806
66 48 1.58257 0.192538
66 49 0.503008 0.307115
66 50 0.413595 0.324
66 51 0.250879 0.389572
66 52 0.162254 0.0610398
66 53 0.238829 0.20666
66 54 -0.0536833 0.170235
66 55 0.583627 0.786662
66 56 0.114889 0.348785
66 57 -0.0274041 0.0492503
66 58 0.207798 0.125232
66 60 0.320389 0.192417
66 61 0.0750014 0.0104938
66 62 -0.0362506 0.0603218
66 63 0.5238 0.422665
66 64 0.431751 0.225359
66 65 0.701843 -0.222381
67 33 0.523801 -0.485588
67 34 0.46451 -0.0148611
67 35 0.507481 0.0427776
67 36 0.386379 -0.0405514
67 37 0.478065 -0.0578563
67 38 1.0533 0.0360186
67 39 0.663766 0.12154
67 40 0.554751 0.0620563
67 41 0.275013 0.144106
67 42 0.487477 -0.0254611
67 43 0.352131 0.163557
67 44 0.400733 0.161663
67 45 0.301349 -0.0388093
67 46 0.411761 0.205671
67 47 0.324927 -0.0527659
67 48 0.242317 -0.0708193
67 49 0.0776184 0.0293927
67 50 0.150946 0.127522
67 51 0.0511627 0.0452559
67 53 0.0689461 0.0815401
67 54 0.0773936 0.0293832
67 55 0.260444 0.163491
67 56 0.0645399 0.107101
67 57 0.00524752 0.0162507
67 59 -0.0165343 0.0633558
67 60 0.0581855 0.0352358
67 62 0.0870155 -0.0393423
67 63 0.0938445 -0.0830099
67 64 0.0773774 0.0117527
67 65 0.151418 0.0256225
