0 33 -1.64015 10.3653
0 34 -2.92409 3.86747
0 35 1.1065 3.12433
0 36 -6.31394 -2.34152
0 37 -2.75392 4.56116
0 38 5.2905 3.20604
0 39 -2.02947 2.08661
0 40 1.71489 5.90866
0 41 4.02567 7.9056
0 42 -0.534578 4.1397
0 43 -0.0149141 0.539858
0 44 -2.0749 -0.769625
0 45 2.84015 0.79307
0 46 0.534967 3.24709
0 47 4.48331 3.24382
0 48 0.876996 3.64002
0 49 0.691183 -0.0116315
0 50 -0.628438 0.933757
0 51 -0.180765 0.161108
0 53 -0.364197 0.285768
0 54 0.859748 -0.750561
0 56 -1.41018 0.319943
1 33 7.33792 27.5135
1 34 2.46548 10.4035
1 35 -0.258524 7.83962
1 36 5.85049 6.88101
1 37 -4.0449 12.6573
1 38 1.58205 8.21475
1 39 -2.89571 5.92689
1 40 -3.43931 -3.12385
1 41 -2.35412 8.47756
1 42 -5.64977 11.9458
1 43 1.11206 4.28413
1 44 -3.64566 1.15953
1 45 -1.56781 5.50494
1 46 2.74973 2.86129
1 47 -1.0895 0.966036
1 48 0.707486 1.23247
1 49 0.577305 0.594175
1 50 1.27729 2.55268
1 51 0.853604 -0.476309
1 52 -0.379951 -0.0300038
1 53 -0.212449 -0.154585
1 54 -0.0822953 -0.344726
1 55 0.803512 0.623302
1 56 -0.568703 -0.124684
1 57 -0.702091 0.323838
1 59 0.437071 0.755155
1 60 0.414154 -0.208087
2 33 -0.57011 39.9713
2 34 7.02827 22.8293
2 35 -1.72602 22.4592
2 36 12.206 22.1747
2 37 -13.8486 9.78324
2 38 -1.88062 17.4659
2 39 4.52895 7.03063
2 40 -1.53967 12.4077
2 41 4.74767 11.8209
2 42 0.492624 8.90679
2 43 -3.86382 14.4825
2 44 -4.33733 7.52584
2 45 -1.66034 7.82872
2 46 -1.33212 5.13784
2 47 1.33438 7.39706
2 48 5.60903 3.59887
2 49 0.00616786 -4.03737
2 50 0.207819 -0.292163
2 51 0.718935 -0.0395337
2 52 0.535596 0.66767
2 53 0.38137 -0.282452
2 54 0.284256 0.0360432
2 55 -0.420051 0.323299
2 56 -0.570633 0.172444
2 57 -0.393628 0.278005
2 58 0.0197786 -0.022202
2 60 0.596443 -0.655199
2 61 -0.172325 0.0669072
3 33 -10.2457 57.2915
3 34 -5.20294 19.1291
3 35 -14.8246 16.1455
3 36 5.35119 16.8023
3 37 4.98185 20.3581
3 38 -5.04161 19.3638
3 39 -1.68356 18.342
3 40 -0.553925 22.6792
3 41 4.75762 13.9576
3 42 1.46719 6.39129
3 43 8.06816 10.9705
3 44 4.04258 11.8863
3 45 -1.35711 8.45877
3 46 -5.80236 13.8009
3 47 11.0092 13.0992
3 48 1.33101 3.52572
3 49 -2.37015 1.6886
3 50 -4.45782 1.60153
3 51 -0.326131 0.0845892
3 52 -3.19415 -0.578956
3 53 -0.10787 1.42908
3 54 0.26968 -0.716029
3 55 0.491786 -0.0308335
3 56 -1.05202 0.609868
3 57 -0.479114 -0.0127072
3 58 -0.100784 0.326576
3 60 0.0345065 -1.40627
3 62 0.512262 -0.00214399
4 33 2.31255 56.5285
4 34 -7.559 29.3083
4 35 -2.80513 32.4371
4 36 2.31083 18.4139
4 37 10.4257 18.5014
4 38 2.13997 22.249
4 39 18.3848 20.0117
4 40 1.21852 18.5147
4 41 3.72121 13.3922
4 42 -3.65454 14.8454
4 43 -1.79448 13.5915
4 44 7.75436 12.3349
4 45 -3.31134 7.2372
4 46 -7.25471 14.5669
4 47 5.4996 13.3179
4 48 0.552514 6.66385
4 49 6.66348 6.6205
4 50 -1.45712 1.83566
4 51 1.21383 1.14662
4 52 3.64725 2.04188
4 53 0.717052 -0.88898
4 54 -1.31993 -1.0612
4 55 -1.83947 0.231447
4 56 1.37335 -0.212438
4 58 -0.75978 0.364269
4 59 -0.0567623 -0.12806
4 60 1.0202 -0.884905
4 61 0.527382 -0.167405
4 62 0.49354 -0.488958
4 63 0.294648 1.01492
5 33 -5.82008 58.8319
5 34 -1.52195 23.9739
5 35 13.4133 32.3912
5 36 12.7425 40.7144
5 37 -2.24219 27.8593
5 38 -14.9924 25.537
5 39 -0.420473 15.3803
5 40 -5.49222 18.2123
5 41 1.01719 21.4707
5 42 0.27882 5.24004
5 43 7.23648 10.3443
5 44 5.04591 9.96352
5 45 9.95144 8.04853
5 46 5.93831 5.38655
5 47 5.1213 9.28558
5 48 2.37188 12.2537
5 49 -0.240044 5.0311
5 50 -2.54419 5.97643
5 51 0.601007 -0.462215
5 52 -0.102698 2.73895
5 53 0.428941 -0.379928
5 54 -0.136659 0.951369
5 55 0.496617 -0.388388
5 56 0.116229 -0.15238
5 57 0.0891702 0.0569321
5 58 0.00561172 0.14411
5 59 1.10275 -0.718126
5 60 -0.100106 -0.0466603
5 61 -0.373226 -0.0193625
5 62 0.022653 0.0162149
5 63 -0.479739 0.73094
5 64 0.272331 -0.0531939
5 65 0.102014 0.0233173
5 66 0.000467766 4.75466e-07
6 33 1.46675 51.1665
6 34 -10.9547 27.9634
6 35 13.4958 22.4689
6 36 14.0622 20.4341
6 37 13.0012 25.4578
6 38 -1.60732 13.9597
6 39 -1.6915 20.3579
6 40 3.28791 20.4069
6 41 -3.73272 18.3427
6 42 -6.01774 15.5246
6 43 -6.24445 10.1798
6 44 12.2528 15.7198
6 45 14.1949 7.27371
6 46 8.32697 11.7354
6 47 -10.9446 4.57596
6 48 3.60266 4.32397
6 49 0.624458 3.52286
6 50 -2.64711 4.31742
6 51 -2.71749 1.57873
6 52 -0.770177 -0.953336
6 53 0.88554 1.03395
6 54 1.31834 0.135895
6 55 2.72537 -1.35349
6 56 0.965118 0.215284
6 57 1.4698 0.195316
6 58 -0.312902 0.938378
6 59 1.70371 -1.41211
6 60 0.405876 0.49042
6 62 -0.0092133 0.00948674
6 63 1.43774 -0.0201568
6 64 0.136542 -0.152375
6 65 -0.179113 -0.368978
6 66 0.333822 0.00767449
7 33 9.00052 58.2048
7 34 6.30106 25.0514
7 35 8.30737 28.2215
7 36 9.40233 20.6298
7 37 0.728861 29.5067
7 38 8.85443 29.3112
7 39 7.1594 21.5623
7 40 -4.7244 17.0178
7 41 8.00628 11.8366
7 42 -2.75441 15.2738
7 43 1.88513 12.4217
7 44 -1.26343 12.8317
7 45 16.1479 17.4167
7 46 -1.42925 10.504
7 47 1.84933 11.4707
7 48 1.89439 6.19507
7 49 9.92048 0.636289
7 50 -6.10678 6.07203
7 51 0.49639 1.28034
7 52 -3.05443 2.06951
7 53 -1.76954 0.180555
7 54 -1.0953 0.625402
7 55 -0.110438 0.820407
7 56 1.4673 1.52494
7 58 0.854533 0.831853
7 60 -0.518986 1.14571
7 62 0.716508 -0.320544
7 63 -0.632492 0.0649165
7 64 0.116142 0.742532
7 65 -1.02332 -0.0941598
8 33 9.22085 37.9966
8 34 9.31709 17.1207
8 35 -8.85644 25.4508
8 36 2.4586 14.7039
8 37 14.9824 21.5966
8 38 9.27151 15.1144
8 39 25.6471 12.0704
8 40 9.53093 21.837
8 41 2.83555 16.1127
8 42 2.24608 11.5914
8 43 -2.87701 10.7264
8 44 -3.77577 9.55494
8 45 -3.20629 4.51733
8 46 -0.723563 3.85867
8 47 7.39227 7.91071
8 48 2.84524 1.29709
8 49 2.33255 3.51224
8 50 1.66531 3.16975
8 51 -0.691319 1.99318
8 52 -4.31028 -1.64161
8 53 -0.730409 0.878717
8 54 -1.67573 0.856848
8 55 1.44287 0.548929
8 56 2.11899 0.684429
8 58 0.0254661 -0.0561284
8 59 -0.303997 0.117853
8 60 -0.19469 0.204822
8 61 -0.0282385 0.0572321
8 62 -0.0831975 0.0413939
8 63 -0.556898 -0.762447
8 64 -0.0518307 0.128651
8 65 0.216973 0.0355002
9 33 2.46906 31.6064
9 34 -9.47581 7.59322
9 35 9.07435 19.5974
9 36 1.46854 14.8508
9 37 6.28606 18.0608
9 38 21.3587 17.0474
9 39 14.9113 21.9448
9 40 -18.5971 7.23822
9 41 13.4249 17.2412
9 42 8.32947 5.61871
9 43 -0.871608 6.99372
9 44 2.03454 19.1009
9 45 -7.07039 8.41129
9 46 -1.41317 9.45014
9 47 -0.520006 6.92102
9 48 13.6784 8.97467
9 49 16.1651 2.6431
9 50 1.52695 2.70041
9 51 0.0281412 0.204715
9 52 1.39462 3.69301
9 53 -0.361188 -0.214307
9 54 -1.99743 0.743659
9 55 0.366752 1.08731
9 56 -0.127031 -0.620637
9 57 0.706405 -1.83761
9 58 -1.19975 -0.617041
9 59 1.4129 -0.271598
9 60 0.924768 -1.68316
9 61 0.642639 -0.677523
9 62 -0.623866 0.254742
9 63 -0.66037 -0.704185
9 64 -0.0346999 -0.0604431
9 65 0.224376 -0.111642
9 66 0.0449708 -0.244452
10 33 7.68237 24.2946
10 34 11.5732 17.5751
10 35 6.65714 12.3201
10 36 12.1324 23.1386
10 37 5.80344 7.7564
10 38 11.0299 16.4302
10 39 2.10572 8.87295
10 40 9.20028 4.40132
10 41 -2.7756 2.71087
10 42 4.61722 5.64661
10 43 7.26522 9.85905
10 44 3.96076 13.1951
10 45 18.2887 5.62311
10 46 9.59901 9.4601
10 47 7.29839 4.66524
10 48 21.4253 3.56967
10 49 5.65493 1.60114
10 50 2.74682 0.490622
10 51 -0.0531534 -1.15178
10 52 -0.454059 1.15992
10 53 0.687381 0.57757
10 54 -0.158512 0.0561919
10 55 0.901344 0.594705
10 56 -0.994306 -0.134739
10 57 0.875093 0.497864
10 58 -0.273828 0.168131
10 60 -0.915224 0.374553
10 61 0.0889399 0.189462
10 62 -0.408524 1.12069
10 63 -1.06686 -0.514832
10 65 0.0177526 -0.0224596
11 33 2.58837 19.8895
11 34 1.6877 12.2638
11 35 23.914 11.0866
11 36 5.22396 12.3671
11 37 3.2884 -0.417098
11 38 9.7745 15.8458
11 39 -8.15639 6.80809
11 40 3.37116 7.71695
11 41 7.03363 8.20652
11 42 -2.04512 5.3653
11 43 -0.696816 9.40493
11 44 1.20771 7.87576
11 45 3.114 7.30479
11 46 9.42521 10.0996
11 47 7.79723 8.33184
11 48 3.37021 0.144818
11 49 6.96289 0.51391
11 50 2.23861 0.819305
11 51 -5.22603 3.60253
11 52 -1.80246 2.8967
11 53 -2.85148 1.71993
11 54 -0.159528 -0.402423
11 55 -0.664568 -0.589406
11 56 1.20966 -0.204888
11 57 1.65806 0.17221
11 58 1.27982 1.14955
11 59 1.52679 -0.912356
11 60 0.166358 0.14806
11 61 1.85755 -0.269884
11 62 -0.637213 -0.561976
11 63 -0.59871 1.04461
11 65 0.0315352 0.028162
11 66 -0.337967 -0.195646
12 33 10.3002 4.14018
12 34 6.48458 0.987993
12 35 -0.721242 6.94582
12 36 4.23328 2.85657
12 37 5.58724 9.09614
12 38 -0.346194 1.01775
12 39 4.26166 0.868096
12 40 1.78352 8.94884
12 41 10.4458 4.68158
12 42 6.80496 -1.39991
12 43 2.06089 5.51628
12 44 10.0594 7.39682
12 45 -1.85469 6.65157
12 46 -3.48997 4.94349
12 47 3.59657 8.03175
12 48 4.95535 -4.17474
12 49 -0.721149 -0.312041
12 50 1.84052 -3.57089
12 51 2.62048 1.85697
12 52 0.156122 0.208271
12 53 1.37767 -0.589833
12 54 -0.485399 0.0286419
12 55 0.897866 0.314803
12 56 0.649523 0.143044
12 57 -1.27607 0.480367
12 58 0.293425 0.932356
12 59 1.66245 0.0128791
12 60 2.95441 -1.12731
12 61 0.152638 1.2406
12 62 -0.744143 -0.220518
12 63 -0.307615 0.0623141
12 64 -0.207844 -0.0692475
12 65 -0.110159 -0.0985851
12 66 -0.20478 0.0707841
13 33 11.9464 4.5238
13 34 5.22709 -3.72216
13 35 2.28226 8.33753
13 36 -4.92854 10.0722
13 37 10.6829 3.63431
13 38 7.82723 8.13262
13 39 9.189 5.29249
13 40 12.8562 7.04074
13 41 5.13335 -0.104032
13 42 13.5463 0.632312
13 43 14.6062 11.0137
13 44 7.37065 4.41557
13 45 3.83962 4.3777
13 46 9.87753 5.01108
13 47 1.33109 6.03004
13 48 10.6875 5.73903
13 49 -5.57566 1.51402
13 50 2.68953 1.65666
13 51 1.67105 2.09796
13 52 0.767834 -0.803547
13 53 1.29136 1.7991
13 54 1.41899 -1.25315
13 55 -0.568321 0.164127
13 56 0.549255 0.366472
13 57 0.0440448 -0.923142
13 58 0.0312274 -0.0925188
13 59 1.24264 0.351379
13 60 0.00599024 -0.204258
13 61 0.619486 0.404422
13 62 -0.18891 0.255408
13 63 0.839699 0.187665
13 64 -0.56223 -0.148958
13 65 -0.587458 -0.201201
14 33 -3.0566 8.59771
14 34 12.4314 0.0102868
14 35 10.3607 1.41706
14 36 4.7982 5.03136
14 37 3.90377 1.1857
14 38 11.9493 6.03999
14 39 2.51308 2.62008
14 40 3.27342 6.98875
14 41 2.09247 7.07711
14 42 7.65392 11.9694
14 43 6.39879 4.42069
14 44 1.1698 3.78383
14 45 0.231607 0.887641
14 46 5.42211 3.19498
14 47 2.27084 -0.594477
14 48 0.425776 3.55949
14 49 -1.17106 -0.125597
14 50 -0.714416 -0.0538746
14 51 -0.457037 3.5559
14 52 -0.329625 -1.40519
14 53 0.0687821 -0.662706
14 54 1.14353 0.552676
14 55 -2.31073 0.582273
14 56 -0.66256 1.03821
14 57 2.46665 -0.943421
14 58 0.237583 0.0621111
14 59 0.288113 0.00155432
14 60 -1.35713 -0.408453
14 61 -0.442963 -0.313327
14 62 -1.57225 2.50828
14 63 -0.611697 -0.410934
14 65 0.00239552 0.000239928
14 66 -0.00251081 0.00209731
15 33 -1.94348 -3.05426
15 34 6.60549 1.53636
15 35 5.70799 -3.11917
15 36 8.00835 4.05335
15 37 6.52243 -0.809428
15 38 -1.63407 2.48105
15 39 3.85652 -6.79647
15 40 -5.11654 -4.0244
15 41 8.18367 1.76094
15 42 1.02122 4.09518
15 43 7.96853 7.00167
15 44 10.4316 1.17137
15 45 6.09701 0.760756
15 46 6.6662 7.06633
15 47 12.2354 2.9513
15 48 8.8903 2.73459
15 49 1.27033 2.24694
15 50 -4.21817 4.23389
15 51 4.24382 0.557766
15 52 0.399798 -1.88556
15 53 0.218116 0.415063
15 54 1.1672 0.818558
15 55 1.27532 2.54751
15 56 -2.26764 0.537406
15 57 -0.919518 0.341023
15 58 0.252341 0.984688
15 59 0.23942 -0.158604
15 60 0.870463 -0.426933
15 61 -0.825781 0.31696
15 62 2.65125 -1.01147
15 63 0.968496 0.947175
15 64 0.431571 0.13685
15 65 -0.407085 0.0545047
15 66 -0.375989 0.399317
16 33 1.16336 -0.450511
16 34 4.94689 -2.07749
16 35 4.44543 -2.57097
16 36 1.9161 -3.44406
16 37 -4.75332 -2.47064
16 38 3.15123 0.91197
16 39 8.51571 4.99622
16 40 8.21481 3.42869
16 41 6.98545 3.13299
16 42 3.86132 0.176805
16 43 10.9094 -2.34862
16 44 0.810107 1.43714
16 45 -1.01639 -2.63928
16 46 5.81824 -1.76795
16 47 5.06484 4.08377
16 48 6.30917 6.12731
16 49 3.10507 1.70869
16 50 -6.75055 4.05899
16 51 -0.406327 5.61433
16 52 1.68845 -0.52227
16 53 1.36665 4.00113
16 54 1.53321 2.663
16 55 -1.77303 3.51485
16 56 -1.7323 1.34305
16 57 2.26919 0.200092
16 58 -0.486161 -0.468973
16 59 0.249128 0.918953
16 60 1.13359 0.196123
16 61 1.01628 -0.0754147
16 62 -1.00566 0.022698
16 63 -0.688763 0.156713
16 65 0.05343 0.0375381
16 66 -0.0740909 0.0255943
17 33 0.871163 -0.60843
17 34 5.63223 -5.07825
17 35 4.46967 2.07531
17 36 5.20094 0.459462
17 37 8.0849 -3.79204
17 38 7.91781 3.94917
17 39 8.54692 0.868138
17 40 15.1736 -0.23202
17 41 0.132394 4.72266
17 42 -8.00441 5.7263
17 43 6.87228 8.10587
17 44 4.37841 3.02569
17 45 9.92736 7.61312
17 46 7.85601 3.10018
17 47 4.15612 1.87409
17 48 9.86103 2.368
17 49 10.2668 -2.29024
17 50 2.50706 4.7531
17 51 2.72601 8.34179
17 52 1.84805 1.91168
17 53 1.27086 0.299219
17 54 -1.8665 1.80068
17 55 -2.51153 3.99294
17 56 0.494696 -0.456185
17 57 -0.44538 0.535809
17 58 0.662134 1.25448
17 59 0.25205 0.201986
17 60 1.21203 -0.504076
17 61 -1.54751 -0.768245
17 62 2.09727 -0.0621085
17 63 0.58342 0.538162
17 64 -0.0710463 -0.149495
17 65 -0.493592 0.381622
18 33 0.635972 2.16442
18 34 -3.9167 -0.553553
18 35 9.73821 -3.48045
18 36 4.40919 4.16118
18 37 10.3876 1.89566
18 38 3.3433 4.27565
18 39 7.73945 -2.16007
18 40 0.615069 4.94253
18 41 -1.30799 -0.371967
18 42 5.87269 2.68408
18 43 4.12832 2.869
18 44 20.3222 5.8629
18 45 8.38628 -1.50947
18 46 6.17124 2.86565
18 47 6.2611 0.238972
18 48 5.5762 6.5884
18 49 8.06201 5.67499
18 50 0.0473736 -0.691117
18 51 0.743866 5.57161
18 52 1.24012 1.04297
18 53 0.140742 0.479457
18 54 6.90908 4.481
18 55 1.4142 -0.244441
18 56 -2.5734 1.01862
18 57 0.54672 -0.0310364
18 58 0.929175 -0.111672
18 59 1.46173 1.26597
18 60 1.16343 -1.13609
18 62 -0.0764267 -0.0659425
18 64 0.910819 0.056318
18 65 0.532374 -0.379986
19 33 0.720767 -1.46802
19 34 2.45416 1.46558
19 35 2.35204 -0.106765
19 36 3.98747 -0.443426
19 37 8.99874 -3.26309
19 38 12.3485 0.138207
19 39 0.385294 4.79707
19 40 5.0803 0.0192096
19 41 4.66 0.776387
19 42 3.09593 -4.15518
19 43 5.15563 -6.06692
19 44 3.77119 1.91017
19 45 3.88668 4.25008
19 46 6.3214 -0.178349
19 47 13.2363 1.00898
19 48 0.87709 4.01297
19 49 -2.45726 4.72273
19 50 -1.878 -5.19865
19 51 2.32628 0.390682
19 52 1.24174 1.68616
19 53 0.623658 0.0167052
19 54 1.96795 1.7957
19 55 -1.1246 0.666968
19 56 -0.761389 0.0896164
19 57 1.63882 2.98272
19 58 0.089863 1.46176
19 59 1.21143 -0.529238
19 60 0.804888 -1.64951
19 61 1.617 0.0274758
19 62 -0.278842 -1.52948
19 63 -0.10664 0.0237579
19 64 0.452336 0.300553
19 65 0.399289 -0.648688
19 66 -0.0261486 -0.279884
20 33 2.11012 -0.839148
20 34 6.23443 -1.02453
20 35 14.3138 -4.74226
20 36 7.7174 -1.04881
20 37 -1.98859 -3.27778
20 38 4.50886 1.66915
20 39 5.45654 -3.00789
20 40 13.2357 3.23224
20 41 7.17735 3.21389
20 42 -0.0102944 0.015914
20 43 2.84433 -5.15017
20 44 5.50209 -2.58917
20 45 5.70974 3.19901
20 46 6.88012 2.11643
20 47 -4.16092 4.56767
20 48 2.49177 1.55677
20 49 4.13273 -0.989499
20 50 2.40893 -0.155148
20 51 -1.23529 2.99665
20 52 2.37453 0.294063
20 53 1.1643 1.63271
20 54 1.31213 0.0735838
20 55 1.76811 1.00713
20 56 -2.45624 -0.558833
20 57 1.28739 0.731171
20 58 -0.702454 -0.0127848
20 59 -0.0210203 -0.766718
20 60 -1.28179 0.317818
20 61 3.07713 0.423101
20 62 1.61216 -1.4698
20 63 0.833925 0.772995
20 64 0.40302 -0.0234047
20 65 -0.526013 0.482941
21 33 8.81899 -5.21524
21 34 0.0454939 -3.64696
21 35 5.36345 -4.4353
21 36 7.43592 -0.168558
21 37 3.93672 -1.9196
21 38 3.44421 -0.507372
21 39 2.45148 -0.725132
21 40 13.4668 2.37081
21 41 0.533745 7.58141
21 42 9.85091 -3.73139
21 43 13.6263 0.432062
21 44 15.8459 -1.27067
21 45 4.5087 -0.5129
21 46 8.6018 0.891907
21 47 9.23318 -0.418948
21 48 8.18773 -1.19897
21 49 2.89969 1.98415
21 50 6.36675 2.50534
21 51 2.05037 3.35627
21 52 2.36717 -1.70863
21 53 2.39639 0.0531897
21 54 0.898343 3.36888
21 55 -0.306713 0.260154
21 56 1.34872 -1.1272
21 57 -0.17888 -0.317098
21 58 -0.820938 1.26771
21 59 -0.490687 2.20717
21 60 -1.08431 -0.318322
21 61 -1.13004 1.04585
21 62 -0.597413 -0.154344
21 63 -0.289057 -0.0567462
21 64 -1.44998 0.397524
21 65 0.310643 0.258848
21 66 0.0628327 0.0667199
22 33 -0.388799 0.0616697
22 34 4.29435 -0.575415
22 35 8.76519 2.74269
22 36 1.39654 -4.72771
22 37 1.74091 -5.74171
22 38 1.20025 -3.59377
22 39 0.372116 -2.70457
22 40 1.66166 0.542062
22 41 5.7423 1.16672
22 42 5.79964 0.741758
22 43 4.84251 4.07101
22 44 5.98453 -3.93815
22 45 13.6533 -0.73862
22 46 -1.06401 3.97314
22 47 5.76196 4.08501
22 48 5.30321 5.36438
22 49 7.06045 4.48784
22 50 1.25107 0.572881
22 51 6.58903 0.325363
22 52 2.21753 -0.719358
22 53 1.20733 1.4313
22 54 -0.577183 0.492231
22 55 -0.164927 -0.544661
22 56 -0.766202 2.32318
22 57 -0.409801 0.815822
22 58 1.42996 -0.844498
22 59 1.02947 0.657212
22 60 -0.930379 2.07416
22 61 0.910843 0.176858
22 62 -0.0899199 0.621202
22 63 -0.0670602 -0.200861
22 64 0.129764 -0.0852004
22 65 1.67701 0.253011
22 66 0.114748 0.315786
23 33 0.940685 -1.61817
23 34 11.8638 -2.31987
23 35 11.3505 0.868101
23 36 5.05057 -5.39968
23 37 7.48893 1.82944
23 38 -3.40503 -2.12096
23 39 10.122 11.1431
23 40 4.98865 1.95871
23 41 10.9528 -3.47976
23 42 7.89949 1.2239
23 43 6.10624 3.02888
23 44 9.37104 2.94928
23 45 11.3397 -3.82971
23 46 3.17932 2.76505
23 47 14.2312 3.49247
23 48 7.65871 -0.623442
23 49 2.49607 0.859857
23 50 -3.40014 4.60374
23 51 5.20926 3.60182
23 52 2.33511 -0.799443
23 53 -3.14933 -0.884105
23 54 1.98596 0.617007
23 55 1.89914 -1.30301
23 56 -1.14151 1.3527
23 57 -0.0768538 -0.00660064
23 58 3.08275 0.0137587
23 59 -0.0287825 1.2046
23 60 0.815671 0.250993
23 61 0.334876 -0.61383
23 62 -0.539192 -0.0532401
23 63 -0.883462 0.422419
23 64 0.0551025 -0.0595462
23 65 1.72488 0.418932
23 66 0.384421 -0.693991
24 33 0.0688798 0.876033
24 34 2.69874 1.89166
24 35 6.23034 -2.3877
24 36 7.75836 -1.92263
24 37 5.5984 -5.71213
24 38 2.88179 -5.19963
24 39 -1.58222 2.01628
24 40 -0.584394 6.24979
24 41 10.0382 -3.78954
24 42 7.579 2.9938
24 43 4.64987 0.811224
24 44 5.56672 1.48696
24 45 2.81062 5.86081
24 46 7.6558 -0.351492
24 47 -2.56733 2.53752
24 48 13.6092 2.01262
24 49 8.926 -0.0528911
24 50 0.316081 -0.422918
24 51 -0.118887 1.59032
24 52 -0.605521 0.517144
24 53 4.37363 0.065934
24 54 2.26606 0.884787
24 55 0.619206 2.42695
24 56 1.68355 1.6129
24 57 3.2057 -0.64136
24 58 1.89398 -1.31551
24 59 3.08615 1.85532
24 60 1.48815 1.83882
24 61 0.615995 0.310164
24 62 0.972854 0.792718
24 63 -0.558126 -0.0237721
24 64 -0.191534 0.107827
24 65 2.0286 -0.0382483
24 66 0.789589 -0.256021
25 33 1.48232 0.137549
25 34 5.35723 -1.69237
25 35 10.902 2.79467
25 36 4.63911 -0.324101
25 37 7.253 -2.80845
25 38 7.73355 4.32433
25 39 -2.43269 2.23909
25 40 2.78401 -2.10705
25 41 6.10402 8.47085
25 42 2.76556 0.816759
25 43 -2.3094 6.72749
25 44 4.70427 -1.08091
25 45 10.5526 1.55304
25 46 1.8685 0.57694
25 47 4.33378 -3.5979
25 48 3.44591 3.62864
25 49 -0.628018 0.0325652
25 50 -2.11047 2.43002
25 51 4.37914 0.89518
25 52 4.3666 0.755588
25 53 0.256957 -0.260806
25 54 2.15431 1.47759
25 55 2.70366 5.658
25 56 2.04712 -1.16371
25 57 -2.62895 0.601955
25 58 -1.23664 1.24082
25 59 -0.924195 1.52707
25 60 0.22967 0.0981855
25 61 3.59451 -1.70712
25 62 -0.0298914 0.00296806
25 63 0.291955 -0.316153
25 64 0.0553197 0.0195336
25 65 0.198011 -0.0271583
25 66 0.665285 0.157341
26 33 0.437524 -0.942597
26 34 -1.47042 2.24987
26 35 9.36464 -1.72385
26 36 12.2314 -0.184388
26 37 6.28487 -1.1868
26 38 -0.751849 4.20596
26 39 6.32396 2.1745
26 40 1.82731 0.545182
26 41 4.84871 -3.28419
26 42 2.83233 -1.89605
26 43 12.9902 2.14521
26 44 2.52259 4.86232
26 45 3.00377 0.983447
26 46 9.40319 -5.03074
26 47 -2.97866 4.70907
26 48 5.65525 1.77115
26 49 2.92926 1.81259
26 50 5.40645 2.54458
26 51 -0.54998 -1.80385
26 52 -2.3288 0.126771
26 53 -0.0333055 2.29876
26 54 -0.0831445 1.78469
26 55 -0.787717 -0.437324
26 56 -0.534599 0.440272
26 57 0.533565 0.827392
26 58 0.270235 0.675037
26 59 0.334269 -0.27405
26 60 1.38674 -0.270419
26 61 -0.0202305 -0.798792
26 62 0.736159 0.21075
26 63 -0.454986 0.372436
26 64 1.24506 -0.185003
26 65 0.393908 0.056161
26 66 0.174349 0.132983
27 33 2.88669 -0.388486
27 34 -1.5694 -1.68981
27 35 2.71743 -0.299834
27 36 9.98698 2.06911
27 37 0.0181526 -4.58297
27 38 8.96551 0.593747
27 39 9.43272 -4.35523
27 40 10.6435 -2.0897
27 41 2.30298 -0.633146
27 42 8.16275 1.07355
27 43 3.19628 -0.590001
27 44 1.34793 -3.55692
27 45 2.04267 -0.942931
27 46 11.4427 -0.0885254
27 47 3.86672 4.39322
27 48 6.24511 -0.811625
27 49 0.807155 2.95034
27 50 -0.826242 4.2617
27 51 -0.298045 0.9429
27 52 1.17766 4.30267
27 53 -1.17986 2.28
27 54 0.299428 0.829585
27 55 1.40323 1.16382
27 56 2.9756 -0.211819
27 57 0.15366 0.279078
27 58 0.70549 -1.29837
27 59 0.497727 0.472858
27 60 0.007635 0.134109
27 61 1.16259 0.797848
27 62 -0.0847317 0.229181
27 63 0.662451 1.41515
27 64 -0.598824 -0.38803
27 65 0.110346 0.0236494
27 66 -0.0974262 -0.0383499
28 33 0.979009 -1.97323
28 34 2.58221 -3.88217
28 35 4.51557 -2.57242
28 36 -5.54667 -1.72391
28 37 12.6954 -1.69341
28 38 10.1054 4.56934
28 39 5.71728 1.71103
28 40 8.27251 -2.93331
28 41 -1.60136 -0.361099
28 42 5.10448 -3.27169
28 43 12.2467 5.92035
28 44 3.73618 -0.9362
28 45 9.04355 5.81633
28 46 5.59191 1.45437
28 47 5.13084 4.42629
28 48 7.31382 -0.008518
28 49 -0.624902 3.57507
28 50 0.537567 1.30737
28 51 6.26826 1.4075
28 52 2.42994 4.48115
28 53 1.08138 -1.71132
28 54 2.1436 0.431791
28 55 1.13353 -1.1192
28 56 2.70071 -2.75879
28 57 1.03454 1.16717
28 58 3.42415 0.878886
28 59 0.0821925 1.74331
28 60 1.55496 0.059447
28 61 2.09142 0.615685
28 62 0.464776 2.19452
28 63 -1.39617 0.0447824
28 64 0.438585 0.599018
28 65 0.0277142 -0.00309019
28 66 -0.102763 -0.269112
29 33 -1.04532 -1.05232
29 34 4.90208 -0.441502
29 35 2.91486 2.7318
29 36 3.48892 0.795052
29 37 8.88108 -0.691948
29 38 -2.72184 0.370528
29 39 9.37434 -4.10805
29 40 1.22712 -3.56346
29 41 0.454389 -2.23197
29 42 0.896125 -2.72025
29 43 4.55803 -0.701528
29 44 -1.74698 1.24569
29 45 1.97024 5.17288
29 46 8.01794 1.26493
29 47 1.30922 4.05241
29 48 1.55904 0.366612
29 49 5.76533 -1.6584
29 50 4.67838 1.83643
29 51 7.72481 -0.565934
29 52 1.10251 0.779867
29 53 -0.175344 1.37405
29 54 -1.1949 1.13296
29 55 -1.06366 0.028751
29 56 -0.727479 1.07524
29 57 -1.43368 3.581
29 58 1.46843 -0.41217
29 59 -1.39111 0.165522
29 60 -2.59585 1.44127
29 61 0.177643 -0.107558
29 62 -0.668682 1.05675
29 63 0.206386 0.612718
29 64 -0.65561 1.20017
29 65 -0.239132 0.128555
30 33 -0.570215 -0.826658
30 34 7.59678 1.1961
30 35 10.9527 -1.91404
30 36 9.39478 -2.96798
30 37 2.73928 -1.41278
30 38 3.19963 -5.4714
30 39 7.12355 0.332615
30 40 7.12299 -0.948416
30 41 8.01123 -1.69215
30 42 2.73844 1.54296
30 43 0.0934726 -0.501735
30 44 9.49613 -2.75333
30 45 3.81577 5.36519
30 46 6.06939 -0.163728
30 47 5.29698 -0.10044
30 48 -2.404 2.59402
30 49 7.67117 4.07562
30 50 0.378064 -0.720738
30 51 4.84873 6.93563
30 52 -1.10261 -2.40581
30 53 3.95165 -1.13727
30 54 5.1193 -0.278646
30 55 0.990176 -0.463184
30 56 1.87696 1.90249
30 57 0.159924 -0.699947
30 58 0.643372 1.13309
30 59 3.3914 1.99446
30 60 1.54143 0.0793316
30 61 1.22581 0.57668
30 62 -0.458522 -0.910952
30 63 -1.30339 0.329051
30 64 -0.507106 -0.533184
30 65 -0.157937 -0.139463
30 66 -1.34096 -1.04822
31 33 2.50693 -2.38732
31 34 2.56887 -2.26849
31 35 -3.58181 -0.984534
31 36 4.84023 -5.60644
31 37 -1.50697 0.501417
31 38 4.69057 -2.70847
31 39 7.19947 0.473
31 40 7.98187 -3.16012
31 41 4.68296 0.846815
31 42 -0.415402 5.63758
31 43 3.16645 0.610857
31 44 9.96832 1.27191
31 45 7.31482 0.159244
31 46 4.22961 1.22706
31 47 -0.612627 -1.04584
31 48 6.65068 5.7243
31 49 5.54046 -2.82316
31 50 1.26477 1.24337
31 51 9.55757 1.96943
31 52 0.0222361 2.39787
31 53 0.248074 1.65727
31 54 3.37355 2.41479
31 55 0.381839 -1.14817
31 56 0.901633 0.706587
31 57 -0.0547613 0.267641
31 58 0.104562 0.348267
31 59 2.52366 -0.119234
31 60 -0.864157 2.27775
31 61 0.373471 0.415085
31 62 -0.246771 0.444133
31 63 0.300246 0.147966
31 64 0.451748 0.0584085
31 66 0.180459 -0.0594497
32 33 4.22955 -4.6127
32 34 16.1166 -6.26874
32 35 2.44113 -6.77294
32 36 0.123564 -4.44708
32 37 5.28904 3.47434
32 38 7.99847 1.78444
32 39 8.61903 2.32701
32 40 7.24819 -1.31582
32 41 10.1224 1.8292
32 42 10.5902 -0.658666
32 43 -0.114612 2.36688
32 44 3.84214 -1.77121
32 45 -3.8089 4.45164
32 46 2.09702 -0.345145
32 47 5.47925 -1.30741
32 48 3.82168 -0.339505
32 49 0.261062 4.12126
32 50 6.02768 0.135261
32 51 -1.00576 1.67197
32 52 0.00474273 3.64262
32 53 -0.820556 1.56534
32 54 4.78185 4.43383
32 55 -0.27807 1.75829
32 56 1.11582 -0.421086
32 57 3.77433 -0.454117
32 58 -1.66439 1.75579
32 59 0.99417 -0.156313
32 60 2.58754 -0.458129
32 61 2.18223 0.221741
32 62 1.97007 1.84441
32 63 1.39985 1.94174
32 64 0.0107002 0.00157588
32 65 1.4832 1.01358
32 66 -0.140253 -0.376677
33 33 6.87106 -1.34731
33 34 4.32815 -2.1727
33 35 4.30277 2.37081
33 36 0.617422 1.51527
33 37 6.4571 0.562201
33 38 4.13494 -5.89007
33 39 4.83446 -1.27796
33 40 7.83586 4.37438
33 41 6.52901 -3.74509
33 42 6.4954 3.89587
33 43 1.1567 -1.13843
33 44 -0.234094 -1.53655
33 45 8.11334 -0.601977
33 46 4.19817 -0.192801
33 47 5.01789 5.33354
33 48 7.82312 -1.35017
33 49 0.226508 -3.67264
33 50 6.75229 4.79609
33 51 -0.383184 0.568816
33 52 6.88651 0.149635
33 53 3.84674 1.132
33 54 -2.7651 1.11066
33 55 -0.352375 1.32545
33 56 1.77785 1.09559
33 57 -1.27564 -0.685037
33 58 -1.34918 -2.69694
33 59 3.57761 -1.87423
33 60 0.207333 -0.431346
33 61 0.909636 -0.0562288
33 62 -1.49 2.15264
33 63 -0.146284 -0.767533
33 64 -1.10741 -0.184273
33 65 0.0660576 -0.114519
33 66 -0.368284 0.117109
34 33 1.46358 -0.951882
34 34 5.16598 -3.38303
34 35 0.616597 0.506534
34 36 2.56404 -5.64223
34 37 1.65891 -2.73588
34 38 0.0887864 1.32301
34 39 -3.9412 -3.24606
34 40 2.62618 -3.48413
34 41 8.52241 0.801606
34 42 7.06838 -1.1465
34 43 4.85182 -6.71205
34 44 0.672131 2.05183
34 45 0.222487 -4.03988
34 46 2.51379 -1.56421
34 47 1.07862 3.70723
34 48 2.27674 3.76975
34 49 3.85227 1.74644
34 50 3.78681 -0.557022
34 51 0.126279 1.07671
34 52 6.02678 2.15118
34 53 7.08063 6.42077
34 54 2.42972 2.20361
34 55 1.30424 0.836621
34 56 4.31044 1.85922
34 57 1.12987 0.187947
34 58 -0.0549824 2.06597
34 59 0.629621 -1.55358
34 60 0.862038 0.68322
34 61 1.95556 0.759748
34 62 2.18938 -0.6526
34 63 0.723771 0.325793
34 64 0.0774616 0.111239
34 65 -0.404627 0.161261
34 66 -0.51679 0.546371
35 33 2.75619 -0.72175
35 34 1.12297 1.03009
35 35 5.94639 -3.35478
35 36 4.21599 -2.91274
35 37 6.83805 2.42638
35 38 -0.939062 -2.67407
35 39 1.78582 0.283071
35 40 4.89458 1.69107
35 41 7.47503 0.089121
35 42 11.9861 1.96869
35 43 1.82781 -3.78566
35 44 4.09077 0.816173
35 45 0.789575 2.54504
35 46 7.4657 1.26158
35 47 -0.670397 2.10286
35 48 4.96903 0.427172
35 49 7.0189 -0.278892
35 50 4.62702 4.69472
35 51 -2.58841 -3.99048
35 52 2.66127 3.98758
35 53 3.85599 3.13807
35 54 0.514504 1.58797
35 55 0.190397 -1.78489
35 56 -1.94748 -0.36465
35 57 0.545118 1.07334
35 58 1.78678 0.451835
35 59 2.10343 1.53693
35 60 1.85284 0.873751
35 61 0.941796 -0.638725
35 62 -0.999454 0.978662
35 63 -1.79934 1.02651
35 64 -0.550092 0.521785
35 65 -0.356953 1.10782
35 66 0.258216 0.144264
36 33 3.44972 -0.570134
36 34 7.39922 -5.41336
36 35 4.49823 0.778709
36 36 6.28975 2.30227
36 37 0.674663 0.0796895
36 38 8.52591 -1.484
36 39 2.58336 -0.482284
36 40 2.37141 2.45274
36 41 -3.14944 -2.27294
36 42 7.53422 1.97691
36 43 0.333826 0.249752
36 44 -1.89282 -0.858169
36 45 3.88019 0.365664
36 46 2.33611 6.50195
36 47 6.95319 4.35338
36 48 3.41459 1.70299
36 49 5.80896 -0.414782
36 50 0.568546 3.15089
36 51 1.47614 0.744967
36 52 -3.72272 0.428275
36 53 6.7188 -0.0963495
36 54 2.85351 2.28036
36 55 -0.103506 2.14199
36 56 0.995189 0.987583
36 57 -3.0623 0.779349
36 58 -0.580489 -1.68045
36 59 2.25398 -0.387488
36 60 1.74405 -1.96539
36 61 0.189211 0.0993845
36 62 0.674107 0.590172
36 63 -0.486502 -0.175892
36 64 0.842699 -0.00631231
36 65 0.655994 0.423585
36 66 -0.0332136 -0.284039
37 33 3.44425 -0.519674
37 34 0.425993 -2.57953
37 35 -0.288071 -2.57024
37 36 8.55261 -0.894465
37 37 6.49778 -6.33795
37 38 5.37878 -0.121845
37 39 -1.67605 1.79839
37 40 6.11399 -3.13391
37 41 8.84003 -0.00595674
37 42 13.4194 0.923175
37 43 8.97763 6.75406
37 44 6.38015 -6.57801
37 45 6.13241 5.79765
37 46 1.35601 2.16302
37 47 0.332494 5.53992
37 48 8.39945 -1.52737
37 49 1.94064 2.92522
37 50 2.76257 3.50235
37 51 -2.57503 2.58664
37 52 -1.08186 1.60242
37 53 -0.101859 2.40047
37 54 -2.42246 1.61933
37 55 1.34657 1.53273
37 56 4.03114 1.02646
37 57 0.781498 1.58761
37 58 2.71798 0.694261
37 59 1.00241 -0.485475
37 60 -0.529738 0.200751
37 61 -1.59447 1.13602
37 62 1.34566 0.140482
37 63 0.773391 -0.0476647
37 64 2.65165 0.155939
37 65 0.208413 0.486447
37 66 0.0975999 0.042158
38 33 6.52401 -0.611396
38 34 7.73244 -2.97308
38 35 4.79489 -2.14099
38 36 2.11629 -2.33175
38 37 1.74255 1.00245
38 38 1.77523 1.96751
38 39 8.49808 -2.61912
38 40 9.00651 -0.817188
38 41 4.47008 -1.7022
38 42 -1.39483 2.92473
38 43 3.02293 -2.48769
38 44 5.38591 -2.41976
38 45 9.45135 1.86075
38 46 10.9094 2.31336
38 47 6.42407 -0.692074
38 48 -0.521944 0.466496
38 49 2.23046 3.5574
38 50 -0.00640865 1.59178
38 51 0.543024 0.528606
38 52 1.65412 1.32535
38 53 -3.04803 3.58214
38 54 -4.48545 3.42747
38 55 3.58814 1.83011
38 56 1.34799 2.4783
38 57 1.64839 0.636315
38 58 -0.343841 0.141557
38 59 1.26294 -0.915033
38 60 -0.611813 0.567017
38 61 1.7369 -0.23134
38 62 -0.393761 -0.277201
38 63 -0.0861434 -0.995526
38 64 -0.0204886 0.00880791
38 65 0.291387 0.434428
38 66 0.116462 0.0160572
39 33 4.00692 -3.47429
39 34 0.963496 -4.65832
39 35 2.20941 -0.00429042
39 36 8.54239 0.387502
39 37 -5.49411 -1.44873
39 38 11.1628 4.96191
39 39 1.53134 0.522501
39 40 6.29661 1.73573
39 41 1.51717 -3.38342
39 42 4.57756 -0.433886
39 43 -0.558771 -0.739109
39 44 9.87579 -3.0491
39 45 -1.17793 1.32367
39 46 -1.3452 -0.992942
39 47 6.47619 2.0769
39 48 3.09772 6.94233
39 49 4.23696 -1.92754
39 50 1.83669 -0.208251
39 51 4.73801 5.32414
39 52 8.06773 0.7681
39 53 2.60682 -0.229029
39 54 4.79695 -0.769381
39 55 -1.45487 2.63152
39 56 2.2902 3.78725
39 57 -0.786558 -1.60836
39 58 -2.21292 -0.143564
39 59 -1.34155 -1.50692
39 60 2.15695 1.00975
39 61 -0.964793 1.76064
39 62 -0.24457 0.531768
39 63 2.19651 0.396276
39 64 -3.06108 0.379915
39 65 -0.931026 0.427069
39 66 0.46354 0.0231512
40 33 2.65725 -0.689622
40 34 6.19654 -1.75236
40 35 7.39652 -1.20301
40 36 3.3773 2.11717
40 37 2.15998 -1.39287
40 38 9.4714 -0.655199
40 39 5.99758 2.03839
40 40 1.22975 -1.12519
40 41 3.87526 -3.97091
40 42 3.7148 -2.48835
40 43 6.28241 -2.47465
40 44 4.35187 1.06359
40 45 4.07402 2.76497
40 46 3.67519 0.789833
40 47 4.44333 3.72875
40 48 3.59825 2.1606
40 49 -1.02091 1.96112
40 50 -0.807708 2.30054
40 51 1.97066 -0.726119
40 52 -5.53065 2.74704
40 53 5.00411 -0.864172
40 54 1.21759 0.297023
40 55 4.08653 -0.0887587
40 56 -0.233254 0.1103
40 57 3.53265 -1.94423
40 58 2.26525 -0.701316
40 59 1.08669 -0.611006
40 60 0.120927 1.71484
40 61 0.604705 2.06448
40 62 0.134658 0.0868061
40 63 -2.17768 0.864213
40 64 -0.0646719 0.0138774
40 65 -0.458275 -0.579029
40 66 0.294315 0.0378443
41 33 1.30211 -0.350562
41 34 4.46915 -3.154
41 35 6.24159 -3.06579
41 36 1.84675 -1.08979
41 37 -2.88051 -1.95929
41 38 8.53595 1.1828
41 39 6.90941 -0.0701575
41 40 0.22572 2.23203
41 41 7.0286 1.13738
41 42 3.96307 -2.35961
41 43 -1.26413 -0.759134
41 44 2.25618 4.3372
41 45 -1.15539 -2.39697
41 46 8.11406 0.625597
41 47 -3.1173 -0.094049
41 48 -0.924957 0.128018
41 49 5.9265 -2.81873
41 50 1.66361 -0.431196
41 51 6.08683 3.75855
41 52 2.06596 2.59173
41 53 2.50225 -0.559782
41 54 0.32525 0.542564
41 55 1.63817 2.77253
41 56 -1.42992 1.04294
41 57 -1.89659 -1.16944
41 58 5.02998 -0.567782
41 59 -0.704522 1.2879
41 60 0.620607 0.404034
41 61 1.25132 -0.95879
41 62 -0.20407 -0.295285
41 63 0.920958 -0.448503
41 64 -0.615874 0.504689
41 65 -0.877563 0.572487
41 66 -0.418112 0.934188
42 33 4.94048 -1.36712
42 34 0.0346557 0.309241
42 35 6.06914 -2.4637
42 36 0.609734 -1.61302
42 37 2.44777 -0.239176
42 38 6.25826 -1.96042
42 39 6.01827 -2.35411
42 40 5.4048 -2.50541
42 41 -1.11462 3.84798
42 42 -0.254196 -2.53324
42 43 3.77137 3.05835
42 44 0.515132 0.452414
42 45 7.75358 -2.31113
42 46 3.95456 -0.759976
42 47 4.50763 1.24758
42 48 4.23448 -0.370376
42 49 4.51113 0.779941
42 50 2.8208 2.53346
42 51 4.20645 -1.50171
42 52 2.46291 1.47604
42 53 3.33202 1.49428
42 54 4.62046 1.58659
42 55 -0.672692 2.29372
42 56 -1.01635 -0.763887
42 57 0.60411 -0.690825
42 58 1.34936 0.135771
42 59 -0.853826 1.02217
42 60 0.331208 2.45094
42 61 -0.43103 -0.325853
42 62 -0.160504 -0.794031
42 63 -1.34588 0.804676
42 64 -1.76839 -0.257207
42 65 1.18917 -0.740191
42 66 0.226695 0.186426
43 33 1.96062 -3.01234
43 34 0.569243 0.147818
43 35 4.76029 -0.977835
43 36 3.13168 -2.86729
43 37 -0.388913 -4.94943
43 38 -0.085612 -3.81315
43 39 10.4015 -4.63835
43 40 2.66877 -4.14743
43 41 12.4479 -10.0776
43 42 8.87814 -0.475329
43 43 2.61065 1.76145
43 44 6.35858 0.783689
43 45 6.72454 -4.40177
43 46 9.21455 1.92847
43 47 -0.190438 -1.06278
43 48 -0.734194 1.41894
43 49 6.72528 1.27352
43 50 -0.779472 1.88866
43 51 -3.8064 8.21472
43 52 0.4402 2.85015
43 53 2.36868 -1.50847
43 54 1.55287 -0.71719
43 55 1.03827 3.29662
43 56 -1.67984 2.76962
43 57 -4.51452 1.61206
43 58 0.463169 1.37525
43 59 -3.12216 -0.382354
43 60 1.78505 2.47585
43 61 0.157748 -1.21427
43 62 -2.73003 2.26898
43 63 -0.134394 -0.243491
43 64 1.29741 0.140032
43 65 1.39315 -0.53088
43 66 0.00286319 -0.196429
44 33 1.93746 -1.19984
44 34 0.736968 -0.991828
44 35 8.76299 1.23286
44 36 0.7895 -2.45341
44 37 8.31051 -0.503744
44 38 3.1644 0.265897
44 39 5.75864 -0.514474
44 40 4.43484 -1.72387
44 41 6.83257 -3.20423
44 42 7.42149 -2.19176
44 43 3.87673 0.881961
44 44 5.73614 5.31183
44 45 5.44456 4.79069
44 46 8.10623 0.24782
44 47 -0.787382 2.61666
44 48 4.70032 -0.654086
44 49 5.10158 6.82976
44 50 5.34925 1.83256
44 51 3.26927 3.22426
44 52 -2.32041 -0.359112
44 53 -0.131383 1.55731
44 54 1.92631 -0.815697
44 55 1.96851 -0.261594
44 56 -1.15073 -0.722327
44 57 3.00991 1.06523
44 58 0.561268 -0.906529
44 59 1.10303 1.53325
44 60 0.492971 1.18727
44 61 0.771792 -0.523739
44 62 -0.250489 0.924731
44 63 -0.991341 0.111225
44 64 1.32005 0.256325
44 65 -0.419323 -0.660253
44 66 0.0649525 -0.000868252
45 33 3.49501 -0.160928
45 34 -0.190684 -1.92206
45 35 5.28442 1.09453
45 36 7.90525 -1.64155
45 37 0.950598 4.61668
45 38 3.79699 2.36512
45 39 6.65507 2.56539
45 40 4.28741 -1.81369
45 41 -2.2233 -3.83812
45 42 7.62634 0.0373474
45 43 16.5902 0.844676
45 44 3.86586 3.53775
45 45 6.43856 -5.0335
45 46 -3.11741 2.56447
45 47 5.68812 2.94651
45 48 2.20876 1.55689
45 49 -3.68284 -0.261801
45 50 4.52886 0.702209
45 51 -1.21379 2.27922
45 52 -2.10419 -1.52539
45 53 2.09939 3.10739
45 54 4.84248 -0.553238
45 55 0.645568 1.08348
45 56 -2.23513 -0.826763
45 57 -1.85823 0.238644
45 58 1.20734 0.764055
45 59 0.0162128 1.81383
45 60 1.66246 1.66375
45 61 -0.526355 3.35114
45 62 -1.08203 1.25762
45 63 -0.0358259 0.32409
45 64 1.51815 1.13562
45 65 -0.152364 -0.237382
45 66 0.15562 -0.0758421
46 33 2.15533 -0.376726
46 34 8.07437 -0.243574
46 35 7.10576 0.762309
46 36 5.65705 0.617512
46 37 0.02558 -0.0362356
46 38 7.43787 -5.47843
46 39 -1.82645 -4.26134
46 40 3.28365 -2.30947
46 41 4.29394 -0.974094
46 42 7.38812 -1.05132
46 43 -2.84323 -1.43516
46 44 3.01129 0.746563
46 45 4.9445 -2.20577
46 46 3.48976 0.544416
46 47 4.59313 -1.72684
46 48 5.76352 -1.57239
46 49 6.35155 4.87708
46 50 2.40113 -1.93999
46 51 3.86495 0.366559
46 52 1.11297 -0.633034
46 53 2.06762 0.575893
46 54 0.369562 0.821794
46 55 2.3953 1.85881
46 56 1.41434 1.93241
46 57 2.08779 -0.945627
46 58 1.47119 -0.584767
46 59 -1.46352 0.261096
46 60 -0.0658178 -0.546386
46 61 1.07034 0.633598
46 62 0.750441 -0.247032
46 63 -0.0752007 0.339679
46 64 1.11238 -0.146455
46 65 -1.58395 0.197488
46 66 0.0669368 -0.0091133
47 33 1.20478 -0.155124
47 34 8.90902 0.0972089
47 35 4.60838 0.494808
47 36 3.36898 -0.766947
47 37 3.73085 3.56453
47 38 0.393982 -1.5868
47 39 1.00377 4.25852
47 40 1.92269 -1.22089
47 41 0.679414 -3.2895
47 42 5.2041 3.91727
47 43 1.29807 -0.575216
47 44 4.42512 2.55329
47 45 4.45895 2.07602
47 46 3.30336 5.78331
47 47 1.02807 -0.459502
47 48 11.8576 2.04456
47 49 6.47065 -1.52634
47 50 3.96878 -2.53018
47 51 4.85532 4.0878
47 52 -1.78246 5.03582
47 53 0.312022 3.26726
47 54 2.30213 -2.11256
47 55 -2.22288 2.1236
47 56 0.676265 4.42832
47 57 -0.690734 0.0331468
47 58 0.695721 -0.548904
47 59 0.109869 0.968407
47 60 -1.32914 1.27833
47 61 -0.391998 -0.283535
47 62 0.0609662 0.922521
47 63 -1.39981 -0.228376
47 64 -0.0563866 0.383138
47 65 0.453268 0.864517
47 66 -0.865155 0.0306856
48 33 1.72919 -0.813408
48 34 4.06646 -3.58517
48 35 1.46105 1.04419
48 36 -1.20172 -2.06061
48 37 3.74669 -0.460289
48 38 6.78058 1.24559
48 39 -0.431566 1.7786
48 40 4.13913 -2.74768
48 41 9.02617 1.3468
48 42 5.87324 -1.93985
48 43 6.68612 2.75693
48 44 5.9381 3.01435
48 45 7.46705 -2.31387
48 46 -1.73957 2.8972
48 47 1.08868 0.726178
48 48 0.539401 -0.399738
48 49 1.77856 0.865839
48 50 0.53879 1.39443
48 51 3.53949 1.38439
48 52 -1.6724 4.26396
48 53 3.73353 0.7398
48 54 -1.49793 0.215302
48 55 0.0164997 0.299362
48 56 2.13298 0.291207
48 57 0.453699 0.844737
48 58 1.91899 0.932805
48 59 -0.656152 -1.00709
48 60 -0.918909 1.04785
48 61 2.81945 0.371081
48 62 0.725747 0.259539
48 63 -0.697803 -0.691601
48 64 0.538491 1.01604
48 65 0.332624 0.0462521
48 66 0.00819782 -0.00764206
49 33 2.99145 -2.09386
49 34 0.671698 -3.69365
49 35 8.08866 -0.055669
49 36 1.03988 -1.98039
49 37 4.48519 0.0439835
49 38 0.563774 0.175968
49 39 -1.92294 0.244383
49 40 0.770476 4.87717
49 41 1.05218 1.93795
49 42 7.80989 0.463459
49 43 3.10747 2.51925
49 44 0.386901 -3.05298
49 45 4.06055 0.519294
49 46 8.49482 0.827592
49 47 4.1036 0.324511
49 48 5.48664 -0.915255
49 49 1.60834 2.88869
49 50 -0.824286 2.77596
49 51 5.49255 -2.96833
49 52 1.64399 0.371776
49 53 3.48092 6.43752
49 54 -0.43197 -1.66482
49 55 -1.78236 1.97176
49 56 -0.278098 -1.68254
49 57 1.93733 -0.973404
49 58 0.519092 2.08103
49 59 1.00754 0.443241
49 60 1.9025 0.39591
49 61 0.787342 1.43432
49 62 2.6305 1.18326
49 63 1.28312 1.83838
49 64 -0.48046 -0.148817
49 65 -0.716803 -0.114322
49 66 0.769581 -0.197881
50 33 1.25652 -0.525682
50 34 4.22807 -1.19407
50 35 6.5802 -3.03977
50 36 -2.41484 3.20631
50 37 3.03739 -3.44677
50 38 1.83268 2.89358
50 39 0.893893 -1.61296
50 40 1.71422 -4.0456
50 41 8.08873 -0.644244
50 42 5.70019 0.491276
50 43 -0.13565 -0.222161
50 44 5.50018 1.86747
50 45 8.78365 -4.11398
50 46 -1.5366 1.94264
50 47 1.18611 3.84114
50 48 5.10835 1.30888
50 49 7.28455 1.87446
50 50 3.69458 0.354293
50 51 3.3241 1.3282
50 52 1.43424 2.40135
50 53 4.41706 -0.720028
50 54 5.2121 2.86913
50 55 -2.11552 0.187973
50 56 -0.405275 -1.14177
50 57 -0.878881 2.54302
50 58 -0.401819 -0.0654912
50 59 0.26759 0.565005
50 60 1.0089 -0.0969424
50 61 0.0219753 0.243192
50 62 0.822728 -0.744943
50 63 0.708231 0.127075
50 64 0.334446 0.31999
50 65 0.938707 0.266665
50 66 0.166351 0.830583
51 33 1.75743 -0.876229
51 34 2.60297 -1.34097
51 35 6.78852 4.59798
51 36 1.29778 -3.9982
51 37 1.04876 -0.270843
51 38 3.70721 1.97229
51 39 -2.2185 2.52346
51 40 7.46392 -3.15811
51 41 4.07655 1.67228
51 42 -0.644778 1.79122
51 43 10.6915 1.19922
51 44 7.12851 -1.92336
51 45 7.44424 -0.309387
51 46 3.5595 0.870444
51 47 0.235169 -0.467534
51 48 4.73181 0.701073
51 49 4.10303 2.76355
51 50 0.718502 5.65233
51 51 5.16122 -1.86636
51 52 0.435305 0.75998
51 53 2.02039 2.41818
51 54 5.95276 4.31021
51 55 0.197281 0.120517
51 56 0.977488 1.4636
51 57 3.50247 -0.914319
51 58 -0.746351 -0.841758
51 59 0.778924 2.50227
51 60 2.10702 -0.323926
51 61 1.20032 1.76508
51 62 -6.58193e-05 0.160037
51 63 0.735883 0.903079
51 64 1.34978 1.22479
51 65 -0.944193 -0.941125
51 66 -0.183696 0.0853639
52 33 1.4757 -2.75304
52 34 2.8558 2.27393
52 35 2.21806 -1.59958
52 36 1.42321 -0.852996
52 37 -2.47384 0.945926
52 38 3.94949 0.374676
52 39 0.892967 2.27882
52 40 1.00517 0.323367
52 41 3.2777 1.7714
52 42 2.69503 -1.0354
52 43 9.53687 -3.84624
52 44 5.77906 1.46982
52 45 5.39242 0.0286304
52 46 2.84984 -2.51672
52 47 -2.05187 0.506139
52 48 -3.31845 0.0858818
52 49 -2.79916 2.22651
52 50 1.20022 1.87447
52 51 5.67562 -1.52197
52 52 0.0466051 2.0974
52 53 1.30267 2.92823
52 54 3.00445 0.502655
52 55 1.77168 0.595806
52 56 -0.0353457 0.77436
52 57 -2.95674 2.68028
52 58 0.225256 0.275715
52 59 2.434 2.01237
52 60 -2.9835 -0.698406
52 61 1.04732 0.315058
52 62 -0.836095 -0.896297
52 63 0.861217 1.65205
52 64 -0.275887 1.53564
52 65 0.589448 0.260306
52 66 -1.4734 -0.241856
53 33 3.24152 0.473411
53 34 2.19302 -2.57774
53 35 -3.57462 -0.635544
53 36 3.32273 1.38517
53 37 3.18547 -1.8327
53 38 -0.913148 2.789
53 39 3.76588 -1.87972
53 40 3.68219 -1.31967
53 41 -1.54797 -1.98592
53 42 4.65345 2.29416
53 43 9.22834 0.181714
53 44 5.74623 -0.00296983
53 45 4.25881 2.20555
53 46 2.84732 2.04607
53 47 -1.26571 2.89351
53 48 -0.0227295 1.56495
53 49 5.25576 2.75295
53 50 2.04221 0.301308
53 51 -4.84517 0.140484
53 52 0.194018 0.935472
53 53 1.68251 2.28047
53 54 1.40925 -0.111636
53 55 -1.68932 -0.186422
53 56 0.844237 0.165994
53 57 1.56597 0.29753
53 58 -3.53842 1.08453
53 59 2.66782 -0.668106
53 60 1.05416 1.36707
53 61 2.71416 3.18963
53 62 -0.325592 0.353962
53 63 0.138905 0.0622559
53 64 -1.38251 -1.40658
53 65 0.394352 0.755731
53 66 -0.367467 0.350708
54 33 0.782485 -1.93091
54 34 1.30382 -1.31999
54 35 0.898266 0.71274
54 36 4.21753 -1.67741
54 37 -0.282202 0.087225
54 38 3.63254 3.32969
54 39 -0.782984 -2.21272
54 40 2.29442 -1.05465
54 41 1.73242 -5.17624
54 42 2.14857 0.258065
54 43 7.04226 -1.11839
54 44 -2.28348 -3.97872
54 45 -0.510162 -0.964938
54 46 4.22664 -1.34144
54 47 4.76381 2.0184
54 48 3.60678 -1.78231
54 49 -0.764814 3.21332
54 50 1.55969 -0.53754
54 51 -2.14653 -0.780337
54 52 0.909408 2.31372
54 53 3.22076 1.57831
54 54 0.381146 -0.943075
54 55 2.6096 1.90303
54 56 -2.00476 4.81486
54 57 -1.74376 3.59086
54 58 5.1253 4.24225
54 59 5.82221 0.477342
54 60 2.19981 0.977136
54 61 -2.37001 1.60157
54 62 0.159108 0.152499
54 63 1.38051 0.0092545
54 64 1.51752 0.680759
54 65 0.470093 0.382267
54 66 -0.0598682 -0.122609
55 33 2.75525 -1.20237
55 34 2.59654 -1.24914
55 35 1.70609 -4.48904
55 36 4.72178 -3.28932
55 37 2.11008 0.118869
55 38 0.206425 -3.99805
55 39 -0.652726 -0.800245
55 40 4.97087 3.65254
55 41 7.87095 -0.696086
55 42 -0.812932 0.274121
55 43 4.2146 0.448147
55 44 4.44221 -1.79999
55 45 5.29426 -1.33313
55 46 2.50658 -2.89583
55 47 2.67914 -2.24222
55 48 0.873243 0.945339
55 49 5.93306 -1.16801
55 50 4.89749 -0.490487
55 51 3.25073 -0.137288
55 52 3.21105 -0.958392
55 53 -2.3925 1.42772
55 54 -0.581808 1.80394
55 55 4.89415 0.288185
55 56 0.889284 2.48462
55 57 2.64106 0.0528778
55 58 -0.817407 2.73565
55 59 -1.10393 0.16708
55 60 -0.289917 0.376362
55 61 -0.795888 0.70703
55 62 0.014615 -0.969156
55 63 2.27444 2.29421
55 64 -0.411937 2.8403
55 65 -0.423359 0.578181
55 66 -0.608881 0.6583
56 33 0.955109 -2.5175
56 34 -0.241474 1.79888
56 35 2.74886 1.23362
56 36 7.1398 3.09952
56 37 9.03866 2.61301
56 38 4.45703 2.1896
56 39 5.00827 -0.445377
56 40 4.38565 -1.67866
56 41 1.89989 -0.274134
56 42 3.02371 2.64721
56 43 0.79203 -1.38776
56 44 -0.340732 1.45404
56 45 10.4913 2.59739
56 46 3.87311 3.02607
56 47 -2.54317 1.06258
56 48 1.62817 -0.963625
56 49 0.834085 -1.60751
56 50 1.00479 4.01059
56 51 0.424173 0.61985
56 52 -0.404448 -0.373584
56 53 1.41823 1.01633
56 54 -1.12218 0.802941
56 55 1.93461 -1.70014
56 56 0.746906 2.45644
56 57 -0.662594 0.918105
56 58 0.415461 -0.261976
56 59 0.0270969 0.0764714
56 60 -0.335012 -0.389892
56 61 -0.15208 -0.19693
56 62 1.77026 0.342217
56 63 -0.543909 -0.625957
56 64 1.29101 0.482866
56 65 0.199842 1.07995
56 66 -0.18093 -0.111893
57 33 2.92689 -1.17287
57 34 2.96528 0.0342892
57 35 1.18168 2.77472
57 36 5.15198 0.137912
57 37 11.4464 -2.03834
57 38 8.03737 -4.67717
57 39 5.20223 -2.51472
57 40 -5.57497 0.448237
57 41 8.74246 7.8677
57 42 4.97652 -2.15816
57 43 4.53509 0.115315
57 44 3.72264 2.73704
57 45 3.75965 0.0426642
57 46 0.432818 0.170408
57 47 1.9906 -3.50358
57 48 5.07881 -0.913169
57 49 3.31409 -3.29377
57 50 1.74856 -2.48003
57 51 0.938729 1.3259
57 52 1.26613 3.81957
57 53 3.55991 0.118806
57 54 0.743395 -0.000646117
57 55 -2.40518 2.08353
57 56 1.53319 0.200657
57 57 0.950394 -0.260928
57 58 1.86069 1.01507
57 59 -0.974475 0.0902781
57 60 -1.11612 1.49354
57 61 -1.8291 -0.512796
57 62 0.470206 0.0933104
57 63 -0.0323622 0.00618381
57 64 0.335016 -0.461539
57 65 1.75016 1.76015
57 66 -0.464638 0.0779424
58 33 4.10765 1.50298
58 34 2.79394 -0.467987
58 35 0.115764 -0.518182
58 36 0.724508 -1.93127
58 37 0.362196 -0.954446
58 38 3.33069 0.491205
58 39 4.49748 -1.07765
58 40 6.40159 -0.608764
58 41 1.28891 0.756947
58 42 3.63683 2.3603
58 43 4.09442 -4.42184
58 44 1.26388 -2.81525
58 45 1.74702 -2.7486
58 46 6.02639 -0.514506
58 47 3.01964 0.757327
58 48 2.23471 -1.32778
58 49 2.35422 0.235916
58 50 3.05494 1.12008
58 51 0.849469 3.94145
58 52 1.7587 3.84284
58 53 4.46304 1.64741
58 54 -0.483674 -2.46237
58 55 6.39369 1.64558
58 56 2.88775 0.765341
58 57 2.47649 0.206155
58 58 1.71392 0.417316
58 59 2.50237 2.74891
58 60 -0.591994 0.859174
58 61 1.12243 -0.684044
58 62 0.730715 -0.306383
58 63 -0.0622941 -0.00542512
58 64 2.42323 1.18909
58 65 0.0778484 -0.464175
58 66 -0.12941 -0.00887949
59 33 0.96615 -1.72322
59 34 2.71361 -2.40284
59 35 3.40846 0.0475125
59 36 6.94656 -0.29207
59 37 4.64111 1.60361
59 38 4.70016 -1.33765
59 39 -1.59814 2.9971
59 40 -1.11602 -0.301197
59 41 -3.31516 2.86484
59 42 6.43237 -1.02241
59 43 7.12731 -0.292498
59 44 -1.49518 2.98918
59 45 4.7761 -0.52749
59 46 6.71697 3.11274
59 47 -6.38004 1.34973
59 48 -1.50721 0.703291
59 49 0.0985875 0.428142
59 50 3.55572 0.969037
59 51 3.28367 3.97737
59 52 1.65309 0.0496184
59 53 2.74173 -2.36192
59 54 1.07264 2.39961
59 55 -1.22809 -0.0553278
59 56 1.25996 -0.343026
59 57 0.879602 1.00032
59 58 0.7797 2.2056
59 59 -1.17262 -0.000781096
59 60 -0.690731 0.166351
59 61 -1.43632 2.07029
59 62 1.57339 1.4191
59 63 -0.144992 0.143319
59 64 -1.30662 0.452224
59 65 1.8248 -0.989692
59 66 -0.0764617 0.00686699
60 33 1.20311 -1.6382
60 34 0.540711 2.99501
60 35 1.94451 -1.09089
60 36 5.84769 -0.68124
60 37 0.934826 -1.66758
60 38 3.38682 1.20151
60 39 4.01252 -3.0773
60 40 2.85004 4.06529
60 41 0.289115 1.49091
60 42 3.58372 5.05902
60 43 1.52204 0.133588
60 44 -4.4553 -1.52565
60 45 6.04532 -0.843662
60 46 1.74509 -2.01392
60 47 0.589729 3.41002
60 48 3.37615 -0.798539
60 49 3.16509 1.30947
60 50 2.9886 0.113238
60 51 2.75623 0.54612
60 52 3.56251 0.451806
60 53 0.106189 0.00161931
60 54 -0.747067 -0.904965
60 55 1.7026 1.17112
60 56 1.24805 0.355125
60 57 2.96254 1.41214
60 58 0.127353 0.649585
60 59 0.632864 1.15262
60 60 -1.62942 2.50537
60 61 -0.71451 0.999128
60 62 -0.674233 0.455087
60 63 0.51921 0.366794
60 64 1.14692 1.55383
60 65 1.48232 0.329508
60 66 -0.0656296 0.0304961
61 33 2.43958 -1.92334
61 34 0.108509 -0.994188
61 35 0.863319 -2.74595
61 36 1.86769 3.37074
61 37 -1.99534 -1.32405
61 38 0.287781 2.0162
61 39 4.84844 -1.54805
61 40 -2.77746 0.705808
61 41 1.46728 1.26653
61 42 3.79479 1.49839
61 43 4.06816 -3.69063
61 44 6.99065 -2.72544
61 45 1.73478 1.18719
61 46 5.69263 -1.10012
61 47 2.69216 2.7639
61 48 3.85805 -2.09739
61 49 -0.376669 -2.242
61 50 2.01268 -0.480568
61 51 2.56637 -0.230279
61 52 3.38774 4.15851
61 53 2.04634 -0.631358
61 54 3.49599 -1.22586
61 55 0.779141 0.921567
61 56 4.47197 1.74941
61 57 0.208137 -0.98115
61 58 0.665008 -0.333281
61 59 1.06253 -2.19418
61 60 1.96892 0.0652005
61 61 0.204134 -0.0608124
61 62 0.719877 -1.11116
61 63 -0.33489 0.339555
61 64 1.55734 0.691401
61 65 -0.536648 -0.885731
61 66 -0.0823729 0.0581716
62 33 2.846 -0.92161
62 34 1.35459 -2.23894
62 35 1.9601 2.16182
62 36 1.49874 1.68262
62 37 1.89893 1.0789
62 38 1.42941 -0.510636
62 39 5.46338 -1.99315
62 40 3.60809 -0.159753
62 41 -0.619047 -4.45794
62 42 7.48989 -0.934392
62 43 4.38523 -0.17417
62 44 7.2994 2.23635
62 45 1.99924 0.20154
62 46 2.51292 0.446407
62 47 -2.48373 -0.517683
62 48 0.747537 0.0842958
62 49 2.45244 -0.450711
62 50 0.727997 0.950441
62 51 1.46043 1.3207
62 52 -0.466254 2.79483
62 53 4.59013 0.555845
62 54 1.36896 1.78314
62 55 -1.47796 1.96441
62 56 1.13249 -0.796317
62 57 -1.5538 0.806277
62 58 -0.543168 1.46472
62 59 1.57072 -1.09357
62 60 2.87678 -0.273717
62 61 2.89016 0.273817
62 62 -1.05558 0.735593
62 63 1.0467 1.57663
62 64 -1.65324 -0.877809
62 65 -0.588698 0.767476
62 66 0.723457 0.226003
63 33 -0.123837 0.428164
63 34 0.953532 -2.69879
63 35 0.741683 -1.18608
63 36 1.87586 3.08896
63 37 0.496753 1.34245
63 38 6.65445 3.42437
63 39 2.61956 0.710965
63 40 3.43007 -3.40318
63 41 3.93547 -2.0116
63 42 3.11613 -2.31359
63 43 2.44911 -0.804484
63 44 7.18101 2.29884
63 45 -0.0618387 0.547184
63 46 1.62744 0.337496
63 47 3.11585 0.644889
63 48 2.46743 -0.821677
63 49 3.75585 -0.569303
63 50 2.29565 1.55926
63 51 4.78813 -1.84897
63 52 2.2894 0.4017
63 53 1.95494 4.45727
63 54 -0.228512 3.20243
63 55 0.345766 2.77793
63 56 0.926269 0.715543
63 57 -0.278648 -0.611194
63 58 0.86274 0.125713
63 59 2.88703 1.24852
63 60 0.508527 1.32616
63 61 -1.03485 -0.471195
63 62 -1.3893 1.45462
63 63 -1.55786 0.204818
63 64 -0.204038 0.22977
63 65 -0.23182 0.398092
63 66 0.00255612 0.781047
64 33 0.361358 -1.39476
64 34 5.44463 -0.673743
64 35 2.93647 0.496011
64 36 2.42398 1.16786
64 37 4.26301 0.828579
64 38 10.3935 1.86428
64 39 7.98348 0.234859
64 40 6.27842 -1.57192
64 41 5.45719 -2.29149
64 42 4.73447 -0.766337
64 43 5.35496 4.56752
64 44 0.938765 2.70955
64 45 6.67324 0.29495
64 46 2.74761 2.88116
64 47 3.38035 0.696198
64 48 0.570959 1.19194
64 49 0.907835 1.79802
64 50 4.85473 0.844003
64 51 4.11382 2.22911
64 52 1.32466 1.49793
64 53 0.588293 1.26223
64 54 0.630117 1.52554
64 55 -0.822621 1.26845
64 56 0.703496 0.2612
64 57 1.33062 0.316182
64 58 0.545655 0.761455
64 59 -1.55916 1.37056
64 60 -0.253787 -0.140652
64 61 0.00905266 2.28723
64 62 0.765351 2.44861
64 63 0.685518 0.191027
64 64 -0.0186572 -0.0992583
64 65 -0.248077 0.552926
64 66 -0.206815 0.166907
65 33 -0.257252 -2.32974
65 34 4.48308 -1.70125
65 35 3.23476 -0.377247
65 36 3.39405 -1.90774
65 37 2.2545 0.13387
65 38 6.88681 -0.186262
65 39 6.08105 -0.686681
65 40 7.77107 -1.62309
65 41 6.70522 -2.28333
65 42 6.09414 -0.655721
65 43 5.52726 2.11793
65 44 0.794674 -1.10652
65 45 6.69796 0.0350343
65 46 5.40731 2.87284
65 47 2.83745 0.709519
65 48 3.14297 2.31623
65 49 1.40027 1.33109
65 50 3.49892 4.20476
65 51 0.639392 1.1663
65 52 3.03769 1.27072
65 53 3.98734 0.0598417
65 54 3.4326 2.61846
65 55 1.79472 0.253302
65 56 1.57062 -0.0585024
65 57 0.634272 0.297857
65 58 -0.232158 0.487844
65 59 0.192103 0.753673
65 60 -0.374871 1.39906
65 61 0.998454 1.03418
65 62 -0.0538714 0.30097
65 63 1.10656 -0.438727
65 64 0.0259007 0.416656
65 65 0.428241 0.365236
65 66 0.404443 0.961563
66 33 1.63288 -0.581249
66 34 3.8509 -3.08953
66 35 1.83773 -0.193728
66 36 2.84413 -1.37669
66 37 5.68876 -2.79309
66 38 6.98837 -0.309759
66 39 6.2005 0.513811
66 40 3.94368 -1.97503
66 41 7.03854 -1.77782
66 42 3.35983 -0.120386
66 43 3.23037 0.0252102
66 44 4.01656 -1.09522
66 45 5.34022 0.872362
66 46 4.2687 -0.270996
66 47 4.21431 0.141172
66 48 4.66747 0.645313
66 49 5.56208 1.4599
66 50 4.57866 1.14746
66 51 2.05612 -0.493047
66 52 4.0071 -0.31449
66 53 2.71438 0.279279
66 54 1.4141 2.62987
66 55 2.3803 -0.036044
66 56 0.885344 0.080253
66 57 1.2883 0.242707
66 58 0.409758 0.389934
66 59 1.39639 -0.288464
66 60 0.799853 0.470517
66 61 0.226236 0.0257897
66 62 0.976141 0.972782
66 63 0.298165 0.537352
66 64 -0.0342296 0.126645
66 65 0.785385 1.08468
66 66 0.676011 -0.584265
67 33 0.392223 -0.182498
67 34 0.772439 -0.368628
67 35 0.591461 -0.122624
67 36 0.588844 -0.00614989
67 37 1.26695 -0.142305
67 38 1.29589 0.197835
67 39 1.45406 0.115742
67 40 0.879767 0.0779685
67 41 0.990996 -0.0728758
67 42 0.761732 0.131204
67 43 0.930761 0.338322
67 44 1.16293 -0.175024
67 45 1.42301 -0.471412
67 46 0.613699 0.299571
67 47 0.954201 -0.260597
67 48 0.793839 0.179713
67 49 0.875644 -0.0473653
67 50 1.09042 0.0962017
67 51 0.677655 0.178819
67 52 0.76209 -0.162858
67 53 0.626569 0.37379
67 54 0.630846 0.0337183
67 55 0.550685 0.0636754
67 56 0.205105 0.141872
67 57 0.49075 0.186412
67 58 0.10582 -0.0112046
67 59 0.231514 0.19986
67 60 0.270289 0.243361
67 61 -0.0275801 0.200759
67 62 0.276543 0.0213438
67 63 0.163543 0.065371
67 65 0.169305 0.0812019
67 66 0.094245 -0.0411961
