0 35 1.79847e-05 -3.28907e-05
0 38 -0.000427099 -0.000129919
0 39 0.000204914 4.85116e-05
0 48 0.000288728 -8.25109e-05
0 50 0.000251012 -0.000153962
0 52 1.35119e-05 2.4933e-05
0 61 -6.17378e-06 3.07954e-06
1 36 0.000342447 -0.000203989
1 38 0.000352796 0.00022794
1 42 -1.81401e-05 -3.95897e-05
1 45 0.000297598 -0.000187801
1 46 0.000163322 -6.16753e-05
1 49 -5.01809e-05 9.00603e-06
1 57 -8.68969e-05 2.72849e-05
2 34 0.000374986 -0.00024092
2 37 0.000370113 -0.000128541
2 38 -0.000472938 5.58097e-05
2 39 0.000230319 0.000383453
2 41 0.000428182 0.00042493
2 44 0.000716676 -0.000342052
2 46 3.71022e-05 9.79e-05
2 49 -7.10683e-05 -4.48926e-05
2 53 1.44866e-05 1.36574e-05
3 33 -0.000297072 0.000384028
3 34 -0.000126181 -0.000310503
3 36 -2.10502e-05 -2.00226e-05
3 37 -0.000399516 -0.000289068
3 38 -9.89892e-05 7.93049e-05
3 39 -7.54625e-05 -0.000468156
3 40 0.000523381 2.38632e-05
3 42 0.000208854 -5.34023e-05
3 43 -0.000150761 0.000328848
3 44 0.000209172 -1.33608e-05
3 46 -0.000142896 -0.000191582
3 47 -1.21899e-05 -1.49517e-05
3 48 0.000208894 0.000209857
3 49 -0.000161298 -3.03834e-05
3 50 8.98387e-05 -0.00020035
3 51 -0.000314729 8.66238e-05
3 52 -8.17103e-05 -0.000294016
3 54 -0.000125795 4.54102e-05
3 61 -5.26617e-05 3.15075e-05
3 64 0.000160802 -3.43364e-05
4 34 0.00054736 6.87208e-05
4 35 -0.000235919 -0.000228397
4 36 0.000122742 9.68561e-05
4 37 3.4905e-06 -3.71613e-06
4 39 3.56861e-05 7.02451e-05
4 40 0.000200817 -0.000155232
4 41 -0.000222957 -0.000198302
4 42 -0.000385059 -7.95919e-05
4 43 -0.000207552 0.000224158
4 44 -0.000288678 0.000347294
4 45 -0.000806995 0.000193836
4 48 4.81638e-05 6.85465e-05
4 49 -0.000169732 -0.000380042
4 50 -6.36886e-05 1.77499e-05
4 51 3.33234e-05 -0.000301125
5 33 -0.000455867 0.000191177
5 34 4.26594e-05 -6.2492e-06
5 35 -0.00052001 0.00054041
5 36 0.000510634 0.000247384
5 37 0.000639777 0.000302729
5 38 2.36733e-06 -0.000107348
5 39 1.14137e-05 0.00032865
5 40 0.000508036 0.000261466
5 41 0.000308886 0.00019596
5 42 -0.000186586 4.96699e-05
5 43 0.000255398 -0.000349797
5 45 0.000364522 -0.000112867
5 46 0.000157777 -0.000317966
5 48 -0.000356148 -0.000264758
5 49 0.000163482 2.01077e-05
5 51 1.8047e-05 -0.000656283
5 52 0.000302985 0.000130668
5 63 3.74191e-06 -3.62306e-08
6 33 0.000583216 -7.10307e-05
6 34 0.000535507 0.000185328
6 35 0.000524301 -0.000249838
6 36 0.000424037 -0.000369352
6 37 5.55931e-05 8.36172e-05
6 38 -7.18827e-05 0.000118598
6 39 0.000206896 -2.54615e-06
6 40 7.7751e-05 3.57194e-05
6 41 -0.000106644 3.32513e-05
6 42 4.74119e-05 -1.91389e-05
6 43 0.000358911 -7.87076e-05
6 44 -0.000190127 -5.62753e-05
6 45 0.000473677 0.000647998
6 46 2.27005e-05 -0.000138365
6 47 0.000120692 -0.000402742
6 48 0.000699965 0.000429031
6 49 0.000685959 0.000174271
6 50 0.00028116 0.000172901
6 51 -0.000655069 0.000143496
6 52 0.000502014 0.000281716
6 53 9.23272e-06 6.51298e-06
6 54 2.15515e-07 8.26803e-07
6 64 0.000475002 -1.15856e-05
7 34 0.00021323 -7.81259e-05
7 35 -0.000302784 0.000156558
7 36 0.000816618 -7.09742e-05
7 37 -3.35519e-05 3.75769e-05
7 38 -0.00041013 0.000159923
7 39 8.12203e-05 -0.000113375
7 40 -0.000138667 -0.000280581
7 41 6.13302e-05 0.000294987
7 42 0.000111501 0.000107908
7 43 0.000116074 -0.000378064
7 44 0.000392028 -0.000155704
7 45 -8.85324e-05 -0.000217987
7 46 -0.000532507 -0.000288728
7 47 4.3701e-05 7.26202e-06
7 48 -0.000217975 0.000171046
7 50 0.000845062 0.000514076
7 51 -0.000262586 0.000409656
7 53 -0.000298304 0.000156997
7 55 4.99372e-05 4.44362e-05
8 33 0.000278284 -0.000122631
8 34 -0.000399901 0.000283395
8 36 9.89246e-05 -1.52621e-05
8 37 -0.00043504 0.000112313
8 38 -0.00017786 -0.000150225
8 39 -5.32423e-05 0.000205009
8 40 0.000675221 0.000209763
8 41 -7.54813e-05 0.00114618
8 42 1.21013e-05 1.68253e-05
8 43 0.000173218 4.97085e-05
8 44 0.000213388 0.00011743
8 45 0.000436632 5.60115e-05
8 47 -0.000309162 -0.00029956
8 49 -0.000111065 -0.000337251
8 50 -0.00015508 -0.000612206
8 51 -1.41044e-05 -9.22329e-06
8 52 -0.000499154 1.65794e-05
8 53 0.000193961 1.33024e-05
8 54 0.00016106 -1.52234e-06
8 62 -0.000327641 0.000168182
9 35 8.54236e-05 5.88435e-05
9 36 -0.000337031 3.64155e-05
9 37 0.000847225 -3.05403e-06
9 38 0.00013879 -0.00019978
9 39 0.00030402 -0.000345763
9 40 -0.000309134 -8.44888e-05
9 41 0.000290313 0.000489238
9 42 -0.000599905 -0.000173442
9 43 -4.56132e-05 0.000145395
9 44 -0.00010209 -0.000169988
9 45 0.000169403 -0.000270564
9 46 -0.000415537 0.000191992
9 47 0.000813038 -8.59741e-05
9 48 -0.000495446 0.000546076
9 49 0.000423388 -0.00048817
9 50 -0.000453004 -0.000191044
9 51 0.000333824 -0.000212738
9 52 1.61896e-06 8.86311e-07
9 53 2.59771e-05 8.13245e-05
9 54 -0.000245401 -0.000662989
9 55 0.00037569 0.000317746
9 56 0.000325811 0.000127453
9 60 -0.000430786 0.000553155
10 33 0.000426785 0.000256061
10 34 0.000520005 1.79102e-05
10 35 -2.84368e-05 -0.000164636
10 36 6.77207e-05 -0.000273596
10 37 0.000404913 -0.000354086
10 38 -0.000531852 -0.000179037
10 39 -0.000715326 4.0863e-05
10 43 0.000145139 0.000264487
10 44 2.61338e-05 -0.000174745
10 45 8.71374e-05 -3.8843e-05
10 47 0.00019138 1.38431e-05
10 48 -0.000266226 -3.65801e-05
10 49 -0.000579566 0.000556137
10 50 0.000807332 -0.000119745
10 51 0.000390162 0.00041126
10 52 0.000493825 5.79151e-05
10 53 0.000352692 0.000225253
10 54 -0.000141484 -0.000136279
10 55 -2.67535e-05 -0.000194997
10 64 -0.000123585 0.000240939
11 33 0.000133594 -0.00012669
11 34 0.00010107 0.000123068
11 35 -0.00045582 0.000636179
11 36 0.000819543 2.83499e-05
11 37 -0.000290728 0.00015162
11 38 9.45575e-05 -0.0001415
11 39 -1.6943e-08 1.96364e-05
11 40 -0.000670382 -0.000155373
11 41 0.000782753 -0.000429047
11 42 -8.68577e-05 0.000341908
11 43 0.00086265 -3.24589e-05
11 44 0.000293037 0.000218119
11 45 -0.000322394 -5.42035e-05
11 46 0.000403897 0.00018935
11 47 -0.000222592 0.000240926
11 48 -0.000153129 0.000186234
11 49 -6.04306e-05 -5.54033e-05
11 51 -0.00029163 0.000183867
11 52 -1.31328e-05 -8.58713e-05
11 54 -0.000142199 -2.26654e-05
11 59 0.000134711 -7.14315e-05
12 33 2.87685e-05 -2.48501e-05
12 34 0.000329191 0.000207506
12 35 0.00056368 -0.000505084
12 36 0.000712181 5.8334e-05
12 38 0.000290605 0.000111763
12 39 1.65018e-05 0.000383754
12 40 7.68147e-05 0.000283093
12 41 7.27896e-05 -0.000896095
12 42 0.000355726 0.000950295
12 43 0.000319219 0.000233691
12 44 -2.43365e-05 -0.000284034
12 45 0.000683981 0.000117661
12 46 5.78223e-05 -6.06486e-05
12 47 -0.000417921 0.000136449
12 48 0.000291688 -6.0748e-05
12 49 0.000148305 3.19749e-05
12 50 0.000661875 -0.000263712
12 51 -0.000497959 -2.19597e-05
12 52 -0.000211639 -0.000333105
12 53 -2.25566e-06 6.82297e-05
12 55 -7.71613e-05 3.8436e-06
12 58 0.000370335 -0.000300199
12 60 -0.000170572 0.00028891
12 63 0.000323148 0.000180405
12 64 -0.000308148 -0.000124691
13 33 3.01919e-05 -3.0174e-05
13 34 1.43647e-05 -1.55038e-05
13 35 0.000627629 0.000315055
13 36 0.000547369 0.000339166
13 37 -3.56076e-05 3.89943e-05
13 38 2.13198e-05 -0.000178935
13 39 0.000148338 -0.000244123
13 40 0.000102097 -8.1186e-05
13 41 0.000470089 0.000106577
13 42 0.000517582 -2.00806e-05
13 43 0.000458542 0.000261521
13 44 0.000294483 1.73449e-05
13 46 0.000409465 -0.000592295
13 47 5.36606e-05 0.000213258
13 48 -3.83943e-05 -0.000217797
13 49 0.000532116 -0.00060093
13 51 -0.000317136 7.76195e-05
13 52 0.000668494 0.000264458
13 53 -1.35535e-05 9.01613e-05
13 54 1.45337e-05 -6.0718e-06
13 55 8.74713e-07 1.24628e-07
13 56 -8.72098e-05 -0.000386922
13 58 -0.00011256 -0.000132019
13 62 3.88143e-05 9.19266e-05
13 63 0.000132046 5.6439e-06
14 34 0.000183055 -0.000268098
14 35 -0.000162334 0.000123242
14 36 1.48352e-05 -2.65167e-06
14 38 0.000925514 0.000520356
14 39 0.000143384 7.84924e-05
14 40 0.000506531 -5.39705e-05
14 42 0.000836464 0.000256256
14 43 0.000187198 -0.000214682
14 44 -0.000201184 0.000578304
14 45 -0.000459429 3.1118e-05
14 46 0.000637352 -1.01819e-05
14 47 -0.000213002 0.000246189
14 48 -3.62893e-05 -0.000137267
14 49 0.000164247 0.000440971
14 50 -0.000639397 -0.000320929
14 51 2.22654e-05 -7.39559e-07
14 52 0.000811497 -0.000316435
14 53 0.000101148 -0.000259301
14 55 3.75017e-05 1.51616e-05
14 58 0.000168181 0.000184832
14 61 -7.22606e-05 -5.70062e-07
14 63 1.59251e-05 2.69749e-05
14 64 0.000147638 -0.000150501
15 33 3.23047e-05 -0.000500964
15 34 -1.37151e-05 -1.33892e-05
15 35 0.000321685 0.000341538
15 36 1.86203e-05 -0.000109934
15 37 -0.000490022 -0.000414108
15 38 0.000266171 0.000542404
15 39 5.61126e-05 -3.76531e-05
15 41 0.00022298 -0.000515632
15 42 1.12963e-05 0.000310923
15 43 0.000866725 2.09358e-05
15 44 -0.000143133 -7.42084e-05
15 45 0.000266583 0.000182661
15 46 0.000250002 -0.000100988
15 47 -0.000370517 0.000293561
15 48 -0.000693743 5.91895e-05
15 50 8.81723e-05 8.46616e-05
15 51 -0.000653245 -0.000581567
15 52 0.000370323 8.26328e-05
15 53 6.23423e-05 0.000209026
15 54 0.000165233 -0.00032048
15 55 0.000341318 -8.1188e-05
15 56 0.000422981 -0.0001022
15 57 -0.000427652 0.000222491
15 59 1.63057e-05 6.53661e-05
15 61 0.000282656 -6.84864e-05
15 64 -0.00038101 0.000225241
15 65 -6.897e-05 -0.000135696
16 33 0.000295993 -0.000143087
16 34 0.000415002 3.98714e-05
16 35 0.00155776 -0.000417574
16 36 8.49081e-05 0.000232664
16 37 0.000469287 -0.000395797
16 38 0.000243412 -0.0005487
16 39 0.000376857 0.000433414
16 40 -0.000152592 -5.40886e-05
16 41 0.000191407 0.000202745
16 42 0.000408306 3.30691e-05
16 43 2.36374e-05 6.62346e-06
16 44 0.000866717 -0.00025298
16 45 0.000271827 -0.00012084
16 46 3.48235e-05 0.000220842
16 47 -0.000115138 0.000114033
16 48 0.000384358 0.000518338
16 49 0.000323056 0.000205925
16 50 0.000406837 0.000551233
16 51 0.000569133 0.000502143
16 52 -0.000250902 -0.000287728
16 53 0.000250599 0.000468355
16 54 -0.000383682 -0.000188054
16 55 8.65095e-05 6.61663e-05
16 57 -6.24265e-05 5.78067e-05
16 62 -0.000271836 0.000326489
16 64 -0.000222144 -0.000203194
16 66 3.42216e-05 7.12182e-05
17 33 3.29089e-05 -0.000109316
17 35 4.47781e-05 -8.39381e-05
17 36 -5.27961e-05 -0.000175867
17 37 0.000862078 -3.86423e-05
17 38 0.000113245 1.46575e-05
17 39 0.000879333 -0.000620573
17 40 -7.92966e-05 2.57245e-05
17 41 -3.12595e-05 -7.47264e-05
17 42 9.0791e-05 -5.50758e-05
17 43 9.65434e-05 -0.000163877
17 44 0.000339778 -3.1314e-05
17 45 0.000413356 0.000510451
17 46 0.000210742 0.000455208
17 47 0.000330838 8.22242e-06
17 48 -0.000409606 -0.000501135
17 49 0.000286324 0.000232331
17 50 0.000834178 -0.00021751
17 51 0.000506876 -8.73746e-05
17 52 0.000454291 0.000334082
17 53 2.27501e-05 3.81219e-05
17 55 -0.000757934 3.12899e-05
17 56 -0.000182157 0.000395767
17 57 -0.000258233 8.08047e-05
17 62 0.000221657 0.00029627
17 66 0.000247138 -3.13845e-05
18 34 0.000334515 -0.000227164
18 36 6.34424e-05 -0.00025666
18 37 0.000124927 -0.000110609
18 38 0.000539829 -0.000112741
18 39 -0.000207902 0.000290246
18 40 4.1987e-05 0.00113037
18 41 -7.03378e-05 -3.08002e-05
18 42 0.000252065 3.88307e-05
18 43 0.000284245 0.000142335
18 44 0.000224471 -4.8474e-05
18 45 0.000244697 -0.000282924
18 46 -0.00040503 0.000280192
18 47 0.000461807 0.000404342
18 48 0.00094161 0.0003298
18 49 5.29805e-05 0.000203947
18 50 -0.000333355 -7.38153e-05
18 51 0.000786246 -1.31167e-05
18 52 -0.000216523 0.000318703
18 53 8.17678e-05 -7.66737e-05
18 54 0.000187579 0.000159977
18 55 7.4753e-05 0.000117221
18 57 0.00060928 0.00084132
18 58 -6.17264e-05 -5.40165e-05
18 59 -4.78532e-05 0.000269043
18 63 3.28094e-05 -5.73367e-05
19 34 0.000512582 8.34241e-05
19 35 -7.37948e-05 0.000218035
19 36 -0.000281916 -0.000469384
19 37 3.57613e-05 -1.06766e-06
19 38 -0.000150271 0.000260163
19 39 0.000183514 0.000211041
19 40 0.000690046 -6.25766e-06
19 41 0.00125159 4.49636e-05
19 42 -0.000404956 -0.000110775
19 43 -0.000226947 0.000191211
19 44 0.000347374 0.000208068
19 45 0.000190919 -4.59395e-05
19 46 -0.000621498 5.26425e-05
19 47 -0.000834246 0.000119764
19 48 0.000201823 -0.000421619
19 49 0.000190804 0.000263079
19 50 -0.000527799 0.00018715
19 51 0.0003921 0.000499069
19 52 0.000226361 0.000119215
19 53 0.000215905 -2.74083e-05
19 54 -0.000182368 0.000100112
19 55 0.000137991 0.000425496
19 56 -0.000316987 1.88736e-05
19 59 -5.22813e-05 -8.55675e-06
20 33 0.000482589 2.7058e-05
20 34 0.00032313 9.83284e-05
20 35 0.00052905 -0.000247441
20 36 -0.000364287 -7.66267e-05
20 37 -0.00042557 3.82548e-05
20 38 0.000318863 0.000277314
20 39 -0.000797926 -0.000563485
20 40 0.000411848 -0.000104715
20 41 0.000600062 -1.04687e-05
20 42 -0.000319589 0.000251989
20 43 1.97051e-05 0.000493875
20 44 0.000201202 -0.000295474
20 45 -9.26004e-05 0.000161069
20 47 9.53954e-05 -0.000143911
20 48 0.000137744 -0.000194156
20 49 8.55522e-05 -2.4429e-05
20 50 -3.67254e-05 -5.471e-05
20 51 -6.96692e-05 -0.000127997
20 52 5.27012e-05 4.64268e-05
20 53 -0.000267565 -0.000142416
20 54 -0.000692249 0.000102698
20 55 -4.92957e-05 -3.35994e-05
20 56 5.53966e-05 6.36032e-07
20 57 0.000172162 0.000279924
20 59 0.000132258 0.000113207
20 61 0.000320769 -0.000175058
20 62 -0.000238051 0.000374169
21 34 0.000845801 -1.80489e-07
21 35 -2.48766e-05 9.48765e-05
21 36 -0.000279589 0.000404502
21 37 0.00134515 -6.77786e-05
21 38 0.000838722 0.000205469
21 39 -0.000215794 7.18752e-05
21 40 0.000852547 0.000138358
21 41 0.000463195 -0.000216188
21 42 -0.000319633 -0.00025812
21 43 0.000316033 -0.000172566
21 44 -0.000588233 4.90275e-05
21 45 0.000585432 0.000517951
21 46 -0.000205556 0.000230411
21 48 0.000373006 -0.000207486
21 49 0.000297978 0.000192829
21 50 0.000233864 0.000293689
21 51 -0.00102085 -0.000197439
21 52 0.000512115 0.000427708
21 53 -0.000173977 0.000159601
21 54 -9.47722e-05 9.84187e-05
21 56 -0.000131666 -2.11987e-05
21 57 0.000179533 0.000310543
21 59 -2.58861e-05 4.9166e-05
21 60 0.000304881 0.000160147
21 63 0.0001254 2.91899e-05
21 64 0.000196802 -2.70217e-05
22 34 0.000297458 -0.000186847
22 35 6.58788e-05 7.76833e-05
22 36 4.42159e-05 -0.000105227
22 37 0.000320081 -0.000446393
22 38 0.00013109 1.03059e-05
22 39 0.000374089 0.0001808
22 40 0.000471405 -2.33643e-05
22 41 -0.00012535 8.79575e-05
22 42 -0.000451703 8.10318e-06
22 43 -4.11175e-05 -0.000300859
22 44 -9.92767e-05 -0.000123455
22 45 0.000444441 0.000516094
22 46 0.000466182 -0.000395127
22 47 2.0197e-05 0.00041963
22 48 -0.000334893 -0.000350293
22 49 0.00037928 0.000207996
22 50 6.32259e-07 0.000141222
22 51 -0.000593073 5.69899e-05
22 53 0.000169795 0.000104355
22 54 0.000188382 2.42961e-05
22 55 0.000105354 6.08646e-05
22 56 -0.000226688 0.000400865
22 58 -7.72584e-05 8.63579e-05
22 61 0.000367116 4.81681e-05
22 64 0.000260246 0.000152266
22 66 -0.00015284 0.0005317
23 33 0.000495309 0.00026414
23 34 4.08171e-05 -1.21128e-05
23 36 -0.000231099 0.00026439
23 37 -0.000595849 0.000735053
23 38 0.00028779 -0.000678793
23 39 0.000274928 -0.000400375
23 40 0.000172437 -0.000182854
23 41 2.20212e-05 0.000222951
23 42 9.40615e-05 0.000192754
23 43 -0.00149592 -0.000546411
23 44 -0.000498358 -0.000227873
23 45 -2.44069e-06 2.00448e-05
23 46 0.000341074 -0.000293675
23 47 -0.000171493 -0.000342954
23 48 -0.000238204 0.000474774
23 49 0.00014135 5.52925e-05
23 50 -0.000304793 9.1923e-05
23 51 0.000184305 0.000319374
23 52 3.27134e-05 0.000187656
23 53 -0.000316393 0.00016493
23 54 0.000250121 -7.78863e-06
23 55 4.67499e-05 8.66419e-05
23 56 9.80001e-05 4.81526e-05
23 59 -0.000111517 0.000321628
23 65 -0.000154624 -4.19659e-05
24 34 0.000182222 -5.10626e-05
24 35 0.000104442 -0.00012146
24 36 -1.34811e-06 -2.9217e-06
24 37 0.00051815 -0.000313341
24 38 -2.62249e-05 -0.000341462
24 39 3.02391e-05 0.000218516
24 40 0.000472387 8.40133e-05
24 41 -0.000483825 -0.000595081
24 42 0.000267619 -6.71492e-05
24 43 -0.000939283 -0.00046723
24 44 0.000287373 -0.00014357
24 45 0.000528196 0.000363687
24 46 -0.000116021 2.23076e-05
24 47 -0.000343158 4.25248e-05
24 48 0.000373979 0.000387601
24 49 0.000135299 0.000182651
24 50 0.00043425 0.00017488
24 51 -4.28851e-05 0.000193353
24 52 0.00026949 -0.00106268
24 53 0.000239305 -0.000180386
24 54 0.000317573 0.000101199
24 56 -3.71269e-05 0.000573382
24 59 -5.47042e-05 7.40991e-05
24 60 0.000306463 0.000391754
25 33 0.000376608 0.000211373
25 34 0.000478914 -0.000184891
25 35 -0.000866115 0.000492019
25 36 0.000227518 0.00044984
25 37 0.000557394 0.000324464
25 38 0.000584499 -4.72383e-05
25 39 -0.000768372 1.8518e-05
25 40 0.000357615 -0.000286551
25 41 0.000482798 0.000464003
25 42 0.000470213 -0.00127074
25 43 0.000272393 -0.000157756
25 44 -0.000167593 1.38252e-05
25 45 -8.48428e-05 -0.000216318
25 47 -0.00016992 4.88008e-05
25 48 8.18709e-05 0.000259205
25 49 -0.00105423 0.000682625
25 50 -0.000376654 0.000271312
25 51 0.000310544 0.000374336
25 52 0.000219182 -0.000173752
25 53 -0.000172971 0.000176479
25 54 0.000102163 0.000202445
25 55 0.000176254 -4.97493e-05
25 56 -0.00037215 0.000198732
25 57 -0.000519283 0.000348271
25 58 -0.000151886 -0.000472903
25 59 -0.000356727 4.01819e-05
25 60 -0.000138335 4.17856e-05
25 62 -0.000137657 -0.000234889
25 63 0.000164221 -0.000102577
25 65 -0.000208465 0.00034434
26 34 -0.000308627 -0.000366879
26 35 -0.000211013 -0.00028
26 36 0.000527563 0.000479699
26 37 -0.000203381 -0.000187228
26 38 0.000778968 -0.00059668
26 39 0.000648438 -0.000554953
26 40 0.00046383 -4.69052e-06
26 41 2.65401e-05 -0.000359468
26 42 4.20677e-05 -0.000138861
26 43 6.88271e-05 -5.05587e-05
26 44 7.11426e-05 -0.000286993
26 45 0.00033421 -0.000677666
26 46 -0.000179138 4.97054e-05
26 47 -0.000109416 -0.000120988
26 48 0.000468251 0.000254782
26 49 -0.000376633 0.00055822
26 50 -0.000114713 0.000259645
26 51 0.000439599 -2.19564e-05
26 52 0.000258348 0.000274542
26 53 -0.000105445 -5.50149e-06
26 54 -0.000199379 0.000174025
26 55 0.000170357 -9.92555e-05
26 56 -0.00023418 0.000450524
26 58 0.000644109 0.000117066
26 59 0.00050925 0.000326897
26 62 0.000353694 -6.29116e-05
26 63 -6.77962e-05 -4.65136e-05
26 65 0.000232209 -0.000117797
27 33 0.00048962 -0.000436726
27 34 0.000512586 -0.00016067
27 35 9.80309e-05 -0.000408241
27 36 6.56274e-05 -0.000623739
27 37 0.000105282 6.77169e-05
27 38 -0.000485466 -0.000634336
27 39 0.000274173 -0.000122765
27 40 0.00028327 0.000387374
27 41 0.000640828 -2.96348e-06
27 42 -0.00101289 -0.000388625
27 43 0.000153866 0.000302368
27 44 0.000378481 0.000341621
27 45 -0.000167981 0.000163277
27 46 0.000174292 0.000403691
27 47 0.000340437 -6.41287e-05
27 48 0.000493809 0.000318391
27 49 -0.000105691 -0.000482949
27 50 0.000196607 0.000523543
27 51 0.000281977 0.000456496
27 52 -0.000140445 0.000326187
27 53 -0.000583631 -0.000295933
27 55 -0.000265078 0.00010294
27 56 0.000211269 -0.000299528
27 58 6.30687e-05 6.01264e-05
27 59 -2.45936e-05 3.45381e-05
27 60 1.58187e-05 -6.48606e-05
28 34 5.59554e-05 -8.77019e-06
28 35 0.000141836 -7.41271e-05
28 36 -0.000304519 -1.01688e-05
28 37 0.000349893 -9.94879e-05
28 38 3.76546e-05 9.92444e-05
28 39 5.42049e-06 -7.8432e-05
28 40 -0.000243199 -0.000623313
28 41 0.000355149 6.97533e-05
28 42 -0.000548962 -0.000407056
28 43 1.20128e-05 0.000583241
28 44 0.000557645 0.000137717
28 45 0.000625961 0.000457425
28 46 0.00100699 -0.000516255
28 47 -7.63677e-05 0.000147505
28 48 0.000152122 0.000257396
28 49 0.000584519 0.000522073
28 50 -0.000503124 -0.000395651
28 51 -0.000251282 3.32226e-05
28 52 0.000365675 0.000135413
28 53 -0.000225261 0.000238497
28 54 0.000654032 3.0556e-05
28 55 -0.00012868 -6.50599e-05
28 56 0.000323368 6.81154e-05
28 57 0.000192493 5.40309e-05
28 58 5.19473e-05 2.1796e-05
28 59 -0.000302135 0.000178129
28 60 -8.56663e-07 7.18792e-07
28 61 -4.05933e-05 -0.000117202
28 62 5.97782e-05 8.57757e-05
28 64 0.000323323 0.000310442
28 66 0.000250732 0.000351929
29 33 0.000182787 -0.000474193
29 34 -0.000119279 0.000312007
29 35 -0.000103265 0.000210846
29 36 0.000448207 -0.000378085
29 37 -0.000243089 -7.20151e-05
29 38 0.000463897 3.80258e-06
29 39 -0.000377343 0.000790465
29 40 0.000324077 -6.09559e-05
29 41 0.000151757 0.000182119
29 42 0.000262219 8.95469e-05
29 43 0.000245749 6.14986e-05
29 44 0.000240329 -0.000218079
29 45 0.000246376 -0.00020842
29 46 0.000256558 -8.3504e-05
29 47 -0.000271747 -0.000271999
29 48 -6.51337e-05 -0.000521806
29 49 7.81002e-05 0.000125579
29 50 7.447e-05 0.000147651
29 51 0.00049934 0.000206012
29 52 0.000467359 -4.96313e-05
29 53 0.000170583 7.07753e-05
29 54 0.000220423 7.00212e-05
29 55 0.000197003 0.00028907
29 56 5.0221e-05 5.7804e-05
29 57 -0.000330567 0.000570074
29 58 -0.000247703 0.000242115
29 61 0.000361546 4.7449e-05
29 62 0.000241215 0.000146452
29 63 -2.68473e-05 -7.78001e-05
29 65 -0.00029456 6.49353e-05
30 34 5.3039e-05 -8.97926e-06
30 35 1.94434e-05 -0.000444149
30 36 0.000113181 0.000132804
30 37 1.76925e-05 -0.000142309
30 38 0.000396463 -0.000172467
30 39 0.000378846 -0.000670831
30 40 -7.98144e-05 -0.000356723
30 41 -0.000794502 0.000141411
30 42 -0.000243088 0.000328426
30 43 0.000503559 0.000195251
30 44 0.000455207 -3.80671e-05
30 45 0.000349761 -0.000273198
30 46 0.000570252 -0.000312812
30 47 -0.000134442 -0.000328409
30 48 -0.000121341 0.000345276
30 49 1.09413e-05 -8.15646e-05
30 50 -7.22631e-05 -0.000128763
30 51 0.0003362 0.000193021
30 52 0.000506276 0.000163604
30 53 -0.000192274 0.000238372
30 54 -3.36957e-05 1.47986e-05
30 58 0.000134548 -0.000178661
30 59 0.000199691 0.000163209
30 64 -6.72814e-05 2.0563e-05
31 35 -5.65311e-05 0.000158642
31 36 0.000336941 0.000284669
31 37 -0.000581552 0.000234476
31 38 0.000715718 -0.000663057
31 39 0.00110609 0.000213775
31 40 6.74427e-05 -1.28301e-05
31 41 1.60276e-05 -0.00030552
31 42 -0.000120331 -0.000143892
31 43 0.000255276 0.000309008
31 44 0.00116445 -0.000101584
31 45 -0.000263295 0.000183945
31 46 0.000125041 -0.000254003
31 47 -0.000117377 7.2052e-05
31 48 4.87858e-05 -6.63976e-05
31 49 -0.000101424 6.28154e-05
31 50 0.000175542 -1.37931e-05
31 51 0.000389594 0.000161398
31 52 0.000375245 -2.25306e-05
31 53 0.000108811 0.00018792
31 54 0.000129522 0.00056598
31 55 0.000348004 -0.000255177
31 56 -7.7708e-05 9.02136e-05
31 58 0.000231906 1.06741e-05
31 59 4.26593e-05 -7.43214e-06
31 63 3.83408e-06 -6.85236e-06
31 64 -0.00047048 -8.10401e-05
32 33 3.26847e-05 -0.000617223
32 34 -0.000476885 -0.000267842
32 35 -0.000115144 0.000459344
32 36 0.000309806 0.000279931
32 37 0.000872435 -3.21749e-05
32 38 -0.000746366 -0.000332601
32 39 -0.000406336 0.000208839
32 40 0.000291262 0.000335435
32 41 0.00142403 0.000632555
32 42 -6.41718e-05 3.31701e-05
32 43 0.000617566 9.81101e-05
32 44 -3.06055e-05 -0.000151047
32 45 -3.3316e-05 3.31663e-05
32 46 -0.000441604 0.000279521
32 47 0.000201182 0.000121175
32 48 -0.000106756 -0.000234633
32 49 0.000193863 -0.000102229
32 50 0.00022772 9.35358e-05
32 51 -0.000456183 0.000205916
32 52 -0.000243783 0.000408448
32 53 0.000126941 4.87857e-05
32 54 -5.69885e-05 9.08071e-05
32 55 0.000269585 0.000348959
32 56 -0.000361262 0.000191794
32 57 -0.000590366 -0.000109945
32 60 0.000110549 -0.000162472
32 62 -0.00035871 -2.4075e-05
32 65 -1.72345e-05 2.84013e-05
32 66 6.96504e-05 -0.000126708
33 34 -0.000324148 -2.78132e-05
33 35 0.00029393 -6.53187e-05
33 36 0.000496428 -3.20888e-06
33 37 8.89608e-05 0.000159648
33 38 -0.000271109 0.000213675
33 39 0.000274466 0.000676608
33 40 0.000290145 7.71863e-05
33 42 0.00143066 -0.000958459
33 43 0.000455213 -0.000108861
33 44 0.000341041 -0.000172313
33 46 -0.000756478 9.2028e-05
33 47 0.000474209 -0.000102809
33 48 0.000514116 0.000131212
33 49 -0.00034353 0.000634179
33 50 0.00034194 0.000791659
33 51 0.000641072 0.000765198
33 52 -0.000380897 -0.000213094
33 54 4.68787e-05 1.68445e-05
33 57 -0.000280944 0.000179941
33 58 0.000250124 -6.72762e-05
33 59 0.000322451 7.89447e-05
33 60 -8.44635e-05 -5.0857e-05
33 61 -3.38143e-05 -4.13632e-06
33 63 0.000371904 0.000233645
33 65 -7.023e-05 -2.90462e-05
34 33 -5.30972e-05 -8.1115e-05
34 34 -0.000265245 0.000154441
34 35 -0.000416043 -0.000159521
34 36 0.00015387 1.55431e-05
34 37 0.000179116 0.00019643
34 38 -0.000156944 -0.000486532
34 39 0.000371543 0.000709237
34 40 0.000345442 -0.000478194
34 41 -0.000322391 0.000110814
34 43 0.000724733 0.000451923
34 44 -0.000259471 0.000126794
34 45 0.000664126 0.000279071
34 47 -0.000166352 0.000464277
34 48 -0.000260507 0.000195432
34 49 3.216e-05 0.000226617
34 51 0.000463638 0.000145576
34 52 -0.000198544 0.000258217
34 53 0.000131723 -1.41309e-05
34 54 -0.000137193 -0.000232904
34 55 0.000189676 1.14868e-05
34 56 -0.000144479 -0.000356401
34 58 0.000369777 6.83711e-05
34 59 0.000239039 -0.000400851
34 60 -5.7167e-05 0.000360085
34 61 0.000164921 0.000246481
34 62 4.23808e-05 -1.42664e-05
34 64 0.000305165 8.02914e-05
34 65 -0.000412514 0.000131067
35 33 -0.00038036 -0.000125321
35 34 0.000368049 -0.000271439
35 36 0.000343313 -0.000501498
35 37 0.000331729 -8.58915e-05
35 38 -0.000321463 4.13317e-05
35 39 -0.000229223 9.95569e-05
35 40 1.9642e-05 -3.80004e-05
35 41 -0.00043356 -6.07032e-05
35 42 0.000461273 -0.000189668
35 43 -9.92083e-05 -0.000194054
35 44 -0.000137115 -0.000138512
35 45 0.000187054 0.000545788
35 46 -5.95221e-05 0.000202137
35 47 0.000422959 9.69044e-05
35 48 -0.000565593 0.000410898
35 49 -0.000119305 0.000323413
35 50 0.000492366 0.000508326
35 51 0.000251002 0.000269949
35 52 0.000133811 0.000123377
35 53 0.000658305 0.000250563
35 54 -3.98593e-06 -0.000324913
35 55 0.000763608 3.11827e-05
35 56 0.00064981 7.51543e-06
35 57 9.56889e-05 0.000184601
35 58 0.00054691 -7.9246e-05
35 61 0.000629796 7.69033e-05
35 62 0.00042372 0.000582963
35 63 3.7363e-05 6.53485e-05
36 33 3.47307e-05 -5.70793e-05
36 34 -0.000274682 -0.000143933
36 35 0.000726384 -0.000163685
36 36 0.000225136 0.000370604
36 37 0.000362875 -8.7862e-05
36 38 -0.000369562 -0.000386782
36 39 0.000387132 -0.000308425
36 40 0.000667977 -0.000278776
36 41 -0.00124653 -6.33722e-05
36 42 0.000919934 -0.000929151
36 43 -0.000162639 -3.86349e-06
36 44 0.000650666 0.000492329
36 45 0.000178417 -0.000301455
36 46 9.09448e-05 0.000204572
36 47 0.000511679 4.47108e-05
36 48 0.000548204 0.000518858
36 49 0.0010119 -0.0005323
36 50 -0.0006988 0.000309498
36 53 -1.71256e-05 6.7679e-05
36 54 0.00021284 5.16541e-05
36 55 -0.000533079 0.000423907
36 57 -0.000251876 -4.74917e-05
36 58 -0.000113518 0.000412462
36 60 0.00022582 -8.8693e-05
36 61 3.77499e-05 6.02977e-06
36 63 -1.22759e-05 3.8827e-05
37 34 -0.00024443 -0.000520699
37 35 7.2947e-05 -3.96083e-05
37 36 0.00012319 -0.000271624
37 37 1.47555e-05 0.000346951
37 38 0.000239277 -3.6003e-05
37 39 0.000222571 0.000100229
37 40 -2.38717e-05 -0.000589436
37 41 0.00111768 -5.1599e-05
37 42 0.000348271 -0.00020816
37 43 -5.85669e-05 0.000316888
37 44 0.000145003 4.87358e-05
37 45 0.000363794 0.000307349
37 46 0.000485364 -0.000246167
37 47 0.000489529 7.58753e-05
37 48 0.00016426 6.80289e-05
37 50 -0.000144936 0.000311398
37 52 0.000252041 0.000184571
37 53 -0.000144142 0.000571531
37 54 0.0003816 -0.000215848
37 55 0.000197873 0.000226134
37 56 -0.000290639 8.04136e-05
37 57 -0.000193522 -0.000109602
37 58 7.30375e-05 6.28125e-05
37 60 0.000358132 0.000206972
38 34 -0.000348456 -0.000113223
38 36 7.50467e-06 2.3008e-05
38 37 0.00034867 -2.28937e-05
38 38 -0.00045541 4.98271e-05
38 39 0.000149125 0.000107489
38 40 0.000514068 -0.000233581
38 41 -0.000486029 -6.90732e-05
38 42 0.000502545 -4.74641e-05
38 43 -5.8231e-05 -9.93317e-05
38 44 -5.84207e-05 -0.000250504
38 45 -8.94979e-05 -7.69442e-05
38 46 7.21337e-05 8.08667e-06
38 47 0.000179518 -0.000304887
38 48 9.97569e-05 8.93193e-05
38 49 0.000130073 0.000244985
38 51 -6.46557e-05 5.90572e-05
38 52 0.000150224 -4.78341e-05
38 53 0.000224105 -0.000283428
38 54 -0.000457496 0.000110525
38 55 -0.000275701 -0.000482073
38 56 0.000268815 2.13714e-05
38 57 0.000123682 0.000191777
38 58 -0.000322786 0.000314712
38 59 0.000383713 0.000229249
38 60 -0.000150389 -2.22222e-05
38 64 -4.9347e-05 0.000192468
38 65 -0.00021538 -1.3969e-05
39 33 0.000239526 -7.00563e-05
39 35 0.000491003 -0.000427567
39 36 0.0004903 4.0004e-05
39 37 -0.000119136 0.000150915
39 38 0.000316578 4.93386e-05
39 39 0.000357972 0.000119178
39 40 -0.000431203 -0.000214698
39 41 0.000157596 -0.000100945
39 42 0.000340656 -0.000497302
39 43 0.000263799 0.000949039
39 44 -0.000466085 -0.000133139
39 45 0.00015678 0.000365346
39 46 4.9351e-05 -2.34395e-05
39 47 -0.000106771 0.000286269
39 48 2.75061e-05 -0.000139957
39 49 -0.000675132 0.000461699
39 50 0.000216028 0.000165637
39 51 -0.000270452 -0.000280154
39 52 -0.000101447 -0.000738514
39 53 0.000143631 -0.000253069
39 54 6.84893e-06 3.31896e-06
39 55 -0.000339333 -0.000106042
39 56 3.96694e-05 1.53941e-05
39 57 -5.32094e-05 -0.000130258
39 59 0.000327975 0.000344292
39 60 -0.000222479 -3.46012e-05
39 61 -0.000217042 0.000111925
39 64 0.000562729 -1.39631e-05
40 33 1.20762e-05 -0.000410304
40 34 -0.00059698 -1.97115e-05
40 35 0.000316538 -5.08122e-05
40 36 0.000148179 0.000807645
40 37 0.000196033 -9.29877e-05
40 38 -5.28427e-05 -8.02744e-05
40 39 -0.000116919 -4.11046e-05
40 40 0.000304394 -6.65226e-05
40 41 -0.0006156 -0.0004145
40 42 2.50049e-06 -0.000290498
40 43 0.000733067 -8.05812e-05
40 44 0.000537881 1.51129e-07
40 45 -0.000288446 6.25958e-05
40 46 0.000810154 -0.000250305
40 47 -0.000183281 -0.00031685
40 48 0.00019587 -9.62204e-06
40 49 0.000256445 -8.69659e-05
40 50 0.000576837 -3.53579e-05
40 51 0.000490291 -0.000442737
40 52 0.000493721 0.00022465
40 53 8.99134e-06 7.00706e-07
40 54 0.000158778 3.30773e-05
40 55 7.80816e-05 3.58911e-05
40 57 0.000749476 0.000201062
40 58 0.000927431 -0.000161386
40 59 -0.000212575 8.18563e-05
40 61 -0.000375235 -0.000123242
40 62 0.000322945 5.73457e-05
41 33 -6.50963e-05 -0.000417504
41 34 0.000285484 0.000262149
41 35 0.00049406 0.000161512
41 36 0.000566038 9.99624e-05
41 37 -8.00503e-05 0.000118263
41 38 -2.36003e-05 -7.57353e-05
41 39 -0.000420364 -9.43407e-06
41 40 0.000431742 7.65786e-05
41 41 0.000836463 6.29855e-05
41 42 0.000132835 -0.000255567
41 43 -2.54617e-05 -8.95096e-05
41 44 0.000656619 0.00025689
41 45 -6.8451e-05 1.6209e-05
41 46 0.000421435 -0.000234828
41 47 7.57791e-05 3.37112e-05
41 48 9.60233e-05 -9.72819e-05
41 49 0.000332791 -0.000564282
41 50 0.00012956 5.07935e-05
41 51 0.000101331 2.30477e-05
41 52 0.000112422 0.000123286
41 53 0.000392506 -0.000173484
41 54 0.000153931 -0.000125856
41 55 2.51042e-05 -1.1015e-05
41 56 0.00026963 0.000104425
41 57 -0.000149004 0.000236546
41 58 0.000238581 0.000180053
41 60 5.72875e-05 0.000116226
41 61 7.96435e-05 2.83775e-05
41 62 -7.36308e-05 -0.0001175
41 64 -9.30436e-05 -1.98054e-05
41 65 1.91178e-05 3.99193e-05
42 33 -1.15493e-05 -8.81496e-06
42 34 -0.000393678 -0.000642736
42 35 -1.56836e-05 0.000271333
42 36 1.46954e-05 5.61217e-06
42 37 0.000951807 -0.000155828
42 38 9.16008e-05 -1.82344e-05
42 39 0.000282235 -0.000431882
42 40 -0.000168562 -7.43808e-05
42 41 -0.000578561 -0.000296217
42 42 0.000572594 9.90784e-05
42 43 0.000448436 -0.000202418
42 44 1.36288e-05 3.47456e-06
42 45 -0.000464267 9.85574e-05
42 46 0.000774916 9.55708e-05
42 47 0.000399246 0.000145684
42 48 -0.000102508 0.000137731
42 49 0.000143558 0.000185337
42 50 -0.000125532 0.00045113
42 51 9.27652e-06 2.52338e-05
42 52 -0.000805972 0.000353273
42 53 -0.000476946 0.000232499
42 54 0.000104013 0.000132336
42 58 -3.39521e-05 -1.24031e-05
42 59 0.000322359 0.000243971
42 61 6.05622e-05 -5.8505e-05
42 62 0.000205605 -4.48741e-06
42 63 3.94356e-05 0.000222376
42 66 7.08232e-05 4.68136e-05
43 33 -0.000352418 -0.000410937
43 34 0.000467896 -3.34269e-05
43 35 7.76203e-05 2.61858e-05
43 36 0.00027532 -4.18568e-05
43 37 0.000400421 0.000149069
43 38 -5.13397e-05 0.000248768
43 39 0.000845447 -7.40462e-05
43 40 0.000245581 -0.00035938
43 41 0.000264228 -0.000254646
43 42 0.000736021 0.000373708
43 43 0.000579954 -0.000687663
43 44 0.000768617 -0.000170502
43 46 -8.18402e-05 -7.81413e-05
43 47 0.000597216 -0.000317031
43 48 0.00019972 0.000133641
43 49 0.000374323 -0.0002207
43 50 5.36148e-05 1.22374e-05
43 51 -2.41557e-05 -1.33562e-05
43 52 0.000312723 0.000300356
43 53 -0.000440201 0.000288709
43 54 0.000567267 0.000157608
43 55 6.84527e-05 1.03563e-06
43 57 -0.000345691 -0.000327744
43 58 -0.000123548 2.88711e-05
43 59 0.000349889 0.000189153
43 65 0.000157332 -9.47296e-05
44 34 -0.000335023 -0.000342122
44 35 0.000283964 -0.000206371
44 36 0.00014457 -0.000727812
44 38 -0.000173857 -2.90849e-05
44 39 0.000126002 0.000211052
44 40 0.000551031 0.000101023
44 41 -0.000425435 6.63956e-05
44 42 0.00046429 0.000285623
44 43 0.000191839 4.37737e-06
44 44 0.000338535 -0.000192941
44 45 0.000490758 0.000462276
44 46 -0.000221299 7.78419e-05
44 47 0.000229415 0.000347749
44 48 0.0003188 0.000519945
44 49 3.44302e-05 3.96523e-06
44 51 -0.000219043 0.000165626
44 52 0.000544381 -9.75607e-05
44 53 0.000267973 0.000223241
44 54 -0.000200444 -8.11275e-05
44 55 4.55103e-05 0.000366888
44 56 0.000683399 -1.25459e-05
44 59 -0.000134272 9.19304e-05
44 60 -0.000243618 7.20012e-05
44 61 2.11172e-05 0.000175941
45 33 0.000292122 -0.000238164
45 34 0.000564246 0.000165354
45 36 0.000431827 -0.000143486
45 37 0.000288081 -0.000276603
45 38 0.000444938 -2.47923e-05
45 39 -0.000185347 -0.000154162
45 40 3.60697e-05 0.00053805
45 41 -0.000301763 0.000345168
45 42 -0.000239269 0.000112908
45 43 0.000486882 -9.35829e-05
45 45 8.77194e-06 9.03809e-05
45 46 0.000417165 -0.000111739
45 47 -0.000235331 9.848e-05
45 48 0.000647515 4.13089e-05
45 49 -0.000101797 -0.000107456
45 51 0.00070593 5.43012e-05
45 52 0.000119922 -7.93049e-05
45 53 0.000136867 0.000140484
45 54 0.000152697 -0.000205619
45 55 0.000140249 -4.99123e-05
45 56 -6.10308e-05 7.81478e-05
45 57 0.000213424 5.09954e-05
45 58 0.000281458 -0.000147467
45 59 0.000185211 0.000272734
45 62 0.000121568 0.000205618
45 63 0.000128112 0.000260769
45 65 -0.000158532 0.000241164
46 33 0.000142368 6.26052e-06
46 34 -8.59475e-05 -4.77142e-05
46 35 0.000235537 -0.00033003
46 36 9.41201e-05 0.000170841
46 37 0.000411582 0.000290059
46 38 0.00044109 -0.000706982
46 39 -5.23753e-05 -3.37283e-05
46 40 -0.00055008 0.000178409
46 41 -0.000332766 -7.43197e-05
46 42 -0.000129802 -8.91303e-05
46 43 0.000638923 -0.00010735
46 44 0.000115991 -7.75046e-05
46 45 9.30372e-06 6.23665e-06
46 46 0.000232318 4.64368e-05
46 47 -0.000228104 0.000449318
46 48 0.000391157 -0.000303212
46 49 -0.000197945 0.000163034
46 50 -1.4081e-05 -2.24933e-05
46 51 6.88663e-05 9.00024e-05
46 52 0.000146659 0.000121676
46 53 5.51988e-05 0.000137815
46 54 -0.000269466 -7.74681e-05
46 55 0.000252603 -0.000288663
46 56 -1.02669e-05 0.000220192
46 57 3.60502e-05 1.96519e-05
46 58 0.000194914 -0.000113969
46 59 1.68925e-05 6.17596e-05
46 60 0.00128725 0.000158131
46 62 0.000282679 0.000144105
46 66 -2.10887e-05 7.00376e-06
47 34 0.000504985 4.80462e-05
47 35 8.69095e-05 -6.29632e-05
47 36 0.000683122 3.9248e-05
47 37 0.000563478 -6.90425e-05
47 38 0.000139078 6.81592e-05
47 39 0.000613637 -0.000207194
47 40 6.64961e-05 -0.000210454
47 41 -0.000409471 0.000322097
47 42 0.000534238 -0.000459764
47 43 0.000515914 -0.000224284
47 44 -0.000471542 -0.000285161
47 45 0.000825189 -2.0718e-05
47 46 -0.000130851 -0.000324765
47 47 0.000345182 0.000341857
47 48 0.000369454 0.000114449
47 49 -0.000344702 0.000231112
47 50 8.20233e-05 0.000725496
47 51 0.000412781 0.000152171
47 52 0.000141142 0.000204178
47 53 0.00030379 7.39708e-05
47 54 -0.00018818 1.68195e-05
47 55 0.000383066 -0.000109924
47 56 -0.000256646 0.000152053
47 58 -0.000405314 9.10752e-05
47 59 0.000548351 -5.03523e-05
47 60 0.000111991 -0.000174908
47 61 0.000472761 0.000423528
48 33 0.000408807 7.97878e-05
48 34 -0.000654487 -0.00026789
48 35 6.01908e-05 -1.41465e-05
48 36 -0.000104145 -3.23438e-05
48 38 0.000355882 -6.70757e-05
48 39 -2.1162e-05 -7.23019e-06
48 40 -7.04053e-05 -0.000125168
48 41 0.000191116 -0.000636643
48 42 -0.000105904 -0.000634467
48 43 0.000775216 0.000107829
48 44 0.000439855 -0.000159284
48 45 0.000491485 4.26474e-05
48 46 0.000899765 0.000174021
48 47 -0.000188018 3.76448e-05
48 48 -0.000256271 -0.00106709
48 49 5.16324e-05 -8.74545e-05
48 50 0.000338592 8.85098e-05
48 51 0.000291147 -0.000180185
48 53 0.000474342 -0.000148976
48 54 -0.00032402 -0.000255481
48 56 -0.000590476 -0.000174657
48 57 -3.98318e-05 0.000461347
48 58 0.000354309 8.60641e-05
48 59 0.000193403 8.23471e-05
48 61 0.000105667 -0.000396942
48 62 -7.88027e-05 7.12235e-05
48 64 0.000443427 0.000109594
49 33 0.000126597 -0.000179499
49 34 -0.000187533 -0.000190611
49 35 -0.000338916 0.000106792
49 36 0.000156302 -0.00023499
49 37 1.53853e-05 -4.03123e-05
49 38 -1.9539e-05 -4.74775e-05
49 39 0.000274467 0.000600541
49 40 0.000107979 -6.32369e-05
49 41 -2.30586e-05 0.000163463
49 42 4.99747e-05 0.000181127
49 43 0.000376298 -0.000103519
49 44 4.60555e-06 0.000123599
49 45 0.000576323 -6.04261e-05
49 46 -0.000316522 0.000237969
49 47 -0.000351078 0.000342466
49 48 0.000523743 0.000152964
49 49 0.000110163 2.18925e-05
49 50 -0.000276844 0.00049714
49 51 -7.34516e-05 -2.94819e-05
49 52 0.00106603 0.000271459
49 53 -3.66818e-05 -0.000233444
49 54 -0.000738239 0.000452109
49 55 0.000586255 0.000146531
49 57 1.37577e-05 -1.80717e-05
49 58 -0.000148569 0.000260945
49 59 0.000144223 -0.000430437
49 61 0.000354828 0.000184294
49 64 -0.000131583 0.000138099
50 33 -0.000148674 -7.01631e-05
50 34 -0.000428809 6.23109e-05
50 35 4.15766e-05 -8.77305e-06
50 36 -0.000239049 0.000389675
50 38 -0.000366741 0.000251657
50 39 -0.000516208 8.90231e-05
50 40 0.000216818 0.000149388
50 41 0.000142235 -1.33019e-05
50 42 0.00056362 -0.000431789
50 43 -2.13869e-05 -5.40495e-06
50 44 0.000450792 -0.000193689
50 45 -0.000237363 0.000375518
50 46 -0.000725872 -0.000181465
50 47 0.000234758 1.19083e-06
50 48 4.15014e-05 0.000120263
50 49 7.36086e-05 -7.68368e-05
50 50 1.06656e-05 0.000274982
50 51 0.000327937 0.000552792
50 52 2.11276e-06 1.62167e-07
50 53 0.000205975 2.59548e-05
50 54 0.000108542 9.98541e-05
50 55 0.000288397 0.000160585
50 56 -0.00017695 -0.000289458
50 57 -0.000169197 -3.31429e-05
50 62 0.000231253 0.000236545
50 65 9.05176e-05 3.32724e-05
51 33 9.75717e-05 -1.01145e-05
51 36 0.000293836 -0.000457489
51 37 0.000464798 -0.000701397
51 40 0.000295488 -1.9226e-05
51 41 0.000169553 -0.000139853
51 42 0.000415044 -0.000175195
51 43 -0.000547873 0.000126088
51 44 0.000279425 0.000529656
51 45 0.000377558 0.0002308
51 46 0.000430903 -0.000499218
51 47 0.000397393 7.92853e-05
51 48 0.00053659 -0.000244893
51 49 0.000319192 -0.000115339
51 50 0.000132509 -0.000139303
51 51 0.000139464 -1.74549e-05
51 52 0.0010543 -0.000462534
51 53 0.000835053 0.000225438
51 55 -0.000320578 0.000175447
51 56 0.000118329 -0.000329248
51 57 0.000264812 8.05963e-05
51 58 0.000457501 3.51573e-05
51 59 0.000104817 -5.0761e-05
51 60 0.000122361 -4.30214e-06
51 61 5.30884e-05 -0.000132284
51 63 0.000170562 3.84152e-07
51 64 0.000204857 -0.000336668
51 65 0.000359345 0.000477705
51 66 0.000469558 -9.39368e-05
52 33 8.83918e-05 -0.000452058
52 34 9.19562e-05 1.52487e-05
52 36 -0.000112994 -5.16775e-05
52 37 0.000259178 -0.000353172
52 38 -0.000136038 -8.02905e-06
52 39 5.37572e-05 -3.4607e-05
52 40 0.000713824 -0.000465145
52 41 -0.000320453 0.000679877
52 42 -0.000403677 -4.11186e-05
52 43 0.00044896 1.3472e-05
52 44 0.000436437 -8.14168e-05
52 45 -0.000267774 -0.000161405
52 46 -0.000214345 0.000292572
52 47 0.00030879 -0.000162184
52 48 0.000619659 -0.000219658
52 49 -2.94807e-05 0.000348599
52 50 0.000520823 0.00105474
52 51 0.000114052 0.000156755
52 52 6.61152e-05 -4.03148e-05
52 53 -0.000186172 0.00110269
52 54 0.000259098 0.000163666
52 55 0.000394296 -0.000185535
52 56 -0.000196004 0.000510981
52 58 0.000553443 2.53107e-05
52 60 0.000100258 0.000174431
52 62 -0.000267274 0.000246856
52 64 1.8641e-05 2.42463e-05
53 34 0.00036597 -0.00011175
53 35 4.66844e-05 -7.49858e-05
53 36 0.000409999 -0.000206729
53 37 0.000403203 8.16547e-05
53 38 0.000700083 0.000181566
53 39 0.000239427 0.000144167
53 40 -0.000501361 0.000133031
53 41 -0.000491327 -0.000106888
53 42 0.000406751 -0.000294165
53 43 -0.000263368 0.000182275
53 44 0.000866275 3.25103e-05
53 45 7.29819e-05 -2.20174e-06
53 46 0.000153795 0.000424124
53 47 0.0002517 0.000256412
53 48 -0.000136937 0.000155648
53 50 5.59049e-05 4.2005e-05
53 51 -0.000350851 0.000136701
53 52 0.000418168 3.92642e-05
53 54 2.14822e-05 0.000148323
53 55 0.000130339 -6.0495e-05
53 56 5.33417e-05 -5.34737e-05
53 58 -0.00021832 -0.0001478
53 60 0.000447168 -8.44279e-05
53 61 0.000190665 0.000136722
53 62 7.12288e-05 -4.09983e-05
53 64 -2.62734e-05 4.16456e-05
54 33 -0.000259344 0.000109009
54 35 -0.000431274 -2.44979e-05
54 36 0.000330582 9.8608e-05
54 38 0.00022069 -0.000340336
54 39 -7.63466e-05 -4.12307e-06
54 40 0.000191473 -7.76881e-05
54 41 0.000624232 0.000389638
54 42 -0.000670226 0.000512172
54 43 0.000155625 -0.000229475
54 44 -0.000162204 -0.000178963
54 45 0.000446837 -0.000155871
54 47 0.000502318 0.00014461
54 48 0.000339324 -3.44509e-05
54 49 0.000103896 0.000186693
54 50 0.000587328 3.63273e-05
54 51 0.000606076 -0.000553949
54 52 0.000318827 8.22399e-05
54 54 0.000234232 0.000155776
54 56 0.00029635 -7.96186e-05
54 57 0.000236583 0.000285694
54 62 0.000326881 0.000278764
54 63 6.23701e-05 4.4902e-05
55 33 7.15386e-05 8.86284e-06
55 35 -0.000214794 2.13071e-05
55 36 4.03004e-05 -5.50991e-05
55 37 0.00013869 -7.91573e-05
55 38 0.000706965 0.000193755
55 39 0.000185332 7.41439e-05
55 40 -9.68005e-05 -2.66744e-05
55 41 -0.000124813 5.41759e-05
55 43 0.000692108 0.000848713
55 44 0.000401437 1.10445e-05
55 45 0.000235275 6.76506e-05
55 46 0.000416737 -0.000227835
55 47 0.000367756 -0.000314125
55 48 -0.000182035 0.0001668
55 49 0.000767724 0.000478088
55 50 0.000305368 0.000194323
55 52 -7.83497e-05 -0.000277433
55 53 0.000739376 0.000234576
55 54 0.000155301 6.27213e-05
55 55 5.99398e-05 0.000331482
55 56 0.000324846 -0.000194404
55 57 0.000371101 0.000152908
55 58 0.000387504 -0.000254634
55 59 0.000163616 0.000406108
55 60 0.000165492 -7.52104e-05
55 61 0.000112238 -6.25469e-06
55 62 -4.73366e-05 -1.33237e-05
55 64 5.38399e-05 -9.16193e-05
56 34 -9.03769e-05 0.000189468
56 35 -0.000576333 9.40906e-05
56 36 0.000796028 -9.16083e-05
56 37 0.000527934 0.00010867
56 38 0.000514334 -0.000142862
56 39 9.69182e-05 -7.48365e-05
56 40 0.000341077 0.00032363
56 41 0.000498625 0.000103233
56 42 0.00040593 4.4078e-05
56 43 0.000733509 -9.64918e-05
56 44 0.000142548 -7.1936e-05
56 45 0.000559826 -0.00012753
56 46 0.000613621 0.000114379
56 47 0.000223546 -4.86488e-05
56 48 -0.000140175 4.82435e-05
56 49 -0.000110576 0.000348353
56 50 0.000209162 0.000534671
56 51 0.00023286 0.000450846
56 52 0.000364381 -4.94463e-05
56 53 3.99463e-05 0.000156452
56 54 0.000690224 1.88944e-05
56 55 0.000107352 -0.000607122
56 56 -7.77088e-05 -0.000284736
56 57 -3.86361e-05 8.25112e-05
56 58 0.000694558 0.000240814
56 59 0.00035191 0.000529621
56 60 -0.000148048 4.06493e-05
56 61 0.000197537 1.83644e-05
56 62 0.000209356 -4.74196e-05
57 34 0.000423459 -0.000248776
57 35 -0.000102799 5.48852e-06
57 36 7.53063e-05 -8.65545e-05
57 37 0.000302385 -0.00039296
57 38 0.000273888 0.000132579
57 39 0.000327635 -6.16551e-05
57 40 0.000538506 0.000120444
57 41 0.000334361 -6.92251e-05
57 42 3.73136e-05 2.56169e-05
57 43 0.000703194 -9.36135e-05
57 44 0.0004403 0.000574647
57 45 -0.000314954 -0.000315881
57 47 2.71499e-05 -0.000136435
57 48 9.82602e-05 7.83624e-05
57 49 9.93588e-05 3.77908e-06
57 51 5.15555e-05 -0.000322761
57 52 -0.000130672 -0.000632727
57 53 0.000154204 0.000158836
57 54 -3.44479e-05 -0.000240837
57 55 -0.000361653 5.16749e-05
57 56 -0.000172343 9.92126e-05
57 59 0.000202169 1.6341e-05
57 61 0.000389735 -7.06469e-05
58 33 0.000117719 -3.5916e-05
58 34 3.46791e-05 -0.00114654
58 35 0.000452275 0.0002778
58 36 0.000276009 -0.000305948
58 37 0.000735727 6.50766e-05
58 38 -0.000238452 -7.3517e-05
58 39 0.000128747 0.00010593
58 40 0.000486092 -0.000482783
58 41 0.00110285 -0.000163697
58 42 0.000583381 -4.14529e-05
58 43 0.0011561 4.57671e-05
58 44 0.00029164 6.32195e-05
58 45 3.21445e-06 7.70324e-06
58 46 0.000109353 -6.20202e-05
58 47 0.000454369 -0.000149904
58 48 2.52692e-06 -2.30785e-06
58 49 0.00059407 3.60849e-05
58 51 0.000377575 0.000233501
58 53 0.000649071 -0.000216926
58 54 0.00067403 -0.000420899
58 55 0.000462181 2.46793e-05
58 56 0.000477517 -7.47619e-05
58 57 5.99053e-05 -0.000138304
58 58 0.000206366 -2.54189e-05
58 59 0.000440841 -0.00026655
58 60 4.84351e-06 4.4485e-06
58 61 0.000412253 -0.000185674
58 64 -0.000244248 -7.31233e-06
58 66 -0.000433199 0.000136765
59 34 -6.22907e-05 -3.2987e-05
59 36 0.0005444 -0.0001161
59 37 0.000275309 -0.000148142
59 38 5.65343e-05 -0.000428247
59 39 0.000159532 -0.000384878
59 40 0.000282291 0.00021174
59 41 -0.000446907 -7.83459e-05
59 42 -0.000246027 -0.000203064
59 43 0.000494783 6.10483e-05
59 44 0.000165813 -5.60641e-05
59 45 0.000116884 -3.55832e-05
59 46 0.000848099 0.000148863
59 47 0.000481331 9.63459e-06
59 48 0.000483514 -0.000109409
59 50 0.000132518 0.000205826
59 51 0.000321993 -6.65251e-05
59 52 -5.25905e-05 -0.000146433
59 53 -0.000239281 0.000120099
59 54 0.00047118 0.000548214
59 55 3.76026e-05 5.48679e-05
59 56 0.000621437 3.35835e-05
59 57 -0.000118347 -1.17185e-05
59 58 0.000331126 -9.50696e-05
59 61 0.000249066 9.65617e-05
59 62 -0.000124638 4.17231e-05
59 63 0.00033358 5.50521e-05
60 34 0.000383529 -0.000117103
60 35 -0.000541384 -4.95267e-05
60 37 0.000530582 0.000199458
60 38 0.000599269 -6.14228e-05
60 39 -0.000749519 0.00066569
60 41 0.000239551 1.20617e-05
60 42 -0.000353588 -0.000103408
60 44 0.000381588 1.0188e-05
60 45 -9.2336e-05 -7.11876e-05
60 46 -0.000132905 4.6417e-05
60 47 0.000143086 -3.21142e-05
60 48 0.000730327 6.9525e-06
60 49 -0.000106642 0.000144147
60 50 0.00043193 6.09523e-06
60 51 0.000351291 0.00028735
60 52 0.000673449 -0.000117033
60 54 7.88363e-05 6.15738e-05
60 55 0.000142015 1.32606e-05
60 56 5.30471e-05 -2.44143e-05
60 57 0.000220392 0.000301762
60 58 0.00017505 7.20282e-05
60 63 -0.000422847 1.37547e-06
60 64 -0.000293645 9.33341e-05
60 65 0.000109931 0.00025475
61 33 0.00014069 -2.21432e-05
61 34 -0.000226269 -0.000290949
61 35 6.02011e-06 5.20147e-05
61 36 -0.000179836 7.50464e-05
61 37 0.000450039 -0.000326378
61 38 4.60264e-05 0.000106206
61 39 -0.000397538 -0.00015969
61 40 0.000388004 -3.58077e-05
61 41 9.48723e-06 -0.000184278
61 42 -5.46483e-05 -9.26652e-05
61 43 0.000723055 0.000460491
61 44 0.000654019 0.000249214
61 46 0.000281744 -4.9478e-05
61 47 0.00034694 0.000174138
61 48 -0.000188035 0.000435079
61 49 5.61242e-05 -0.000180347
61 50 0.000966933 0.000455771
61 51 0.000325388 -0.00025416
61 52 0.000371415 4.02371e-05
61 53 0.000653395 0.000171488
61 55 0.000504969 -1.76811e-05
61 56 0.000672546 0.000154946
61 57 0.000781317 -0.00018904
61 58 -7.20266e-06 -2.90976e-07
61 60 0.000341979 -0.000354477
61 61 0.00018382 -0.000333666
61 64 -0.000354307 -0.000201646
62 33 3.37872e-05 -2.73132e-05
62 34 4.52932e-05 -3.16484e-05
62 36 0.0003748 -0.000266767
62 39 0.000549465 -3.8548e-05
62 41 0.000194911 -2.48316e-05
62 42 0.000402037 -0.000236382
62 43 0.000332349 0.00021925
62 44 1.09946e-05 -4.6151e-06
62 45 6.83432e-05 1.82823e-05
62 46 0.000161511 -0.000413976
62 47 -0.000659599 -0.000415947
62 48 6.54701e-06 9.75966e-06
62 49 0.00011544 0.000491588
62 50 -3.03173e-05 -2.23651e-05
62 51 0.00043283 -8.22379e-05
62 52 0.000174229 -0.000136188
62 53 6.30702e-05 -3.20597e-05
62 54 0.000329428 0.000363206
62 55 -0.000134682 0.00012736
62 56 0.000489207 0.000222592
62 57 9.85894e-05 0.000385797
62 58 2.47879e-05 7.70486e-06
62 64 6.71677e-05 -8.85699e-05
63 33 0.000319964 -0.000468313
63 35 0.000295706 -0.000246928
63 36 0.000261189 4.46457e-05
63 38 0.000440269 -2.61614e-05
63 39 4.06992e-05 -1.45824e-05
63 40 5.9652e-05 -0.000132409
63 41 0.000617077 -0.00062004
63 42 7.97587e-05 9.54316e-06
63 43 0.000115293 -0.000513029
63 44 0.000332597 3.94569e-05
63 45 0.000609534 0.000286153
63 46 5.28167e-05 0.000105895
63 47 -6.8408e-05 -4.55615e-06
63 48 5.30201e-05 3.6507e-05
63 49 0.000616552 -8.97035e-05
63 52 0.000374935 0.000207336
63 53 0.000322701 -0.000276982
63 54 0.000293033 -0.000257552
63 57 -4.54598e-05 -3.02022e-05
63 58 0.000223941 0.000169739
63 59 -0.000121383 0.000179451
63 61 0.000220662 0.000283904
63 63 2.93241e-05 3.09049e-05
64 33 1.0639e-05 -1.17837e-05
64 35 3.75463e-05 -0.000235673
64 36 -0.000131091 -0.000170657
64 37 -3.18404e-05 -0.000815509
64 38 -0.000550915 0.000290683
64 39 0.000360376 -2.83106e-05
64 40 0.000292568 -0.000235857
64 41 0.000555954 -0.000177628
64 42 -1.2855e-05 -0.000280713
64 43 7.72737e-05 -0.000107043
64 44 -0.000562091 -0.000259639
64 45 6.24191e-05 0.000335764
64 46 0.000436235 0.00021957
64 47 0.000357047 1.43074e-05
64 48 -0.000146289 -0.000464026
64 49 2.82252e-05 0.000482385
64 50 0.000228958 -0.000188022
64 51 -0.000140032 0.000120828
64 52 -0.00031903 3.6321e-05
64 53 0.000241873 7.32777e-05
64 54 -5.41531e-05 -0.00022983
64 55 -0.000728991 0.000209122
64 57 2.22341e-05 2.13455e-05
64 60 -8.56847e-05 0.000252931
64 62 -0.000198926 0.000194905
64 64 0.000139202 0.00011487
65 34 0.000270127 -0.000131303
65 35 0.000461608 -3.62475e-05
65 36 0.000352876 7.62931e-05
65 37 0.000932186 0.000294994
65 38 0.000388107 -2.36861e-05
65 40 -0.00028891 0.000398262
65 41 0.000135382 3.09538e-05
65 42 0.000729737 0.00036582
65 43 -8.57648e-05 -1.7997e-05
65 44 -0.000224812 0.000355218
65 45 3.94513e-05 3.21982e-06
65 46 0.000114265 -0.000359707
65 47 1.40807e-05 -8.23877e-06
65 48 0.000469105 8.08543e-05
65 49 0.000479527 7.36976e-05
65 50 2.54183e-05 1.57216e-05
65 51 -0.000141196 -4.81116e-06
65 53 0.000688421 1.70782e-05
65 54 -0.000243477 0.000220999
65 56 0.000474789 -0.00011556
65 57 0.000438327 -0.000368232
65 58 1.1255e-05 1.11339e-05
65 59 -9.29165e-05 -0.000153412
65 60 0.00012881 -0.00020725
65 61 7.11284e-05 -3.14048e-05
66 33 3.24695e-05 -1.3601e-05
66 35 0.00023693 -0.000364265
66 37 0.000164716 0.000106362
66 38 0.000158657 -0.000101301
66 39 -0.000203876 -0.00048194
66 41 0.000192253 -0.000121002
66 43 0.000410298 -0.000252707
66 44 -0.000269036 -8.49197e-05
66 45 -0.000342273 0.000313887
66 46 0.000107208 6.60879e-05
66 47 0.000560423 0.000272804
66 49 -0.000164743 0.000231661
66 51 -8.60549e-05 0.000242813
66 53 8.56772e-05 0.000139552
66 55 -9.5264e-05 -0.000211461
66 57 -0.000229326 0.000267042
66 58 0.000238126 0.000227777
66 59 8.29293e-05 -0.000274588
66 60 0.000258308 0.000393027
66 61 0.000172681 -0.000165035
66 64 -0.000170374 0.000184647
66 65 0.000257494 0.000259754
67 38 0.000513875 0.000193957
67 40 -0.000391101 -0.000637634
67 42 9.24646e-05 0.00024179
67 44 0.000474643 -6.5197e-05
67 51 0.000242069 0.000225311
67 55 0.000187451 -0.000129007
