1 33 0.000165526 -3.5063e-05
1 34 -3.15268e-05 9.58123e-05
1 35 -9.11628e-06 -3.34506e-05
1 42 0.000332158 -0.000105912
1 43 0.000130583 0.000242886
1 44 -0.000166874 0.000485053
1 45 0.000410647 4.63265e-05
1 49 0.000110371 3.86108e-05
1 55 -7.78175e-05 -5.33115e-05
1 64 -0.00038301 -9.81536e-05
2 34 -0.000850762 0.000125706
2 36 0.000167219 -0.000133014
2 37 0.00040866 0.000122205
2 38 0.000175082 0.000167004
2 39 0.00012346 6.33319e-06
2 40 0.000116554 2.75405e-05
2 41 0.00029262 6.74508e-06
2 44 3.45254e-05 -2.85929e-05
2 45 -0.000320364 -0.000259274
2 47 -0.000147521 -0.000119535
2 48 -8.33306e-05 -8.08021e-05
2 51 0.000180196 -0.000305861
3 34 -6.01383e-05 3.46195e-05
3 35 -0.000238729 -0.000270043
3 36 0.000165133 3.70166e-05
3 37 1.47467e-05 0.000198941
3 38 -9.23225e-06 -1.43008e-05
3 39 -0.00038893 1.21963e-05
3 40 -0.000169891 0.000183596
3 41 9.87255e-05 0.000422176
3 43 0.000125544 4.76389e-05
3 47 0.000264643 0.000399448
3 48 0.000839104 -0.000113645
3 49 6.19912e-05 1.88243e-05
3 50 6.40677e-05 -0.000235581
3 51 -0.000339525 0.000438394
4 34 0.000165869 -9.17429e-05
4 35 -0.000141792 -7.69601e-06
4 36 2.68012e-05 3.78068e-05
4 37 0.000380216 -0.000237008
4 38 0.000841785 0.000143331
4 39 -0.000417191 -0.000249367
4 40 0.000322455 3.88054e-05
4 41 0.000391555 0.000289148
4 42 -0.000274619 0.000178199
4 43 -0.000136969 0.000198833
4 44 -2.59495e-05 2.62803e-05
4 46 -0.000427057 0.000252531
4 48 -6.33395e-05 0.000226295
4 49 0.000163092 -0.000149595
4 50 0.000228368 0.000170307
4 52 -0.000183901 5.51317e-06
4 61 4.98793e-05 0.000214169
4 64 -0.000203092 0.000448121
5 33 0.00015281 0.000138104
5 35 -0.000518145 -1.7685e-06
5 36 0.000516075 2.10053e-05
5 37 0.00025768 -0.00013083
5 38 0.000228755 0.000393851
5 39 -0.000461976 0.000107435
5 40 -0.000229966 -3.19274e-05
5 41 -0.000239612 0.000236609
5 42 3.77364e-06 -1.13451e-05
5 43 0.000184615 -0.000174085
5 44 0.000431047 0.000528035
5 45 0.000157509 -0.00022261
5 46 -3.97356e-05 -8.0203e-05
5 48 -0.00019072 0.000183064
5 49 -0.000118673 2.77166e-06
5 50 -5.18084e-05 7.24381e-05
5 63 -7.34656e-05 0.00017044
6 34 -0.000152525 -7.2422e-05
6 36 0.000370056 0.000315156
6 37 0.00071889 -0.000326728
6 38 -0.000239935 0.000365744
6 40 4.63345e-05 5.98604e-06
6 41 -0.000154309 -2.16381e-05
6 42 0.000246169 0.000456166
6 43 0.000111547 -9.93327e-05
6 44 0.000298802 -0.000523849
6 45 0.000309848 -0.000252635
6 47 0.000475056 1.81425e-05
6 48 -0.000744761 -1.17099e-05
6 50 0.00042016 0.0001978
6 51 3.89556e-05 -5.72117e-05
6 52 0.000254297 0.000238312
6 55 6.10788e-06 1.10788e-05
6 57 -5.93338e-05 4.71364e-05
7 35 -9.37948e-05 -8.68715e-05
7 37 0.000273726 8.70324e-05
7 38 -0.000124069 0.000347654
7 39 -8.61372e-05 4.7413e-05
7 40 -1.78502e-05 0.000518498
7 42 -8.88614e-05 0.000117924
7 43 4.91564e-05 6.00255e-05
7 44 0.000599399 2.66388e-05
7 45 0.000276841 1.04772e-05
7 46 -0.000167393 0.000332641
7 47 -0.000155876 -0.000176265
7 48 0.000614472 3.37347e-05
7 49 0.000341832 0.000179587
7 50 0.000173781 -5.85548e-05
7 61 8.91011e-06 0.000195894
8 33 1.46104e-05 -7.11103e-05
8 34 0.000103655 -7.22326e-05
8 35 0.000332754 0.000394863
8 36 0.0006925 0.000297885
8 37 -0.000423221 -0.000104168
8 38 -7.95448e-05 4.08505e-05
8 39 -0.000654313 0.000771232
8 40 0.000238128 0.000682234
8 41 0.000378455 -0.000185141
8 43 8.08016e-06 3.78025e-05
8 44 -1.30038e-05 -0.000183925
8 46 5.52978e-05 0.00016154
8 47 -0.000136141 -2.78135e-05
8 48 9.94809e-05 0.000245175
8 50 -0.000258494 -3.15929e-05
8 51 0.000545885 0.000581354
8 52 -2.98566e-06 -9.53813e-06
8 53 -7.59022e-05 -0.000374041
8 54 0.000249389 -0.00010453
8 56 0.00031846 -0.000280285
8 57 -0.00036504 -0.000176381
8 60 0.000153814 -6.37932e-05
8 63 0.000148174 0.000108959
8 66 0.000107064 -0.000165229
9 34 0.000676388 0.000323207
9 35 0.000248401 7.07721e-05
9 36 6.57349e-05 7.67589e-06
9 37 0.00040158 -0.000378603
9 38 -0.000638714 -0.00058325
9 39 8.20432e-06 6.49197e-06
9 40 -0.00034721 -2.3422e-05
9 41 0.000214885 6.61209e-05
9 42 0.000108285 0.000148363
9 43 0.000232768 0.000240043
9 44 -5.28623e-05 -7.33588e-05
9 45 0.000286535 -0.000259779
9 46 -0.000303675 -0.000324851
9 47 8.83032e-05 -0.000149947
9 48 -0.000186272 0.000145816
9 49 0.000450842 -0.000882827
9 50 6.13156e-05 0.00080006
9 52 6.11485e-05 -0.000431703
9 53 -6.2636e-05 0.000146823
9 55 0.000313192 -0.000325606
9 56 -0.000312407 0.000352278
9 66 9.97877e-05 5.762e-06
10 33 -1.31775e-05 -0.000399922
10 35 0.000146486 0.000150586
10 36 -0.000614104 0.000426388
10 37 -0.000241115 1.21123e-05
10 38 -0.000142016 0.000430591
10 39 0.000493401 0.000339936
10 40 0.000850009 -0.000126911
10 41 0.000131783 9.24619e-05
10 42 0.000341711 4.3537e-05
10 43 0.000280585 -4.37502e-05
10 44 9.90064e-05 -6.70683e-05
10 45 -0.000427943 0.000119948
10 46 0.000277632 8.60126e-05
10 47 4.32454e-05 -0.000122992
10 48 -7.45729e-06 0.000470551
10 49 -9.53336e-05 0.000227655
10 50 0.000645196 0.000480864
10 51 -0.000505606 -1.05256e-05
10 53 -0.000208177 -0.000321651
10 54 -1.96507e-05 -7.54111e-05
10 55 -0.000228414 -6.92609e-05
10 56 -0.000171791 0.000337182
10 64 0.000362614 -8.51172e-05
11 34 0.000494809 2.01042e-05
11 35 -0.000200954 0.000301723
11 36 0.000289615 -7.91343e-05
11 37 0.000594669 -0.000487715
11 38 0.000563986 0.000265498
11 39 0.00113588 -0.000356577
11 40 -0.000743498 0.000494099
11 41 -8.48564e-05 -7.9247e-05
11 43 2.04911e-05 -2.16293e-06
11 44 0.00049601 -0.000238914
11 46 -0.000122072 1.0502e-05
11 47 0.000602249 -0.000240817
11 48 0.00030604 -0.000619358
11 49 0.000521259 0.000313067
11 50 -0.000359697 4.25413e-05
11 51 0.0006572 0.000425855
11 52 0.000341274 0.000311715
11 53 -4.37961e-07 -1.48187e-07
11 54 -0.000230413 6.45452e-05
11 56 0.000230468 0.00015133
12 33 0.000207578 -0.000102042
12 36 0.000283977 -4.40415e-05
12 37 -0.000337541 -3.84903e-05
12 38 -0.000366526 -4.16131e-05
12 39 0.000638225 6.62756e-05
12 40 0.000465541 0.000167574
12 41 0.000828154 -0.000317629
12 42 -0.000108114 7.94242e-05
12 43 0.000451623 0.000114098
12 44 0.000552501 -0.000240906
12 45 -0.000173028 -2.63311e-05
12 46 -8.35145e-05 0.000130861
12 47 0.000389636 -8.88803e-05
12 48 0.00040242 -0.00010649
12 49 -0.000441447 -1.48732e-05
12 53 -0.000183937 -0.000340883
12 56 -0.000191737 -0.000232252
13 34 1.53175e-05 -5.59208e-06
13 35 0.000223502 -0.000320955
13 37 -0.000152241 0.000146456
13 38 0.000449941 -0.000205681
13 39 -0.000161036 0.000260541
13 40 -0.000499342 0.000247149
13 41 -6.86036e-05 -0.000166855
13 42 0.000996662 0.000345681
13 43 -0.00050032 -0.00024369
13 44 0.000679325 -0.000546847
13 45 0.00029302 2.38272e-05
13 46 0.000130933 -0.000108165
13 47 -0.000398019 0.000521688
13 48 -2.47314e-05 5.13933e-05
13 49 0.000268151 -5.866e-05
13 53 -1.01611e-05 -1.92883e-07
13 54 -3.04793e-06 0.000350912
13 57 0.000104174 0.000469439
14 33 -0.000154657 -0.00023802
14 34 0.000429586 -6.05417e-05
14 35 2.62154e-05 -0.000156872
14 36 -0.000522722 0.000346167
14 37 0.000498263 0.000394085
14 38 -0.000756409 3.47569e-05
14 39 -0.000115234 5.00994e-06
14 40 0.000764723 1.06802e-05
14 41 0.000195714 -0.000499526
14 42 0.00018152 0.000240362
14 43 0.00125951 0.000785197
14 44 0.000147877 -1.99649e-05
14 47 0.000642218 0.000835932
14 48 7.55629e-05 6.93172e-06
14 49 0.000481869 0.000268116
14 50 0.000347858 5.29698e-05
14 51 0.000385466 0.000134239
14 53 0.00040874 -0.000121057
14 54 0.000106581 0.000207685
14 56 0.000263747 0.000438027
14 59 -0.000482566 -0.000116106
14 62 0.000392146 5.97556e-05
15 33 0.00094616 -0.000252304
15 35 0.000435435 -0.00024473
15 37 -0.000684115 -0.000276161
15 38 0.000576365 -0.000536703
15 39 -0.000612545 -0.000315832
15 40 0.000480431 0.000166237
15 41 0.000247907 3.91148e-05
15 42 -9.90409e-06 0.000178595
15 43 -0.000295694 -0.000101826
15 44 -0.000129536 5.84653e-05
15 45 0.000248144 -0.000233375
15 47 -0.000266256 0.000244148
15 49 0.000312063 0.000183442
15 50 0.000490249 0.000252377
15 51 -4.54481e-06 -1.29802e-06
15 52 -0.000227574 -0.000530868
15 53 0.000349778 -0.00023366
15 57 0.000110427 -0.000120599
16 33 9.60624e-05 -2.40249e-05
16 35 0.000330834 -3.63168e-05
16 36 -0.000199063 -0.000348507
16 37 -4.20157e-05 0.000100749
16 38 0.000419127 -0.00018221
16 39 0.000698887 -0.000339683
16 40 0.000547914 -1.92433e-05
16 41 -3.04562e-05 0.000513864
16 42 -0.000259195 8.93286e-06
16 43 0.000382151 8.665e-05
16 44 0.000447447 5.14021e-05
16 45 0.000818178 0.000798351
16 46 9.3912e-05 0.000197615
16 47 3.47809e-06 -4.6253e-05
16 49 -8.23617e-05 1.8351e-05
16 50 -0.000156461 0.00023037
16 51 0.000182506 0.000398772
16 52 -9.32361e-05 9.50572e-05
16 53 0.000187207 0.000169224
16 54 -2.13783e-05 -1.30793e-05
16 58 0.000422082 0.000220898
16 62 -2.19117e-05 3.32733e-05
16 65 -0.000181762 0.000120702
17 34 6.61316e-05 -0.000288848
17 35 0.000399443 -3.12922e-05
17 38 -0.000384912 -0.000119058
17 39 -0.000322195 -0.000184702
17 40 -0.00027084 0.000687782
17 41 0.000661498 -6.2696e-05
17 42 0.000411841 0.000167986
17 44 0.000186087 0.000159951
17 45 0.000391772 3.63871e-07
17 46 9.13407e-05 0.000221994
17 47 0.0010236 0.000238227
17 49 9.02367e-05 0.000291178
17 50 -8.51273e-05 0.00011105
17 51 -0.000647439 -0.000150872
17 52 0.000142176 0.000218511
17 53 0.000395135 0.000276708
17 54 0.000292043 0.000391116
17 56 0.000158844 0.000150286
17 57 -0.00010483 7.13638e-05
17 59 9.3205e-05 4.36878e-05
17 63 -0.000397721 -0.000122492
18 34 -9.67374e-05 0.000423427
18 36 0.000179883 0.000577055
18 38 -0.00116122 -0.000491445
18 39 0.000156233 0.000131645
18 40 -0.000457457 -0.000382855
18 41 -0.000257094 3.10631e-05
18 43 6.94953e-05 -3.90967e-05
18 44 0.000151626 -0.000465011
18 45 0.000396888 0.000328888
18 46 0.000287772 -0.000203994
18 47 0.000249542 9.13013e-05
18 48 0.000177068 4.38206e-05
18 49 0.000730526 0.000247376
18 50 -0.000280966 -3.92097e-05
18 53 -0.000169762 -4.55646e-05
18 56 -0.000212593 0.000119885
18 59 0.000466032 6.52941e-06
18 61 0.000365104 -0.000223397
19 34 0.000316391 0.000234327
19 35 0.000577186 -0.000279908
19 36 -0.000150389 0.000187286
19 37 5.9504e-05 -7.83098e-05
19 38 0.000773766 1.65355e-05
19 39 -0.000498943 -0.000149525
19 40 -0.000361092 -0.000383757
19 41 0.000283256 4.21258e-05
19 42 0.000463117 6.48035e-05
19 43 -0.000407021 -0.000496302
19 44 0.000173559 -5.85552e-06
19 45 0.000306079 0.000480064
19 46 0.000148355 3.24117e-05
19 47 5.90738e-05 0.000231783
19 48 0.000676164 -0.000200816
19 49 0.000327899 -0.000325371
19 50 4.91845e-05 0.00011503
19 51 0.000212758 0.000523121
19 52 0.000300671 0.000291363
19 53 0.000445447 -0.000134475
19 55 0.00012449 -0.000126053
19 57 -0.00049453 0.000703453
19 61 1.6032e-05 4.64835e-06
19 65 2.8416e-05 1.08269e-05
19 66 0.0001072 9.52458e-05
20 34 0.0001322 2.72319e-05
20 35 0.000216403 0.000379648
20 36 0.000211726 0.000502712
20 37 0.000430097 -7.52723e-05
20 38 0.000155476 -0.000135944
20 40 0.000631362 -0.000358989
20 41 -0.000134517 -0.00096359
20 42 0.000279509 3.19075e-05
20 43 -0.000337626 -1.81419e-05
20 44 0.00102615 -0.000319797
20 45 -0.000296475 0.000550431
20 46 0.000216839 -0.000394958
20 47 0.000331017 0.000225535
20 48 0.00115496 0.000931489
20 49 0.00023796 0.000544351
20 51 0.000349185 0.000415928
20 52 0.000498158 2.42818e-05
20 53 0.000161429 -6.11764e-05
20 55 7.62603e-05 4.19478e-05
20 61 -9.64624e-05 -3.71644e-05
21 33 9.53212e-05 2.516e-05
21 34 0.000199399 -0.000452162
21 35 -0.00018723 0.000730065
21 36 2.51859e-05 -4.14363e-05
21 37 -9.33667e-05 7.07341e-05
21 38 0.000131095 0.000286924
21 39 0.00121867 0.000369473
21 40 0.000245625 0.000131798
21 41 -1.30376e-05 0.000168312
21 42 -5.69905e-05 -0.000244877
21 43 0.000361126 0.000195196
21 44 -6.89219e-05 0.000147668
21 45 0.000375955 6.30693e-06
21 46 0.000271964 0.000108107
21 47 1.84095e-05 -3.58689e-06
21 48 0.00117243 -8.99958e-06
21 49 -3.33444e-05 2.24729e-06
21 50 -0.000165774 -0.000104753
21 51 -0.000252047 0.000356149
21 52 7.72879e-05 -0.000191571
21 53 0.000506001 0.000452556
21 55 -0.000197282 -0.000116862
21 56 0.000456587 -0.000136207
21 58 0.0002095 4.35875e-05
21 60 0.000307055 -6.28836e-05
22 33 0.000216116 4.97949e-05
22 34 -0.000191794 3.75162e-05
22 36 -1.93635e-05 -0.000158378
22 37 0.000858969 3.44747e-05
22 38 -0.000264113 0.000452582
22 39 0.00124647 -0.00022387
22 40 -1.3208e-05 -5.2295e-06
22 41 0.000665352 0.000582042
22 42 -5.39684e-05 -0.000407629
22 43 0.000506459 5.67267e-05
22 44 7.86157e-05 -4.63166e-05
22 45 0.000398207 0.000185568
22 46 -0.000328095 0.000290554
22 47 0.000165507 7.13848e-05
22 48 0.000248584 -0.000245795
22 49 8.79028e-05 0.000213122
22 50 0.000719174 0.000305576
22 51 0.000503836 0.000406886
22 52 0.000345185 0.000863438
22 54 -7.75281e-05 -6.75374e-05
22 55 0.000391133 0.000171623
22 58 0.000286983 6.41228e-05
22 60 1.02159e-05 7.79901e-05
23 36 0.000146866 0.000122662
23 37 0.000141092 0.000173179
23 38 0.000185728 7.63454e-05
23 39 0.000313467 -0.000271832
23 40 -8.76393e-05 4.84005e-05
23 41 0.00054685 -0.000376829
23 42 0.000494996 0.000110132
23 43 0.000165381 0.000174864
23 44 -0.000582329 -0.00036334
23 45 0.000414477 0.000246923
23 46 9.26198e-05 0.000308203
23 47 0.000250153 0.000365716
23 48 0.000208688 -0.000102841
23 49 -4.80446e-05 1.06291e-05
23 50 9.2281e-07 4.7333e-07
23 51 0.000250502 -0.000112413
23 52 0.000384095 -0.00055257
23 53 0.000243749 -0.00018092
23 54 -9.62387e-05 0.0001928
23 57 0.000237619 -0.000191811
23 60 1.33287e-05 4.88291e-05
23 61 1.21414e-05 0.000114698
23 63 0.000154245 -0.000334945
24 34 0.000954005 -0.000528679
24 35 0.000152499 -0.000134403
24 36 5.2981e-05 -5.43187e-05
24 37 0.000675309 -3.20557e-05
24 38 8.29183e-05 9.47791e-05
24 39 -0.000108015 0.000140781
24 40 -0.000140675 2.84651e-05
24 41 0.000273392 -0.000400353
24 42 -2.05906e-05 0.000581305
24 43 0.000320092 -0.000263076
24 44 0.000591488 -0.000138704
24 46 0.000122956 0.000295896
24 47 0.000391762 0.000240801
24 48 0.000610655 7.27583e-05
24 49 0.000107357 -0.000321095
24 50 0.000600172 -0.000583299
24 51 -0.000751542 0.000118524
24 52 -0.000281604 0.000201975
24 53 0.000244228 0.000232478
24 54 0.000301858 0.000180244
24 56 0.000153875 0.000424595
24 57 0.000496878 -2.75804e-05
24 58 -0.000221514 0.000282045
24 60 -1.77076e-05 3.45356e-05
24 63 5.87907e-06 -4.35661e-06
25 33 4.60695e-05 -3.47688e-05
25 34 1.15774e-05 -6.92459e-07
25 35 2.8722e-06 -4.1461e-05
25 36 9.12064e-05 -6.39291e-05
25 37 0.000420282 0.000135937
25 38 0.000808473 -2.89275e-05
25 39 0.000376259 6.80435e-05
25 40 -0.000128352 -0.000174074
25 41 0.000369258 -4.82327e-06
25 42 -0.000921381 -0.000275618
25 43 0.0006955 0.000409857
25 44 0.000153113 0.000238407
25 45 0.000921444 0.000104135
25 46 5.15671e-05 0.00036739
25 47 0.00050874 0.000195669
25 49 0.000449327 -0.000179841
25 50 -9.98542e-05 0.000225304
25 51 0.000166884 -0.000128071
25 52 0.000129716 -4.29208e-05
25 53 0.000204219 0.00045646
25 58 8.04236e-05 2.72528e-06
25 63 0.000404537 0.00026724
26 33 0.00020129 -0.000135723
26 34 0.000606426 0.000209353
26 35 0.000277004 0.000395905
26 37 -0.00109118 -0.000586157
26 38 -0.000103548 0.00011898
26 40 0.000263071 0.000338974
26 41 0.000325697 -0.000253655
26 42 -0.000425604 -0.000212519
26 43 -9.44391e-05 0.000536165
26 44 7.13855e-05 0.000200182
26 45 0.00031467 -6.7146e-05
26 46 -0.000298182 0.000196332
26 47 0.0002445 0.000139496
26 48 0.000308717 0.00013721
26 49 -0.000282213 3.55716e-05
26 50 5.2316e-05 2.39068e-05
26 51 9.0741e-06 -0.000162486
26 52 0.000342084 -0.000166899
26 54 -0.000232209 -0.000326674
26 56 8.92145e-05 0.000402318
26 57 -0.000210907 8.5364e-05
26 61 6.19586e-05 -7.41166e-05
26 65 0.000381521 0.000208274
27 33 -0.00019988 5.27273e-05
27 36 0.000795904 -6.78704e-05
27 37 0.000147836 -0.000254197
27 38 0.000269754 -0.000242295
27 39 0.000978888 0.000160242
27 41 0.000275416 -6.77085e-05
27 42 0.00050762 7.23184e-05
27 43 7.02701e-05 1.82684e-05
27 45 0.000245754 7.86343e-05
27 46 0.000735369 3.48281e-06
27 47 -0.000560006 0.000542124
27 50 5.50214e-05 -9.04742e-05
27 51 0.000631132 -0.000209997
27 52 -0.000171646 0.00024743
27 53 -3.82255e-05 0.000113121
27 56 6.76294e-05 -5.2081e-05
27 63 5.89168e-05 -3.90215e-05
27 64 -7.63199e-05 3.28158e-05
28 33 -0.000414627 -0.000242614
28 34 -0.000195976 -0.000100864
28 35 -6.68296e-05 -1.29626e-05
28 36 5.63519e-05 -4.09503e-05
28 37 0.000525075 -0.000322793
28 38 -0.00057573 -0.000112053
28 39 0.000358499 -1.32813e-05
28 40 0.000425732 8.38016e-05
28 42 -0.000145707 1.37728e-05
28 43 0.000100792 -0.00033862
28 45 -0.000118576 0.000161945
28 46 0.000478992 -7.03729e-05
28 47 -0.000375737 0.000176009
28 49 -0.00052474 -0.000210829
28 50 0.000102623 0.000361616
28 51 0.000110214 0.000204026
28 54 -0.000154236 0.000217991
28 56 1.52257e-05 4.75387e-05
28 57 -0.000104613 1.68516e-05
28 58 0.000359377 -4.48116e-05
28 59 0.000400269 0.000295736
28 61 -0.000154325 0.000151046
29 33 0.000661083 -0.000377749
29 35 0.000159525 -0.000472613
29 36 0.000491102 -0.000132275
29 37 -0.000412346 4.7528e-05
29 38 0.000421553 3.92982e-05
29 40 0.000143659 -0.000135807
29 41 0.000588925 0.000187307
29 42 0.000327935 0.000383805
29 43 -0.000414675 -3.08822e-05
29 44 0.000156505 1.36219e-05
29 45 -7.1575e-05 0.000118626
29 46 0.00105578 0.000349189
29 47 -0.000825637 -0.000394151
29 48 0.000366192 0.000226195
29 49 0.000384164 -0.000298112
29 51 -0.000142199 -9.59681e-06
29 52 0.000311559 -7.75271e-05
29 53 0.000534096 0.000105606
29 54 0.000104285 0.000219236
29 55 0.000104615 0.000440155
29 57 4.39628e-05 -0.000157595
29 59 0.0003589 0.000190535
30 35 0.000661382 -0.00036248
30 36 -0.000343012 -6.31309e-05
30 37 0.000231091 7.05121e-05
30 38 0.000756021 -0.000279488
30 39 0.000517761 -0.000117869
30 40 -0.000152002 -0.000215253
30 41 0.000172952 -0.00013783
30 42 0.00118769 -0.00037198
30 43 -0.000133969 0.00022431
30 44 0.000217826 0.00026817
30 45 0.000887245 0.000493123
30 46 -0.000285655 0.000346637
30 47 0.000451631 0.000176062
30 48 0.000496532 0.000216561
30 49 -0.000301763 6.27925e-06
30 50 -0.000256462 -0.000301525
30 51 0.000404604 0.000355056
30 52 0.000276864 -0.000292506
30 53 0.00020122 5.20476e-05
30 55 -0.00020599 0.000228069
30 56 0.000277491 0.000194385
30 57 -0.00044143 0.000221415
30 60 0.000451532 -0.000197093
30 61 9.82442e-05 3.43731e-06
30 62 -6.40124e-05 2.53819e-05
31 35 0.000594527 -0.000624524
31 36 0.000322559 4.79119e-05
31 37 0.000882499 0.00057513
31 38 0.000194611 -3.4779e-05
31 39 0.000280069 -0.000204805
31 40 0.000372222 -0.000361662
31 42 0.000604874 8.20482e-05
31 43 0.000565437 -8.54195e-05
31 44 -0.000274673 -0.000407015
31 45 0.000218293 0.000250997
31 46 0.00069602 0.000644583
31 47 0.000210617 -8.94443e-05
31 48 -6.16756e-05 1.60683e-05
31 49 0.000197847 1.25318e-05
31 50 -4.93022e-05 1.81198e-05
31 52 0.000541372 0.000340874
31 53 0.000160327 0.000160759
31 54 0.000408802 0.000267932
31 55 -5.55924e-06 0.000247516
31 56 0.000296514 0.000340249
31 57 -2.04822e-05 8.02007e-06
31 60 -4.54755e-05 3.11841e-05
32 33 0.00018876 -7.98834e-05
32 35 0.000283479 2.98085e-06
32 36 0.000190387 0.00013863
32 37 4.36486e-06 8.91903e-07
32 38 0.000444656 0.000256872
32 39 1.76924e-05 -0.000141536
32 40 0.000647371 0.000122909
32 41 0.000786267 -0.000154328
32 42 -8.44825e-05 6.19469e-05
32 43 0.000221414 5.44502e-05
32 44 -0.000315068 -0.00027235
32 45 2.20323e-05 1.38906e-05
32 46 6.19512e-05 7.35755e-05
32 47 -0.000187808 0.000111213
32 48 -0.000351538 -0.000332137
32 49 0.00027745 0.000130098
32 52 0.00012789 0.000502405
32 53 2.74943e-05 0.000162177
32 54 0.000153431 0.000295819
32 55 0.000105145 -3.96901e-05
32 56 -0.00019476 -0.00029532
32 57 0.000249659 -0.000187096
32 58 0.00017092 -0.000119851
32 60 -9.83735e-05 -1.86159e-05
32 61 -0.000183173 0.000276629
32 63 2.10612e-05 0.000136391
32 64 0.000346324 0.000316566
32 65 0.000220889 -4.40095e-07
33 35 0.000116105 0.000372325
33 36 -0.000425936 -0.000124675
33 38 0.000447279 -4.53317e-05
33 39 0.000198635 -0.000137977
33 40 -0.000623777 0.000539859
33 41 -0.000141067 -0.000405776
33 42 0.000216012 -3.60092e-05
33 43 3.56337e-05 -2.58059e-06
33 44 0.00029847 0.000355898
33 45 4.45215e-05 0.000234811
33 46 -0.000173995 -0.000158277
33 47 6.48833e-05 7.32076e-06
33 48 -0.000370516 0.000754071
33 49 0.000490108 -8.95595e-05
33 50 -9.03626e-05 0.000122047
33 51 0.000644939 -4.03531e-05
33 52 0.000372916 0.000214308
33 53 -0.000277757 0.00060976
33 54 0.000358557 0.000208804
33 55 0.000315673 1.92993e-05
33 56 -3.70672e-05 6.30309e-05
33 57 0.000192537 2.34317e-05
33 58 6.09806e-05 2.85141e-05
33 59 0.000153554 0.000128586
33 61 0.000179145 0.000131029
33 62 -7.40598e-05 -0.000199641
33 63 -4.16201e-05 0.000264142
34 33 6.01845e-05 -6.40183e-05
34 34 -0.000323466 -0.000284352
34 36 0.000262802 0.000371282
34 37 0.000687713 0.000163976
34 38 0.000122031 -9.1147e-05
34 39 -0.000359248 -4.33676e-05
34 40 0.000535401 8.36961e-05
34 41 2.06838e-05 0.000517188
34 42 0.000400662 0.000309886
34 43 -0.000170794 0.000209437
34 44 0.00146104 -0.000597203
34 45 0.00043009 0.000489234
34 46 0.000219484 0.000261805
34 47 0.000796943 -0.000236491
34 48 -0.00010697 0.000280848
34 49 -0.00055987 -0.00031125
34 50 0.000416938 -8.22319e-05
34 51 0.000217743 0.000129693
34 52 0.000151026 0.000149239
34 54 0.000240251 1.23987e-05
34 55 0.000191225 -0.000123206
34 56 7.24667e-05 3.11626e-05
34 58 -0.000424496 8.54453e-05
34 59 0.000474536 -0.000259806
34 62 0.000205738 5.81061e-05
35 35 0.00101097 -0.000241118
35 36 0.000492384 -0.00033451
35 37 0.000409942 -0.000113142
35 38 -0.000178978 -7.47951e-05
35 39 0.000288225 -1.84385e-05
35 40 2.12585e-06 0.000593845
35 41 0.000662768 0.000169134
35 43 -0.000401075 0.000345231
35 44 0.000142946 0.000225881
35 45 0.000336911 -0.000148825
35 46 0.000170079 3.6483e-05
35 47 -9.40267e-05 -0.00025457
35 48 0.00126419 0.000216954
35 49 0.000392422 -0.000211564
35 50 6.83647e-06 -7.80003e-06
35 51 0.000454476 0.000332468
35 53 0.000233489 -0.000395815
35 54 0.000300725 4.84235e-05
35 59 0.000219741 6.0709e-05
35 60 0.00010854 0.000100571
35 66 -0.000300936 -0.000113783
36 33 4.61713e-05 -9.90858e-06
36 34 0.000392575 0.000263091
36 35 0.000409459 0.000221405
36 36 0.000128384 0.000216012
36 37 -5.66463e-05 -0.000473889
36 38 0.000229689 1.24154e-05
36 40 0.00025489 -0.000357545
36 41 0.00040784 -3.49582e-05
36 42 0.000407141 -0.000159191
36 43 0.000189163 0.000262525
36 44 0.000319628 -3.52394e-05
36 45 -0.000276091 0.000229612
36 46 0.000435882 4.35105e-05
36 47 0.000672005 -0.000264455
36 48 -8.31218e-05 0.000119071
36 49 0.00103502 -0.00037153
36 50 -6.34747e-05 -7.27806e-05
36 51 0.000351604 4.00428e-06
36 54 -0.000408746 0.000100348
36 56 -2.13561e-05 -1.10577e-05
36 57 -0.000211347 5.19582e-05
36 59 -0.000110152 1.29499e-05
36 62 -0.000250251 0.000224437
36 63 -8.52975e-05 3.58799e-05
37 33 0.000218314 -5.2488e-05
37 34 0.000111901 -9.6731e-05
37 36 8.87849e-05 3.90872e-05
37 37 0.000208261 -0.000685596
37 38 0.000177134 -0.00032566
37 40 0.000364068 0.000221637
37 41 0.000609846 -0.000207869
37 42 0.00057741 9.27808e-05
37 43 0.00094433 -6.33981e-05
37 44 -0.000600516 -0.000126032
37 45 0.000226277 -0.000333277
37 46 -6.06269e-06 -4.90379e-05
37 47 5.75761e-05 0.000133036
37 48 0.00107829 -8.53869e-05
37 49 9.86104e-05 -0.000120833
37 50 9.4486e-05 0.000248871
37 51 -0.000128701 0.0007684
37 52 0.00022884 0.000111805
37 53 0.000409764 -1.7841e-06
37 54 0.000265954 0.000259615
37 56 -0.000273379 -0.000140701
37 59 -0.000135686 0.000241955
37 64 -0.000102396 0.000287769
38 34 0.000148023 5.19118e-05
38 35 0.000185453 -2.23962e-05
38 36 0.000124582 -6.82779e-05
38 37 0.00031877 5.14354e-05
38 38 0.000162981 7.40865e-05
38 39 0.00109009 -0.000409806
38 40 0.000186535 0.00015246
38 41 0.000769336 -0.000280841
38 42 -3.44625e-05 -7.03042e-05
38 43 0.000981226 0.000210292
38 44 0.000434529 -0.000318229
38 45 -0.000324849 3.60934e-05
38 46 -2.7499e-05 4.71413e-05
38 48 0.000455216 -0.000308454
38 49 0.000647565 5.48736e-05
38 51 -0.000290212 -0.000335022
38 52 -8.25805e-05 0.000407024
38 53 0.000336579 0.00020297
38 55 0.000416644 8.04729e-05
38 57 0.000367442 0.000121669
38 58 0.000453212 0.000330428
38 59 -0.000480577 0.000207552
38 62 0.000220338 0.000111224
39 33 9.66762e-05 -0.000104696
39 34 0.000281066 0.000283792
39 35 3.48525e-05 3.38928e-05
39 36 0.000353606 0.000210212
39 37 0.000623782 0.000208907
39 38 9.38403e-05 -1.64436e-05
39 39 0.000338333 0.000159434
39 40 0.000688536 -8.52882e-05
39 41 0.000373643 -8.07049e-05
39 42 0.00094429 -0.000199646
39 43 0.000483223 4.66313e-05
39 44 0.000884229 0.000250461
39 45 -0.000242752 0.000455019
39 46 0.000437327 0.000392329
39 47 -5.62101e-05 0.000167453
39 49 0.000693565 1.3047e-05
39 50 0.00035316 0.000364819
39 51 -0.000110989 0.000300644
39 52 -0.000323609 0.000113176
39 53 -0.000113581 0.000226773
39 54 0.000404271 0.000228112
39 55 0.000515086 0.000342823
39 56 2.06016e-05 -3.23704e-05
39 58 -2.51806e-05 1.01955e-05
39 59 0.000314003 -0.000168062
39 62 -0.00027508 -0.000217038
40 33 -0.000154869 0.000318279
40 35 0.000713316 -0.000197304
40 36 0.000358761 -0.000341301
40 37 0.000174794 -0.000128204
40 38 0.000268819 -0.000158055
40 39 0.000317295 -0.000144064
40 40 0.000428654 -0.000375694
40 41 0.000523355 0.000342485
40 42 0.000375956 0.000432472
40 44 -0.000228983 0.000671231
40 45 -0.000275275 9.59877e-05
40 46 7.51858e-05 0.000561925
40 48 -0.000166175 0.000453547
40 50 -0.000245201 -0.000142179
40 51 -7.54559e-05 0.000108939
40 52 0.000423363 0.000111172
40 54 -0.000371145 0.000334879
40 55 0.000533204 2.30449e-05
40 57 1.84034e-05 0.000238111
40 58 0.000284964 -9.51081e-05
40 59 0.000137658 -4.60332e-05
40 61 1.89694e-05 -4.70366e-05
41 33 0.000341081 -6.38824e-05
41 34 2.12141e-05 -0.000622924
41 35 0.000150043 -9.9895e-05
41 36 0.000655088 -0.00101535
41 38 -4.49521e-06 -9.31428e-06
41 39 1.22345e-05 -1.3941e-05
41 40 0.000151047 7.90269e-05
41 41 -0.000111464 -0.000113513
41 42 0.00047328 -0.000291798
41 43 0.000487499 -0.000363096
41 44 0.000201066 0.000102017
41 45 0.000836111 0.000359974
41 46 -0.00016417 -9.90807e-05
41 47 -2.4083e-05 -0.000198448
41 48 0.000230901 -0.000120649
41 49 0.0014175 -0.000224893
41 50 0.000166085 0.00043599
41 51 0.000188512 1.14818e-05
41 52 0.000445244 0.000238558
41 53 -0.000138803 8.95427e-05
41 55 0.000129601 -0.000215301
41 56 9.53517e-05 0.000269425
41 57 0.000432673 -0.000228636
41 59 0.000154549 9.83138e-05
42 33 -0.000475473 6.17563e-05
42 34 2.90374e-05 0.000113365
42 35 0.000294379 -2.78288e-05
42 36 -0.000268985 -0.000153936
42 38 3.26078e-05 0.000487409
42 39 0.000605286 -0.000117464
42 40 0.00022822 -0.000284691
42 41 -0.000308795 -0.000260005
42 42 -8.95563e-05 -0.000406751
42 43 0.000191889 6.68841e-05
42 44 0.000458996 -5.15051e-05
42 45 0.000327578 -0.000114656
42 46 -0.000168507 0.000124232
42 47 0.000544543 0.000276962
42 49 0.000271719 -8.4111e-05
42 53 0.000376903 0.000193792
42 54 0.00106309 0.000156815
42 57 -0.000277351 0.000137518
42 59 -1.64692e-05 -3.06953e-05
42 60 0.000127317 0.000159032
43 34 0.000132867 -3.52381e-05
43 35 0.000297448 0.000302334
43 36 -2.26633e-05 1.48862e-05
43 37 0.000298308 0.000183852
43 38 0.000337751 -0.000283156
43 39 0.000567304 6.31943e-05
43 40 -0.000596609 4.96899e-05
43 41 -5.03867e-05 3.96683e-05
43 42 0.000780146 6.78131e-05
43 43 -5.55048e-05 3.51737e-05
43 44 -0.000221018 -0.000234125
43 45 7.00174e-05 0.000166808
43 46 0.00063096 0.000238586
43 47 -0.00100536 0.000244855
43 48 -0.000344575 0.000105276
43 49 0.000258056 -0.000188552
43 51 -7.34731e-05 -3.02082e-05
43 52 -1.27529e-05 7.86458e-06
43 53 -0.000137266 0.000501455
43 54 0.000155086 -0.000409811
43 57 -4.1338e-05 6.05407e-05
43 58 0.000294102 0.000166028
43 59 0.000265877 0.000157912
44 34 -0.000263831 -0.000154601
44 35 0.000816597 -0.000364222
44 36 1.93057e-05 -7.9202e-05
44 37 -2.39431e-05 -9.35442e-05
44 38 0.000170256 -6.07423e-05
44 39 0.000600973 1.68178e-05
44 40 0.000280938 5.93932e-05
44 41 0.000436998 5.6102e-05
44 42 0.0003144 -0.000196883
44 43 -3.27992e-05 9.88905e-05
44 44 -0.000366464 2.20433e-05
44 45 -6.54473e-05 2.09023e-05
44 46 0.000298446 0.000143015
44 47 0.000119366 -0.00029296
44 48 -7.22831e-05 0.000108558
44 49 -0.000339199 0.000276723
44 50 -0.000237085 -0.000191289
44 51 -5.78819e-05 4.79215e-05
44 52 -0.000412572 0.000103295
44 53 0.000147517 0.000112068
44 57 -5.96368e-05 -7.99809e-05
44 59 -2.01267e-05 -0.000509024
45 33 -5.61202e-05 0.000160021
45 34 -0.000309653 -1.71759e-05
45 35 2.82152e-05 -2.27401e-05
45 36 -0.000253106 -0.000258774
45 37 7.9155e-05 0.000204884
45 38 9.96745e-05 -3.49799e-05
45 39 0.000539208 -9.21392e-05
45 40 -4.48705e-05 0.000309199
45 41 0.000445317 -0.000342178
45 42 0.00111096 0.000106692
45 43 -0.00013347 -1.50249e-05
45 44 0.000144492 -8.71543e-05
45 45 0.000124714 -0.000528435
45 46 -0.000169902 -0.000124745
45 47 6.2785e-05 -0.000106374
45 48 0.000299527 -9.0589e-05
45 49 0.00018323 -2.15483e-05
45 50 0.000430344 -0.000109054
45 51 0.000200747 0.00043638
45 52 0.000151559 -7.27284e-05
45 53 -7.44942e-06 -5.35172e-06
45 54 0.00016839 8.26162e-05
45 56 -2.39992e-05 7.40571e-05
45 58 5.37005e-05 0.000133044
45 59 0.000122713 0.000568171
45 60 -0.000319853 0.000211471
45 62 0.000472746 -0.00026249
45 63 -0.000308299 -1.55624e-05
45 65 -0.000376766 5.81343e-05
46 33 -0.000112645 -0.000153247
46 34 -6.2361e-06 -0.000594069
46 37 0.000805963 0.000169686
46 38 -0.000243132 -0.000364829
46 39 9.50815e-05 0.000183438
46 40 -0.000263902 -0.000211917
46 41 0.00042901 0.000341326
46 42 0.000617384 -0.000112045
46 43 2.40102e-05 -4.75797e-05
46 44 0.000396122 0.000483402
46 46 0.000127409 -2.17386e-05
46 47 9.13337e-05 0.000477136
46 48 0.000162752 -0.00021051
46 49 0.000223893 0.000196222
46 50 0.000231004 -0.000216241
46 52 0.00028135 0.000170334
46 53 0.000198323 -0.000179676
46 54 9.26888e-05 0.000188105
46 55 0.000217946 -0.000300688
46 56 0.000286794 -0.000323588
46 58 0.000632616 0.000262701
46 60 0.000501263 0.000217723
46 62 -6.17584e-06 1.04405e-05
47 34 0.000632283 -8.19421e-05
47 35 0.000271675 0.000464535
47 36 0.000789925 -0.000776897
47 37 0.000676241 -0.000116554
47 38 0.000188217 -0.000341453
47 39 -3.02687e-06 -0.0001446
47 40 2.02289e-06 -0.000263035
47 42 0.0010903 -0.000458017
47 43 -0.000158167 6.88899e-06
47 44 -7.9484e-05 0.000181458
47 45 0.000383073 -3.20233e-05
47 46 -4.28758e-05 8.09718e-05
47 47 1.11879e-05 1.0174e-05
47 49 6.28061e-05 2.03916e-05
47 50 0.000453001 -0.000281283
47 52 6.82197e-06 -4.01615e-06
47 53 0.000359099 0.000192874
47 54 0.000181886 -9.00008e-05
47 55 0.000358406 -8.79575e-05
47 56 0.000663086 0.000264926
47 57 0.000319455 0.000168318
47 58 -5.57046e-05 1.2953e-05
47 59 0.000200826 -0.000281288
47 60 -0.000345908 -1.30002e-05
47 61 0.000370822 -7.10092e-05
47 63 0.000358239 2.53669e-05
48 33 8.20612e-05 -7.01915e-05
48 34 0.000121243 -7.05542e-05
48 35 1.60279e-06 -0.000255372
48 36 0.000146842 -3.1326e-05
48 37 4.96452e-05 5.9355e-05
48 38 0.000393798 -2.90473e-07
48 39 -7.69694e-05 -0.000169494
48 40 0.000738704 0.000167641
48 41 0.000872003 0.000323384
48 42 -0.000107156 -0.00028961
48 43 -0.000249899 9.77061e-06
48 44 5.09051e-05 -6.86852e-05
48 45 -0.000407664 0.000308237
48 46 0.000382477 -0.000173928
48 47 -0.000553203 -3.88056e-05
48 48 2.77936e-06 1.48245e-05
48 49 0.000313454 -0.000191653
48 50 0.000138253 5.33902e-05
48 52 0.000891158 0.000357947
48 53 0.000576714 5.52173e-05
48 58 0.000195114 -1.29321e-05
48 59 -0.00031479 0.000107895
48 63 -0.000129562 -9.29081e-05
48 64 7.90099e-05 6.47368e-05
49 33 -9.97807e-05 5.41721e-05
49 34 0.000417843 -6.6569e-05
49 35 0.00029009 -2.06165e-05
49 36 0.000323827 -0.000187633
49 37 -0.000238126 4.4979e-05
49 38 0.000195993 -0.000487413
49 39 1.19722e-05 7.80322e-07
49 40 1.23485e-05 8.76357e-05
49 41 0.00024885 0.000129183
49 42 2.09611e-05 5.30342e-05
49 43 0.00111355 0.00065122
49 44 7.69059e-05 5.20721e-05
49 45 0.00017773 0.000157776
49 46 0.000179811 -0.00020266
49 47 0.000155158 -5.4855e-05
49 52 0.000680747 0.000111251
49 53 0.000557696 -0.000210126
49 55 0.000136643 -0.000103332
49 57 -3.73724e-05 -4.0931e-05
49 59 -0.000285821 -0.000128351
49 61 7.63181e-05 -0.000134747
49 64 -3.29884e-05 -0.000106788
50 33 -0.000196052 -0.000160229
50 34 -0.000638912 -0.000460591
50 36 -0.000400133 -7.58015e-05
50 37 0.000100487 0.000219493
50 38 0.000544948 -0.000265189
50 41 0.000252623 9.87053e-05
50 42 0.000694466 0.000173325
50 43 0.0003079 -0.000111124
50 44 0.000108514 0.00021965
50 45 -0.000215173 7.13708e-05
50 46 0.00106099 -0.000254221
50 47 0.000511247 3.22386e-05
50 49 -0.000135992 -0.000475816
50 50 0.000525948 0.000270374
50 51 0.000162173 0.000187777
50 52 0.000325063 0.000429592
50 53 -0.000122492 -4.52885e-05
50 54 0.000436532 -0.000139094
50 55 0.000344555 -9.72448e-05
50 57 0.000159834 0.000351871
50 59 0.00051069 0.000327597
50 61 -0.000395011 -9.93658e-05
51 33 2.19835e-05 -0.000130577
51 34 -0.000192372 -1.43484e-05
51 35 0.000335032 4.64066e-05
51 36 0.000135162 4.03156e-05
51 37 0.000229844 -0.000142977
51 38 0.000133276 -0.000273204
51 39 -8.59056e-05 -0.000295099
51 40 0.00012814 0.0004706
51 42 0.000309656 0.000230602
51 43 -0.000314348 0.000123789
51 44 8.31347e-05 -2.88527e-07
51 45 3.70874e-05 -2.91199e-06
51 46 0.000178789 3.8058e-05
51 48 3.43672e-05 0.00035762
51 49 -4.04479e-05 0.000311469
51 50 0.000178265 0.000460458
51 51 0.000248633 4.18421e-06
51 52 -0.000185732 0.000607818
51 53 -1.66114e-05 6.14323e-05
51 54 -0.000218095 0.000432913
51 55 -0.000223449 -3.5515e-05
51 58 0.000107173 -0.000104548
51 59 0.000235189 -0.000124626
51 60 5.17991e-05 -1.11853e-05
51 61 7.60558e-05 0.000143295
51 64 0.000170436 0.000218741
52 34 0.00021257 -3.72714e-05
52 36 0.00011419 -0.000338779
52 37 0.000310519 0.000131274
52 38 -8.23707e-06 -1.46295e-05
52 39 0.000397134 -0.000154582
52 40 -0.000408383 0.000236424
52 41 0.00020537 -1.8495e-05
52 42 -0.000675024 0.000337281
52 43 0.000444461 -9.64365e-05
52 44 0.00024679 0.000420832
52 46 8.21518e-05 -0.00011421
52 48 -0.000398997 8.15947e-05
52 50 0.000114433 -0.000397998
52 51 -0.000212055 0.0002894
52 52 0.000758132 0.000363542
52 54 2.48884e-05 -2.70985e-05
52 55 -0.000446181 0.000531086
52 56 2.47061e-05 6.17229e-06
52 57 -0.000378413 0.000201389
52 61 0.000467934 0.000310725
52 64 0.000273227 -5.56043e-05
52 66 0.000171163 9.34862e-05
53 33 7.50341e-05 3.68054e-05
53 34 0.000180962 -9.66622e-05
53 36 0.000296649 0.000104039
53 37 0.000169644 4.68944e-05
53 38 0.000235401 0.000355363
53 39 8.581e-05 -5.14367e-06
53 40 0.000312707 -4.70658e-05
53 41 2.67027e-05 3.6611e-07
53 42 -0.000151752 0.000337519
53 44 1.26159e-05 9.3612e-06
53 45 0.000370417 0.000225422
53 46 0.000317673 -0.000285562
53 47 -2.67206e-06 9.69715e-05
53 48 -0.000263472 0.000462114
53 51 0.000992089 -3.66982e-05
53 52 6.97685e-05 -2.94738e-06
53 53 8.91399e-05 -3.06722e-05
53 54 0.000198321 -0.000208596
53 55 0.00014834 3.25357e-05
53 56 0.000339523 4.441e-05
53 61 6.13338e-05 -3.94928e-05
53 62 0.000172722 0.000224707
53 63 4.96536e-07 1.74635e-06
53 65 0.000274774 2.29766e-05
54 33 -0.000107373 -4.84198e-05
54 34 0.000326241 -3.15019e-05
54 35 3.11832e-06 -1.03897e-08
54 36 0.00028199 0.000212481
54 37 0.000484528 -0.000345957
54 38 0.000184749 -0.000231991
54 39 0.0010226 -0.000347061
54 40 -4.0605e-05 4.52548e-05
54 41 -3.07485e-05 0.00045513
54 42 -3.20398e-05 2.68317e-06
54 43 0.000367317 -3.26461e-05
54 44 0.000476855 0.000246989
54 45 -0.000292952 0.000171718
54 46 0.000367548 0.000191892
54 47 0.000470445 0.000552253
54 48 0.000671914 -0.0001503
54 49 2.60796e-06 -0.000352121
54 50 2.87383e-06 3.9313e-06
54 51 8.41136e-06 -0.000148022
54 52 0.000610754 0.000381883
54 53 -8.17823e-05 0.000113847
54 54 4.13806e-05 5.98086e-05
54 55 1.07822e-05 -1.90126e-06
54 62 -3.53523e-05 7.43833e-05
54 64 -6.90454e-06 6.43692e-06
55 34 -0.000450469 -0.000174783
55 35 0.000427231 0.00011183
55 36 0.00045246 8.53362e-05
55 38 0.000262671 -0.000389246
55 39 0.000323643 -2.42961e-05
55 40 0.000199602 0.000377243
55 41 -0.000125515 0.000323154
55 42 -5.83136e-05 -0.000128425
55 43 0.000217657 0.000240555
55 44 0.000570987 0.000401354
55 45 0.000451751 -5.69198e-05
55 46 0.000107694 0.000743154
55 47 0.000477385 0.000103523
55 48 0.000247414 4.02332e-05
55 50 0.000279571 2.67888e-05
55 51 0.00034692 -0.000297437
55 52 0.000123219 3.98494e-05
55 53 -5.58974e-05 -0.000107472
55 54 0.000259806 -0.000230252
55 55 -5.65659e-05 0.000146171
55 56 0.000235476 0.000333229
55 57 -0.000127826 4.32134e-05
55 58 0.000280441 -7.05148e-05
55 59 0.000573307 0.000127275
55 60 -1.11624e-05 6.42677e-05
55 61 6.42714e-05 8.59059e-06
55 63 0.000282827 -1.99992e-05
55 64 -0.000472089 -2.24958e-06
56 33 7.59017e-05 -0.000122511
56 34 9.45028e-05 1.02753e-05
56 35 -0.000137889 0.000304097
56 36 0.000378476 -0.000139873
56 37 0.000306904 -0.000130706
56 38 0.000468441 -3.42623e-05
56 39 0.00044364 8.44914e-05
56 40 1.16644e-05 -2.58897e-05
56 41 0.000263502 7.52372e-05
56 42 -6.26895e-05 0.00035404
56 43 -0.000146446 -0.000269156
56 44 -0.000416555 5.90798e-05
56 45 0.000331224 0.000173538
56 46 3.46306e-05 0.000292594
56 47 2.39825e-05 -3.63662e-05
56 49 -8.79822e-05 -0.000508664
56 50 -6.75369e-05 0.000181814
56 51 0.000353504 0.000132155
56 52 0.000279427 -9.93645e-05
56 56 -0.000379007 -9.97397e-05
56 59 0.000177169 -9.55759e-05
56 61 0.000225959 4.95945e-06
57 34 0.000651751 0.00029447
57 35 -0.000170036 -0.000357872
57 36 0.000108225 -0.000211402
57 37 0.00018456 -4.6798e-05
57 38 0.000382703 9.61448e-05
57 39 0.000188134 3.17517e-05
57 40 0.000412008 -0.000686878
57 41 3.43238e-05 -0.000329032
57 42 -0.000592109 -0.000237866
57 43 -4.89664e-05 4.20847e-05
57 44 0.000496413 0.000148228
57 45 0.000286235 0.000163419
57 46 -8.7921e-05 0.000234773
57 47 0.000472691 0.00024171
57 48 7.41442e-05 0.000177006
57 50 0.00026147 0.000182161
57 52 -0.000229608 0.00015497
57 53 0.000318879 -0.000483401
57 54 0.000186513 0.000147303
57 55 3.10464e-05 8.92128e-06
57 56 0.000279964 0.000366585
57 58 0.000625414 0.000199727
57 64 0.000257465 -0.000150938
57 65 6.16049e-05 5.33997e-05
58 33 3.60501e-05 -6.29185e-05
58 34 0.0001615 -3.7429e-05
58 36 -0.000223346 -0.000159007
58 37 0.000338685 -0.000364931
58 38 0.000327541 3.46435e-05
58 39 0.000559544 8.76611e-05
58 40 0.000420955 -0.000383548
58 41 0.000448735 9.40205e-05
58 42 -0.000341412 0.000304602
58 43 8.49317e-06 -7.42247e-05
58 44 0.000755825 -0.000306724
58 45 4.6213e-05 -0.000615958
58 46 -4.49844e-05 -7.47688e-05
58 48 -0.000108455 0.000186297
58 49 0.000192553 9.77325e-05
58 50 -0.000423134 0.000192497
58 51 0.000519417 0.000209222
58 52 0.00066785 0.000265353
58 53 0.00093403 0.000285148
58 55 0.000262587 5.24055e-05
58 56 0.000297524 -0.000416894
58 58 0.000301676 0.000360377
58 61 4.30776e-05 4.42465e-05
59 33 0.000281807 -0.000309503
59 36 0.000285878 -2.5633e-05
59 37 2.61153e-05 -7.41938e-06
59 38 0.000372311 -0.000305995
59 39 0.000462297 -0.000643278
59 40 0.000281021 0.000199868
59 41 0.000341113 0.000196439
59 43 -0.000280544 -0.00022806
59 44 0.000328454 -0.000103664
59 45 6.69837e-05 0.000104676
59 46 0.00029203 -0.000266877
59 47 8.28044e-05 -1.87671e-06
59 48 -0.000594274 0.000543248
59 49 0.000280321 5.29284e-05
59 50 0.000191738 0.000109275
59 51 -4.14446e-06 -0.000255938
59 52 0.000425543 0.000263676
59 54 -0.000108585 -6.91608e-06
59 55 0.000604927 -1.02529e-05
59 56 -0.000482325 -0.000115413
59 57 0.00043789 0.000161133
59 58 0.000423129 -4.23436e-05
59 59 -0.00014728 0.000370503
59 61 -0.000268068 0.000178798
59 62 -0.000109748 4.59597e-05
60 35 0.000171814 -0.000219469
60 36 7.44212e-05 -5.5749e-05
60 38 0.000556586 -1.30806e-05
60 39 0.000266502 -0.000359226
60 40 -0.000304489 0.00043943
60 42 0.000276492 0.000225996
60 43 0.000657303 8.63634e-06
60 44 0.000880782 0.000248674
60 45 2.14669e-05 -3.65298e-05
60 46 0.000750029 -0.000585907
60 47 0.000164589 9.8383e-05
60 48 0.000370277 0.000346032
60 49 -0.000118079 9.48733e-05
60 50 0.000483604 -0.000532693
60 52 -3.66875e-05 1.48156e-05
60 53 5.52647e-05 -6.43354e-05
60 54 -2.80647e-06 -3.27147e-06
60 58 0.000299121 7.28094e-05
60 59 -4.31211e-05 7.74533e-05
60 61 0.000125492 8.14204e-05
60 62 -9.17428e-06 2.07634e-05
60 65 -5.30068e-05 0.000259328
60 66 9.02043e-05 -9.77066e-06
61 33 0.000101652 -7.4198e-05
61 34 0.000218918 -0.000133475
61 35 6.94962e-05 -2.767e-05
61 36 0.000592807 -0.000276357
61 37 0.000775384 -5.17301e-05
61 38 0.000620198 0.000705182
61 39 0.000512342 -0.000418861
61 41 8.53074e-05 0.00013442
61 42 0.000166182 -0.000184465
61 43 0.000206338 -9.62754e-05
61 44 0.000709508 0.000211858
61 45 0.00034624 -0.000104971
61 46 0.000278332 0.000314873
61 47 0.000410479 7.68422e-05
61 48 0.000169097 0.000168643
61 49 0.000160098 -6.42845e-05
61 50 0.000247516 0.000448969
61 51 0.000285444 0.000120534
61 52 0.000156758 8.23528e-05
61 53 0.000493742 6.45397e-05
61 56 2.22099e-05 2.49747e-06
61 65 -4.24144e-05 -2.81272e-05
62 34 8.80825e-05 -0.000167323
62 35 0.000574455 4.15826e-05
62 36 2.29995e-05 -7.33392e-06
62 37 0.000325175 -0.000361013
62 38 -4.48801e-05 1.60278e-06
62 39 0.000669104 -3.49269e-05
62 40 -0.000266128 0.000221015
62 41 -6.39209e-05 -2.4674e-05
62 42 0.000370909 0.000260141
62 43 8.59343e-05 9.84136e-05
62 44 1.66367e-05 1.86798e-05
62 46 0.000452307 -0.000808446
62 47 5.08953e-05 -0.000508349
62 49 0.000241419 0.000288618
62 50 -0.00026811 -0.00033023
62 51 0.000439676 0.000611091
62 52 6.23327e-05 -1.40321e-05
62 53 5.15915e-05 2.73239e-05
62 54 6.32572e-05 5.86883e-05
62 55 0.000589328 3.86602e-05
62 56 -0.000245736 9.51935e-05
62 57 0.0002519 0.000330703
62 58 0.000204802 0.000385761
62 59 -0.000155023 6.05358e-05
62 61 0.000142599 0.000199914
63 33 0.000157548 5.89585e-05
63 37 -0.00015408 -2.57161e-05
63 38 0.000591298 0.000204489
63 39 9.4901e-06 7.96524e-07
63 40 -5.98492e-06 1.41418e-05
63 41 0.00028483 0.000934669
63 42 2.46943e-05 -6.27365e-06
63 43 -0.000138217 5.41279e-05
63 44 0.000564763 -9.89164e-05
63 45 1.76741e-05 -1.30649e-05
63 46 0.000425048 0.000182519
63 47 0.00041213 -0.000196229
63 49 0.000189612 5.78182e-05
63 51 8.89514e-05 -2.81786e-05
63 52 -0.000136312 -6.46851e-05
63 53 0.000209907 9.71085e-05
63 54 4.91941e-05 -1.35372e-05
63 55 0.000569178 9.50136e-05
63 56 0.000206523 2.55686e-05
63 57 0.000141155 0.000149052
63 61 -0.000141019 0.000157941
63 62 -0.000133208 0.000187125
63 66 1.1018e-05 -2.50723e-06
64 34 0.000110554 -0.000102548
64 35 -0.000615861 0.000590844
64 36 9.433e-05 8.48207e-06
64 38 0.00014966 -5.98817e-05
64 40 0.000125365 -1.07913e-05
64 41 0.000273976 4.6931e-05
64 42 -0.000345696 -0.000132314
64 44 0.000536096 -0.000142957
64 45 5.55148e-05 -2.76199e-05
64 46 -7.02572e-05 3.05701e-05
64 48 -9.32816e-05 4.65097e-05
64 50 0.000346106 8.40571e-05
64 51 -0.000130789 -7.09789e-05
64 55 0.000571079 0.000197312
64 57 9.53199e-06 9.37275e-06
64 59 -0.000107563 -0.000278649
65 33 1.79702e-05 -1.38002e-05
65 34 0.000104009 0.000159525
65 35 0.000162326 0.000352425
65 36 3.21717e-05 -1.24626e-05
65 37 0.00041107 3.24398e-05
65 38 0.000397477 0.000193543
65 39 0.000325554 0.000113883
65 40 -0.000138558 0.000139923
65 41 6.45907e-05 3.36252e-05
65 42 0.00102359 0.000436532
65 43 0.000235825 2.07133e-05
65 44 0.00025729 3.39465e-05
65 46 0.000489855 -0.000424728
65 47 4.38383e-05 -0.000313896
65 48 -5.94589e-05 0.000186849
65 49 0.000492978 0.00024997
65 50 -9.07694e-05 -0.000127098
65 53 0.000450476 3.214e-05
65 55 3.08602e-05 4.40407e-05
65 57 -8.95269e-05 0.000280425
65 58 1.19099e-06 1.9325e-06
65 59 -0.000303005 0.000362451
65 60 0.000214741 -0.000163401
65 64 0.000240796 0.000271048
66 33 0.000306213 -0.00011585
66 34 3.33063e-05 0.000277855
66 35 0.000224968 -0.000114033
66 36 0.000213885 -9.67943e-05
66 37 -0.000113091 -0.000155452
66 39 0.00018031 -7.58843e-05
66 40 0.000380414 -0.000291279
66 42 0.000268478 -0.000143321
66 43 0.000337462 0.000208714
66 44 0.000340825 -0.000266954
66 45 0.000226847 -4.4528e-05
66 47 0.000136923 0.000363165
66 48 0.000467549 0.000249684
66 50 0.000153395 0.0001535
66 51 -4.51574e-05 3.02908e-05
66 53 0.000726478 -0.000229109
66 54 0.00016219 0.00014202
66 62 0.000242054 5.44727e-05
67 48 0.000375072 0.000278229
67 54 -0.000353476 -6.83507e-05
