0 33 -29.3864 6280.54
0 34 -16.1878 10420.4
0 35 19.5577 10398.4
0 36 113.59 10315.8
0 37 48.4533 10579.5
0 38 100.103 10630.3
0 39 -33.73 10528.4
0 40 49.8745 10392.6
0 41 61.3561 10108.8
0 42 -115.665 9935.98
0 43 4.1881 9821.8
0 44 92.001 9829.9
0 45 -7.58174 9441.2
0 46 110.141 9031.89
0 47 87.2623 8616.75
0 48 38.6747 8406.95
0 49 61.1678 8574.99
0 50 118.836 8405.54
0 51 27.9038 8389.16
0 52 107.889 8829.91
0 53 74.5802 10994.5
0 54 133.564 10173.3
0 55 -5.01268 51.252
1 33 56.9548 17785.2
1 34 -46.2815 30436.8
1 35 301.136 30783.2
1 36 89.1615 31223.2
1 37 246.326 31340
1 38 163.586 30924.2
1 39 311.007 30449.1
1 40 343.351 29919.9
1 41 223.845 29697.3
1 42 135.309 29284.6
1 43 218.937 28650.7
1 44 569.461 27638.4
1 45 413.958 26630.1
1 46 395.054 26092
1 47 338.502 25401.4
1 48 349.149 24825
1 49 307.34 24011.2
1 50 209.34 24591.9
1 51 300.595 25333.3
1 52 423.054 27023.9
1 53 908.506 33879.9
1 54 744.422 29980.8
1 55 2.07506 76.9099
2 33 104.161 28177.8
2 34 180.593 47363.5
2 35 612.091 47657.8
2 36 389.357 47597.3
2 37 732.166 47432.4
2 38 701.499 47264.3
2 39 779.459 46934.4
2 40 551.433 46843
2 41 698.974 46750.4
2 42 789.601 45427.5
2 43 1067.45 44619
2 44 816.664 43927.9
2 45 960.146 43076.7
2 46 838.234 42121.7
2 47 913.883 41033.4
2 48 863.271 39994.2
2 49 1135.68 39234.4
2 50 939.626 38571.5
2 51 1031.22 39029.6
2 52 1133.56 41950.9
2 53 1604.69 53972
2 54 1567.73 49021.4
2 55 -5.50488 119.416
3 33 242.709 35074.3
3 34 813.553 59674.5
3 35 1034.73 59982.4
3 36 1034.31 60109.5
3 37 1104.98 60295.1
3 38 1335.1 61073.3
3 39 1277.86 60532.5
3 40 1137.44 59820.5
3 41 1280.73 58082.4
3 42 1192.57 57786.4
3 43 1555.91 57296.4
3 44 1518.38 56896.1
3 45 1672.21 56690.3
3 46 1724.98 56024.5
3 47 1569.49 53841.3
3 48 1522.38 52762
3 49 1935.6 52894.9
3 50 2007.53 52788.9
3 51 2055.67 53382.2
3 52 2031.44 56020.1
3 53 2738.44 70347.7
3 54 2617.54 63768.8
3 55 21.2641 192.04
3 65 4.20718 0.970228
4 33 345.366 39809.2
4 34 999.614 67268
4 35 1442.84 68412.7
4 36 1409.43 68468.7
4 37 1738.03 68280.1
4 38 1684.11 68247.9
4 39 1920.31 68338.6
4 40 1934.78 68089.1
4 41 1857.83 68683.5
4 42 2019.09 67520.2
4 43 2039.51 66393.9
4 44 2003.34 65225.4
4 45 2405.99 64146
4 46 2551.76 62515.1
4 47 2468.53 62088.1
4 48 2286.95 60538.6
4 49 2825.84 60854.6
4 50 2761.92 62318.6
4 51 3191.36 64177.6
4 52 3450.75 67839.2
4 53 4330.27 87223.6
4 54 3910.43 79443.7
4 55 -13.4331 187.715
5 33 697.458 40570.9
5 34 1623.51 68798.3
5 35 1933.83 70146.3
5 36 1830.08 70601.6
5 37 1911.99 71051.9
5 38 2563.72 70933.7
5 39 2460.11 71042.5
5 40 2482.88 71560.8
5 41 2820.18 71264.2
5 42 3027.35 70730.1
5 43 2433.09 69867.3
5 44 2671.05 68885.4
5 45 3237.94 68036.7
5 46 3435.02 68210.5
5 47 3301.43 67446.3
5 48 3559.8 67090.1
5 49 3573.75 66771.1
5 50 3756.27 66890.8
5 51 4375.76 70953.6
5 52 4675.12 77682.1
5 53 6102.5 99965.9
5 54 5708.92 89328.1
5 55 4.10795 257.404
5 57 -10.1041 11.3929
5 62 4.87792 1.40725
6 33 683.045 39554.7
6 34 1826.93 66854.4
6 35 2235.81 67526.2
6 36 2328.11 68082.8
6 37 2360.1 68792.1
6 38 2844.08 69669.4
6 39 2915.54 70472
6 40 3023.25 70018.9
6 41 3186.94 70318
6 42 3691.02 69779.5
6 43 3441.25 69617.1
6 44 3619.98 69972.1
6 45 3708.87 69473.3
6 46 4295.14 70885.1
6 47 4366.99 69575.7
6 48 4218.42 68823.8
6 49 4626.06 70248.5
6 50 4740.94 71330.3
6 51 5065.48 74084
6 52 5940.87 81150.2
6 53 8206.5 106237
6 54 7550.32 94965.5
6 55 -0.674166 308.334
6 56 5.24773 5.56704
6 57 -0.0603333 0.0241595
7 33 837.24 36659.7
7 34 2283.74 62174.8
7 35 2541.47 63106.3
7 36 2935.6 63510.9
7 37 2879.81 64317.2
7 38 3236.14 63802.5
7 39 3197.06 64002.8
7 40 3634.93 64638.2
7 41 3502.85 65608.9
7 42 4121.41 65593.2
7 43 3733.31 65882
7 44 4319.76 66638.8
7 45 4443.7 67486.6
7 46 4605.55 67702.2
7 47 5253.85 67895
7 48 5146.42 68340
7 49 5392.73 70176.4
7 50 5769.2 73113.8
7 51 6271.97 77210.1
7 52 7301.05 85372.9
7 53 10013.8 110753
7 54 8549.84 97974.1
7 55 3.11601 308.167
7 56 2.24032 2.1963
7 58 6.89401 2.56367
7 59 10.1137 3.65533
8 33 601.008 30558.7
8 34 2362.78 52418
8 35 2682.96 53265
8 36 3344.04 54747.5
8 37 3274.18 55266.8
8 38 3648.54 56643.4
8 39 3903.07 58255.9
8 40 3758.91 58896.1
8 41 3988.77 57912.9
8 42 4432.77 59161.1
8 43 4243.1 59682.3
8 44 4712.05 60547.4
8 45 4512.84 61343.5
8 46 5270.44 63483.3
8 47 5969.9 65493.9
8 48 5575.75 67030.9
8 49 5960.5 69559.2
8 50 6146.34 72489.8
8 51 6931.44 78915
8 52 8478.64 87168.2
8 53 11295.1 116495
8 54 10022.3 104782
8 55 51.353 449.573
8 58 -6.48508 -0.545627
8 66 -4.21115 3.75318
9 33 646.977 25751.1
9 34 2446.23 43835.5
9 35 2607.22 44637.6
9 36 3222.05 45498.6
9 37 3572.95 46905.4
9 38 3526.86 47128.8
9 39 3732.5 47514.2
9 40 3763.89 48224.8
9 41 4325.79 49501
9 42 4423.32 50736.2
9 43 4436.03 52286.9
9 44 4803.52 53510.6
9 45 4897.41 54764
9 46 5431.16 57050.1
9 47 5673.16 58266.9
9 48 5942.22 61138
9 49 6698.4 65173.2
9 50 6794.29 68372.8
9 51 7443.85 73222.1
9 52 9115.45 83978.3
9 53 13136.7 114098
9 54 11052.8 103243
9 55 8.63722 236.449
9 58 1.44671 25.4794
9 59 -3.19253 -1.44603
10 33 804.097 20136.5
10 34 2259.11 34807.7
10 35 2741.22 35438.7
10 36 2828.22 35713.2
10 37 3481.34 36949
10 38 3527.22 38083.6
10 39 3834.9 38787.3
10 40 4082.69 39473.2
10 41 4250.03 40136.5
10 42 4389.68 41043.2
10 43 4337.51 42637.6
10 44 4971.08 45184
10 45 4908.61 46853.5
10 46 5187.71 49598.8
10 47 5605.95 52612
10 48 5734.93 55154.8
10 49 6703.31 60084.1
10 50 7139.73 63233.6
10 51 7940.68 69069.2
10 52 9342.72 80977.5
10 53 13837.1 112501
10 54 12153.4 100408
10 55 30.0518 378.102
10 57 -0.950132 0.430003
10 58 18.4134 23.9762
10 64 -8.31173 2.0435
11 33 619.401 14609.2
11 34 1945.61 25328.6
11 35 2362.73 26094.2
11 36 3113.91 27230.2
11 37 3227.77 27958.6
11 38 3240.83 28520
11 39 3561.39 29656.4
11 40 3901.53 30962.4
11 41 4128.78 31831.4
11 42 3843.24 33211.3
11 43 4113.65 34668.2
11 44 4317.04 36610.7
11 45 4786.87 38647.1
11 46 4723.94 40901.4
11 47 5690.53 44975.9
11 48 5955.12 48232.6
11 49 6496.9 52270
11 50 7135.3 58568.7
11 51 8224.75 64294.8
11 52 9225.64 73967.1
11 53 14317.3 105544
11 54 12324.2 92758.1
11 55 32.0879 363.655
11 57 -5.80797 -0.322938
11 58 -2.97831 23.4517
11 60 -5.00275 3.26611
11 65 0.309968 9.89081
12 33 580.849 10935
12 34 1709.09 18900.5
12 35 2358.69 20019.5
12 36 3134.16 20833.5
12 37 3196.1 21403.1
12 38 2866.42 21995.7
12 39 3235.73 22116
12 40 3758.13 23503.8
12 41 3667.65 24255.6
12 42 3677.04 25788.2
12 43 3909.09 27932.1
12 44 4299.33 29179.1
12 45 4379.52 31645.5
12 46 4736.24 34120.7
12 47 5251.14 36723.3
12 48 5469.92 39574.5
12 49 6196.15 44851.1
12 50 7013.53 49897.6
12 51 7959.98 56976.5
12 52 9558.53 67315.5
12 53 13964 94919.9
12 54 12041 85134.6
12 55 -21.6835 237.284
12 57 1.52822 6.36388
12 58 2.53166 10.7842
12 59 1.34387 2.26734
12 60 -9.59116 0.550076
12 62 -6.50323 0.159193
12 63 -8.94351 -1.37522
13 33 529.014 7369.73
13 34 1599.91 12872.4
13 35 2473.12 14003.9
13 36 2664.36 14538.9
13 37 2986.48 15354.6
13 38 2880.56 15857.5
13 39 3368.18 17256.5
13 40 3629.13 18204.8
13 41 3407.24 18639.1
13 42 3549.91 19734.1
13 43 3448.59 20638.3
13 44 3971.18 22821.3
13 45 3968.75 24818.5
13 46 4382.48 27595.1
13 47 4565.3 29992.2
13 48 5176.3 33179.7
13 49 5733.98 37101
13 50 6615.56 43216.4
13 51 7418.1 49699.2
13 52 9438.92 60814
13 53 14335.7 88859.8
13 54 11459.7 76755.7
13 55 26.9639 232.488
13 56 0.647783 4.15823
13 57 2.27401 5.79456
13 58 -7.59259 3.4191
13 59 1.62976 2.71682
13 65 5.15156 2.24885
13 66 -1.52081 2.01371
14 33 491.913 5004.48
14 34 1225.81 8619.24
14 35 2121.52 9427.29
14 36 2440.52 10293.1
14 37 3137.62 11083.5
14 38 2853.74 11412.1
14 39 3042.38 12034.7
14 40 3027.26 12332.7
14 41 3356.76 13536.5
14 42 3203 14606.2
14 43 3278.33 15507.8
14 44 3591.16 17192.9
14 45 3603.2 18910.5
14 46 3932.7 20988.2
14 47 4234.82 23475.8
14 48 4764.06 27327.2
14 49 5111.94 31334.7
14 50 5933.33 35823.4
14 51 7032.86 42891
14 52 8825.77 52823.5
14 53 13838.7 80773
14 54 11002.6 68273.8
14 55 38.2258 150.194
14 56 14.216 5.9883
14 57 -2.51268 4.77163
14 58 -18.0677 11.6843
14 59 0.522506 0.855448
14 61 5.85157 0.951475
14 62 -8.18764 0.601633
14 65 -9.44839 -1.8995
14 66 -2.82439 3.68208
15 33 332.553 3255.38
15 34 1053.82 5829.25
15 35 1813.67 6661.21
15 36 2260.55 7466.09
15 37 2713.61 7796.91
15 38 2443.47 8074.22
15 39 2856.32 9043.23
15 40 2836.2 9447.89
15 41 2871.35 10183.1
15 42 3013.27 10942.7
15 43 3098.51 12208.1
15 44 3339.6 13063.1
15 45 3136.07 14343.4
15 46 3647.21 16574.4
15 47 3771.04 18681.9
15 48 4364.44 21936.3
15 49 4569.72 25088.6
15 50 5294.33 29914.2
15 51 6239.72 36283.8
15 52 7909.22 46028.8
15 53 13441.1 71443.2
15 54 9905.47 58666.4
15 55 12.7288 96.5398
15 56 -1.92179 3.47573
15 57 -0.544601 1.00216
15 58 -11.0514 14.1209
15 59 1.97343 3.21216
15 60 -4.88038 0.440794
15 61 -1.97136 6.71477
15 64 -6.26383 8.4287
15 65 -3.71794 5.54152
15 66 -1.13805 1.55292
16 33 223.22 1956.72
16 34 986.885 3747.13
16 35 1467.7 4137.25
16 36 2107.64 4967.22
16 37 2429.44 5461.41
16 38 2530.89 6310.85
16 39 2453.58 6684.67
16 40 2694.65 6952.63
16 41 2592.82 7482.32
16 42 2674.84 8035.15
16 43 2675.96 8895.59
16 44 2662.21 9910.78
16 45 2675.39 11071.8
16 46 3086.66 12571.6
16 47 3295.83 14316.9
16 48 3749.57 16610.8
16 49 4083.64 20509.4
16 50 4720.01 24589.9
16 51 5623.47 30259
16 52 7129.35 38820.3
16 53 12386.3 62197.4
16 54 9734.22 51639.2
16 55 -3.84326 67.1538
16 56 7.80601 8.37168
16 57 -5.2731 20.3149
16 58 -11.3363 26.8612
16 60 2.3715 3.24056
16 61 2.31069 4.9626
16 62 5.29299 8.95788
16 63 0.746187 2.26738
16 64 3.94018 5.71642
16 65 -0.722169 0.990905
16 66 -1.13272 1.55882
17 33 219.289 1151.99
17 34 884.495 2209.39
17 35 1263.64 2768.04
17 36 1848.88 3433.12
17 37 2134.8 3989.57
17 38 2241.75 4325.82
17 39 2329.08 4823.28
17 40 2525.4 5352.18
17 41 2515.73 5410.99
17 42 2132.81 5794.45
17 43 2493.85 7002.86
17 44 2396.77 7469.98
17 45 2559.91 8683.19
17 46 2853.1 9903.6
17 47 2915.18 10957.3
17 48 3290.22 13469
17 49 3479.6 16044
17 50 4207.43 19888.6
17 51 5080 24495.7
17 52 6534.89 32652.2
17 53 11135.4 52786.1
17 54 8444.16 43599.4
17 55 21.328 67.6254
17 56 -14.6748 9.47438
17 57 -0.456528 1.71847
17 58 -4.20598 9.5056
17 59 -8.24614 1.21426
17 60 1.71019 2.94241
17 61 13.7693 13.1173
17 62 -6.53693 18.6939
17 64 1.92994 5.23027
17 65 0.147581 6.41045
18 33 138.091 733.881
18 34 854.267 1470.6
18 35 1003.51 1872.02
18 36 1672.2 2340.33
18 37 1935.67 2897.19
18 38 1906.09 3304.63
18 39 2070.24 3725.35
18 40 2317.28 4136.46
18 41 2250.27 4478.16
18 42 2067.34 4506.71
18 43 2322.65 4813.92
18 44 2313.08 5836.08
18 45 2562.11 6879.78
18 46 2409.25 7431.16
18 47 2549.81 8877.04
18 48 2800.84 10141.2
18 49 2898.26 12154.7
18 50 3600.86 15510.1
18 51 4281.33 19725.4
18 52 5485.83 26122
18 53 9971.26 44390.3
18 54 7281.27 36278.7
18 55 9.72091 57.3912
18 56 -11.9091 17.8921
18 57 -4.72139 14.6342
18 58 -6.50778 6.31083
18 59 -5.58394 4.25593
18 60 -13.7354 3.39304
18 61 -3.69053 4.09729
18 62 -5.74368 4.21288
18 64 1.3986 4.11877
18 65 3.76986 9.03464
19 33 95.7646 379.601
19 34 683.469 865.779
19 35 1003.53 1229.96
19 36 1398.25 1668.27
19 37 1801.13 2210.87
19 38 1786.12 2512.73
19 39 1929.99 2910.91
19 40 2269.83 3346.4
19 41 2171.22 3452.62
19 42 2026.2 3857.17
19 43 2124.46 4274.89
19 44 1998.39 4464.67
19 45 2220.19 5447.23
19 46 2235.77 5947.76
19 47 2270.71 6681.76
19 48 2493.56 8137.82
19 49 2641.41 9270.49
19 50 3023.08 12236
19 51 3808.76 16291.5
19 52 4906.74 21902.8
19 53 8832.67 37529.5
19 54 6252.52 29561.3
19 55 8.00368 77.6788
19 56 10.2054 7.81817
19 58 -1.19444 1.30535
19 59 -4.14844 2.03218
19 60 0.455885 0.78571
19 61 0.2228 4.12043
19 62 0.515486 -4.70689
19 63 5.79228 -13.6627
19 64 -2.42078 -4.5615
19 65 5.79159 16.0731
20 33 52.6284 172.35
20 34 458.112 419.269
20 35 790.458 657.916
20 36 1188.54 1032.01
20 37 1724.32 1686.96
20 38 1736.96 1896.73
20 39 1778.43 2256.29
20 40 2157.88 2749.57
20 41 1978.18 2788.98
20 42 1969.61 3071.94
20 43 2021.82 3530.5
20 44 1793.55 3618.44
20 45 1960.49 4132.38
20 46 2062.92 5038.53
20 47 2079.56 5508.12
20 48 2281.76 6457.48
20 49 2501.69 8100.59
20 50 2415.27 9224.78
20 51 3296.57 12893.3
20 52 4451.31 18572
20 53 7802.27 31480.7
20 54 5321.05 24108.4
20 55 22.5926 61.2753
20 56 8.53348 5.33393
20 61 1.60042 2.52069
20 65 11.439 21.5184
20 66 -2.03367 -3.38409
21 33 59.5228 59.2435
21 34 361.208 242.389
21 35 632.083 467.513
21 36 1113.56 875.636
21 37 1712.86 1485.2
21 38 1472.53 1499.8
21 39 1688.21 1907.84
21 40 1839.86 2265.18
21 41 1866.19 2512.73
21 42 1856.45 2709.52
21 43 1772.07 2917.55
21 44 1712.74 3096.81
21 45 1870.83 3322.23
21 46 1807.53 3979.35
21 47 1836.25 4618
21 48 1811.87 5068.28
21 49 2137.2 6654.41
21 50 2134.81 7718.55
21 51 2762.64 9959.61
21 52 3709.98 14474.2
21 53 6932.33 26711
21 54 4493.32 18562.7
21 55 0.571613 21.363
21 56 -17.7577 -7.57487
21 60 7.43922 6.18815
21 61 1.58149 2.40062
21 62 -1.11532 2.67025
21 63 4.80369 -3.81608
21 66 2.2546 7.76981
22 33 31.4384 61.741
22 34 384.624 158.789
22 35 697.84 413.944
22 36 983.655 651.795
22 37 1359.16 1095.48
22 38 1393.67 1432.15
22 39 1538.97 1674.55
22 40 1833.67 2207.48
22 41 1551.01 2204.19
22 42 1680.47 2338.57
22 43 1580.67 2441.68
22 44 1548.49 2733.74
22 45 1652.12 2959.4
22 46 1737.93 3414.59
22 47 1770.74 3994.17
22 48 1710.12 4057.72
22 49 1908.11 5264.37
22 50 2064.93 6448.17
22 51 2221.84 7992.57
22 52 3084.59 11568.2
22 53 5565.59 20611.9
22 54 3712.21 15283.2
22 55 -13.6062 50.4858
22 56 11.6133 2.54726
22 61 1.46579 2.28132
22 62 -4.43791 9.4865
22 63 1.27158 10.5669
22 64 0.921552 8.13596
22 66 0.350932 1.19967
23 33 32.9149 31.6924
23 34 262.232 102.248
23 35 561.307 313.297
23 36 769.141 534.465
23 37 1240.3 963.274
23 38 1369.05 1233.81
23 39 1343.43 1358.31
23 40 1417.33 1612.38
23 41 1601.93 2012.23
23 42 1620.92 2135.43
23 43 1455.13 2252.54
23 44 1503.07 2278.28
23 45 1569.88 2643.21
23 46 1436.98 2726.5
23 47 1497.51 3154.85
23 48 1647.2 3806.61
23 49 1646.08 4004.04
23 50 1741.29 5254.03
23 51 1987.13 6530.58
23 52 2678.86 9429.75
23 53 4827.4 17054.5
23 54 2731.88 11014
23 55 11.496 40.3432
23 56 13.2766 34.1327
23 57 7.85394 16.3404
23 58 5.4549 -0.736934
23 59 0.301902 -3.62667
23 60 -2.67265 18.22
23 62 1.4942 2.34959
23 64 -9.68734 0.0465492
23 65 2.30116 12.9294
23 66 -3.65768 5.55968
24 33 60.7484 14.1079
24 34 228.387 68.4842
24 35 622.637 261.604
24 36 689.757 469.618
24 37 1110.93 826.962
24 38 1279.99 1129.14
24 39 1331.52 1300.61
24 40 1403.65 1536.11
24 41 1542.47 1811.04
24 42 1499.02 1958.83
24 43 1371.25 1899.43
24 44 1433.47 2138.86
24 45 1468.88 2405.76
24 46 1353.09 2346.19
24 47 1449.9 2833.41
24 48 1362.87 2866.61
24 49 1447.54 3529.94
24 50 1389.35 4111.04
24 51 1735.96 5399.48
24 52 2186.82 7270.68
24 53 4115.5 14102.4
24 54 2291.61 8794.83
24 55 2.50074 32.6762
24 56 4.56363 32.0995
24 57 -0.385069 68.0476
24 58 0.429427 15.6959
24 59 -0.3119 26.6938
24 60 -0.332295 4.59321
24 62 9.42744 19.5805
24 64 5.04069 -1.62783
24 66 0.722794 3.68474
25 33 60.792 -0.824391
25 34 204.618 69.3343
25 35 477.046 216.008
25 36 642.048 410.693
25 37 941.258 693.233
25 38 1240.56 1040.64
25 39 1247.79 1140.19
25 40 1259.99 1353.33
25 41 1431.98 1557.12
25 42 1421.18 1803.59
25 43 1263.03 1739.86
25 44 1300.89 1910.95
25 45 1411.95 2039.28
25 46 1271.73 2072.15
25 47 1271.35 2413.27
25 48 1228.36 2586.79
25 49 1236.56 2865.78
25 50 1246.24 3394.54
25 51 1550.2 4429
25 52 1738.4 5985.19
25 53 3623.87 11678.6
25 54 1875.42 6841.97
25 55 3.18667 2.72933
25 56 -1.01241 5.52707
25 57 9.29349 2.63237
25 59 4.27418 2.13681
25 60 -6.66367 5.00821
25 61 -2.6585 -3.31452
25 62 1.81671 2.84244
25 65 0.900669 3.56552
26 33 75.0672 -10.1911
26 34 166.397 50.833
26 35 365.212 155.785
26 36 482.828 309.066
26 37 783.376 548.785
26 38 1146.14 976.671
26 39 1203.89 1097.71
26 40 1098.62 1181.4
26 41 1413.28 1471.83
26 42 1285.91 1636.89
26 43 1143.26 1602.11
26 44 1250.41 1766.93
26 45 1337.68 1949.8
26 46 1078.68 1652.76
26 47 1153.73 2036.86
26 48 1205.44 2380.29
26 49 1113.55 2604.18
26 50 1189.82 2802.84
26 51 1305.93 3427.09
26 52 1521.38 4817.23
26 53 2839.34 8695.04
26 54 1422.29 5342.55
26 55 -5.66745 27.5299
26 56 -2.21305 -12.2548
26 57 5.32127 13.9231
26 58 -14.8019 15.6066
26 59 0.17904 12.3175
26 61 4.23564 1.3765
26 62 -10.3325 -1.44019
26 64 -14.0884 -5.16271
26 65 13.5401 5.57605
26 66 -5.29622 3.81677
27 33 54.8134 -13.5537
27 34 149.379 23.1816
27 35 278.279 100.221
27 36 453.799 275.086
27 37 787.081 548.543
27 38 961.545 805.201
27 39 1123.2 1013.29
27 40 1007.25 1035.14
27 41 1244.87 1314.11
27 42 1217.08 1401.6
27 43 1040.11 1458
27 44 1105.35 1615.64
27 45 1334.64 1863.82
27 46 1035.86 1597.82
27 47 1088.64 1886.27
27 48 1002.26 2058.43
27 49 1117.25 2289.89
27 50 1073.6 2382.39
27 51 1127.38 2995.06
27 52 1232.37 3660.06
27 53 2409.73 7520.03
27 54 939.403 3717.71
27 55 8.68088 8.75104
27 56 47.0028 -6.42821
27 57 1.36965 2.51843
27 58 -9.06143 5.82233
27 59 -25.0598 46.6665
27 60 8.02653 3.47245
27 61 4.24542 -4.20224
27 62 -7.55281 -1.7246
27 63 3.7427 1.7679
28 33 44.3653 -2.54942
28 34 118.103 8.3507
28 35 228.819 72.5608
28 36 396.991 266.626
28 37 745.905 492.526
28 38 893.878 684.697
28 39 1067 877.861
28 40 939.375 982.94
28 41 1232.54 1271.71
28 42 1120.35 1342.37
28 43 1046.19 1394.8
28 44 1035.25 1442.87
28 45 1093.41 1639.73
28 46 974.149 1563.3
28 47 1006.1 1633.5
28 48 976.904 1798.02
28 49 986.612 1936.4
28 50 1028.93 2197.69
28 51 1000.45 2451.23
28 52 1178.85 3251.02
28 53 1958.74 5672.3
28 54 824.926 2820.81
28 55 2.4664 5.07545
28 56 -8.49185 0.000755599
28 57 -1.6746 6.90782
28 58 -2.56138 0.968902
28 59 -24.1378 13.5984
28 60 7.73189 21.6095
28 62 -5.11786 -1.10807
28 63 1.92397 2.93982
28 66 2.81278 -4.47469
29 33 22.783 -3.53517
29 34 80.4008 13.7591
29 35 182.521 57.7678
29 36 361.354 207.634
29 37 722.293 452.392
29 38 777.232 612.16
29 39 920.123 778.302
29 40 895.547 919.624
29 41 1080 1143.79
29 42 1091.93 1321.55
29 43 1067.6 1337.91
29 44 927.653 1268.59
29 45 972.855 1499.52
29 46 865.483 1499.81
29 47 880.625 1456.66
29 48 908.127 1667.74
29 49 950.934 1828.11
29 50 945.079 2039.22
29 51 846.284 2008.28
29 52 1081.41 2888.24
29 53 1645.03 4862.72
29 54 599.337 1969.51
29 56 -3.28931 18.8428
29 57 -3.42183 9.34139
29 58 3.69804 5.31525
29 59 -7.61282 4.81774
29 62 -6.98761 -1.65812
29 63 1.90681 2.8205
30 33 28.71 -1.43356
30 34 77.7205 8.24212
30 35 210.886 69.4731
30 36 314.304 162.329
30 37 627.531 383.308
30 38 762.508 599.48
30 39 865.678 780.346
30 40 829.925 855.044
30 41 949.065 1012.18
30 42 905.829 1117.06
30 43 1005.52 1253.36
30 44 845.808 1170.21
30 45 1009.53 1429.36
30 46 910.323 1399.99
30 47 837.935 1342.76
30 48 868.789 1451.29
30 49 867.38 1565.96
30 50 719.388 1559.26
30 51 706.385 1716.1
30 52 920.13 2281.01
30 53 1290.45 3545.39
30 54 450.196 1537.02
30 56 9.95121 15.5124
30 57 3.91516 9.30576
30 58 7.33675 10.5146
30 59 -4.79904 3.68495
30 60 2.05832 1.64121
30 61 4.06645 2.91024
30 62 -5.32691 -4.56807
30 63 1.87451 2.6253
30 66 5.17155 -0.0216842
31 33 42.6916 -8.12603
31 34 79.4773 8.78597
31 35 170.192 46.287
31 36 281.039 152.628
31 37 582.389 361.289
31 38 622.067 458.785
31 39 807.764 711.458
31 40 804.551 773.73
31 41 794.513 953.265
31 42 914.407 1091.39
31 43 928.646 1174.69
31 44 827.817 1208.37
31 45 836.429 1159.44
31 46 945.767 1518.1
31 47 802.495 1416.95
31 48 732.474 1228.04
31 49 761.673 1283.7
31 50 642.165 1286.18
31 51 661 1486.09
31 52 841.906 2090.53
31 53 1191.29 3310.68
31 54 335.194 1119.53
31 55 -13.8566 -4.50547
31 57 9.92045 28.2095
31 58 5.76037 8.09693
31 59 -4.26106 5.93437
31 61 11.2945 9.34449
31 62 5.20637 11.9317
31 63 12.5535 12.8643
31 64 1.33935 1.91157
32 33 23.7362 -5.50059
32 34 52.5271 8.37069
32 35 159.984 60.5773
32 36 274.13 149.32
32 37 472.014 276.14
32 38 518.409 394.277
32 39 778.497 659.011
32 40 754.589 750.697
32 41 808.303 864.638
32 42 873.872 1014.05
32 43 840.015 1076.01
32 44 752.069 1060.58
32 45 726.323 952.111
32 46 832.146 1294.75
32 47 727.908 1220.41
32 48 777.122 1215.08
32 49 734.894 1329.94
32 50 597.207 1215.05
32 51 491.121 1077.82
32 52 807.661 1850.81
32 53 937.198 2646.41
32 54 280.75 909.278
32 55 -11.8403 8.54654
32 56 0.123573 0.594009
32 57 -7.65069 9.44889
32 58 17.2079 2.3681
32 59 1.33935 8.25784
32 60 4.79832 1.31881
32 61 2.14998 -5.09068
32 62 22.6229 16.4985
32 63 -5.06119 1.26057
32 64 1.8846 2.63099
33 33 24.2721 2.84467
33 34 40.5249 7.58604
33 35 142.32 51.8802
33 36 259.408 128.312
33 37 435.941 248.657
33 38 472.871 350.599
33 39 650.039 524.384
33 40 726.465 668.625
33 41 673.227 729.316
33 42 824.566 930.731
33 43 701.426 830.304
33 44 788.24 1036.82
33 45 767.504 1088.1
33 46 760.385 1155.56
33 47 712.468 1185.93
33 48 695.951 1038.66
33 49 550.175 934.643
33 50 552.5 1080.33
33 51 498.208 1115.99
33 52 546.982 1305.51
33 53 951.915 2500.24
33 54 192.852 613.21
33 55 8.1395 8.02052
33 57 11.1642 23.2306
33 58 -6.15307 23.7789
33 59 2.48311 21.5296
33 60 5.2809 -1.61767
33 61 2.08814 11.4498
33 64 1.95209 2.63311
33 65 -5.91907 1.53699
34 33 7.96185 -0.451173
34 34 41.4508 0.087979
34 35 100.111 27.2821
34 36 197.135 101.429
34 37 373.41 222.867
34 38 521.175 376.636
34 39 523.763 422.51
34 40 767.483 709.99
34 41 599.197 619.049
34 42 837.598 918.352
34 43 676.689 808.294
34 44 725.283 894.88
34 45 686.543 1010.86
34 46 724.713 1032.1
34 47 669.917 1070.04
34 48 626.111 983.158
34 49 468.809 791.76
34 50 541.024 884.163
34 51 459.943 1017.17
34 52 495.925 1109.25
34 53 826.575 2068.59
34 54 129.836 489.272
34 55 2.14251 8.41291
34 56 5.82127 3.447
34 57 6.35727 11.4361
34 58 7.41149 16.6714
34 59 22.0984 28.1
34 60 1.64751 2.44642
34 63 0.467532 0.542374
34 64 2.66161 3.30756
34 65 -4.71837 2.19003
35 33 6.93368 -0.396092
35 34 32.4912 -10.0865
35 35 107.934 19.9825
35 36 219.5 103.604
35 37 360.692 161.179
35 38 448.692 311.378
35 39 477.892 348.495
35 40 659.06 584.624
35 41 575.555 610.75
35 42 767.461 812.845
35 43 715.26 842.299
35 44 579.531 786.273
35 45 692.762 929.985
35 46 694.666 970.355
35 47 591.727 941.951
35 48 585.033 907.62
35 49 520.604 809.864
35 50 447.608 752.256
35 51 404.714 763.284
35 52 393.375 922.372
35 53 629.778 1512.38
35 54 114.618 365.215
35 55 5.11594 1.66685
35 56 7.56156 19.5726
35 57 -7.95051 18.8124
35 58 15.3802 -4.72749
35 59 6.34641 11.8654
35 60 3.87551 4.83876
35 61 -13.0714 -2.29078
35 62 -3.86351 4.41601
35 63 3.92095 2.88147
35 64 2.95467 3.46225
36 33 11.9601 -0.160828
36 34 28.7968 0.859564
36 35 75.1645 18.583
36 36 206.69 83.2289
36 37 306.79 172.279
36 38 453.681 292.414
36 39 382.111 302.816
36 40 542.877 523.835
36 41 561.939 561.602
36 42 626.378 700.392
36 43 647.344 781.744
36 44 561.516 717.95
36 45 636.511 862.585
36 46 543.41 788.636
36 47 577.61 854.333
36 48 501.807 864.984
36 49 463.975 777.09
36 50 445.149 741.596
36 51 389.114 728.53
36 52 361.422 755.533
36 53 441.492 983.931
36 54 79.395 216.552
36 55 11.0308 6.41628
36 56 -5.98786 16.904
36 57 0.508383 3.21788
36 58 2.16319 0.134275
36 59 15.135 9.77972
36 60 11.2084 1.28753
36 61 11.0168 -1.54649
36 62 1.73445 10.2088
36 63 16.102 11.3374
36 64 6.5955 6.88592
36 65 1.72626 1.93263
37 33 9.5845 -0.916074
37 34 23.8267 0.422767
37 35 55.8789 7.89924
37 36 146.616 52.1546
37 37 246.511 133.46
37 38 397.052 275.679
37 39 401.42 294.312
37 40 496.61 452.189
37 41 526.068 531.662
37 42 578.084 636.492
37 43 734.778 789.238
37 44 509.38 662.296
37 45 567.25 729.378
37 46 541.196 747.84
37 47 489.582 697.137
37 48 589.004 886.924
37 49 439.633 747.646
37 50 341.977 616.135
37 51 317.498 576.829
37 52 327.092 721.788
37 53 371.25 868.534
37 54 34.0571 86.0163
37 55 17.3238 13.5105
37 56 -7.53159 6.40949
37 57 9.16682 1.67318
37 58 -4.13276 10.4523
37 59 8.35662 21.3692
37 60 14.9155 23.1822
37 61 5.61117 5.31971
37 62 0.294043 1.7246
37 63 2.47919 13.8696
37 64 1.38866 8.95617
37 65 3.93001 4.50059
38 33 15.6941 -0.230868
38 34 35.4618 2.6382
38 35 72.4362 12.1285
38 36 91.2346 32.7927
38 37 215.239 118.018
38 38 372.586 215.851
38 39 338.477 266.14
38 40 419.918 387.769
38 41 533.923 531.638
38 42 514.769 538.994
38 43 663.723 774.433
38 44 485.133 624.892
38 45 446.938 581.031
38 46 479.806 675.627
38 47 479.147 753.658
38 48 481.633 700.684
38 49 363.515 614.349
38 50 317.087 581.663
38 51 306.975 536.584
38 52 299.575 647.906
38 53 254.748 623.856
38 54 45.0916 105.585
38 55 33.3522 27.5291
38 56 -3.02726 -0.718672
38 57 0.223546 5.67034
38 58 -5.23683 7.00095
38 60 1.37816 2.28069
38 61 23.5296 22.6217
38 62 0.856597 -5.24615
38 63 0.181085 1.03571
38 64 5.55269 20.3362
38 65 2.71947 4.2963
38 66 -6.0848 0.72534
39 33 15.3133 0.591029
39 34 12.3859 -1.80756
39 35 42.8309 4.34182
39 36 116.774 41.0596
39 37 213.899 92.7257
39 38 310.146 196.951
39 39 336.261 235.539
39 40 413.442 342.822
39 41 512.287 525.125
39 42 439.772 448.796
39 43 578.779 632.764
39 44 462.176 577.134
39 45 521.132 678.102
39 46 406.348 602.505
39 47 434.837 605.609
39 48 476.152 683.772
39 49 343.752 555.344
39 50 319.58 496.821
39 51 245.318 488.463
39 52 305.625 640.06
39 53 276.773 585.091
39 54 11.0426 11.1692
39 55 22.6237 17.1311
39 56 -7.42803 11.3888
39 57 19.2842 1.82742
39 58 -7.5689 0.128986
39 60 -10.8825 -6.35365
39 61 0.62138 2.13169
39 62 5.27604 14.3136
39 63 0.392945 0.869883
39 64 -10.9684 5.17961
39 65 9.01402 27.7801
39 66 -2.97056 6.78132
40 33 3.89548 -0.441319
40 34 15.0357 -4.14468
40 35 25.6258 1.88335
40 36 103.608 38.7899
40 37 175.527 79.9903
40 38 260.545 162.123
40 39 332.918 243.812
40 40 403.399 314.885
40 41 445.415 428.474
40 42 431.197 443.746
40 43 446.723 509.461
40 44 497.701 601.253
40 45 436.983 556.482
40 46 376.463 548.105
40 47 368.642 546.753
40 48 395.856 595.089
40 49 397.566 593.098
40 50 309.692 518.82
40 51 205.344 362.356
40 52 213.3 410.835
40 53 269.426 661.37
40 54 34.5355 90.9417
40 55 11.2441 5.7273
40 56 12.5858 3.05528
40 57 -1.65698 1.24371
40 58 4.33204 0.43421
40 59 19.0084 -1.06552
40 61 4.5972 7.15039
40 62 -2.30942 10.6185
40 63 6.46633 14.2626
40 65 1.0104 5.5
40 66 -5.55795 16.8204
41 33 2.91943 -0.176269
41 34 1.47875 -4.31927
41 35 35.3881 1.67514
41 36 119.114 42.0348
41 37 116.723 59.2494
41 38 198.159 95.8613
41 39 320.908 221.768
41 40 306.42 267.443
41 41 378.76 347.93
41 42 358.818 393.383
41 43 473.512 521.984
41 44 460.782 552.009
41 45 372.868 470.926
41 46 378.666 531.446
41 47 330.482 511.2
41 48 384.161 542.357
41 49 379.894 608.031
41 50 220.063 402.988
41 51 218.796 391.204
41 52 153.933 307.104
41 53 189.997 418.476
41 54 25.179 59.1236
41 55 18.0612 7.64598
41 56 0.122402 15.8304
41 57 8.89654 9.57211
41 58 9.2517 0.968504
41 59 14.3388 -3.26243
41 61 12.5434 9.72673
41 62 9.30415 12.4989
41 63 6.02141 10.1922
41 64 5.05869 9.64915
41 65 6.69914 10.3946
41 66 -4.67633 9.59144
42 33 7.79287 1.85277
42 34 20.467 -1.14002
42 35 27.6162 -0.160127
42 36 104.958 31.4857
42 37 121.161 71.6269
42 38 203.193 87.8428
42 39 256.192 187.163
42 40 286.812 230.616
42 41 347.7 344.151
42 42 372.309 353.705
42 43 403.453 442.687
42 44 413.493 515.167
42 45 344.538 456.389
42 46 354.824 470.58
42 47 395.736 534.029
42 48 373.17 509.617
42 49 303.083 520.413
42 50 233.156 458.046
42 51 198.776 379.147
42 52 165.375 301.799
42 53 172.695 348.361
42 54 10.2274 7.76923
42 55 12.5425 7.87053
42 56 -11.0982 13.5706
42 57 2.92022 5.35796
42 58 6.762 0.698643
42 61 6.1129 3.67125
42 62 -4.85243 22.4538
42 63 4.10914 4.88233
42 64 18.9592 21.6971
42 65 21.5617 4.83695
42 66 -0.713349 8.07899
43 33 4.87382 -1.21951
43 34 36.4702 -7.33468
43 35 43.8083 0.762499
43 36 108.662 35.2866
43 37 120.563 54.7874
43 38 156.506 87.1826
43 39 237.946 168.935
43 40 320.678 223.247
43 41 331.725 304.442
43 42 347.179 333.368
43 43 347.37 386.275
43 44 393.191 491.199
43 45 324.919 407.324
43 46 344.272 472.706
43 47 309.812 414.695
43 48 372.841 537.848
43 49 239.836 483.47
43 50 258.596 414.582
43 51 178.687 338.357
43 52 129.422 267.416
43 53 89.3529 188.48
43 54 -6.8008 10.0284
43 55 18.9821 16.3631
43 56 10.1987 0.716457
43 57 6.60285 1.53348
43 58 -0.159791 -5.16496
43 59 4.5911 1.37376
43 60 -2.38243 6.04337
43 61 -5.97902 6.62299
43 62 3.33833 15.7637
43 63 0.274237 0.53303
43 64 15.6537 17.5005
43 65 2.70028 3.04116
43 66 -0.884246 8.30677
44 33 5.11583 -0.695175
44 34 17.6351 1.25551
44 35 44.0194 -10.7583
44 36 91.5467 30.1907
44 37 87.2222 44.2119
44 38 123.061 65.0629
44 39 222.351 148.042
44 40 303.208 228.102
44 41 324.257 265.507
44 42 343.582 319.144
44 43 343.936 366.603
44 44 384.373 458.138
44 45 298.385 384.792
44 46 323.712 470.572
44 47 299.271 424.064
44 48 337.289 502.327
44 49 262.085 399.9
44 50 245.183 400.901
44 51 161.771 316.652
44 52 119.817 254.906
44 53 67.6672 139.563
44 54 19.2398 32.2603
44 55 13.3939 16.5023
44 56 -0.797128 -5.76655
44 57 1.20564 2.05832
44 58 2.21488 3.44512
44 59 4.83394 -3.53894
44 60 20.0232 9.69551
44 61 1.94849 5.55497
44 62 2.4487 3.49975
44 63 3.69855 6.38335
44 64 9.40434 6.30033
44 65 -0.0641649 17.0094
44 66 6.1022 6.69648
45 33 4.64435 -0.585649
45 34 2.13485 0.0317702
45 35 45.6583 -1.85771
45 36 64.9164 23.4726
45 37 54.3125 24.6445
45 38 108.91 63.441
45 39 187.868 115.465
45 40 223.102 191.253
45 41 275.878 228.528
45 42 255.387 317.862
45 43 292.208 312.027
45 44 322.685 382.081
45 45 284.462 408.615
45 46 333.412 407.019
45 47 291.41 393.797
45 48 288.737 389.547
45 49 218.939 361.855
45 50 213.321 384.873
45 51 164.632 316.72
45 52 130.529 231.955
45 53 30.5332 68.5599
45 54 7.00294 11.1378
45 55 39.5579 6.46961
45 56 12.8441 7.79652
45 57 -14.3124 5.4957
45 58 0.492972 7.31962
45 60 20.7388 14.981
45 61 -7.38621 -1.0649
45 62 8.79193 5.58946
45 63 4.10009 9.47091
45 64 -2.48167 37.9593
45 65 1.13771 4.56715
45 66 31.7095 26.368
46 33 12.5643 -0.739294
46 34 12.5964 -2.27143
46 35 30.0391 -3.1396
46 36 65.8918 23.8244
46 37 67.1263 4.21015
46 38 97.9562 57.455
46 39 138.375 82.4806
46 40 180.284 136.086
46 41 265.881 219.66
46 42 296.195 268.551
46 43 251.614 257.691
46 44 267.432 287.141
46 45 322.559 382.038
46 46 297.521 353.187
46 47 233.099 340.057
46 48 241.58 337.942
46 49 237.146 379.671
46 50 162.773 263.58
46 51 136.396 256.718
46 52 133.661 259.325
46 53 52.1619 111.477
46 54 11.4833 9.72786
46 55 9.13773 30.137
46 56 8.27433 -3.32791
46 57 4.15216 2.89124
46 58 0.282604 6.48734
46 59 2.82893 4.34357
46 60 -7.79112 1.6395
46 62 6.93376 4.95732
46 63 5.23927 36.0047
46 64 0.511844 0.792702
46 65 5.03704 -6.29537
46 66 7.28144 11.7646
47 33 4.44655 -0.65905
47 34 6.83867 -0.469865
47 35 35.1235 -1.61425
47 36 51.9526 26.1375
47 37 60.9806 17.258
47 38 93.5954 42.1362
47 39 152.426 79.3815
47 40 160.588 109.154
47 41 213.133 166.38
47 42 254.549 234.321
47 43 261.893 276.362
47 44 225.371 260.527
47 45 275.279 327.758
47 46 270.016 357.214
47 47 224.37 322.964
47 48 237.675 342.693
47 49 201.379 283.769
47 50 163.381 245.598
47 51 102.208 201.103
47 52 104.084 171.725
47 53 52.8634 84.1541
47 54 7.52262 7.13405
47 55 25.5263 14.1504
47 56 9.85689 -0.640207
47 57 -4.41495 -0.00534249
47 59 15.5026 23.4603
47 60 2.17979 -0.799262
47 61 -1.30002 14.4107
47 62 8.7328 9.12732
47 63 -3.57373 7.99107
47 64 1.46593 28.3619
47 65 3.95011 6.59628
47 66 6.049 6.15251
48 33 4.81995 -0.53416
48 34 13.601 -2.43673
48 35 36.6126 -4.86565
48 36 30.1236 12.3432
48 37 45.658 19.4279
48 38 75.1038 38.8797
48 39 102.533 53.4782
48 40 102.017 92.575
48 41 171.045 135.249
48 42 253.644 208.5
48 43 224.289 224.734
48 44 243.995 247.459
48 45 258.058 339.863
48 46 276.98 343.241
48 47 203.648 266.765
48 48 156.356 218.339
48 49 179.206 207.2
48 50 136.96 219.434
48 51 82.6834 168.254
48 52 101.868 163.028
48 53 52.3603 68.4838
48 54 1.74655 6.7405
48 55 7.38989 21.9127
48 56 22.1901 20.0588
48 57 -3.88204 4.63012
48 58 8.67471 2.75406
48 60 9.28708 -3.88374
48 62 5.50167 3.55411
48 63 1.03715 4.18471
48 64 2.13626 4.83848
48 65 29.5274 31.5876
48 66 2.61747 2.59603
49 33 0.873769 2.63324
49 34 18.1938 -2.65352
49 35 40.3443 -5.90744
49 36 22.0282 9.90713
49 37 42.053 15.5233
49 38 76.8325 25.1444
49 39 111.298 60.6051
49 40 113.508 76.913
49 41 196.976 172.957
49 42 240.991 199.74
49 43 230.781 214.25
49 44 211.215 210.795
49 45 200.822 251.522
49 46 231.981 298.467
49 47 215.515 263.877
49 48 162.776 210.324
49 49 138.699 173.918
49 50 97.5402 148.28
49 51 77.3762 158.812
49 52 86.9374 142.506
49 53 18.0388 61.9535
49 54 -12.0676 18.0293
49 55 5.25888 34.237
49 56 23.8269 17.566
49 58 17.475 6.81868
49 59 18.1669 2.6184
49 60 5.15175 -2.08055
49 61 0.884824 0.412293
49 62 5.82202 4.34693
49 63 10.0984 8.1852
49 65 7.59992 5.96856
49 66 9.65317 26.1501
50 33 5.96052 -0.867102
50 34 6.54575 1.11516
50 35 34.1983 -4.92026
50 36 17.9969 2.43516
50 37 43.8182 12.5241
50 38 49.5337 23.4001
50 39 99.6261 55.5672
50 40 120.16 62.8191
50 41 161.689 116.472
50 42 198.255 198.284
50 43 226.307 234.612
50 44 184.678 186.212
50 45 194.225 220.091
50 46 198.123 207.464
50 47 242.47 282.421
50 48 173.826 242.775
50 49 149.846 180.405
50 50 121.035 137.734
50 51 54.7022 94.5421
50 52 103.836 229.004
50 53 19.2268 35.6089
50 54 -7.67411 14.6212
50 55 4.10727 5.51174
50 56 32.6214 33.8639
50 57 6.40841 3.47984
50 58 4.87064 2.31605
50 59 21.3575 1.56457
50 60 0.923265 -0.161412
50 61 11.4907 6.9225
50 62 23.8423 13.0089
50 63 5.16897 2.15031
50 64 -13.8764 17.0305
50 66 1.34449 1.24598
51 33 9.22669 3.14029
51 34 14.8511 2.71864
51 35 30.1886 -7.85832
51 36 12.2944 5.02643
51 37 39.2478 13.6532
51 38 40.9825 20.5308
51 39 75.0704 36.8811
51 40 93.4493 63.9874
51 41 131.203 78.1579
51 42 212.443 176.212
51 43 117.453 146.713
51 44 170.732 205.681
51 45 137.524 168.908
51 46 255.82 291.688
51 47 224.872 249.531
51 48 151.228 218.937
51 49 149.019 155.072
51 50 72.4878 108.38
51 51 64.3568 87.8228
51 52 95.6819 160.819
51 53 17.9972 28.3575
51 54 -8.94661 2.70463
51 55 -13.5583 4.57474
51 56 17.8725 14.8298
51 57 15.3096 11.0124
51 58 2.87398 6.02093
51 59 -0.286853 10.9638
51 60 5.62781 -1.92187
51 61 3.35414 3.17854
51 62 21.2074 10.3713
51 63 4.03329 7.67167
51 64 11.9887 15.3717
51 66 4.39245 4.02836
52 33 5.03552 -0.711102
52 34 -4.38433 -2.66222
52 35 4.14113 -1.4573
52 36 -1.11105 -3.4744
52 37 34.3953 17.0821
52 38 34.3073 27.4872
52 39 95.582 48.4218
52 40 114.688 66.9246
52 41 137.787 83.9013
52 42 150.191 125.836
52 43 126.339 136.864
52 44 189.467 199.204
52 45 123.224 146.828
52 46 237.582 267.489
52 47 240.96 283.074
52 48 135.451 219.75
52 49 105.017 176.345
52 50 63.5706 96.5111
52 51 42.9423 89.2752
52 52 69.7425 75.1975
52 53 17.8724 14.7541
52 54 -5.96355 -3.47071
52 55 -0.932981 5.21512
52 56 31.7633 30.337
52 57 -26.5157 7.09154
52 58 1.71588 3.43588
52 59 27.1304 0.265372
52 60 9.50562 -7.02648
52 61 10.4307 6.61546
52 62 -1.58103 3.04659
52 63 5.57565 1.07036
52 64 -8.0178 17.826
52 66 -4.28037 -1.41489
53 33 6.63353 -0.814747
53 35 20.6059 -6.95398
53 36 6.00396 7.99407
53 37 56.2852 15.1575
53 38 58.1054 30.0618
53 39 66.8801 35.5109
53 40 89.296 35.5005
53 41 82.7605 43.3084
53 42 160.222 129.345
53 43 153.552 139.389
53 44 173.037 186.659
53 45 147.077 162.275
53 46 183.065 196.3
53 47 151.292 175.827
53 48 114.253 150.637
53 49 97.2116 148.833
53 50 85.3279 72.7274
53 51 60.1186 97.4503
53 52 7.71328 43.0731
53 53 63.9175 46.4973
53 54 -5.52891 12.8118
53 55 7.59936 11.5145
53 56 7.13254 7.09017
53 57 6.35385 18.7296
53 58 13.1626 8.45126
53 59 1.57121 1.6295
53 60 3.30832 6.99614
53 61 2.96028 2.73236
53 62 10.074 12.2973
53 63 1.93446 1.56167
53 64 6.15423 8.4686
53 65 9.50573 32.7825
53 66 4.38107 25.4666
54 33 -2.38273 -1.21705
54 34 5.7798 -2.36997
54 35 13.7076 -1.79239
54 36 4.13174 1.10971
54 37 41.3461 31.5219
54 38 68.0474 29.1857
54 39 79.7312 43.7059
54 40 69.2666 46.8879
54 41 90.8028 58.7074
54 42 152.768 122.757
54 43 108.642 84.1715
54 44 128.892 149.23
54 45 122.688 127.956
54 46 171.999 206.21
54 47 149.945 176.187
54 48 134.266 177.194
54 49 95.1666 139.742
54 50 107.853 121.695
54 51 8.71751 37.0149
54 52 31.9633 46.2232
54 53 10.8875 9.70222
54 54 -0.0444266 4.73644
54 56 1.18371 -4.65483
54 57 1.27002 16.1205
54 58 28.1353 13.7172
54 59 -4.04269 5.88028
54 60 10.8255 11.6082
54 61 8.86471 1.35657
54 62 11.8456 3.98042
54 63 2.45681 1.96721
54 64 5.75356 3.46455
54 65 4.37282 -3.83359
54 66 5.8281 -0.0475004
55 33 6.41899 -0.500331
55 34 9.88544 -7.7884
55 35 2.13816 -0.457959
55 36 1.64474 -0.331067
55 37 96.0807 32.9799
55 38 43.7473 19.9859
55 39 61.2959 28.6773
55 40 45.6664 28.5845
55 41 91.7468 53.7686
55 42 140.72 126.112
55 43 54.0344 65.9091
55 44 106.386 102.136
55 45 140.04 150.754
55 46 121.796 148.311
55 47 98.34 139.451
55 48 142.311 186.848
55 49 96.0017 131.802
55 50 58.0126 88.7801
55 51 23.2431 15.1932
55 52 48.189 57.0157
55 53 23.6299 23.7518
55 54 1.91343 1.0458
55 55 -7.03394 8.30845
55 56 6.3598 -1.21647
55 57 7.8715 11.1057
55 58 11.1322 6.15695
55 59 4.49073 -7.39519
55 60 1.47611 5.45661
55 61 2.5728 2.73018
55 62 20.487 10.5587
55 63 2.35918 2.02475
55 64 15.1522 17.585
55 65 8.06262 3.72764
55 66 16.8029 10.9042
56 33 7.05214 0.112933
56 34 5.1144 -2.12274
56 35 2.06872 -0.459326
56 36 2.42381 -0.451416
56 37 29.8808 11.1403
56 38 28.2065 6.13169
56 39 61.0603 35.075
56 40 11.0894 6.67424
56 41 74.2006 30.3451
56 42 112.988 79.5981
56 43 80.5034 73.1995
56 44 89.0195 97.7138
56 45 181.36 223.027
56 46 108.835 127.143
56 47 129.863 144.695
56 48 127.414 137.19
56 49 65.2426 94.1419
56 50 63.8426 91.0841
56 51 20.3081 26.1103
56 52 38.4426 54.2805
56 53 18.5464 9.21573
56 54 7.1949 3.16687
56 55 13.431 -0.526187
56 56 30.7703 0.0176645
56 57 1.5904 9.06688
56 58 23.8019 6.00804
56 59 -10.1955 -1.57531
56 60 2.31832 10.5621
56 61 -7.63609 5.91269
56 62 30.5178 36.438
56 63 1.83922 1.58155
56 64 14.6385 10.2048
56 66 23.7162 16.5674
57 33 5.95944 2.72458
57 34 4.26009 0.557863
57 35 1.821 -0.408143
57 36 11.3828 -6.55292
57 37 41.7937 16.7219
57 38 35.6159 7.19746
57 39 61.7893 31.8694
57 40 18.5541 12.559
57 41 50.6485 31.1225
57 42 54.1563 41.7289
57 43 110.371 98.2689
57 44 66.0207 67.1591
57 45 135.405 149.603
57 46 130.778 138.379
57 47 104.009 100.072
57 48 99.9665 122.165
57 49 81.1198 95.932
57 50 38.4 59.4678
57 51 52.8648 48.9098
57 52 16.0513 36.448
57 53 12.0251 6.87304
57 54 6.43119 3.33738
57 55 2.14282 1.18829
57 56 13.1829 0.944639
57 57 16.4806 26.7324
57 58 -22.1316 3.34917
57 59 -11.7616 1.50889
57 60 4.18011 -3.42962
57 61 -15.6045 26.9138
57 62 9.51128 11.2846
57 63 5.47153 5.85413
57 66 0.935704 3.99441
58 33 3.90872 0.135711
58 34 4.3121 -2.55364
58 35 2.00889 -0.420701
58 36 2.24597 0.154199
58 37 34.2135 21.0081
58 38 24.6306 6.30153
58 39 31.0398 10.1577
58 40 40.1987 22.407
58 41 36.2522 31.4675
58 42 80.0851 48.0436
58 43 149.715 122.284
58 44 76.8841 64.5778
58 45 114.917 115.391
58 46 71.4438 86.255
58 47 69.6626 76.8239
58 48 76.3484 96.2819
58 49 72.6582 120.911
58 50 48.8704 55.431
58 51 56.512 62.872
58 52 21.1614 17.0599
58 53 9.55452 7.89589
58 54 7.02063 3.79001
58 55 7.43428 4.52994
58 56 7.57539 6.29823
58 57 14.1802 14.226
58 58 8.21339 10.6433
58 59 -4.54355 -4.72907
58 61 -18.4719 17.0138
58 62 6.93343 39.8098
58 63 2.93113 2.53198
58 64 5.04947 2.53343
58 65 9.94209 4.6895
58 66 4.31558 0.392919
59 33 13.3416 -1.44063
59 34 5.02419 -2.66888
59 35 1.4379 -0.299122
59 36 6.57582 1.17699
59 37 38.0375 14.5831
59 38 12.4555 1.42891
59 39 32.8754 12.5541
59 40 43.1034 22.8858
59 41 25.2808 16.2822
59 42 42.5067 34.8225
59 43 104.196 85.2437
59 44 47.605 29.0133
59 45 116.775 90.7449
59 46 77.1439 108.56
59 47 68.7477 78.6617
59 48 52.9892 67.5107
59 49 150.532 200.824
59 50 33.6924 46.003
59 51 43.1724 20.404
59 52 20.4487 2.52732
59 53 33.453 24.3821
59 54 1.21805 -8.72189
59 55 -11.62 14.0122
59 56 20.3803 18.0151
59 57 22.6593 14.6303
59 58 11.899 12.4832
59 59 1.61254 2.89493
59 60 -4.95133 15.6643
59 61 -13.8789 20.5773
59 62 3.92899 11.0233
59 63 1.30205 1.11994
59 64 1.44196 1.2031
59 65 5.49367 11.8192
59 66 3.93355 7.89918
60 33 16.8125 -0.45657
60 34 9.75899 -4.13682
60 36 -0.888877 -1.20688
60 37 44.7629 11.2905
60 38 17.2303 5.19132
60 39 32.5311 8.45228
60 40 46.6309 36.1593
60 41 27.6816 17.2392
60 42 18.0977 21.4003
60 43 76.1034 67.5984
60 44 67.4044 57.7307
60 45 41.7444 39.5836
60 46 101.668 149.026
60 47 53.1094 65.2066
60 48 40.1894 49.2421
60 49 98.0051 127.408
60 50 32.9278 50.9927
60 51 42.6276 29.8628
60 52 23.9024 20.3316
60 53 6.04285 8.77752
60 54 8.14208 14.131
60 55 3.20462 5.6275
60 56 -11.8022 16.651
60 57 11.3338 3.66642
60 58 12.5653 -4.19841
60 59 4.98568 2.08314
60 60 -1.75801 9.73971
60 61 -11.3832 13.1642
60 62 1.11921 0.314944
60 63 1.91885 4.05831
60 64 14.2578 -2.29204
60 66 1.93942 3.38708
61 33 0.0278875 -0.00935973
61 34 11.8394 -6.35314
61 36 15.5233 1.45874
61 37 42.8893 9.53682
61 38 13.9994 3.03667
61 39 26.3605 12.4414
61 40 57.4049 29.4527
61 41 25.0228 14.9944
61 42 17.2352 24.0346
61 43 82.3013 50.0369
61 44 83.1267 58.3678
61 45 47.766 45.0547
61 46 76.1 67.9837
61 47 41.7943 47.9349
61 48 40.7196 47.477
61 49 76.3251 90.1682
61 50 56.1222 56.6265
61 51 51.3458 38.9303
61 52 7.07781 -1.23735
61 53 1.69343 3.23957
61 54 14.4821 37.5689
61 55 9.77285 10.9172
61 56 -4.23576 5.75007
61 57 10.8986 12.4749
61 58 15.3284 7.67097
61 59 7.15719 -0.670647
61 60 -0.891007 7.86248
61 62 15.0724 -1.00823
61 63 1.96077 3.983
61 64 -2.64185 5.52358
61 66 0.0857204 0.00785102
62 33 0.0655804 -0.0488278
62 34 15.0807 -8.0881
62 36 3.29124 -0.967147
62 37 35.5885 8.73382
62 38 16.1809 3.30087
62 39 20.4207 8.39425
62 40 86.9022 38.1846
62 41 37.4034 25.1661
62 42 6.39588 26.7305
62 43 64.1658 61.958
62 44 51.1797 35.1235
62 45 63.3846 64.6228
62 46 71.667 78.472
62 47 34.7985 44.437
62 48 54.9147 69.8603
62 49 40.6058 59.178
62 50 25.2065 45.4314
62 51 42.8806 25.798
62 52 7.32099 2.66459
62 53 19.868 14.095
62 54 -0.0336213 16.0558
62 55 -0.157062 0.966115
62 56 1.80605 2.45813
62 57 25.872 46.0798
62 58 7.96079 2.89237
62 59 1.50057 1.71245
62 60 -2.06472 4.55178
62 61 7.43324 9.75344
62 62 0.225372 -0.0571627
62 63 1.76866 3.82381
62 64 4.74181 4.45271
62 65 5.15469 -0.67045
63 33 17.144 3.95144
63 34 3.49471 -0.592147
63 36 16.5992 -3.21559
63 37 16.873 7.12245
63 38 18.9024 6.29218
63 39 22.1802 9.0987
63 40 29.3475 34.6474
63 41 25.0026 35.2299
63 42 8.03832 10.8513
63 43 80.9211 64.8636
63 44 45.0193 39.0328
63 45 76.7698 59.7633
63 46 47.1946 58.7016
63 47 45.7285 53.5648
63 48 45.7996 54.5488
63 49 42.2839 64.9474
63 50 40.8109 54.8322
63 51 20.271 7.50672
63 52 2.54806 0.300795
63 53 14.1714 -1.89215
63 54 8.04952 27.1523
63 55 9.93801 2.06584
63 56 12.5915 10.6254
63 57 5.75966 -1.22325
63 58 50.0865 25.5729
63 60 -15.6777 29.5089
63 61 6.71152 0.012498
63 62 11.5848 9.73074
63 63 5.95312 -0.095526
63 64 10.3062 9.56823
63 66 -0.334274 5.02087
64 33 9.15062 -1.34152
64 34 3.97263 -0.733891
64 36 16.8183 -5.35029
64 37 14.706 2.51729
64 38 16.5142 2.19354
64 39 20.6953 8.24838
64 40 31.5517 20.845
64 41 33.4958 13.4472
64 42 12.1461 11.5405
64 43 53.4637 49.759
64 44 58.3147 60.6815
64 45 53.5106 30.2646
64 46 51.1308 74.4762
64 47 76.8545 82.1784
64 48 64.0509 58.467
64 49 43.9334 46.4205
64 50 19.8269 35.6516
64 51 27.919 23.4078
64 52 20.8448 8.79163
64 53 -13.6296 0.604836
64 54 3.35506 21.6382
64 55 27.0833 11.2457
64 57 20.4249 7.25831
64 58 19.3667 33.6455
64 59 -1.24568 15.3403
64 60 8.73096 7.28768
64 61 -2.39946 8.09024
64 62 10.0445 18.2176
64 63 0.765271 3.47009
64 64 18.3031 13.4664
65 33 8.79066 -6.33329
65 34 9.15423 2.19948
65 36 1.99326 -0.511445
65 37 2.88189 1.49545
65 38 35.9573 5.79283
65 39 17.5441 6.78146
65 40 23.0366 13.676
65 41 33.901 41.7668
65 42 27.6061 18.3718
65 43 37.9484 31.6387
65 44 26.0682 41.7658
65 45 33.7759 22.0806
65 46 57.2223 51.4921
65 47 50.6297 61.6806
65 48 98.1204 69.6185
65 49 44.3653 37.8491
65 50 11.5932 11.7337
65 51 20.1623 41.7906
65 52 13.4618 10.7453
65 54 2.66387 1.40802
65 55 12.0329 25.526
65 58 -6.05322 5.67749
65 59 8.42 26.4475
65 60 5.29191 31.588
65 61 2.74836 6.92744
65 62 3.65844 0.928112
65 63 5.03633 17.1905
65 64 15.8078 15.2183
66 33 0.751551 -0.630357
66 34 4.62949 -0.825779
66 35 5.41186 0.301868
66 36 9.14347 3.88398
66 37 2.51631 4.01257
66 38 17.9541 8.3682
66 39 21.1809 6.88885
66 40 18.7202 8.06615
66 41 45.2953 26.7909
66 42 30.6905 11.1205
66 43 45.8 31.7343
66 44 49.3646 37.8538
66 45 47.5445 29.2866
66 46 41.8695 30.8357
66 47 29.2588 34.3811
66 48 51.5606 46.8283
66 49 33.0749 19.2359
66 50 4.12608 13.0552
66 51 9.39414 10.4553
66 52 21.3437 29.4227
66 53 5.91838 0.849812
66 54 -1.08997 4.20722
66 55 20.9362 15.411
66 56 -0.0352923 0.0229669
66 57 -2.02964 4.79746
66 58 -10.5956 -7.2471
66 59 6.57739 8.44286
66 60 8.16372 13.9019
66 61 1.8845 10.5193
66 62 0.748229 1.99221
66 63 4.7059 14.4022
66 64 23.4346 15.4329
66 65 3.05239 5.82803
66 66 -4.16728 2.86936
67 34 2.67892 -0.251018
67 35 3.63829 -1.74108
67 36 0.744839 -0.70914
67 38 4.28926 -0.0176686
67 39 3.13356 0.662077
67 40 2.08861 1.05962
67 41 6.34737 3.28975
67 42 2.39536 1.03832
67 43 6.8764 4.16827
67 44 5.80601 4.55027
67 45 4.57362 1.79196
67 46 7.23852 4.2098
67 47 4.84664 2.71352
67 48 6.05798 5.25742
67 49 2.32708 1.93461
67 50 3.1748 2.99447
67 51 0.863741 0.920395
67 52 1.68427 0.217405
67 53 0.743055 0.517897
67 54 0.408867 0.166007
67 55 4.07285 2.27028
67 56 0.00619607 -0.00651317
67 57 0.297149 -0.18329
67 58 0.246445 0.00927284
67 59 2.89568 1.51164
67 60 3.10778 2.02883
67 61 0.258633 0.232337
67 62 0.341224 0.895418
67 63 1.21661 0.716405
67 65 0.857377 1.26652
67 66 0.245519 1.05812
