0 33 0.071053 4.09539
0 34 3.81429 0.806246
0 35 -0.476343 4.84966
0 36 0.045182 4.62477
0 37 0.622141 4.91542
0 38 1.36339 4.88665
0 39 4.52523 1.99796
0 40 1.89519 0.433862
0 41 1.18206 4.66238
0 42 0.597398 1.27672
0 43 -0.163278 2.3732
0 44 2.46784 0.594546
0 45 -0.114822 -0.63669
0 46 -0.085533 -0.154094
0 47 0.434344 0.391538
0 49 -1.02844 -0.0931384
0 58 0.339759 -0.17694
1 33 2.63559 11.7838
1 34 6.58337 11.1083
1 35 -1.20167 7.29087
1 36 -10.1792 6.16524
1 37 2.29431 7.38419
1 38 11.584 5.99313
1 39 4.35058 3.10892
1 40 1.30252 5.91123
1 41 -2.89721 6.1145
1 42 1.48037 2.60313
1 43 5.40217 -0.529394
1 44 -2.17883 1.41652
1 45 5.58679 0.263609
1 46 1.39362 -0.0195699
1 47 -0.30315 0.197736
1 48 -1.18325 2.94949
1 49 0.111626 0.0839327
1 51 0.0439373 0.0546094
1 53 -0.133422 0.0132533
1 54 0.17335 -0.419183
1 60 0.0287606 -0.0316721
2 33 2.72704 17.0157
2 34 1.44221 13.3865
2 35 -8.86774 14.0624
2 36 15.3584 12.3882
2 37 -9.34685 14.6027
2 38 0.42758 6.28257
2 39 -10.4834 11.4344
2 40 11.8859 11.5051
2 41 3.84211 2.57304
2 42 -2.24315 5.97254
2 43 6.36177 4.0207
2 44 -5.47466 5.3767
2 45 0.296379 1.61734
2 46 5.30798 3.57318
2 47 0.855692 1.14985
2 48 1.2995 1.0259
2 49 -0.45545 -0.47569
2 50 -0.0242981 -0.0654362
2 55 -0.0189523 0.0736928
2 56 -0.0128328 -0.0121857
2 57 -0.0855913 -0.0710696
2 60 0.0228726 0.0175883
2 62 -0.343204 0.212158
2 65 0.00047211 4.31415e-06
3 33 5.04149 20.3376
3 34 0.806137 17.5975
3 35 9.93024 24.1484
3 36 6.70031 23.0098
3 37 -2.72587 21.2683
3 38 -4.2071 13.6885
3 39 0.430043 15.0686
3 40 4.04171 14.4655
3 41 2.63084 17.7692
3 42 1.30617 14.2088
3 43 -3.28831 8.0336
3 44 -5.89037 5.12541
3 45 -0.866279 3.57318
3 46 -0.815278 0.0981712
3 47 1.56075 0.697777
3 48 -1.08826 1.15783
3 49 -0.137761 -0.0412657
3 50 0.0447293 -0.0945906
3 51 1.0789 -0.07449
3 52 0.325386 0.622585
3 53 -0.0975836 0.0180813
3 56 0.232318 0.536883
3 57 -0.416202 -0.172041
3 58 0.000217639 0.000686185
3 59 -0.267427 1.05819
3 60 -0.296612 0.559806
4 33 3.27826 28.7542
4 34 2.16949 14.6749
4 35 -4.0594 20.2198
4 36 -1.04686 30.3943
4 37 1.12699 17.573
4 38 -0.519916 18.469
4 39 0.551286 12.9354
4 40 -1.50564 16.0788
4 41 9.72734 10.6453
4 42 4.41864 10.8597
4 43 -2.98509 11.948
4 44 7.01412 6.45047
4 45 4.37525 5.23459
4 46 2.08361 2.77841
4 47 3.25009 2.0575
4 48 2.41644 -0.230485
4 49 -0.133417 0.142303
4 50 0.622936 -1.13324
4 51 0.438861 0.0382618
4 52 0.105613 -0.493684
4 53 0.426493 0.00996401
4 54 -0.010479 -0.137219
4 55 -0.642246 -0.231722
4 56 0.149821 -0.132637
4 58 0.426923 -0.599184
4 59 -0.239369 0.0697743
5 33 4.31699 28.5365
5 34 2.33327 19.2198
5 35 5.182 20.6314
5 36 -3.49174 15.8586
5 37 2.79149 19.7457
5 38 0.879429 7.8754
5 39 10.2107 17.9082
5 40 13.1716 16.5095
5 41 9.70451 12.9725
5 42 9.74303 15.3247
5 43 -0.0933019 4.00657
5 44 -1.31006 10.2969
5 45 -0.389311 4.21577
5 46 2.80588 1.86388
5 47 0.921238 1.25261
5 48 1.39498 0.211747
5 49 0.284422 -0.115166
5 50 -2.56426 -0.264592
5 51 2.40861 -1.0993
5 52 -2.22518 -0.0906198
5 53 -0.0719329 -0.0432759
5 54 0.108685 -0.198602
5 56 0.413751 -0.0124572
5 57 0.0714364 0.177811
5 58 0.0735568 0.00779845
5 61 0.303752 -0.0437555
5 63 0.0969517 -0.797023
5 65 0.0144916 0.0136765
6 33 3.84375 28.9522
6 34 16.5944 18.5896
6 35 1.76249 19.3038
6 36 -9.00489 12.9972
6 37 4.58194 13.827
6 38 -0.20159 11.301
6 39 11.8961 11.7943
6 40 10.5327 15.8602
6 41 -4.82882 14.9067
6 42 6.37217 11.4793
6 43 3.85787 10.4397
6 44 2.3679 4.63012
6 45 0.227843 11.409
6 46 1.72096 -0.353374
6 47 -7.27326 5.16009
6 48 0.449879 0.142896
6 49 -0.201574 1.14741
6 50 -2.09752 -0.734016
6 51 -1.08299 -0.675121
6 52 -0.337552 -0.977444
6 54 0.0539723 -0.00280324
6 56 0.644589 -0.370601
6 60 0.856392 -0.128726
6 64 -0.139341 0.132172
7 33 12.8004 21.1439
7 34 5.56247 21.8178
7 35 0.703009 31.1549
7 36 -4.51544 20.4851
7 37 2.30023 15.1867
7 38 -3.91861 22.1404
7 39 4.44824 16.2956
7 40 12.1356 14.4203
7 41 -1.20013 3.19347
7 42 0.57369 5.91504
7 43 12.2286 13.7489
7 44 1.48663 2.39191
7 45 -0.258635 6.6534
7 46 -6.95112 8.3048
7 47 2.7133 1.20428
7 48 -0.266295 3.12816
7 49 2.37004 3.49899
7 50 1.31217 1.23666
7 51 -0.105404 1.68817
7 52 0.685682 -0.688428
7 53 0.245732 0.227272
7 54 0.548202 -0.0186046
7 55 -0.0794261 1.72215
7 56 -0.0221728 -0.003107
7 58 -0.244932 0.166913
7 60 -0.41057 -0.0547755
7 61 0.499122 -0.414256
7 63 0.415577 -0.750486
7 64 -0.535149 -1.21268
8 33 2.231 22.6526
8 34 -17.6185 14.4358
8 35 9.76894 8.60102
8 36 4.24399 16.8108
8 37 -0.13087 8.41452
8 38 7.43654 10.7803
8 39 3.49974 8.00535
8 40 7.82331 10.1846
8 41 2.17481 10.3592
8 42 2.77487 16.348
8 43 5.08236 4.79688
8 44 -4.83345 4.55997
8 45 11.0945 2.61693
8 46 1.49747 -1.52072
8 47 5.4063 1.3518
8 48 0.236734 0.422257
8 49 0.226899 1.07749
8 50 -0.230286 1.85309
8 51 -0.723347 0.488395
8 52 -1.97827 -2.0328
8 53 0.640925 0.249243
8 54 0.721589 0.0897713
8 55 0.0275648 0.838044
8 56 1.65531 -0.869042
8 58 -0.623602 -1.16714
8 59 0.181339 -0.146432
8 60 -0.24352 -0.434259
8 62 0.030166 0.0490859
8 64 -0.012736 0.0280243
8 65 0.265545 -0.119902
8 66 0.212406 -0.0295258
9 33 11.3642 24.5429
9 34 4.44047 16.7018
9 35 12.3006 9.37984
9 36 2.96214 19.1672
9 37 15.0905 16.5261
9 38 -1.52346 16.4462
9 39 12.31 14.7754
9 40 -4.05842 12.7658
9 41 16.3814 3.57697
9 42 -2.77884 15.8023
9 43 4.25704 8.32983
9 44 6.04375 5.94518
9 45 1.98942 4.51155
9 46 3.46784 2.11364
9 47 -0.0378066 -2.67306
9 48 0.590959 -0.828363
9 49 0.328689 -0.0861004
9 50 -1.21388 1.99727
9 51 0.314758 0.125146
9 52 -0.0912681 0.125317
9 53 0.326004 0.256472
9 54 0.188358 1.04905
9 55 0.399266 0.296541
9 56 1.12689 0.830384
9 57 0.452697 1.31041
9 58 -0.685434 -0.0457298
9 59 0.192754 1.37598
9 60 -0.0780418 -0.0213848
9 61 0.0622357 0.0141625
9 63 0.0933975 -0.0342879
10 33 6.97833 10.0803
10 34 12.6577 16.944
10 35 5.9552 15.747
10 36 11.0165 2.49163
10 37 9.21285 7.33111
10 38 -1.43959 11.6035
10 39 -2.28518 11.5535
10 40 -5.13255 8.93268
10 41 11.7623 11.8813
10 42 0.245267 11.9999
10 43 7.03376 2.27708
10 44 4.55208 10.7092
10 45 6.78009 4.40167
10 46 0.210212 4.53114
10 47 1.84599 0.665077
10 48 -1.3575 5.92449
10 49 0.418759 0.233269
10 50 -2.04722 -0.170112
10 51 -0.0746488 -1.14751
10 52 1.03268 -1.13064
10 53 0.12634 0.244407
10 56 0.948328 0.198595
10 57 0.309745 0.347996
10 58 -0.465682 0.110663
10 59 0.0179451 0.591803
10 60 -0.554499 0.0930736
10 61 -0.183016 -0.00595448
10 62 -0.167832 0.0968601
10 63 0.861205 0.0689387
10 65 -0.116681 0.101929
10 66 -0.0689305 -0.0250274
11 33 0.0625466 11.5426
11 34 -1.1271 8.21063
11 35 5.85334 20.5555
11 36 9.88779 18.4633
11 37 5.62835 16.8352
11 38 -6.66461 19.8857
11 39 6.51214 5.58964
11 40 8.86915 5.47949
11 41 3.52851 9.12959
11 42 2.98767 -0.219766
11 43 2.77223 5.14115
11 44 7.03976 15.2477
11 45 5.64674 1.07099
11 46 2.18934 1.0528
11 47 -0.912515 3.95417
11 48 -0.644045 -0.022343
11 49 0.333847 2.65127
11 50 -1.04092 -1.37026
11 51 1.13809 2.01844
11 52 -1.60668 0.913032
11 53 0.808665 0.526135
11 54 -0.357477 -0.0646412
11 55 -1.00184 -0.24111
11 56 0.406604 0.167371
11 57 0.690708 0.287537
11 58 -0.957786 0.0146197
11 59 0.706028 -0.598965
11 60 0.0390043 -0.0129451
11 64 -0.258293 0.541172
11 65 0.220632 0.022201
11 66 -0.0180055 -0.982897
12 33 -3.08553 8.43823
12 34 6.17369 5.1141
12 35 4.13427 4.38074
12 36 8.64408 1.38548
12 37 14.1318 3.51876
12 38 9.61586 9.0962
12 39 12.1902 5.50427
12 40 11.4381 11.1055
12 41 1.87659 4.78799
12 42 15.2674 0.427874
12 43 -6.49962 3.76532
12 44 4.33759 -2.9177
12 45 9.29901 3.4047
12 46 1.72373 1.10174
12 47 2.95896 1.90555
12 48 1.35668 0.63127
12 49 0.507602 3.11198
12 50 1.2062 1.27159
12 51 -0.0678988 1.47026
12 52 -1.23531 -0.440263
12 53 -0.299684 0.0852761
12 54 0.0129778 0.104384
12 55 1.53944 -1.05325
12 56 -1.23779 0.43434
12 57 -0.306795 0.367238
12 58 -0.0269812 -0.0120436
12 59 -0.971173 0.626369
12 60 0.790051 -0.150784
12 61 -0.552383 -0.128637
12 62 -0.0188971 -0.00555288
12 65 0.410565 -0.333833
12 66 -0.0610877 0.0204991
13 33 2.78792 8.58559
13 34 -0.0316004 -3.16824
13 35 6.88394 0.339016
13 36 -1.27142 6.31019
13 37 6.99605 -1.53944
13 38 5.53493 7.15265
13 39 13.2475 10.1141
13 40 10.4935 4.74375
13 41 5.62168 -0.723388
13 42 8.5428 4.70643
13 43 6.92386 8.0296
13 44 7.55567 -1.36495
13 45 8.52873 1.88124
13 46 4.65166 2.48492
13 47 4.0175 2.94714
13 48 2.51508 -1.04723
13 49 1.60966 1.1152
13 50 -0.417504 -1.0744
13 51 1.57618 0.277691
13 52 1.34627 1.13361
13 53 1.40005 -0.456127
13 54 0.550397 -0.652973
13 55 0.465917 0.502433
13 56 -0.930821 0.283611
13 59 -0.591048 -0.305626
13 60 -0.963328 1.07574
13 62 -0.000653898 0.00169878
13 65 0.0345779 0.0027822
14 33 2.11582 8.81138
14 34 7.46448 3.40811
14 35 3.11211 -0.971144
14 36 1.89286 9.75731
14 37 -6.59471 0.181083
14 38 -2.90871 -0.0701254
14 39 12.9412 6.41772
14 40 -6.60384 -1.48158
14 41 0.926605 4.25582
14 42 10.2126 0.563948
14 43 -0.487095 -4.93712
14 44 11.5157 7.25899
14 45 4.89887 2.01261
14 46 0.529873 0.670936
14 47 -1.34548 2.79347
14 48 -1.72623 3.26821
14 49 -0.733601 0.416841
14 50 1.58106 1.06109
14 51 0.699551 1.78682
14 52 0.31651 1.23074
14 53 1.97656 -0.688928
14 54 -0.361274 0.212127
14 55 0.267813 -0.0648802
14 56 -0.0599788 0.0237484
14 57 -0.7987 -0.727506
14 58 0.0268689 0.0188633
14 59 0.191079 0.0257911
14 61 -1.71413 2.04175
14 63 0.265825 -0.273952
15 33 2.39265 0.397099
15 34 4.27063 5.02793
15 35 7.59796 5.41532
15 36 7.77872 5.27009
15 37 3.73619 0.255638
15 38 9.73702 4.88893
15 39 11.2993 3.99392
15 40 3.16284 1.64765
15 41 3.1969 4.09832
15 42 5.18297 6.0566
15 43 0.110515 1.71717
15 44 10.2133 -0.525439
15 45 7.86752 9.908
15 46 8.79872 10.2835
15 47 -2.86239 0.796211
15 48 0.529884 3.02587
15 49 2.2466 1.5692
15 50 -0.723087 2.56163
15 51 0.454847 0.543491
15 52 -1.62186 0.516137
15 53 0.265266 0.856537
15 54 0.245973 -0.13351
15 55 -0.667466 -0.0661238
15 56 0.154403 1.39215
15 57 0.723522 0.814398
15 59 0.706444 0.579612
15 61 -0.407046 0.290896
15 62 0.864647 -0.186181
15 63 -0.479944 -0.45262
15 64 0.383199 -0.186988
15 65 -0.971415 0.485134
16 33 1.31786 2.07922
16 34 6.28372 0.162978
16 35 1.32549 5.89107
16 36 -2.13995 -1.83182
16 37 12.4857 4.31226
16 38 9.41528 -3.89511
16 39 7.14717 1.40802
16 40 13.7061 3.872
16 41 9.04973 0.662938
16 42 5.1132 2.68381
16 43 3.08563 -2.64875
16 44 8.06642 -5.07655
16 45 -2.19659 6.98966
16 46 0.785168 7.01724
16 47 -0.337888 -0.0440327
16 48 3.12704 1.49392
16 49 0.115765 2.87569
16 50 -2.25112 1.92104
16 51 0.130395 1.74131
16 52 0.973403 -0.122132
16 53 0.585524 0.961521
16 54 0.260875 0.381602
16 55 -0.319558 0.138405
16 56 -0.490355 0.240808
16 57 -0.207633 -0.0398116
16 58 -0.433091 0.339179
16 59 -0.590558 0.499133
16 60 -2.50881 -0.818513
16 61 0.178823 -0.0998896
16 62 -0.0224406 0.00258906
16 64 0.604775 -0.407774
16 65 -1.89365 -0.161538
17 33 0.325039 1.42569
17 34 13.441 2.87655
17 35 0.617744 5.34998
17 36 3.12358 -2.92881
17 37 11.004 1.83914
17 38 5.37849 -9.62577
17 39 2.72556 -0.800363
17 40 3.79781 3.46821
17 41 7.75305 1.95409
17 42 4.31811 4.28778
17 43 -4.22154 -0.473014
17 44 3.81577 4.0442
17 45 10.9433 2.6229
17 46 0.838628 3.64987
17 47 -0.982241 -0.561255
17 48 0.89091 -0.104308
17 49 2.45685 1.53199
17 50 -2.02989 0.764103
17 51 -0.0388212 0.741506
17 52 0.251492 -1.08538
17 53 -0.853942 0.957537
17 54 0.287329 0.170905
17 55 0.0476389 0.951594
17 56 -0.0452318 0.315723
17 57 -0.0819466 -0.431759
17 58 -0.447267 0.00445907
17 59 0.456423 0.569074
17 60 -0.497338 0.551981
17 61 0.0240174 0.0398782
17 62 0.395804 0.17466
17 63 0.00203838 0.00330387
17 64 0.358765 -0.365429
17 65 0.424258 0.0854932
17 66 0.316516 0.00887115
18 33 3.05741 -1.93145
18 34 8.92929 0.202921
18 35 20.9461 -0.763383
18 36 2.8717 3.82373
18 37 6.45538 1.50679
18 38 4.04427 -2.21235
18 39 10.64 4.33126
18 40 -0.630847 -2.50325
18 41 11.1564 2.71062
18 42 14.3305 7.13155
18 43 -5.85986 6.63006
18 44 2.08656 -6.57766
18 45 5.08002 7.87003
18 46 3.01071 -2.17706
18 47 1.93626 0.598533
18 48 -2.26315 2.43585
18 49 -0.0396593 1.0882
18 50 1.66865 -0.154709
18 51 0.302879 -0.532501
18 52 -0.513504 -0.577771
18 53 -0.859306 1.73877
18 54 -2.68995 -1.17564
18 55 -0.312107 0.316691
18 56 0.242885 -0.237679
18 57 -0.343426 -0.20327
18 58 0.536278 -1.34869
18 59 0.72118 -0.39609
18 60 1.90607 -0.915617
18 61 0.50359 -0.0871342
18 62 -0.208661 0.956413
18 63 0.420879 -0.62596
18 64 0.153976 -0.00648043
18 66 -0.000489344 0.0097443
19 33 1.31939 -1.2854
19 34 7.10335 -0.251887
19 35 2.94889 2.08016
19 36 4.32465 4.28968
19 37 16.0476 -3.92889
19 38 13.9371 -4.19302
19 39 1.87554 1.55933
19 40 8.17169 -0.747252
19 41 5.56021 3.07286
19 42 -1.44776 -1.28219
19 43 3.71738 4.82438
19 44 6.07837 1.56927
19 45 -0.609535 -2.69913
19 46 0.276574 2.57733
19 47 1.05241 -2.5401
19 48 0.612898 4.1824
19 49 -0.117223 1.31019
19 50 1.5433 0.648711
19 51 2.11971 1.15814
19 52 0.411877 -0.358001
19 53 -0.348562 -0.0986256
19 54 -0.376902 1.38753
19 55 -0.023928 0.770701
19 56 0.676094 -0.019456
19 57 1.17019 2.34637
19 58 -0.519153 -0.213513
19 59 -1.01448 0.328664
19 60 1.31257 0.386013
19 61 -0.230431 0.379091
19 62 -0.159288 0.173899
19 66 0.20491 0.0272489
20 33 0.460007 -0.142166
20 34 -7.23643 2.23558
20 35 0.229337 -2.69166
20 36 4.03149 -2.0484
20 37 9.12846 0.622143
20 38 6.5248 -0.412556
20 39 10.0477 3.49836
20 40 3.6547 -2.8058
20 41 11.3695 2.36377
20 42 6.57301 0.320068
20 43 1.33834 -1.68225
20 44 7.65123 6.08582
20 45 -1.13756 4.61269
20 46 -0.267889 4.47962
20 47 -0.168856 1.27973
20 48 3.67932 7.28403
20 49 -0.879284 0.664759
20 50 0.344357 1.60801
20 51 -2.79939 -0.804586
20 52 1.1435 -0.320403
20 53 1.23742 0.137912
20 54 -0.0670001 0.127141
20 55 -0.689536 2.863
20 56 -0.372393 0.995838
20 58 0.838667 0.977403
20 59 1.09155 -0.0124842
20 60 1.05532 0.12153
20 61 0.187077 -0.0218814
20 62 -1.04267 0.526138
20 64 -0.113892 0.0868072
20 65 0.633899 0.65616
21 33 3.51715 -3.72244
21 34 1.45253 -4.81904
21 35 -1.90032 -0.682628
21 36 4.2954 -3.23413
21 37 9.10861 2.28709
21 38 6.64748 2.43221
21 39 9.91655 1.10826
21 40 12.3552 -0.854375
21 41 -1.02348 4.6342
21 42 7.75224 -3.41191
21 43 2.38182 -3.50882
21 44 3.53664 3.89134
21 45 4.39809 6.07933
21 46 0.0864595 0.55231
21 47 -0.347761 3.75255
21 48 -2.47689 0.552528
21 49 1.08031 0.306781
21 50 2.46415 -0.0334412
21 51 0.128985 1.71515
21 52 -0.991793 0.422827
21 53 0.17078 -0.00944832
21 54 0.343254 -0.866998
21 55 -1.1366 0.943106
21 56 0.685029 0.0370083
21 57 1.68467 -0.454104
21 58 0.423917 1.32576
21 59 -0.981856 -0.0401896
21 60 -0.968763 0.956548
21 61 0.0692763 0.043065
21 62 1.1175 0.053756
21 63 0.30025 -0.112908
21 64 0.0576447 -0.149509
21 65 -0.668197 0.378637
22 33 3.32975 -1.20416
22 34 12.3381 3.03087
22 35 4.68871 0.18664
22 36 -3.48278 2.11088
22 37 4.53189 4.14076
22 38 3.91874 1.49256
22 39 3.28209 3.4592
22 40 1.11947 1.85206
22 41 15.645 -4.41827
22 42 4.94206 -2.62755
22 43 9.16064 0.970353
22 44 1.13144 2.70646
22 45 -1.69928 1.99798
22 46 5.32611 -0.690281
22 47 3.72889 4.54662
22 48 2.1301 4.61745
22 49 4.14228 4.15757
22 50 0.100258 -0.543311
22 51 1.19871 0.626858
22 52 -1.19435 2.53496
22 53 -1.06574 -0.556134
22 54 -0.289971 0.1055
22 55 -2.07448 -0.258112
22 56 -0.385728 -0.795904
22 57 -0.656107 0.144755
22 58 -0.105818 -0.214519
22 59 2.22708 -0.580512
22 60 -0.954546 -0.178656
22 61 0.72928 0.764986
22 62 0.926057 0.839011
22 63 0.395191 -0.00984183
22 64 0.109329 -0.00910384
22 66 -0.52818 0.194883
23 33 0.118766 -3.0646
23 34 5.20222 -1.82227
23 35 6.03593 2.89351
23 36 -1.53384 -1.21753
23 37 4.8513 2.67694
23 38 4.72914 -0.812389
23 39 9.08701 1.83561
23 40 3.74286 2.32503
23 41 6.40027 1.47711
23 42 2.61332 4.55242
23 43 5.27302 4.07681
23 44 11.5461 3.84368
23 45 -2.98023 3.12227
23 46 2.09455 -2.59989
23 47 2.52798 -1.71707
23 48 -0.606097 2.2423
23 49 1.98629 3.96937
23 50 0.736053 1.51755
23 51 3.32468 -0.650061
23 52 -0.0776273 -0.41683
23 53 1.62415 0.337521
23 54 0.0983318 -0.588153
23 55 -0.885242 0.35238
23 56 0.0516662 0.144909
23 57 0.532037 -0.0420756
23 58 0.932246 -0.486884
23 59 0.742404 0.0626247
23 60 -0.0613276 0.0705134
23 61 1.06387 0.158859
23 62 0.220867 0.215924
23 63 -0.792905 0.351898
23 64 0.0531278 0.524125
23 65 -0.203179 -0.0929136
23 66 -0.0487552 -0.062753
24 33 -0.0652423 -0.387435
24 34 2.81916 -2.0638
24 35 3.45184 -4.14332
24 36 9.37696 6.07936
24 37 6.08372 2.84173
24 38 8.78771 -2.9732
24 39 9.74217 -2.14954
24 40 7.39573 -1.17555
24 41 1.62227 1.07721
24 42 2.9998 2.21499
24 43 6.9901 1.74659
24 44 -0.58513 -1.93306
24 45 1.13378 -2.27385
24 46 -4.14498 2.57308
24 47 0.201451 2.74866
24 48 0.484663 2.85285
24 49 1.7253 3.45467
24 50 3.24217 1.13809
24 51 1.34956 0.0761781
24 52 -0.863001 1.60776
24 53 0.419924 -0.161918
24 54 -1.78689 2.2509
24 55 -0.829167 0.424308
24 56 1.05837 2.1192
24 57 -0.0267376 -0.484181
24 58 0.37087 1.71905
24 59 0.809238 0.350066
24 61 -2.37412 -1.54634
24 64 0.0673097 0.191095
24 65 -0.0399178 0.165689
24 66 -0.0826307 0.000818654
25 33 0.141325 -0.649281
25 34 -1.22702 -1.38471
25 35 2.74303 0.276105
25 36 5.40636 2.16502
25 37 4.01662 4.55504
25 38 4.95973 3.77936
25 39 1.66088 -0.23674
25 40 13.4537 4.06381
25 41 6.1795 -4.21179
25 42 15.3589 2.95953
25 43 0.873957 2.44437
25 44 2.15328 -2.0069
25 45 5.77431 1.44462
25 46 2.05631 -0.369214
25 47 1.08488 0.0301842
25 48 2.44458 -0.825341
25 49 1.69361 1.66414
25 50 1.06719 3.52889
25 51 2.11916 1.14396
25 52 -0.331643 2.62602
25 53 -0.542673 -0.712663
25 54 -1.61308 -0.271972
25 55 0.924565 1.13317
25 56 -0.498014 -0.257744
25 57 -0.232234 0.222491
25 58 -1.22453 -1.43539
25 59 -0.36983 0.651234
25 60 0.329909 -0.347645
25 61 0.142807 0.695169
25 62 0.0322752 -0.00188814
25 63 0.420536 0.885742
25 64 0.479563 -0.227639
25 65 -0.459654 0.092699
25 66 -0.186891 -0.147672
26 33 0.139619 -2.54661
26 34 0.903578 1.55582
26 35 3.3597 -2.54869
26 36 2.75031 1.07687
26 37 9.413 -3.31348
26 38 8.02548 -5.17265
26 39 1.56599 2.21371
26 40 13.0961 -9.5313
26 41 8.71245 5.39342
26 42 2.93736 -1.67234
26 43 6.87497 -0.205549
26 44 4.79372 1.05181
26 45 1.21363 1.05032
26 46 5.93086 0.806136
26 47 -0.363108 0.8031
26 48 3.59023 -0.778002
26 49 2.03291 1.3503
26 50 0.38246 -0.545397
26 51 2.71812 1.01994
26 52 -1.95321 0.638544
26 53 -0.27357 -0.273215
26 54 0.743945 -1.96574
26 55 1.18753 0.855862
26 56 1.918 0.399618
26 57 0.0737514 0.0491634
26 58 0.207519 1.53621
26 59 0.217694 -0.0250631
26 60 0.055688 0.503712
26 61 -0.692669 -0.191327
26 62 0.491558 -0.579343
26 63 -0.867212 -0.536124
26 64 0.0880423 0.119913
26 65 -0.037853 0.482467
26 66 -0.451608 -0.876461
27 33 4.0699 -3.0909
27 34 -2.31864 -0.0588903
27 35 0.37684 -2.41361
27 36 5.34143 -0.15847
27 37 -2.64962 -0.965685
27 38 5.10741 2.32081
27 39 9.51045 0.0394113
27 40 4.89071 4.00985
27 41 6.05997 3.85959
27 42 4.90453 -0.953847
27 43 -6.27125 4.04561
27 44 7.77478 -0.480917
27 45 5.83218 1.3387
27 46 4.77116 4.19614
27 47 -0.788637 -1.02668
27 48 3.68697 0.522385
27 49 0.851377 1.37417
27 50 2.19963 0.802755
27 51 -1.78984 0.262795
27 52 -1.1757 2.65635
27 53 1.41359 0.831405
27 54 -0.67518 0.0886933
27 55 1.15489 1.46516
27 56 1.04625 -0.65811
27 57 1.90213 0.49605
27 58 0.599271 -0.0327802
27 59 0.0385354 -0.17285
27 60 2.37238 1.06068
27 62 -0.596402 0.846244
27 63 -1.13462 -0.0181085
27 64 0.239813 -0.0626677
27 65 -0.0695142 0.112512
27 66 -0.913023 0.210062
28 33 2.45992 -0.190858
28 34 0.0963421 -5.21166
28 35 2.43786 0.100221
28 36 7.72377 2.57857
28 37 7.38446 -1.83367
28 38 5.22873 -2.15214
28 39 -0.824251 -3.91245
28 40 13.4208 -3.57233
28 41 8.35449 -1.43739
28 42 7.45213 -0.966538
28 43 1.77987 -0.882344
28 44 1.15259 1.58287
28 45 2.48965 0.279267
28 46 1.88961 2.60331
28 47 2.51281 -0.734095
28 48 2.43148 0.625512
28 49 -2.43117 1.61251
28 50 0.153367 1.68882
28 51 1.61565 -0.342529
28 52 0.67532 1.65216
28 53 1.12645 -0.566621
28 54 0.615351 -1.68102
28 55 -1.15335 -0.904066
28 56 1.25766 0.878269
28 57 -0.0511358 0.0218637
28 58 1.72954 0.32696
28 59 -0.823102 0.00722857
28 60 -0.20543 1.64386
28 61 1.85261 0.210135
28 62 -0.141731 0.331296
28 63 0.601279 -0.0551357
28 64 -0.634998 1.07691
28 66 -0.255556 0.137361
29 33 3.89678 -0.679494
29 34 5.25429 0.359072
29 35 6.70807 -0.520785
29 36 1.78125 0.551604
29 37 8.39116 -1.89754
29 38 9.59862 -2.33856
29 39 2.66852 -0.353755
29 40 11.3489 0.764743
29 41 2.03689 2.56497
29 42 2.74077 -5.21463
29 43 -2.45172 -4.09969
29 44 -3.41766 -2.36181
29 45 12.4204 -0.542073
29 46 4.42895 1.22106
29 47 -0.36645 3.02856
29 48 0.938373 1.20858
29 49 0.751323 1.35018
29 50 1.09072 0.943222
29 51 1.94008 2.58398
29 52 -1.46763 2.28405
29 53 0.472852 2.05643
29 54 1.42241 1.69868
29 55 -1.65074 -1.87522
29 56 -0.397451 -1.38653
29 57 0.055336 0.156574
29 58 -1.31197 2.44491
29 59 0.125412 1.29393
29 60 1.45874 -0.56081
29 61 -0.23977 0.987114
29 62 0.188279 0.325666
29 63 0.454936 0.0876039
29 64 0.362046 0.686721
29 65 0.004081 0.445911
29 66 0.353021 -0.0980103
30 33 5.99547 -1.31535
30 34 3.05124 0.969522
30 35 3.95726 -1.94417
30 36 2.01684 -0.0747779
30 37 5.04682 -0.969685
30 38 7.80107 -0.194897
30 39 5.72269 0.310247
30 40 1.68621 1.50626
30 41 2.25891 -0.979115
30 42 3.45775 3.63618
30 43 4.45441 1.95741
30 44 5.61077 1.42513
30 45 -0.453755 4.24269
30 46 0.530183 1.75835
30 47 1.81803 4.76041
30 48 4.03365 0.359466
30 49 -0.696484 -0.576218
30 50 0.0231734 0.561886
30 51 1.27495 2.71008
30 52 -1.7834 0.514324
30 53 0.785963 -1.5492
30 54 1.5893 2.48138
30 55 -1.68243 1.41096
30 56 -1.57738 -0.837086
30 57 1.01245 0.510035
30 58 0.877172 -1.04525
30 59 -0.669455 0.0546092
30 60 -0.474986 0.0887329
30 61 0.0355534 -0.0360638
30 62 0.144218 0.176201
30 63 0.116953 -0.101019
30 64 0.131561 -0.444034
30 65 -0.485803 0.0519156
31 33 1.06833 -2.76619
31 34 -1.18676 -3.237
31 35 0.387103 1.28736
31 36 4.51113 2.68828
31 37 4.00596 -1.71934
31 38 6.04178 -2.56512
31 39 5.42566 0.347586
31 40 -1.66948 -1.63318
31 41 4.56254 -1.6843
31 42 7.32756 2.04515
31 43 5.00458 1.894
31 44 0.65852 0.443828
31 45 3.61185 -1.51508
31 46 2.41401 -0.387257
31 47 -0.907153 2.57602
31 48 2.92825 -0.288228
31 49 0.677651 3.96347
31 50 2.03479 3.47042
31 51 0.308534 0.641532
31 52 1.25737 1.56706
31 53 0.170414 0.0453387
31 54 1.70251 0.175497
31 55 -0.567758 1.23832
31 56 -2.94415 0.89684
31 57 0.0761348 0.797178
31 58 -1.63141 1.13743
31 59 -0.151154 0.12062
31 60 -0.164763 1.40897
31 61 -0.0128458 -0.104993
31 62 -1.00591 -0.439888
31 63 -0.528379 -0.163744
31 64 0.49992 0.246858
31 65 0.053715 0.0378808
32 33 6.56452 -5.52356
32 34 1.91876 -1.53182
32 35 7.0883 -1.46487
32 36 5.05473 -0.511259
32 37 5.57973 -4.55
32 38 -1.89792 -0.564055
32 39 -0.0447258 -2.0477
32 40 6.65463 -0.177983
32 41 -0.555853 -3.56159
32 42 1.74338 2.14629
32 43 4.33369 1.73462
32 44 1.60632 1.1295
32 45 3.01713 2.59098
32 46 0.213643 1.42258
32 47 0.496742 1.58155
32 48 4.2226 2.43067
32 49 -1.2425 -0.594212
32 50 -0.305875 2.82497
32 51 3.25363 -2.39064
32 52 2.17406 1.94389
32 53 0.910179 1.18845
32 54 4.42712 1.43819
32 55 0.368741 -0.770737
32 56 -1.07678 0.31603
32 57 1.99645 -0.438479
32 58 1.73841 2.10872
32 59 0.417764 0.358905
32 60 0.448868 0.165688
32 61 -0.356795 -0.314778
32 62 0.216953 0.364684
32 63 -0.136496 0.102152
32 64 -0.507256 -0.232139
32 66 0.0110161 0.0324538
33 33 -1.41914 -0.355868
33 34 6.51596 -9.46626
33 35 9.65193 0.391551
33 36 0.635296 -2.93472
33 37 1.30838 -4.26476
33 38 4.55018 1.31329
33 39 -2.29367 -2.951
33 40 0.28507 2.80771
33 41 6.80146 -1.88945
33 42 3.35419 1.13013
33 43 -1.78149 2.10819
33 44 -0.461233 1.23032
33 45 -0.639185 3.45471
33 46 3.65383 -0.341234
33 47 4.42438 3.62308
33 48 0.313857 3.60989
33 49 -3.33515 0.665605
33 50 -3.73117 1.31503
33 51 -0.718921 1.19046
33 52 3.50883 0.638994
33 53 3.32443 1.2367
33 54 -0.648259 2.91731
33 55 -1.1283 -0.629288
33 56 1.65931 0.1687
33 57 1.45072 -0.442738
33 58 -0.0403967 1.47943
33 59 1.28625 0.105179
33 60 0.501691 0.616146
33 61 2.6204 -0.134011
33 62 1.18797 1.35611
33 63 -0.241941 0.0684614
33 64 0.379542 -0.850816
33 65 0.234886 0.101129
33 66 0.34476 -0.423235
34 33 -0.420599 0.695603
34 34 5.19512 -0.154945
34 35 4.93244 -1.72458
34 36 -2.36299 -0.440024
34 37 3.05466 -1.46807
34 38 -2.35046 1.90261
34 39 -0.0478915 0.00272544
34 40 11.6162 -1.34355
34 41 4.39948 1.19215
34 42 2.91054 0.231008
34 43 -2.36441 -2.45622
34 44 8.83149 -3.99381
34 45 -0.392581 1.44541
34 46 4.072 6.903
34 47 5.92148 0.861485
34 48 1.71069 2.89645
34 49 -0.774576 0.850831
34 50 0.312826 0.943016
34 51 2.0665 2.61956
34 52 1.93956 4.17569
34 53 1.1786 -0.391897
34 54 -1.54972 0.142562
34 55 0.982581 -0.41089
34 56 3.1128 0.00101123
34 57 1.35737 0.38154
34 58 -0.398944 0.776266
34 59 -0.159126 0.365679
34 60 0.340908 0.0302281
34 61 0.71799 0.266959
34 62 -0.927616 0.664838
34 63 0.00880245 0.000840276
34 64 -0.282494 0.307776
34 65 -0.29559 -0.313861
34 66 -0.0302073 0.0376021
35 33 -0.0289572 -1.60289
35 34 0.703026 -2.77996
35 35 5.15063 -1.55214
35 36 4.47708 0.712619
35 37 7.59019 4.046
35 38 5.91794 -1.71723
35 39 5.95642 -1.92308
35 40 0.312402 -1.33109
35 41 6.2146 3.10073
35 42 4.9006 0.715293
35 43 4.523 -2.30627
35 44 5.94415 -0.463455
35 45 -0.712737 4.54322
35 46 0.6984 -0.507599
35 47 2.48421 -0.0678673
35 48 -1.55986 1.97393
35 49 -0.682533 3.25721
35 50 1.6536 3.03137
35 51 2.18445 4.21316
35 52 0.0660347 -0.431534
35 53 -2.44822 2.5075
35 54 1.44901 -0.575913
35 55 1.30844 -1.34876
35 56 -1.03785 1.62181
35 57 -0.419831 0.352072
35 58 -2.31164 0.170199
35 59 0.327536 -1.17918
35 60 0.330184 0.879536
35 61 -0.569884 0.999079
35 62 0.0821496 -0.850537
35 63 -1.1975 -0.57997
35 64 0.671223 0.833893
35 65 0.567833 -0.337024
35 66 -0.119203 0.0334565
36 33 -0.280374 -0.895648
36 34 1.45489 0.113068
36 35 8.00291 0.289911
36 36 3.51324 5.58345
36 37 4.45335 0.643516
36 38 1.94392 -4.76732
36 39 3.84116 -1.27801
36 40 8.33982 1.69043
36 41 3.4183 2.94488
36 42 2.67566 1.17623
36 43 -0.416532 1.16725
36 44 -4.75755 -0.815452
36 45 0.61634 -0.494459
36 46 1.87125 1.29035
36 47 1.17999 1.46539
36 48 -2.8121 1.6744
36 49 1.91451 -4.5943
36 50 0.365441 1.52655
36 51 0.402529 1.56566
36 52 3.44923 0.921953
36 53 0.692047 0.808513
36 54 0.242567 -0.559129
36 55 -0.656295 0.073486
36 56 0.59118 2.46943
36 57 1.89295 1.52022
36 58 0.797107 -0.0150869
36 59 -1.63222 -0.566657
36 60 0.952577 1.05166
36 61 -1.6343 2.0828
36 62 0.672124 -0.271065
36 63 0.709545 0.489315
36 64 -0.246603 -0.0678111
36 65 -0.618409 -0.616013
37 33 0.465894 -0.525566
37 34 1.9289 0.422728
37 35 3.63583 -0.295718
37 36 7.59451 -3.96968
37 37 5.43162 0.268239
37 38 5.38792 3.52797
37 39 9.48184 0.923229
37 40 3.79716 3.98885
37 41 11.9364 1.72561
37 42 9.61363 4.63666
37 43 10.6202 3.49754
37 44 2.00948 2.85774
37 45 -1.34147 -4.81901
37 46 -5.41247 2.40436
37 47 5.27588 2.65061
37 48 1.43032 1.59951
37 49 0.958146 2.41459
37 50 -2.37041 -0.0225735
37 51 -0.731239 0.407425
37 52 1.50687 1.14543
37 53 1.91577 0.911306
37 54 1.89172 0.658016
37 55 -0.186423 1.48264
37 56 0.167986 0.357813
37 57 -1.01715 0.587434
37 58 -0.406359 1.11036
37 59 -0.0920723 -1.29407
37 60 1.80179 0.137222
37 61 0.780683 0.254012
37 62 -2.94799 -0.601741
37 64 -0.0541479 -0.104073
37 65 -0.480055 -0.000380826
37 66 0.644067 1.1749
38 33 1.75931 -1.06227
38 34 4.26396 -3.26731
38 35 10.5826 0.750817
38 36 2.67789 -4.5775
38 37 1.57358 -5.31016
38 38 3.76053 2.27638
38 39 10.6596 1.72196
38 40 -1.82163 2.02726
38 41 2.58782 -2.78504
38 42 1.23531 4.18022
38 43 2.05837 6.13404
38 44 0.370349 7.40931
38 45 5.90501 2.05139
38 46 -1.4992 0.457652
38 47 2.92679 2.09821
38 48 1.30295 0.991371
38 49 2.89028 1.57538
38 50 7.19032 0.0054685
38 51 -1.00916 0.328113
38 52 6.45648 -1.02229
38 53 1.7626 0.496188
38 54 1.2475 -2.17748
38 55 -0.146493 0.266673
38 56 -0.828981 1.07799
38 57 0.0524523 -1.46071
38 58 -1.89846 2.08146
38 59 -1.08462 0.0435876
38 60 0.454927 0.03715
38 61 1.73216 0.168821
38 62 0.16258 -0.184191
38 63 0.00491579 0.0109903
38 64 0.17874 -0.154535
38 65 0.00470802 0.00154176
39 33 2.88634 -1.52487
39 34 2.75052 -3.82667
39 35 9.70792 -4.45951
39 36 5.5986 -1.83315
39 37 2.95555 0.0502017
39 38 8.61125 -2.89053
39 39 2.18502 -0.784737
39 40 5.41074 -3.0191
39 41 3.66661 -2.84151
39 42 8.32633 0.527823
39 43 2.37454 -0.833587
39 44 3.26433 3.15336
39 45 5.061 -2.53962
39 46 3.18841 1.60712
39 47 0.236524 1.59317
39 48 3.97062 1.64545
39 49 -2.18387 0.786455
39 50 0.0497044 1.4601
39 51 4.59361 1.16684
39 52 -0.286301 0.223017
39 53 0.589346 0.348479
39 54 -1.78354 0.0363516
39 55 0.675183 0.734334
39 56 1.14391 -0.57462
39 57 0.851675 0.526646
39 58 0.257061 0.982559
39 59 1.54765 0.148605
39 60 3.37981 -0.500547
39 61 -0.0142938 0.0121643
39 62 -0.17284 -0.0419381
39 63 2.10108 0.452543
39 64 -0.862302 0.236855
39 65 0.0330461 -0.00184612
40 33 0.214364 0.361604
40 34 1.09496 -1.40796
40 35 9.33543 1.12748
40 36 1.40702 -2.80253
40 37 9.43212 -1.82909
40 38 6.39979 -6.76122
40 39 2.92351 -2.09532
40 40 0.870457 3.70309
40 41 3.12622 -3.69462
40 42 10.325 5.38469
40 43 -4.89895 3.5715
40 44 4.11984 6.06695
40 45 2.86332 0.869713
40 46 2.58482 2.63151
40 47 -0.0242726 1.72519
40 48 2.69902 -5.3374
40 49 1.02115 3.46978
40 50 0.761687 0.168859
40 51 -1.95097 0.718307
40 52 0.707641 1.22142
40 53 -1.0076 2.34066
40 54 -0.0733066 0.360416
40 55 0.982572 0.443082
40 56 -0.0940669 -1.94933
40 57 2.39673 0.0114886
40 58 -0.0366286 0.899209
40 59 0.268584 -0.0790924
40 60 -1.79817 0.34336
40 61 0.391098 0.160074
40 62 -0.492986 0.0458338
40 63 -1.13345 -1.10363
40 64 -0.622776 0.908426
40 66 1.06984 0.206001
41 33 1.63893 -1.97626
41 34 3.0595 -1.05087
41 35 8.73675 -8.63307
41 36 9.89081 -1.36757
41 37 6.21715 -3.30533
41 38 2.79349 -1.50841
41 39 1.38008 0.629012
41 40 -1.33218 0.768319
41 41 10.341 -2.19566
41 42 4.56379 3.90946
41 43 2.6521 -1.578
41 44 -0.0344186 5.7248
41 45 0.517828 0.353356
41 46 3.62739 3.00003
41 47 3.75681 1.85039
41 48 -2.37271 2.95799
41 49 -1.53191 0.926392
41 50 -2.22493 3.47381
41 51 1.81237 -0.97695
41 52 3.59511 -1.04189
41 53 1.98131 -0.0229356
41 54 1.82812 0.275293
41 55 1.81321 0.0271733
41 56 1.30885 -0.0259305
41 57 3.76169 0.829166
41 58 -2.18756 1.64055
41 59 0.911609 0.977534
41 61 0.449268 0.355785
41 62 0.221668 0.162823
41 63 -0.0940281 -0.0695166
41 66 0.745017 -1.00948
42 33 2.94822 -2.76098
42 34 -6.34635 3.21348
42 35 7.3167 1.0019
42 36 3.13574 0.815354
42 37 6.31287 -1.31333
42 38 3.50768 1.09259
42 39 6.66739 -0.541828
42 40 2.96181 -1.37944
42 41 12.0754 2.45552
42 42 0.152524 2.62383
42 43 -0.702875 0.895613
42 44 0.677168 0.840685
42 45 4.56703 -0.233433
42 46 3.92619 -2.22755
42 47 -4.24505 -2.21323
42 48 4.27847 1.53126
42 49 4.27507 0.841601
42 50 2.04011 0.817943
42 51 -0.350685 1.00075
42 52 0.530233 -1.2107
42 53 2.29475 -1.05227
42 54 0.24696 0.262673
42 55 1.44027 -0.298532
42 56 2.17063 2.72457
42 57 0.724335 1.56563
42 58 0.920648 1.02406
42 59 0.249602 -0.803348
42 60 -1.13544 0.659127
42 61 2.54526 -0.308899
42 63 0.653402 0.389227
42 64 -0.460262 0.755068
42 65 -0.162823 -0.275693
42 66 1.16769 -0.112653
43 33 -0.386048 0.796307
43 34 2.76983 0.894623
43 35 2.59887 0.736779
43 36 3.13138 -0.749755
43 37 1.39273 -2.74947
43 38 5.49422 -4.3775
43 39 8.05782 -2.21396
43 40 7.9737 -1.24148
43 41 5.38038 4.47783
43 42 3.51154 1.57382
43 43 -1.64194 0.802696
43 44 -1.66105 -2.18773
43 45 -2.38699 -2.63399
43 46 1.39098 -0.140173
43 47 -2.1803 -0.719476
43 48 3.90065 2.68868
43 49 3.00543 -0.890856
43 50 3.73429 1.34715
43 51 -1.36557 0.902241
43 52 -0.758115 -1.15688
43 53 2.40952 2.0074
43 54 -0.743067 0.56609
43 55 -0.266036 -0.0309778
43 56 -1.7217 1.72116
43 57 4.35131 0.647297
43 58 0.271292 2.09167
43 59 -0.0112211 0.648319
43 60 -0.0355638 0.0730377
43 61 -1.14272 -2.53446
43 62 -0.104655 -0.00136928
43 63 1.38787 0.779069
43 64 -0.782242 0.470931
43 65 0.0266363 -0.088062
43 66 0.10938 -0.174861
44 33 -0.0712304 -2.58266
44 34 -2.04117 2.53606
44 35 -1.14148 -0.67377
44 36 1.42918 -2.79884
44 37 3.00573 -0.597422
44 38 11.1951 -3.26734
44 39 -0.165921 -1.99659
44 40 5.26583 -1.65595
44 41 4.22309 3.55069
44 42 0.760326 -0.240983
44 43 -1.44068 0.584005
44 44 4.00078 0.639698
44 45 2.65526 2.06989
44 46 0.50035 2.32837
44 47 5.83435 0.00526803
44 48 4.262 -1.78396
44 49 2.05278 -1.06526
44 50 0.501996 -1.22218
44 51 -2.17306 -0.00299909
44 52 -1.87324 0.302313
44 53 0.898078 1.78778
44 54 -1.12974 -1.22963
44 55 -0.537147 -1.43941
44 56 0.0134438 -1.15027
44 57 1.35266 0.879516
44 58 -1.76748 2.60691
44 59 -1.96763 0.416523
44 60 1.45962 0.319848
44 61 0.598404 -0.375339
44 62 -1.84748 0.271657
44 63 0.230752 0.345726
44 64 -1.33044 0.0898048
44 65 1.63881 0.539823
45 33 -0.32273 0.44793
45 34 1.97804 -0.23749
45 35 4.58819 -2.61875
45 36 2.399 -0.212756
45 37 7.69349 1.09675
45 38 4.58682 -1.57619
45 39 13.5832 0.759802
45 40 6.04766 4.25534
45 41 11.7951 2.65773
45 42 -0.17707 1.3467
45 43 6.20695 -1.67344
45 44 2.95763 0.464131
45 45 0.591571 0.0583596
45 46 -0.277198 -0.680126
45 47 1.05747 -2.71754
45 48 0.0831499 0.464567
45 49 1.62824 -0.24997
45 50 4.05074 2.59193
45 51 -2.30482 0.819546
45 52 -2.46435 -1.73335
45 53 3.53731 -0.840094
45 54 0.414711 -1.15607
45 55 0.640338 -0.264875
45 56 -0.597444 -0.268584
45 57 0.44355 -1.53325
45 58 -0.00990427 -0.16467
45 59 0.952406 1.00014
45 60 1.0557 0.159068
45 61 1.42914 1.69662
45 62 -0.67538 0.485247
45 63 1.89585 -0.166281
45 64 -0.642382 0.741942
45 65 0.85246 0.18255
46 33 -1.56896 -1.60955
46 34 1.08427 1.03367
46 35 6.80219 -2.19002
46 36 4.22046 -2.32859
46 37 1.8419 -4.48599
46 38 9.6968 0.91107
46 39 1.42001 -1.90887
46 40 1.71231 0.279381
46 41 0.976321 3.75239
46 42 4.15591 -4.3704
46 43 -1.46447 3.68664
46 44 4.18058 4.42941
46 45 -1.59312 4.80154
46 46 5.79936 -1.07635
46 47 -2.16903 -0.776485
46 48 0.363263 1.12141
46 49 -1.34555 -0.124772
46 50 -1.18933 -0.481402
46 51 2.64714 1.62879
46 52 4.34494 -0.273318
46 53 0.260787 2.82559
46 54 1.1231 0.0927181
46 55 0.506755 0.36434
46 56 1.07087 0.645373
46 57 -0.584448 -0.490158
46 58 1.10054 1.37199
46 59 0.801597 -0.0165224
46 60 -2.50776 1.61269
46 61 -1.17178 0.728931
46 62 1.58824 1.34025
46 63 0.665508 0.00392318
46 64 -1.79675 0.907987
46 65 1.05001 1.22242
46 66 0.148383 -0.0536414
47 33 1.8904 -1.80868
47 34 2.95477 0.262763
47 35 -1.04498 3.19848
47 36 5.63195 0.26986
47 37 2.6597 2.19755
47 38 5.16037 0.787683
47 39 3.49553 -0.649098
47 40 2.52931 3.45276
47 41 -0.787422 -0.85914
47 42 4.68599 0.551939
47 43 6.00726 -1.69961
47 44 -2.17938 -1.68433
47 45 4.45256 -0.544214
47 46 1.38253 0.0435212
47 47 3.51933 2.76421
47 48 4.04811 -1.35952
47 49 -2.22441 1.6356
47 50 5.31748 0.423747
47 51 1.71176 0.120738
47 52 3.29732 2.20583
47 53 0.0440436 -1.34817
47 54 0.0303607 0.382553
47 55 2.4495 -0.0870915
47 56 1.74839 0.454927
47 57 0.928766 0.224818
47 58 -1.52165 3.24077
47 59 -1.04659 1.39185
47 60 -0.213912 0.209016
47 61 -0.481121 0.225305
47 62 0.302582 -0.0175105
47 64 -0.304643 0.222593
47 65 -0.243298 -0.741073
48 33 3.54024 -3.46374
48 34 -0.171581 -3.95151
48 35 6.28262 -0.444238
48 36 4.30233 -1.18436
48 37 0.532678 0.247674
48 38 -1.28655 -0.604103
48 39 7.33954 -3.19671
48 40 4.56692 -0.302208
48 41 -0.866 -1.59944
48 42 2.70681 -4.01103
48 43 1.11464 0.68764
48 44 -0.743195 -0.40306
48 45 3.79717 1.53326
48 46 -2.37932 2.31312
48 47 -2.95146 -1.54394
48 48 2.55748 -1.43932
48 49 2.34633 -1.97867
48 50 -0.593997 2.17784
48 51 2.43454 0.82483
48 52 3.34343 0.576013
48 53 1.95871 1.66403
48 54 2.10962 0.957764
48 55 -0.849489 0.468214
48 56 0.990757 1.009
48 57 1.91827 1.15303
48 58 3.04188 1.72977
48 59 -0.239365 0.686252
48 60 -1.011 0.389566
48 61 0.941869 -0.939551
48 62 -0.252817 0.124557
48 63 0.118706 -0.0167452
48 65 -0.820008 -0.456216
49 33 2.08672 -1.45348
49 34 4.31072 -1.19883
49 35 -2.89652 -2.70795
49 36 5.17983 0.0293376
49 37 2.20378 0.865976
49 38 -0.376747 -1.8977
49 39 6.15263 -0.95919
49 40 0.781805 -3.11787
49 41 2.35351 2.05244
49 42 4.84376 -0.792124
49 43 1.65634 -0.596578
49 44 0.76758 -2.65202
49 45 6.08476 1.00839
49 46 2.08674 1.19971
49 47 -1.17946 0.628454
49 48 1.73231 -2.14636
49 49 2.91109 -0.027375
49 50 -0.662274 0.969511
49 51 1.36654 0.165898
49 52 1.24996 1.83174
49 53 2.17272 0.279393
49 54 1.23357 -0.846663
49 55 1.42718 1.47976
49 56 0.729624 0.978356
49 57 1.09439 -0.0378008
49 58 -0.659165 0.279858
49 59 3.37026 1.14885
49 60 0.496732 -0.0732457
49 61 1.62508 -1.9461
49 62 -0.145282 0.214268
49 63 0.610077 0.138526
49 64 -0.0433701 0.0124579
49 65 0.0525455 0.136925
49 66 0.129832 0.133312
50 33 2.47827 -1.06637
50 34 3.8302 -1.40069
50 35 3.08407 -1.12434
50 36 4.50527 -2.33473
50 37 2.29901 -0.280094
50 38 1.86106 1.29067
50 39 1.80247 -3.56935
50 40 5.89665 0.841105
50 41 -0.577606 -1.14609
50 42 6.97292 2.76346
50 43 4.11992 2.78497
50 44 7.07413 2.23002
50 45 4.01841 3.4485
50 46 -0.876782 -0.306784
50 47 -2.24787 4.83211
50 48 -1.83973 0.492797
50 49 1.3037 -1.51349
50 50 3.58669 -0.842692
50 51 -0.466371 -0.36314
50 52 2.93231 0.542835
50 53 0.569794 -0.333667
50 54 -1.54167 -2.00703
50 55 -1.18439 -0.0423088
50 56 0.140633 0.99967
50 57 -0.868256 0.326488
50 58 1.56927 0.379084
50 59 2.11856 0.82216
50 60 1.55298 1.42938
50 61 0.504411 0.0434187
50 62 -0.223938 0.244859
50 63 0.82883 0.14859
50 64 0.205608 0.504858
50 65 -0.170919 -0.129081
50 66 0.501416 0.427624
51 33 4.63036 0.155085
51 34 0.0520418 -3.32985
51 35 2.82431 -0.300554
51 36 0.699561 -3.22018
51 37 3.60713 -2.87089
51 38 7.45865 -0.373067
51 39 4.95764 3.44271
51 40 7.02549 6.32029
51 41 4.53066 3.88929
51 42 -2.18885 -0.964117
51 43 7.28813 -0.574674
51 44 4.46082 0.945533
51 45 4.02414 1.47632
51 46 5.11916 2.67417
51 47 -2.47641 2.69457
51 48 6.12912 -1.22579
51 49 1.65385 3.00326
51 50 1.72734 0.548025
51 51 2.21554 0.963595
51 52 4.47454 1.51624
51 53 -2.073 -0.777262
51 54 1.36182 0.452373
51 55 -1.02919 2.36965
51 56 1.09857 0.356141
51 57 0.248594 0.507411
51 58 -0.245527 1.01012
51 59 0.572031 -1.72603
51 60 -0.23278 -1.22348
51 61 -0.0684393 0.244498
51 62 1.47868 0.840215
51 63 0.170023 0.753584
51 64 0.608024 -0.631805
51 65 0.531806 0.371626
51 66 -0.0603924 -0.0816325
52 33 3.29541 -1.47977
52 34 3.64547 -2.0622
52 35 0.836853 -4.35574
52 36 -2.80722 0.0972604
52 37 -0.451574 0.789266
52 38 0.761506 -0.446488
52 39 3.57515 -4.3871
52 40 5.3561 2.77797
52 41 11.7202 2.39209
52 42 -2.02319 -1.70779
52 43 3.22936 -5.68806
52 44 0.28788 1.11757
52 45 2.26586 -0.966288
52 46 2.29913 -1.88859
52 47 -2.41439 0.448375
52 48 2.38201 0.586388
52 49 -2.60239 2.79772
52 50 -0.381051 1.86088
52 51 2.27023 -0.708855
52 52 -0.791061 -0.267359
52 53 2.33841 1.75525
52 54 1.22706 2.69776
52 55 0.250202 0.643637
52 56 -1.32063 2.25328
52 57 -1.05987 1.27324
52 58 1.93537 -1.30589
52 59 0.088197 0.0552776
52 60 1.14325 -0.647095
52 61 0.179235 0.165058
52 62 0.378671 -0.367267
52 63 0.556486 -0.309926
52 64 -0.652417 -0.884273
52 65 0.0851087 0.131595
52 66 -0.0269124 0.0663932
53 33 2.29607 -2.29972
53 34 6.29004 -3.28492
53 35 1.45721 -2.13035
53 36 -2.16555 -0.335308
53 37 1.19106 -0.909145
53 38 3.00236 -1.33635
53 39 3.16004 0.435579
53 40 5.61785 -0.973756
53 41 7.60735 5.12635
53 42 2.48662 0.922109
53 43 4.99362 1.59548
53 44 -2.04908 0.512051
53 45 1.55135 1.5282
53 46 1.76758 1.51979
53 47 0.334244 0.381574
53 48 1.05664 2.28018
53 49 4.3163 1.07468
53 50 1.89382 4.6457
53 51 0.0489897 -1.1067
53 52 2.71613 -0.476341
53 53 1.64072 2.26904
53 54 1.16715 0.68646
53 55 -1.41854 2.10596
53 56 0.567504 -0.116301
53 57 -0.502293 -0.800132
53 58 -1.71955 0.413571
53 59 1.59 0.251432
53 60 -1.60879 0.10122
53 61 -1.06768 -1.30042
53 62 -1.79569 3.01774
53 63 1.83071 -1.41602
53 64 0.936711 0.107704
53 65 -1.83695 1.03808
53 66 0.310421 0.086222
54 33 0.724594 -0.23807
54 34 4.69471 0.0251167
54 35 2.3554 0.222146
54 36 1.88012 -1.13294
54 37 1.62684 -0.52231
54 38 4.85506 -1.44439
54 39 4.03681 0.5488
54 40 1.61774 1.09944
54 41 5.21995 -4.31539
54 42 2.87313 -1.27608
54 43 3.07422 2.43941
54 44 1.42737 4.15215
54 45 0.703456 -0.978133
54 46 2.42862 -0.235335
54 47 -2.27063 1.31568
54 48 3.57995 0.284536
54 49 0.913198 2.40842
54 50 2.66072 3.17155
54 51 -0.897321 2.16195
54 52 -0.663561 2.06202
54 53 0.398875 -0.433887
54 54 0.793512 -2.06306
54 55 -0.321777 -0.164967
54 56 0.608441 -0.277088
54 57 0.0891491 1.34314
54 58 1.71893 -0.586657
54 59 1.87044 -3.13914
54 60 -0.987407 0.0164192
54 61 -0.421004 0.456795
54 62 1.6904 1.21792
54 63 -0.387484 0.718728
54 64 -0.121941 0.938662
54 65 1.3617 -0.168545
55 33 -0.643759 -1.38508
55 34 -2.28585 1.18269
55 35 -0.570858 0.0155125
55 36 1.21803 -0.11444
55 37 4.72692 -0.455853
55 38 7.16185 1.22207
55 39 3.29303 -3.72662
55 40 5.50133 -2.34985
55 41 -2.00787 -2.02097
55 42 6.5622 -0.861392
55 43 4.26254 1.89506
55 44 1.06051 2.09378
55 45 2.96902 -1.60869
55 46 0.196591 2.72079
55 47 2.79421 3.56536
55 48 2.03667 6.7651
55 49 -0.99869 1.139
55 50 1.92124 2.66609
55 51 2.94731 -0.453731
55 52 3.2587 1.33982
55 53 -1.53918 0.672155
55 54 4.44031 1.3844
55 55 1.68629 1.06409
55 56 -0.455321 -0.576094
55 57 0.318735 0.231803
55 58 -1.01686 0.101831
55 59 0.550202 0.428147
55 60 0.0216781 0.0217099
55 61 -1.53074 -0.196892
55 62 0.165498 0.671566
55 63 0.771429 -1.30245
55 65 -1.30136 0.548623
56 33 2.13189 -0.0917226
56 34 2.10965 0.456174
56 35 2.3622 0.354446
56 36 -0.164436 1.6556
56 37 5.27885 1.91987
56 38 4.39513 -0.689573
56 39 4.79973 -2.36173
56 40 11.5333 -6.10389
56 41 2.72035 -0.364821
56 42 0.445445 1.71055
56 43 -1.6592 1.34962
56 44 3.20666 5.09367
56 45 4.41752 -0.703844
56 46 0.516663 -0.545709
56 47 2.98296 3.4479
56 48 -3.77415 1.78783
56 49 -0.881614 2.18744
56 50 1.04188 0.219624
56 51 1.25434 0.613255
56 52 1.45306 -1.96357
56 53 -0.543237 -1.23092
56 54 -0.473341 1.11475
56 55 -0.315516 0.144339
56 56 0.404011 1.59751
56 57 -0.588088 0.0762977
56 58 -1.56607 0.460143
56 59 1.62426 -0.338027
56 60 0.480138 0.43859
56 62 1.3606 -0.473477
56 63 0.026694 0.028094
56 64 -0.492136 0.350523
56 65 -0.177421 0.41658
56 66 0.189292 0.145638
57 33 1.58988 -1.89822
57 34 0.495438 3.10324
57 35 0.834934 2.21149
57 36 1.13079 2.9271
57 37 3.01635 -0.27633
57 38 7.91925 -1.55104
57 39 4.93389 0.100209
57 40 3.84381 1.16664
57 41 -2.47572 0.502384
57 42 4.35788 0.177762
57 43 -0.283116 1.72232
57 44 3.00864 2.97044
57 45 4.44547 -1.9592
57 46 -0.824473 0.317877
57 47 4.70342 0.867859
57 48 7.62231 4.94812
57 49 1.41519 3.3327
57 50 1.22711 1.91214
57 51 -2.97648 0.260602
57 52 0.712269 0.784628
57 53 0.710993 -0.267273
57 54 -0.216591 -1.81164
57 55 -4.02734 0.0376851
57 56 -0.403978 -0.293904
57 57 0.776877 -1.26794
57 58 -0.474111 0.0500316
57 59 -0.462048 0.977438
57 60 1.07899 1.02543
57 61 -0.0699917 -0.0745439
57 62 0.22825 0.223122
57 63 -0.350182 -0.21098
57 64 -0.0425476 -0.0136827
57 65 -0.759141 0.54864
57 66 0.0789189 0.000733612
58 33 2.15816 -0.493901
58 34 0.685169 2.21667
58 35 3.00841 -3.61527
58 36 1.72313 0.981428
58 37 -2.88338 -3.52335
58 38 -1.70505 -1.54179
58 39 -0.143266 -0.820084
58 40 3.18844 0.370905
58 41 6.13323 1.24194
58 42 2.68774 0.921742
58 43 0.327691 2.26811
58 44 5.84314 2.50164
58 45 3.37224 -1.01169
58 46 -0.394175 3.29808
58 47 1.82225 4.00951
58 48 4.22198 -1.05542
58 49 -4.24964 1.66983
58 50 1.30791 1.13675
58 51 -0.00424501 -1.41024
58 52 1.36921 1.10095
58 53 -1.67472 0.0544852
58 54 1.66898 0.66339
58 55 1.77148 0.52721
58 56 -0.79836 0.0942027
58 57 -0.920177 -0.49698
58 58 -0.468669 -0.817684
58 59 0.870326 -0.502949
58 60 1.81456 -0.340638
58 61 1.02413 0.435003
58 62 1.9582 -0.495151
58 63 -0.45664 0.573516
58 64 1.41754 -0.0785415
58 65 0.157756 0.271562
58 66 -0.0973994 0.522824
59 33 1.37609 0.0927785
59 34 4.5418 1.96326
59 35 -0.668696 2.02962
59 36 5.30063 -0.653619
59 37 3.28415 1.469
59 38 -2.6916 -1.04079
59 39 5.09309 -0.485663
59 40 4.20282 1.83411
59 41 7.42547 -0.0945094
59 42 -1.48937 -0.336715
59 43 6.48768 0.264706
59 44 5.71717 1.97663
59 45 3.40055 -2.78371
59 46 7.32709 -1.17299
59 47 2.31747 0.495331
59 48 -1.16326 2.11967
59 49 -1.26511 3.16757
59 50 1.98526 1.86812
59 51 -0.625172 0.628216
59 52 -1.82578 1.53999
59 53 0.715688 -0.366423
59 54 1.9806 -0.243198
59 55 0.719858 2.0257
59 56 1.56154 -0.86096
59 57 0.28017 0.192084
59 58 0.704187 1.57614
59 59 -1.6403 1.38374
59 60 0.941481 0.345163
59 61 -1.44805 -0.361893
59 62 -1.51902 1.19376
59 63 -0.142894 -0.0862953
59 64 -0.407385 0.334889
59 65 0.883896 0.35988
60 33 0.947482 -0.514608
60 34 1.44932 -0.799573
60 35 5.79554 -4.58304
60 36 1.66854 -0.215392
60 37 7.24526 0.597764
60 38 0.645106 -1.02681
60 39 3.00528 1.84914
60 40 -1.8169 -2.47046
60 41 1.99207 -0.821944
60 42 5.00687 -1.2658
60 43 2.42846 -2.31553
60 44 1.36236 -0.525182
60 45 4.21434 1.38908
60 46 2.77426 0.421568
60 47 -4.17256 -0.641627
60 48 3.00173 -1.89702
60 49 2.42348 1.08933
60 50 1.97519 3.14341
60 51 0.962736 3.44659
60 52 -1.88333 0.961634
60 53 0.997031 0.617372
60 54 0.0564308 0.568495
60 55 -0.962163 1.76777
60 56 1.27154 0.0871783
60 57 -0.24913 1.73362
60 58 0.480268 0.762728
60 59 0.0195253 -0.209328
60 60 -0.747445 0.297036
60 61 -0.399246 -0.491395
60 62 -2.7929 -0.464095
60 63 1.23732 0.350827
60 64 0.436838 -1.25428
60 65 -1.56919 0.582683
61 33 -0.69698 0.466853
61 34 4.32212 0.940031
61 35 3.55574 -5.67759
61 36 6.12507 -0.412143
61 37 3.99486 -1.53268
61 38 4.89578 1.29549
61 39 7.60166 -2.0273
61 40 3.37486 -1.03636
61 41 -0.547113 -0.679413
61 42 9.49853 0.93628
61 43 2.57408 0.0146773
61 44 0.987645 1.36107
61 45 5.70275 4.49028
61 46 1.01509 2.00084
61 47 3.30879 0.6998
61 48 3.09445 -0.689728
61 49 4.14561 -0.377407
61 50 1.00088 1.48856
61 51 2.0211 -0.203323
61 52 1.40649 2.01821
61 53 0.0133778 0.94463
61 54 1.66269 -2.0631
61 55 0.101649 -1.69475
61 56 2.75868 0.248576
61 57 0.171694 1.46167
61 58 -0.244916 0.428938
61 59 -0.723492 0.566976
61 60 -1.26789 -0.270831
61 61 -0.495079 -1.35592
61 62 -0.256801 -0.936112
61 63 1.09767 0.417567
61 64 -0.34291 2.01347
61 65 -0.620987 1.36655
61 66 -0.0355512 0.0334517
62 33 1.08108 -0.195913
62 34 2.68822 0.949081
62 35 2.28335 1.24524
62 36 0.26603 -2.25382
62 37 -0.37395 0.354941
62 38 2.52432 -3.1609
62 39 3.16886 2.94045
62 40 6.48009 1.57521
62 41 2.60471 1.1402
62 42 3.03461 -0.156493
62 43 3.5117 3.82409
62 44 2.08225 2.10177
62 45 0.943899 1.71745
62 46 7.38263 1.92585
62 47 5.78521 1.87957
62 48 4.62805 -0.451453
62 49 0.848153 -1.90232
62 50 3.6639 1.16588
62 51 2.3858 2.17959
62 52 1.22981 -0.660407
62 53 -0.893335 -0.737316
62 54 -2.02586 0.287924
62 55 0.296873 1.31521
62 56 -0.0912345 0.530922
62 57 0.337805 -0.0527058
62 58 -0.807971 -0.441835
62 59 0.896112 0.0121281
62 60 2.02539 -1.0602
62 61 2.47456 -0.0194089
62 62 1.11026 0.904859
62 63 -0.0862391 1.81925
62 64 0.577402 -0.169424
62 65 0.354031 0.222355
62 66 0.0633442 0.0817809
63 33 -0.448961 -1.11148
63 34 4.59935 -0.903084
63 35 3.36835 -0.454717
63 36 1.42537 4.40121
63 37 4.29976 0.379413
63 38 3.19779 0.581349
63 39 3.36777 1.02091
63 40 -0.301499 0.315289
63 41 2.24552 -2.59407
63 42 3.70156 0.0203983
63 43 2.58906 1.76953
63 44 6.11784 3.69118
63 45 2.77644 -3.46219
63 46 6.66587 1.5146
63 47 -0.105199 -3.11498
63 48 3.81715 -0.471043
63 49 1.89375 1.73527
63 50 3.10248 0.188187
63 51 0.468551 0.123119
63 52 1.22528 1.78584
63 53 1.14444 0.880679
63 54 0.00240454 0.542727
63 55 -0.285882 0.867078
63 56 -2.23895 -0.0741775
63 57 -0.298172 -0.686652
63 58 1.47882 2.15858
63 59 0.264311 0.723513
63 60 0.351213 -0.0876174
63 61 1.45374 1.45412
63 62 -0.722565 0.18773
63 63 0.683841 1.02654
63 64 -0.0072471 0.038511
63 65 1.71993 -0.496995
63 66 0.900539 0.75051
64 33 2.44973 -4.39318
64 34 3.44032 -1.14307
64 35 3.65375 0.409944
64 36 2.06934 1.43816
64 37 3.7644 -0.897987
64 38 4.55427 1.19311
64 39 3.74606 -0.801857
64 40 4.37698 1.57619
64 41 5.14401 0.544412
64 42 4.40762 -2.60158
64 43 5.7875 0.0383016
64 44 1.43309 2.39372
64 45 3.18416 -0.708206
64 46 2.38428 -1.45519
64 47 2.23284 2.0066
64 48 -0.461048 1.89993
64 49 1.6802 -0.388224
64 50 1.52946 0.898541
64 51 0.52169 1.28403
64 52 0.418549 4.61515
64 53 1.61152 0.0362082
64 54 1.10399 -0.300212
64 55 -0.379443 0.608172
64 56 -0.891007 0.275706
64 57 -0.344582 -0.148626
64 58 -0.364282 -0.244429
64 59 -0.0242152 0.502953
64 60 -0.599983 -0.246779
64 61 0.233547 -0.627576
64 62 -0.176709 0.373045
64 63 1.06081 0.0870153
64 65 1.15206 -0.108856
64 66 0.337722 -0.317333
65 33 1.65624 -0.830939
65 34 3.94092 -0.637124
65 35 2.46361 0.467098
65 36 5.24817 -1.36971
65 37 6.1605 -2.7354
65 38 3.7619 -1.7917
65 39 5.01833 0.702717
65 40 5.3633 0.611653
65 41 7.06235 0.279191
65 42 2.60922 1.88696
65 43 2.08429 2.53306
65 44 4.45121 0.578424
65 45 4.24291 2.52666
65 46 4.60541 -0.0540815
65 47 4.13213 0.692941
65 48 0.759144 1.92088
65 49 2.82324 2.20679
65 50 2.58515 1.76423
65 51 1.47376 0.658924
65 52 1.51952 -0.717934
65 53 1.31064 1.01975
65 54 0.127505 0.174575
65 55 -0.626479 2.14978
65 56 0.375493 -0.0995443
65 57 1.16678 -0.15856
65 58 0.248877 2.01134
65 59 1.19235 0.556998
65 60 0.444675 0.770032
65 61 1.1289 0.340874
65 62 0.788174 -0.361854
65 63 0.233553 0.017658
65 64 -0.0267645 0.0143259
65 65 0.911693 0.646722
66 33 2.15615 -0.29893
66 34 3.58981 -1.21419
66 35 2.24154 0.416259
66 36 2.97323 -0.512449
66 37 4.8903 0.269986
66 38 3.61269 0.376276
66 39 3.07827 1.25322
66 40 6.47015 -1.44034
66 41 4.26532 -1.75476
66 42 4.32696 0.766538
66 43 4.66917 1.57305
66 44 5.67952 -0.613076
66 45 4.50706 3.72734
66 46 5.33689 1.55617
66 47 2.42448 1.71521
66 48 3.13761 0.337585
66 49 2.89465 0.167808
66 50 2.73078 -0.125835
66 51 1.28853 1.53708
66 52 2.47896 -1.01812
66 53 2.46134 1.5833
66 54 1.03943 0.337329
66 55 0.667275 0.682492
66 56 0.297536 0.344572
66 57 1.96292 0.669287
66 58 1.55528 1.33806
66 59 0.518541 0.141907
66 60 0.635176 0.893975
66 61 -0.139869 0.316859
66 62 0.382911 0.736739
66 63 -0.210766 0.0266691
66 64 0.245312 0.202987
66 65 0.183886 -0.248089
