0 33 0.884681 6.61296
0 34 -6.57569 -1.48436
0 35 -7.83727 2.21262
0 36 5.27952 0.574918
0 37 -3.9368 5.07737
0 38 0.64272 4.65175
0 39 3.21197 4.86136
0 40 5.49434 3.31871
0 41 -0.917976 3.43247
0 42 4.15566 1.31914
0 43 -2.81077 2.46112
0 44 3.59493 1.48794
0 45 -1.56303 4.38385
0 46 1.43689 4.13009
0 47 -6.55464 -1.36061
0 48 1.70903 0.804934
0 49 -0.036918 0.517757
0 50 -1.88054 1.6166
0 51 -0.832379 1.73678
0 52 1.39037 0.99322
0 53 1.61974 0.863764
0 54 -0.401404 0.074028
0 56 0.0584329 0.0511096
0 57 0.808404 0.908313
1 33 -1.88907 18.7511
1 34 -5.69613 12.5953
1 35 0.364229 8.82265
1 36 -3.11521 10.8804
1 37 6.20292 17.0367
1 38 -2.39833 4.85839
1 39 -6.24367 4.83946
1 40 1.94457 5.63502
1 41 -9.69761 4.98294
1 42 -5.82667 7.68256
1 43 3.85064 10.9746
1 44 0.491699 -0.932645
1 45 -0.610086 1.62593
1 46 -1.73669 5.33493
1 47 -2.46432 7.15547
1 48 -1.89723 5.14337
1 49 0.6283 1.6001
1 50 2.4895 0.56445
1 51 2.29651 4.42157
1 52 1.94987 4.46924
1 53 -0.832549 1.72513
1 54 1.91939 0.152206
1 55 0.907666 0.312334
1 56 -0.588688 -0.141384
1 57 -0.539697 0.300856
1 59 -0.0229559 0.137415
1 60 0.0494959 -0.000855308
2 33 7.52762 24.0195
2 34 19.151 14.8562
2 35 -2.8752 15.2176
2 36 12.6592 18.9947
2 37 -5.78899 22.7988
2 38 -13.2942 24.6434
2 39 -6.88409 13.4908
2 40 -5.06225 11.7555
2 41 2.99547 13.145
2 42 -10.5257 13.3433
2 43 -1.28271 10.0805
2 44 -1.39256 8.1416
2 45 2.86026 7.03172
2 46 -6.92493 13.4671
2 47 0.501484 5.77745
2 48 4.93785 2.45347
2 49 -1.61492 5.5584
2 50 -1.61466 -0.131961
2 51 2.81908 3.78183
2 52 -1.86814 1.33919
2 53 -2.99633 2.10414
2 54 1.2668 2.92015
2 55 -1.71976 0.202832
2 56 1.17842 0.019236
2 57 0.0862936 0.119739
2 58 -0.0061252 0.246916
2 59 0.0839854 0.0667768
2 60 -0.31347 1.087
2 61 0.226643 -0.498244
2 64 -0.00314212 -0.0474748
3 33 10.95 23.9682
3 34 6.21556 41.2474
3 35 -7.54997 15.0987
3 36 17.7741 29.5113
3 37 4.56774 40.2057
3 38 0.980616 19.2955
3 39 -4.88545 25.0082
3 40 11.3753 12.9712
3 41 3.83082 12.7717
3 42 -10.6092 13.4571
3 43 3.48772 15.1081
3 44 -5.04566 11.8061
3 45 1.09543 6.68499
3 46 12.4352 10.5292
3 47 6.03699 11.9497
3 48 -6.30675 4.8471
3 49 0.0889338 7.79565
3 50 -4.93892 8.00499
3 51 1.76626 9.88267
3 52 5.29384 3.12653
3 53 -4.17115 -0.216363
3 54 -0.185555 -0.0484972
3 55 1.55829 -0.54401
3 56 -0.532562 1.50317
3 57 -0.43701 0.382794
3 58 0.955258 1.6792
3 59 -0.456762 -0.478696
3 60 -0.104764 -0.00922115
3 61 1.05378 -0.0290778
3 62 -0.414224 -0.180352
3 64 -0.32269 -0.195465
3 65 -0.778542 -0.0291425
4 33 -1.62076 37.3505
4 34 -2.70834 26.2606
4 35 16.0856 23.0982
4 36 -7.51259 29.7257
4 37 -6.83892 19.4267
4 38 -0.984457 33.3681
4 39 10.55 33.5966
4 40 -1.5486 13.7246
4 41 11.9293 21.7049
4 42 10.1862 13.7236
4 43 -8.31518 17.0836
4 44 4.83698 13.4149
4 45 5.45071 10.9672
4 46 -0.752483 11.1169
4 47 8.32446 9.57722
4 48 1.11095 11.2742
4 49 5.49813 10.5262
4 50 -2.71754 5.60618
4 51 -3.63265 1.25211
4 52 3.02515 4.34947
4 53 0.337918 -0.217456
4 54 -3.28566 5.58128
4 55 0.939178 1.18508
4 56 1.36411 -1.02741
4 57 0.0283657 0.0772447
4 58 -0.202948 0.799105
4 59 0.472715 -0.332233
4 60 0.316332 0.400529
4 61 0.393436 -0.134834
4 62 -1.7314 0.298648
4 63 1.27278 0.958693
4 65 -1.19691 0.411133
4 66 -0.134787 0.048632
5 33 14.5911 46.2127
5 34 -11.159 27.7497
5 35 -7.5978 42.6342
5 36 -2.00151 27.5548
5 37 13.8585 43.675
5 38 0.191495 24.2082
5 39 1.25631 21.922
5 40 0.939747 27.843
5 41 1.08281 14.6407
5 42 -7.85333 22.2173
5 43 -0.584898 26.7235
5 44 11.8016 12.2302
5 45 -8.02577 15.8847
5 46 2.54059 11.3644
5 47 -9.32287 12.4317
5 48 12.1056 12.4245
5 49 -7.37581 10.099
5 50 -1.49577 5.28145
5 51 -8.3751 3.54423
5 52 -0.937738 4.37249
5 53 2.24872 7.41779
5 54 -0.498017 2.82913
5 55 0.793446 -1.70843
5 56 1.70019 -0.459674
5 57 -0.711295 2.11207
5 58 1.85043 -0.577254
5 59 0.0570134 0.0639908
5 60 0.123809 -0.511201
5 61 -0.0984099 0.160347
5 62 0.262071 0.300091
5 63 -0.276658 0.253941
5 65 -1.34886 0.143598
5 66 0.031707 0.0677835
6 33 5.09519 45.3547
6 34 -16.9676 27.8084
6 35 1.00232 22.6686
6 36 8.49762 23.3453
6 37 -25.0423 32.5422
6 38 2.09337 29.1149
6 39 13.121 5.43533
6 40 1.52389 25.4057
6 41 13.2175 16.971
6 42 -2.70847 27.2364
6 43 12.2982 15.0669
6 44 8.02634 16.8951
6 45 1.13583 15.7829
6 46 -3.52243 21.5134
6 47 3.14589 12.5282
6 48 -3.16394 -0.849606
6 49 -0.0873108 10.9711
6 50 -2.9524 7.9734
6 51 4.06359 6.64535
6 52 6.98695 7.90801
6 53 -1.11055 2.80656
6 54 0.104381 0.306016
6 55 0.970901 3.88141
6 56 2.24741 0.142812
6 57 0.200735 -0.349911
6 58 -0.497099 -0.687494
6 59 0.758258 0.128768
6 60 -0.127667 -0.0223569
6 61 -0.257854 0.92156
6 62 0.23042 -0.15473
6 63 1.98244 0.330244
6 65 -0.278004 -0.0922153
7 33 6.76585 27.3958
7 34 -8.38477 28.3972
7 35 20.6922 21.8166
7 36 12.3803 26.2212
7 37 2.54827 16.7969
7 38 29.8704 22.0733
7 39 0.852292 23.4292
7 40 -9.39871 13.5229
7 41 -2.6283 19.2084
7 42 6.7942 19.0659
7 43 12.0829 15.7733
7 44 1.40212 6.71897
7 45 3.8878 13.5944
7 46 -1.35714 17.197
7 47 -2.15496 10.6654
7 48 12.0657 7.036
7 49 4.84278 6.91069
7 50 4.17841 7.24291
7 51 6.37635 4.60471
7 52 -0.381829 1.11769
7 53 -3.65344 5.20501
7 54 4.80335 5.34364
7 55 2.22338 2.67847
7 56 4.13196 -0.0645371
7 57 0.26439 -0.157398
7 58 -0.17828 0.0215398
7 59 -0.674528 0.230648
7 60 -1.68442 -0.692519
7 61 0.247629 0.476769
7 62 0.343801 0.995208
7 63 -0.741403 0.0879529
7 64 0.574376 0.490303
8 33 0.276269 34.2225
8 34 16.6401 23.5152
8 35 -1.33883 23.678
8 36 2.37716 24.9259
8 37 3.68292 24.0538
8 38 7.06428 16.5288
8 39 -2.37903 20.4854
8 40 -4.12214 19.7642
8 41 -0.549347 13.28
8 42 -1.90256 26.3074
8 43 10.9779 21.8938
8 44 -4.82323 16.7961
8 45 4.84108 8.64643
8 46 6.70835 2.7193
8 47 14.8596 10.703
8 48 -2.24218 22.131
8 49 1.05935 10.8877
8 50 0.74373 5.7166
8 51 1.75578 10.6238
8 52 2.77474 5.53117
8 53 3.28667 -1.44589
8 54 1.84497 0.266825
8 55 0.916204 1.98617
8 56 -2.7078 1.03904
8 57 0.312586 -0.317752
8 58 0.0292297 -0.61513
8 59 -0.116308 0.927699
8 60 -2.38212 -0.883824
8 61 0.846143 -0.0111185
8 62 1.00608 0.718355
8 63 0.0572572 0.246029
8 64 0.0757334 -0.602574
8 65 0.184583 -0.173146
8 66 0.616208 0.0679085
9 33 1.85804 20.0199
9 34 7.14057 18.3888
9 35 -0.729617 18.7847
9 36 -1.694 13.1563
9 37 17.0045 13.7889
9 38 8.49849 16.3877
9 39 0.626611 14.8321
9 40 -4.18616 16.7891
9 41 2.52353 12.1008
9 42 5.74809 14.6754
9 43 13.5229 16.6293
9 44 3.89353 10.4002
9 45 10.7515 19.4989
9 46 -3.434 6.13916
9 47 8.65313 1.94554
9 48 3.22263 9.10829
9 49 7.37884 3.08596
9 50 8.07267 5.9934
9 51 4.75439 2.16451
9 52 -7.00513 2.54857
9 53 2.04353 6.69475
9 54 -1.01795 5.04883
9 55 1.31147 3.40285
9 56 0.0223035 2.6418
9 57 -4.54262 3.73638
9 58 2.57739 1.10618
9 59 1.62586 0.0218423
9 60 0.799162 0.0554344
9 61 0.212829 0.793595
9 62 1.12088 -0.829595
9 63 1.28879 0.365714
9 64 0.0033955 0.0137622
9 65 0.271504 -0.731081
9 66 0.718871 -1.04216
10 33 -4.90062 15.0029
10 34 3.53378 17.5212
10 35 6.58854 16.2555
10 36 10.1641 14.6199
10 37 17.8214 16.9961
10 38 14.1221 11.8001
10 39 -4.8203 11.7479
10 40 8.43259 13.3039
10 41 3.42994 22.7205
10 42 -4.53693 8.10582
10 43 7.72875 20.6987
10 44 0.611212 20.3036
10 45 15.9017 5.3138
10 46 0.619016 5.76016
10 47 19.3154 7.07031
10 48 -1.96657 4.93676
10 49 5.39705 10.6322
10 50 5.4078 11.6728
10 51 4.63063 -1.13495
10 52 -1.88404 7.35833
10 53 6.02912 3.78058
10 54 -5.17926 3.00469
10 55 0.149529 -0.440179
10 56 -0.0963798 0.727234
10 57 1.90306 4.56819
10 58 -0.476667 -0.15157
10 59 -0.97942 -0.0918049
10 60 1.29751 0.147542
10 61 -0.404852 0.274581
10 62 0.343301 0.340267
10 63 -1.33321 0.469758
10 64 -0.050409 0.0621481
10 65 -0.281572 1.90211
10 66 0.29724 0.79016
11 33 7.5805 15.3787
11 34 13.1268 15.3773
11 35 17.3973 11.3931
11 36 1.59823 21.6221
11 37 9.32025 13.922
11 38 7.80507 20.3562
11 39 7.34279 15.6175
11 40 4.64041 17.7844
11 41 -8.47043 9.63739
11 42 12.6041 9.88006
11 43 1.97474 16.2207
11 44 -1.59073 5.85583
11 45 9.36192 9.09374
11 46 14.8059 12.0123
11 47 11.604 8.41694
11 48 4.58352 7.63575
11 49 0.325464 8.80191
11 50 3.95412 16.4996
11 51 -2.44485 7.86334
11 52 10.3441 5.28888
11 53 8.18943 -0.662978
11 54 3.43601 0.385621
11 55 -2.2816 0.337645
11 56 2.48868 -0.741686
11 57 1.49054 0.407008
11 58 0.952276 -0.631859
11 59 0.78972 1.26944
11 60 -1.10127 1.76322
11 61 0.0713578 0.946489
11 62 0.366587 -0.963611
11 63 -0.437069 0.500958
11 64 0.510663 -0.000505705
11 65 -0.434927 0.411826
11 66 -0.0678972 0.0191759
12 33 4.06316 11.0258
12 34 4.33669 7.53634
12 35 11.7725 7.84544
12 36 5.66417 5.22342
12 37 -9.78801 4.19967
12 38 -2.29745 8.06922
12 39 4.89885 4.96712
12 40 14.4548 -1.27511
12 41 -2.69425 7.76097
12 42 7.70769 10.2433
12 43 17.195 7.41835
12 44 11.847 14.1061
12 45 -1.04746 4.50825
12 46 13.3204 1.40289
12 47 3.34202 8.18549
12 48 8.95074 13.7647
12 49 -2.18597 4.49769
12 50 6.40035 3.0955
12 51 -2.12692 4.73325
12 52 -5.70938 8.59026
12 53 -3.09065 -3.50528
12 54 1.22204 -0.433276
12 55 -0.21719 1.0073
12 56 -2.05884 0.391013
12 57 -0.702767 1.06374
12 58 -0.955001 0.955041
12 59 -0.162669 0.582649
12 60 -0.849665 3.75435
12 61 0.184814 0.520869
12 62 0.319541 -0.369317
12 63 1.05507 0.451528
12 66 -0.277645 -0.366711
13 33 2.65603 5.86778
13 34 12.0808 2.11071
13 35 -2.36088 7.46283
13 36 8.52333 2.4951
13 37 11.3196 6.88143
13 38 14.3407 9.13974
13 39 10.9301 4.68777
13 40 5.46166 9.21659
13 41 0.618629 7.34294
13 42 6.24428 9.36429
13 43 6.60312 -0.463483
13 44 7.15192 5.7235
13 45 8.39516 5.29518
13 46 -3.18325 2.95933
13 47 15.3884 2.77157
13 48 -0.282821 8.5414
13 49 -5.31439 9.68854
13 50 -4.10647 2.85389
13 51 3.21581 4.78291
13 52 9.02645 6.38284
13 53 -1.20483 1.08502
13 54 5.51505 3.20739
13 55 -0.225064 3.78836
13 56 0.89454 -0.603308
13 57 1.19378 -0.126017
13 58 -1.08153 0.620589
13 59 0.527191 0.291837
13 60 -1.92425 -0.0571853
13 61 0.352236 -1.38408
13 62 -0.0835435 0.000696195
13 64 -0.273596 -0.860816
13 65 -0.0209248 0.00437909
14 33 8.72582 2.00744
14 34 5.91187 -1.08198
14 35 4.46272 0.919466
14 36 8.17117 5.0679
14 37 1.1805 6.80058
14 38 13.2136 3.5729
14 39 -4.53123 -2.87621
14 40 0.986863 3.75191
14 41 2.9804 -0.164938
14 42 -2.48966 4.21883
14 43 5.53938 -1.65767
14 44 6.20114 6.42872
14 45 -1.87476 1.71754
14 46 -1.85228 6.21282
14 47 4.7117 11.9564
14 48 4.6638 -2.59443
14 49 5.43884 12.9943
14 50 -1.38831 2.23808
14 51 6.3429 -1.26217
14 52 6.53273 5.2713
14 53 4.8895 3.59732
14 54 1.12369 -0.929271
14 55 -2.05019 1.44641
14 56 0.555942 -0.921296
14 57 -3.722 -0.021344
14 58 2.1354 0.184543
14 59 1.14401 0.890154
14 60 0.918239 0.574154
14 61 -0.314623 0.214231
14 62 0.0380165 -0.541758
14 63 1.29752 1.06491
14 64 0.128955 -0.0809651
14 65 0.642243 -0.682463
15 33 6.22387 1.00893
15 34 -3.2314 5.64982
15 35 0.465216 2.89449
15 36 7.83472 2.09684
15 37 6.4875 1.36834
15 38 3.26362 0.845917
15 39 7.40899 0.0654548
15 40 -0.628406 5.5331
15 41 14.7738 4.63973
15 42 8.83838 2.15643
15 43 5.14909 3.37628
15 44 1.49733 4.2636
15 45 4.95779 -1.1127
15 46 3.68068 3.39195
15 47 -6.26318 4.95073
15 48 3.25836 -1.4551
15 49 9.87616 5.62917
15 50 5.16387 -5.21871
15 51 14.9438 -0.298836
15 52 -0.789439 -1.11666
15 53 -1.34464 3.89942
15 54 11.8907 0.454734
15 55 2.13937 -0.611175
15 56 0.12863 0.942521
15 57 0.220046 0.288763
15 58 0.873362 0.660193
15 59 -0.906421 0.28129
15 60 0.453976 0.399808
15 61 1.5896 -0.576194
15 62 -0.733022 1.32976
15 63 1.29706 0.260964
15 65 1.18227 -0.0811697
15 66 0.512253 0.0841748
16 33 4.63454 0.90114
16 34 -0.873233 -5.49472
16 35 -4.41663 4.44456
16 36 15.3822 -3.65308
16 37 13.4251 1.09418
16 38 4.07507 2.47016
16 39 7.43111 1.48138
16 40 1.6982 3.8247
16 41 3.03657 -6.46923
16 42 -0.586528 6.44802
16 43 3.45996 9.65974
16 44 3.43116 1.50571
16 45 -6.126 1.65562
16 46 1.61187 0.583754
16 47 -3.86494 4.67902
16 48 14.9485 -1.41163
16 49 1.30506 7.78104
16 50 0.490978 2.27435
16 51 14.1358 -2.31258
16 52 6.13903 1.02813
16 53 -0.585791 5.75826
16 54 0.798052 2.86139
16 55 6.75158 1.95937
16 56 -3.13534 3.28748
16 57 0.190865 -0.758876
16 58 1.62088 1.15956
16 59 2.93248 0.673303
16 60 0.289233 -1.09686
16 61 0.475202 1.2348
16 62 1.90648 0.576255
16 63 0.545073 -0.475756
16 64 0.025084 -0.012262
16 65 0.0918103 0.958151
16 66 1.55095 0.124708
17 33 -2.76598 0.216515
17 34 1.24657 -1.34948
17 35 1.57652 -0.237168
17 36 1.91703 0.800363
17 37 11.3259 -7.72643
17 38 -0.744642 -0.281554
17 39 6.28066 0.794445
17 40 13.7424 5.2979
17 41 3.57129 3.26645
17 42 9.11402 9.38946
17 43 1.47901 1.51031
17 44 2.89906 2.42982
17 45 2.15823 1.36113
17 46 3.50744 9.72891
17 47 12.1788 1.66537
17 48 0.149656 -1.8708
17 49 -4.07196 -5.29182
17 50 -0.980153 -3.43074
17 51 3.62035 -0.0787136
17 52 -1.49363 3.48614
17 53 11.4381 3.01373
17 54 9.37236 7.82939
17 55 1.02941 2.46449
17 56 -0.307925 4.82161
17 57 -0.639823 -0.391657
17 58 -0.883325 -0.448333
17 59 -0.582734 1.06327
17 60 0.204102 0.889754
17 61 0.262144 -1.22433
17 62 -1.85983 -0.295056
17 63 -0.403895 0.386029
17 64 0.32201 -0.278116
17 65 -0.328808 0.983968
17 66 -0.125569 -0.102089
18 33 2.21424 -2.19803
18 34 6.2725 0.473935
18 35 4.17786 0.589789
18 36 7.02111 0.713897
18 37 4.27128 0.655288
18 38 5.94769 0.841265
18 39 15.7676 1.12002
18 40 5.18474 1.41576
18 41 6.25803 1.20449
18 42 6.5813 5.98198
18 43 6.93062 0.124233
18 44 -4.9366 1.17526
18 45 3.13493 -0.351407
18 46 1.12406 -0.137549
18 47 9.01055 2.65077
18 48 7.63793 1.62341
18 49 4.80615 6.82544
18 50 14.0354 5.23929
18 51 5.36252 -1.12232
18 52 4.19466 3.50555
18 53 5.34627 2.53152
18 54 1.77152 -0.712669
18 55 0.341072 3.12225
18 56 2.15747 3.3263
18 57 2.10372 0.723976
18 58 1.99233 1.53101
18 59 -2.4137 0.196474
18 60 -0.200478 1.0797
18 61 0.528143 0.268165
18 62 1.05877 -0.447492
18 63 1.00479 -0.129437
18 64 -0.180929 -0.0173725
18 65 0.291626 0.24885
19 33 1.17447 -3.81919
19 34 4.73933 3.95223
19 35 5.59863 -3.16553
19 36 7.08247 -3.90667
19 37 -1.33553 0.362025
19 38 9.81965 -2.58711
19 39 13.0817 -0.779524
19 40 6.5384 -1.0747
19 41 2.92642 0.358997
19 42 2.56131 -0.324112
19 43 3.23048 2.33395
19 44 5.77023 -1.496
19 45 -3.13388 5.09569
19 46 3.84004 -0.35352
19 47 -3.10302 1.27905
19 48 7.59326 0.988451
19 49 6.09943 6.31095
19 50 14.3457 5.48802
19 51 1.77805 0.527151
19 52 0.906849 -2.64492
19 53 9.16807 2.69072
19 54 2.23315 2.02497
19 55 -0.256115 -0.835656
19 56 1.24159 -0.490395
19 57 -3.66351 1.86158
19 58 -1.2478 -1.34625
19 59 0.941157 0.386706
19 60 -3.08311 -0.0863399
19 61 0.11591 -0.0225373
19 62 -0.491425 -0.0413532
19 63 1.86893 0.886006
19 64 -0.371078 0.28909
19 65 0.360923 -0.394806
19 66 0.476807 -0.338267
20 33 1.72988 -1.1993
20 34 -2.51962 -2.58493
20 35 5.20748 1.0074
20 36 4.83816 1.60393
20 37 2.05888 1.51343
20 38 4.40917 -3.03283
20 39 11.6752 0.226052
20 40 0.575546 0.73
20 41 8.18433 5.17432
20 42 2.62688 4.40224
20 43 5.80799 2.24755
20 44 12.276 0.928956
20 45 14.9226 -7.90136
20 46 -0.654388 -0.00735387
20 47 10.4198 1.59834
20 48 1.60595 2.03067
20 49 0.439073 -2.63838
20 50 14.6027 1.90442
20 51 8.42647 3.83394
20 52 7.3867 3.08298
20 53 2.20855 2.93376
20 54 9.16385 -0.0799198
20 55 0.103399 1.92595
20 56 -1.95639 0.20925
20 57 1.26039 1.9083
20 58 2.35789 2.13299
20 59 2.45815 -0.0650694
20 60 1.27056 2.65488
20 61 1.52783 0.179222
20 62 -0.125003 -1.907
20 63 -0.610899 0.136596
20 64 -0.743481 0.208772
20 65 -0.577541 -0.54988
20 66 0.151843 0.637899
21 33 2.5996 -3.39428
21 34 -0.600549 -1.86235
21 35 8.69458 -0.3675
21 36 2.33061 2.04054
21 37 11.5268 -1.18909
21 38 8.59368 -7.1402
21 39 12.9971 -1.53525
21 40 7.05558 -8.51046
21 41 1.24364 -1.95528
21 42 4.36874 0.0298021
21 43 8.68347 -2.72849
21 44 8.51946 11.0551
21 45 4.04943 1.73494
21 46 8.9034 -2.72085
21 47 9.19318 5.34862
21 48 -4.65871 -0.967543
21 49 4.38255 -3.89226
21 50 -2.83072 3.47142
21 51 2.61935 1.24994
21 52 1.81665 3.33239
21 53 -0.927045 6.11019
21 54 5.01593 5.31056
21 55 -2.49459 -1.14616
21 56 4.48119 0.335924
21 57 0.551407 0.0710722
21 58 1.79792 2.16818
21 59 -0.357532 0.437887
21 60 2.07771 0.616324
21 61 0.890711 1.66231
21 62 -0.861555 0.00165655
21 63 -0.518848 0.6314
21 64 1.48753 0.176681
21 65 1.41544 0.865557
22 33 2.36712 -4.60463
22 34 4.26735 -1.82859
22 35 3.67141 -1.63175
22 36 6.98039 -2.04571
22 37 10.5859 -0.689717
22 38 8.21779 2.05432
22 39 15.4615 -0.792702
22 40 11.0643 -0.749475
22 41 2.53178 0.144273
22 42 8.92027 -2.60238
22 43 3.04782 -5.00662
22 44 1.20731 -1.9595
22 45 0.665507 2.40687
22 46 0.361946 1.96602
22 47 12.6778 1.62623
22 48 2.6236 1.90713
22 49 1.53245 2.47112
22 50 7.97275 -1.71297
22 51 4.81885 0.563367
22 52 16.0439 1.77379
22 53 -0.939715 0.370796
22 54 -0.893929 -0.189157
22 55 2.0115 0.674186
22 56 4.21735 4.42631
22 57 2.07879 2.53664
22 58 0.229708 0.48574
22 59 -0.152959 1.96376
22 60 -3.01584 2.7943
22 61 -0.735688 -1.03749
22 62 -1.19298 -0.0743274
22 63 1.53327 1.42167
22 64 -0.891824 1.24177
22 65 0.0315869 1.187
22 66 0.0660627 0.214334
23 33 2.20726 -0.275557
23 34 1.22842 -3.87237
23 35 0.888085 -8.5496
23 36 9.22967 -5.31498
23 37 3.02371 -2.88759
23 38 6.17511 3.57234
23 39 14.1353 -3.83754
23 40 8.48239 0.292963
23 41 7.10102 -2.57367
23 42 7.41202 2.20963
23 43 8.01555 5.21692
23 44 2.96971 0.849239
23 45 0.4051 -0.853828
23 46 -1.82048 4.39956
23 47 7.08966 3.46554
23 48 -0.893442 -0.0638518
23 49 7.98829 -0.253974
23 50 6.69184 -1.76383
23 51 0.379236 3.25268
23 52 -1.21349 -1.14978
23 53 4.07464 5.24802
23 54 1.27513 -0.579614
23 55 2.65572 -1.68855
23 56 -0.594653 0.0865675
23 57 3.2752 -0.394625
23 58 1.10303 1.27943
23 59 -1.44589 0.047258
23 60 -0.433487 0.641104
23 61 0.105252 0.0047464
23 62 1.67345 0.491048
23 63 1.54351 0.277693
23 64 0.254561 0.453595
23 65 0.103083 -0.172648
23 66 -0.688371 0.185711
24 33 0.178266 -0.028156
24 34 14.6721 -0.498763
24 35 -6.52618 -5.11857
24 36 -4.64105 1.7352
24 37 3.18209 0.240613
24 38 -0.561217 -1.95782
24 39 11.3948 -2.90874
24 40 6.85992 0.170907
24 41 10.9623 1.06392
24 42 4.82297 0.922036
24 43 1.21347 0.517022
24 44 -0.440077 -1.8627
24 45 9.60897 3.80346
24 46 -0.0138293 -1.07327
24 47 8.8945 -0.940494
24 48 5.29473 4.35435
24 49 6.05905 -1.6233
24 50 -0.860231 -2.66044
24 51 2.80398 -2.23044
24 52 8.78537 4.5739
24 53 2.94112 1.9221
24 54 5.78132 -0.426934
24 55 2.03188 -0.772762
24 56 2.73265 1.40036
24 57 1.76162 0.847336
24 58 -1.14545 -0.197844
24 59 0.637712 1.20328
24 60 -0.025848 0.720986
24 61 0.901268 0.644581
24 62 -1.3861 0.0161498
24 63 0.764337 -1.5047
24 64 -0.572173 0.181414
24 65 0.684984 -0.443749
24 66 -0.316473 0.714742
25 33 2.99632 -2.67496
25 34 -1.80235 -1.23294
25 35 -0.893462 4.84958
25 36 6.01677 -4.69853
25 37 8.50269 0.251327
25 38 6.14512 -0.513593
25 39 -4.03325 4.80012
25 40 0.208916 -3.55309
25 41 11.6789 0.895768
25 42 2.24323 -0.303756
25 43 9.06764 2.19676
25 44 9.86599 1.85964
25 45 4.98794 0.787324
25 46 4.6498 -0.170674
25 47 6.90261 7.07965
25 48 11.1533 0.810404
25 49 7.13923 -2.49974
25 50 1.75458 2.94063
25 51 4.58592 2.03454
25 52 5.47478 3.98498
25 53 7.44188 4.87156
25 54 3.64437 1.86512
25 55 3.31998 -2.05839
25 56 3.308 5.52214
25 57 3.59371 -0.419878
25 58 1.22336 -0.489824
25 59 -2.58532 2.79628
25 60 -1.60701 -1.06818
25 61 0.246104 0.587473
25 62 1.66348 0.74205
25 63 0.79037 0.272442
25 64 -1.48287 -0.591255
25 65 0.691191 0.938301
25 66 -0.385898 0.312771
26 33 2.15998 -2.72507
26 34 3.84726 0.636406
26 35 14.0058 -1.20918
26 36 12.358 -2.43729
26 37 2.44572 -4.67128
26 38 10.1787 -0.538361
26 39 6.50726 0.925527
26 40 -0.357268 0.791557
26 41 12.0195 -2.01708
26 42 12.129 1.50815
26 43 3.34704 -0.163622
26 44 9.83689 -0.031368
26 45 6.80706 -1.97555
26 46 1.85559 2.01066
26 47 -3.17697 5.33463
26 48 6.70262 0.331703
26 49 8.22278 -1.67088
26 50 6.80528 0.549114
26 51 12.6278 -3.32318
26 52 -0.82622 6.2223
26 53 0.435416 3.40251
26 54 6.81491 2.54487
26 55 2.41789 4.44969
26 56 2.62488 2.92361
26 57 -0.169101 2.74594
26 58 1.78124 4.03128
26 59 1.18162 2.05683
26 60 0.285259 0.634156
26 61 0.174006 0.344947
26 62 0.675749 0.721046
26 63 -0.152545 1.26704
26 64 0.0866688 -0.244529
26 65 0.51442 0.0810298
26 66 0.656779 0.0538034
27 33 3.07581 0.400684
27 34 2.05331 1.2384
27 35 2.89571 1.95997
27 36 2.07872 0.4589
27 37 1.169 -0.473383
27 38 7.35432 -6.46363
27 39 5.59 -0.119031
27 40 -0.857919 -1.12793
27 41 9.25826 -0.678716
27 42 4.78568 -1.4935
27 43 4.4627 -2.23583
27 44 5.38415 3.34727
27 45 -0.595596 0.835832
27 46 3.83341 2.05903
27 47 7.60785 -2.98998
27 48 4.34559 -1.83899
27 49 8.29427 -0.501741
27 50 2.13915 7.12048
27 51 8.915 0.398172
27 52 4.38444 -3.494
27 53 2.37302 0.010372
27 54 -5.1715 3.24667
27 55 1.47369 0.576276
27 56 1.81794 2.21131
27 57 -5.6944 -0.838292
27 58 5.16592 -4.81164
27 59 1.22862 1.05654
27 60 1.5178 1.14707
27 61 -2.2096 1.87937
27 62 1.1292 -1.01589
27 63 -0.145225 -0.104089
27 64 -0.0299625 0.727286
27 65 -0.236202 0.199427
27 66 0.324098 0.400665
28 33 2.77109 -2.37405
28 34 2.85111 0.424912
28 35 0.549778 -1.29361
28 36 2.4424 2.44121
28 37 2.78113 -2.94783
28 38 7.85088 3.46186
28 39 1.04646 -3.78752
28 40 9.10805 -0.111382
28 41 1.87912 -3.23207
28 42 6.42773 -0.61917
28 43 -1.04837 -5.36179
28 44 5.3205 4.72677
28 45 0.688136 -1.058
28 46 3.2797 2.57704
28 47 3.08501 -2.94294
28 48 9.38658 -1.13733
28 49 7.88904 3.61373
28 50 1.6083 7.07009
28 51 10.1935 4.88269
28 52 0.396867 3.20468
28 53 2.59099 0.93202
28 54 -1.66724 -0.256766
28 55 4.92123 -0.795157
28 56 -1.97504 3.74803
28 57 -0.745717 0.850577
28 58 3.07395 0.486812
28 59 1.74683 1.31736
28 60 -1.36636 1.60103
28 61 -3.63311 1.70176
28 62 -2.33611 2.04507
28 63 0.436834 -0.516855
28 64 -2.52739 -2.41837
28 65 1.06361 1.09156
28 66 -0.382327 -0.794962
29 33 1.69703 -1.46407
29 34 2.80399 -2.71855
29 35 0.75357 0.5078
29 36 3.05425 -4.01888
29 37 1.95707 -1.34172
29 38 -2.83489 -6.40264
29 39 -0.043542 -3.23009
29 40 3.48001 5.49923
29 41 0.884984 3.62058
29 42 -1.20489 -3.48635
29 43 -2.0923 4.31059
29 44 11.6789 -1.48005
29 45 6.1663 -5.19312
29 46 15.2355 -0.459021
29 47 9.63398 -2.63034
29 48 2.24639 4.77375
29 49 -4.42849 3.14916
29 50 5.01729 -0.0806049
29 51 2.52717 5.58197
29 52 0.689579 -0.527444
29 53 0.377699 1.46368
29 54 0.617572 2.40842
29 55 -1.57962 -2.46777
29 56 -0.884516 0.999185
29 57 1.37238 1.45924
29 58 4.24215 0.619017
29 59 -1.2514 1.69872
29 60 0.333989 0.328541
29 61 1.11228 -0.184341
29 62 -1.24376 1.31028
29 63 1.32399 0.551294
29 64 -0.908567 1.16299
29 65 0.90597 0.975918
29 66 0.895818 0.167166
30 33 2.85443 0.256473
30 34 -1.53251 -1.73246
30 35 10.7223 2.57422
30 36 7.20335 -4.96022
30 37 6.35034 1.41327
30 38 1.51805 -0.32503
30 39 2.27042 3.19432
30 40 8.37767 -1.86142
30 41 -2.87988 0.234612
30 42 4.97222 0.589047
30 43 7.93863 -0.489253
30 44 4.99531 2.67066
30 45 10.5125 -3.16472
30 46 7.44293 0.230511
30 47 0.244505 -0.765866
30 48 -1.04455 3.41163
30 49 -3.11069 1.99204
30 50 1.80568 1.65385
30 51 1.20373 -0.720191
30 52 3.11388 1.8091
30 53 1.213 2.43092
30 54 -0.481042 -0.572305
30 55 2.10747 2.45508
30 56 3.3776 -1.86751
30 57 -1.58495 1.69815
30 58 4.1913 4.70395
30 59 1.90184 -1.42973
30 60 -1.78819 -0.440578
30 61 0.420693 1.66426
30 62 1.57484 0.851067
30 63 -2.15114 -0.0951587
30 64 0.413122 2.04331
30 65 2.27849 1.30991
30 66 -0.597956 1.1744
31 33 1.60711 -1.20804
31 34 -1.36783 1.29783
31 35 10.8638 2.741
31 36 4.00215 1.4872
31 37 7.23253 3.87772
31 38 -3.41821 -1.92584
31 39 0.94892 -0.397005
31 40 3.86912 2.21921
31 41 3.97649 1.61626
31 42 4.42246 6.11321
31 43 14.1692 -1.76711
31 44 4.72857 2.72893
31 45 -0.669201 0.0344487
31 46 8.28074 1.19443
31 47 2.60854 2.75276
31 48 9.99101 -0.652114
31 49 8.42442 -4.65327
31 50 3.11837 5.12333
31 51 3.63505 0.90716
31 52 0.771079 4.39222
31 53 5.42219 -2.78264
31 54 1.78703 -1.46912
31 55 2.64031 1.69974
31 56 6.33935 2.60131
31 57 -0.355752 -3.05962
31 58 -0.949047 0.340213
31 59 -0.986892 3.45517
31 60 -1.07777 -0.755498
31 61 -2.633 1.75231
31 62 1.16412 -0.357633
31 63 -0.842334 -0.375843
31 64 -0.829417 0.697655
31 65 -1.1024 -1.97897
31 66 0.495775 0.899734
32 33 4.65679 -0.708638
32 34 8.89424 -5.4039
32 35 2.63133 -1.58793
32 36 4.31732 -2.46045
32 37 8.07332 -3.52981
32 38 4.53986 -1.7767
32 39 -0.352008 1.0803
32 40 -1.55935 -0.710277
32 41 0.356635 -1.73195
32 42 12.1859 3.58993
32 43 7.37985 0.921854
32 44 3.04143 0.0698437
32 45 0.536737 1.12606
32 46 9.19868 0.428796
32 47 11.5913 2.10776
32 48 6.21658 4.23856
32 49 -2.34245 -2.48156
32 50 7.16086 0.137689
32 51 2.2421 -2.09528
32 52 3.59761 -0.753315
32 53 8.15887 -1.17558
32 54 1.20414 -0.954761
32 55 0.766321 -2.43272
32 56 1.22508 -2.91853
32 57 0.143938 2.97853
32 58 4.13759 -0.342604
32 59 -3.266 -1.78567
32 60 -0.487564 -2.54104
32 61 -0.262972 0.899109
32 62 -0.681738 2.96219
32 63 -0.263782 0.859109
32 64 1.74512 -0.752882
32 65 -0.98416 0.66361
32 66 0.588909 -0.0293471
33 33 3.11144 -1.86395
33 34 1.61644 0.193914
33 35 1.18986 4.28888
33 36 4.33064 -2.64586
33 37 2.30947 -2.08501
33 38 0.115506 -3.55198
33 39 10.5338 0.899293
33 40 1.74446 3.45564
33 41 10.5736 -1.57489
33 42 3.07509 0.953409
33 43 6.84645 -3.69995
33 44 5.80638 -1.41506
33 45 5.61764 1.484
33 46 10.9495 8.66421
33 47 3.21455 -2.63136
33 48 -0.923866 1.83475
33 49 1.26721 -4.99725
33 50 1.5935 2.80553
33 51 9.24507 2.3167
33 52 11.1137 1.31031
33 53 1.95944 2.06533
33 54 -0.33525 -1.05737
33 55 3.87377 4.74489
33 56 1.51877 1.00108
33 57 -4.31034 2.20291
33 58 -0.321318 2.07184
33 59 -4.31033 0.860928
33 60 1.91388 3.33092
33 61 1.4707 -0.254004
33 62 -1.00873 0.805649
33 63 -0.946489 0.0714121
33 64 -0.328054 -0.313798
33 65 0.353858 1.33844
33 66 -0.725729 0.131007
34 33 1.90476 -1.5225
34 34 1.9842 -1.52909
34 35 1.44889 -1.56037
34 36 1.40829 -0.989166
34 37 7.51551 1.04799
34 38 3.79871 4.51636
34 39 -5.35186 0.795845
34 40 8.82182 1.25274
34 41 6.65368 2.57567
34 42 3.54752 -0.0421747
34 43 -0.00100194 -0.406335
34 44 3.54389 1.34577
34 45 -0.476247 -0.377976
34 46 8.00323 2.58024
34 47 6.65615 4.02779
34 48 10.0294 -8.49254
34 49 4.12207 1.68292
34 50 4.91519 0.634254
34 51 7.18527 0.538901
34 52 2.29786 -4.36698
34 53 5.31388 -3.20422
34 54 4.48272 -0.64525
34 55 5.12514 -0.23704
34 56 -2.81909 -1.9969
34 57 2.6232 0.639876
34 58 -2.34651 0.638619
34 59 1.01028 1.14616
34 60 1.59691 0.180788
34 61 0.473802 -0.107459
34 62 -2.25223 1.23061
34 63 -1.37176 1.39338
34 64 1.34106 0.179236
34 65 -0.345175 -0.210827
34 66 0.440297 0.561849
35 33 2.66672 -1.95681
35 34 2.56798 -2.63599
35 35 2.26996 -4.88772
35 36 2.16361 -1.10444
35 37 4.76356 -5.92385
35 38 2.15221 2.16046
35 39 8.75615 -2.97775
35 40 6.36439 0.984337
35 41 4.59649 0.118855
35 42 3.1565 0.235031
35 43 4.47272 -1.46847
35 44 8.51947 -0.998555
35 45 2.19227 1.05622
35 46 10.2575 -2.44716
35 47 8.17218 1.05319
35 48 2.95177 1.64314
35 49 11.3854 -0.157239
35 50 3.96375 1.44576
35 51 5.09382 -0.269612
35 52 10.0037 5.88181
35 53 5.39727 4.56667
35 54 -4.58978 5.79126
35 55 2.96026 1.69051
35 56 -5.57751 0.682074
35 57 6.23092 1.17288
35 58 0.171635 3.64458
35 59 -1.41285 1.29657
35 60 -1.34146 0.967683
35 61 0.673787 -0.872805
35 62 2.79141 1.21137
35 63 0.208551 0.215486
35 64 -0.96723 1.60167
35 65 0.153022 -0.741506
35 66 0.724629 0.020065
36 33 3.79068 -2.70137
36 34 12.5415 1.41906
36 35 -3.32923 2.1719
36 36 0.600762 -1.09371
36 37 12.6263 -1.76988
36 38 -1.35804 4.33217
36 39 4.73403 2.02538
36 40 2.72891 -1.67988
36 41 10.585 -0.866868
36 42 7.67131 1.61388
36 43 9.54395 1.08458
36 44 13.723 -4.66934
36 45 10.6837 1.24352
36 46 1.26328 2.92665
36 47 0.293218 1.328
36 48 7.00504 -1.77277
36 49 2.70253 6.22261
36 50 6.79492 -0.310193
36 51 10.3116 5.81537
36 52 10.2744 5.56925
36 53 -1.73929 3.94481
36 54 3.30339 0.176235
36 55 1.79468 -2.22699
36 56 2.35035 1.47019
36 57 0.824485 1.80746
36 58 -2.34461 -0.950115
36 59 0.849839 -0.755574
36 60 -2.49224 1.0092
36 61 -0.313839 -0.217942
36 62 1.55846 0.468016
36 63 -0.735857 0.55526
36 64 0.84535 0.274223
36 65 0.49863 0.491345
36 66 1.50385 0.391256
37 33 1.76944 -0.700322
37 34 6.89252 2.90128
37 35 0.475043 -1.81294
37 36 3.69376 -5.5364
37 37 3.00088 0.987644
37 38 12.5565 -3.79469
37 39 4.00297 2.93831
37 40 4.46958 -2.60389
37 41 4.55242 1.38308
37 42 13.8064 -2.499
37 43 -0.188566 -0.883103
37 44 6.24821 0.316737
37 45 5.39036 3.40217
37 46 3.34916 5.10211
37 47 8.352 -1.87937
37 48 5.50954 5.02547
37 49 0.0230416 -4.32209
37 50 1.42695 0.0244416
37 51 7.01343 1.39607
37 52 3.36885 -4.47103
37 53 2.39047 3.49985
37 54 -0.402591 1.4599
37 55 3.75482 1.53929
37 56 6.17737 1.94638
37 57 1.20252 3.58763
37 58 0.831617 -0.298835
37 59 -1.56392 -1.19574
37 60 1.63686 -0.965088
37 61 3.759 -0.494373
37 62 -0.15066 1.55517
37 63 -0.477558 0.553619
37 64 2.12953 1.57542
37 65 -1.52384 -0.166307
37 66 0.0849386 0.140516
38 33 0.775879 -1.90032
38 34 0.287668 -3.37631
38 35 4.0459 4.38973
38 36 3.04631 1.10818
38 37 5.86065 0.609076
38 38 6.85141 -3.97239
38 39 1.28758 -2.58262
38 40 7.15592 1.67486
38 41 1.56016 4.32836
38 42 4.25663 1.33429
38 43 2.57776 5.05926
38 44 11.6759 -1.75248
38 45 -2.49644 2.52079
38 46 2.61803 2.50276
38 47 1.22105 1.77387
38 48 0.678663 0.625593
38 49 4.17497 1.98568
38 50 3.57078 -0.672926
38 51 2.6221 2.43662
38 52 -0.299109 -0.762667
38 53 4.59292 2.01078
38 54 -1.31308 4.14477
38 55 2.749 0.0190732
38 56 6.52815 1.6819
38 57 9.39679 -2.51872
38 58 0.857704 -1.08087
38 59 0.319563 3.29375
38 60 0.373713 0.436741
38 61 0.724566 -1.16264
38 62 1.34722 1.80874
38 63 2.36841 1.16591
38 64 -0.452961 1.61172
38 65 0.64771 -0.431513
38 66 -1.26149 1.78738
39 33 1.28861 -0.928573
39 34 0.728599 -2.14466
39 35 5.68255 -4.42828
39 36 5.15372 -1.99584
39 37 8.57832 -1.86478
39 38 8.06008 0.553565
39 39 7.62321 -1.13169
39 40 4.62212 -1.576
39 41 5.20911 0.612757
39 42 1.99541 -3.31538
39 43 1.82922 0.923141
39 44 0.0933435 4.38759
39 45 3.54193 2.92022
39 46 7.35869 8.23054
39 47 4.7572 -0.802123
39 48 3.16551 -1.51875
39 49 -3.46493 2.24855
39 50 1.46169 4.31039
39 51 6.4282 0.525177
39 52 -0.453057 0.215361
39 53 1.44556 4.41682
39 54 4.52244 2.41367
39 55 1.47173 1.62264
39 56 2.17339 -0.267814
39 57 2.04632 0.817609
39 58 -0.961006 2.14304
39 59 -2.14033 -0.332843
39 60 2.0446 0.155361
39 61 -1.54998 0.0939792
39 62 1.15549 1.19183
39 63 0.199284 -0.102007
39 64 1.04842 1.67939
39 65 -0.427304 -1.07205
39 66 -0.06855 0.0567932
40 33 2.03038 -1.88282
40 34 4.39101 -2.46005
40 35 7.14415 -0.397577
40 36 5.45382 -0.0417965
40 37 9.16905 -2.47403
40 38 5.58933 -5.88757
40 39 5.2177 2.35732
40 40 6.79368 -0.944089
40 41 7.35605 -4.40988
40 42 1.37651 2.49593
40 43 5.37316 4.42801
40 44 2.85546 -2.92391
40 45 5.04678 0.518902
40 46 2.82812 -2.0447
40 47 11.623 5.47666
40 48 -0.619369 5.65215
40 49 8.82987 2.11985
40 50 5.73675 4.19073
40 51 0.336842 3.44761
40 52 5.24931 0.153301
40 53 8.83352 4.19407
40 54 5.58513 0.80645
40 55 0.200164 -0.263643
40 56 2.83831 0.419289
40 57 1.07233 -0.288058
40 58 4.2313 0.0691919
40 59 1.36828 3.06974
40 60 0.987908 1.32378
40 61 -0.0755111 -0.025112
40 62 0.512098 0.885626
40 63 1.40552 -0.261463
40 64 -0.677989 0.801851
40 65 -0.845755 0.624666
40 66 0.405379 -0.186087
41 33 -0.103774 -0.199742
41 34 0.0925638 -2.24409
41 35 13.4712 0.206823
41 36 6.17689 -3.77509
41 37 2.94856 6.42515
41 38 2.4958 -7.82603
41 39 2.10687 2.97695
41 40 6.86339 -0.616992
41 41 3.12133 5.35971
41 42 -1.87413 3.14367
41 43 5.40194 2.06052
41 44 5.49638 0.0499775
41 45 6.5828 2.0747
41 46 6.31182 1.1079
41 47 5.67511 -0.193272
41 48 1.67975 3.29299
41 49 6.48375 4.36326
41 50 -3.4884 -0.0774875
41 51 6.16592 0.524294
41 52 5.23278 1.62105
41 53 3.68238 3.61451
41 54 0.167694 2.37321
41 55 2.57957 -0.126844
41 56 3.08724 2.04011
41 57 0.314479 0.850216
41 58 3.37703 -0.306784
41 59 -0.158597 -0.0711867
41 60 6.21389 1.30216
41 61 1.09212 0.364241
41 62 -0.00260306 0.212974
41 63 -0.802511 1.2988
41 64 -0.192226 -1.03488
41 65 1.04255 0.407703
41 66 1.06223 1.34487
42 33 0.0963623 -3.18475
42 34 3.29545 0.915936
42 35 2.45057 -4.80825
42 36 -0.312531 0.15368
42 37 6.06698 0.304599
42 38 -1.63604 -1.2033
42 39 3.33135 -2.69887
42 40 8.37934 -4.55552
42 41 1.57427 1.17707
42 42 10.0664 4.06349
42 43 0.839428 6.06777
42 44 18.3062 0.03249
42 45 5.27781 0.3721
42 46 5.41372 0.601585
42 47 9.69327 3.94209
42 48 0.599283 3.23751
42 49 6.32372 -0.592809
42 50 3.10288 2.093
42 51 3.65621 0.501744
42 52 -0.244282 5.63051
42 53 -0.349297 6.4617
42 54 8.57148 5.29931
42 55 -0.195699 4.9877
42 56 3.69428 0.883523
42 57 -0.661333 0.213644
42 58 3.79646 2.77275
42 59 1.32271 0.602705
42 60 1.38601 1.18516
42 61 -0.591233 0.231936
42 62 -0.40635 1.4627
42 63 -0.0936409 1.53581
42 64 -0.764957 -0.0732766
42 65 -0.381251 1.14518
42 66 1.06804 1.49679
43 33 -2.04038 -1.52571
43 34 3.06889 -0.134145
43 35 4.41629 -2.90674
43 36 -1.57238 -3.1652
43 37 3.88187 1.6543
43 38 3.9458 5.28264
43 39 10.5227 -0.752055
43 40 3.12904 -3.71776
43 41 2.81834 1.02291
43 42 2.35928 -1.48099
43 43 5.89 4.34562
43 44 1.74359 -1.20982
43 45 4.1706 2.02581
43 46 3.55671 1.66578
43 47 5.11547 -0.869277
43 48 -0.956594 2.0143
43 49 -1.05008 2.37129
43 50 -1.29046 4.33682
43 51 -1.25753 -0.659545
43 52 6.19853 3.20584
43 53 -2.53903 1.31206
43 54 4.69458 4.2114
43 55 1.39935 0.697853
43 56 3.80201 0.843998
43 57 2.9062 -0.917643
43 58 7.90982 3.97268
43 59 1.21864 0.61757
43 60 1.34654 0.595091
43 61 0.208287 0.908037
43 62 -6.30214 -0.534142
43 63 3.31802 -1.79342
43 64 2.148 0.894385
43 65 1.36232 1.1361
43 66 0.392239 1.49408
44 33 0.621103 -0.0142264
44 34 1.28888 -1.37771
44 35 7.20576 -3.52159
44 36 5.33508 -0.964688
44 37 0.11241 -2.37236
44 38 6.10399 -4.16141
44 39 5.77264 -1.77301
44 40 4.78769 -3.24879
44 41 -3.84058 1.07134
44 42 -4.58991 0.0959274
44 43 7.49325 0.156164
44 44 10.3954 -0.660543
44 45 7.91092 1.52326
44 46 4.26177 -0.695817
44 47 -2.05914 -8.31497
44 48 -0.861866 1.58165
44 49 3.94759 2.84646
44 50 -1.78517 -4.11249
44 51 3.61506 4.03293
44 52 -3.53382 0.365056
44 53 -4.58294 -1.89337
44 54 1.17363 -3.41049
44 55 0.956085 -0.110407
44 56 0.0239648 2.55842
44 57 -4.48989 4.19846
44 58 -1.18783 1.07487
44 59 3.25763 5.1385
44 60 3.90299 0.455994
44 61 2.09646 4.30994
44 62 -0.140956 -0.876062
44 63 0.594926 1.23311
44 64 -0.558022 0.934035
44 65 -1.83661 3.80636
44 66 0.393213 0.715096
45 33 0.483259 -1.04064
45 34 6.06206 -3.95738
45 35 5.91838 -0.537411
45 36 -0.0061521 1.58985
45 37 4.09474 -0.938155
45 38 7.30627 1.79004
45 39 7.72195 0.370672
45 40 10.1825 2.9186
45 41 6.72484 -0.722256
45 42 -1.61486 2.18487
45 43 7.35195 2.47783
45 44 5.70057 -1.70083
45 45 0.578426 2.95297
45 46 5.00827 1.39873
45 47 3.77986 0.314483
45 48 1.59163 -0.475462
45 49 3.55063 6.8439
45 50 1.38247 1.36231
45 51 9.34587 1.72844
45 52 -0.440502 -5.18284
45 53 5.02788 0.0655379
45 54 -0.803638 2.48038
45 55 3.01457 4.39657
45 56 1.00219 -1.5144
45 57 -1.52993 -1.19764
45 58 4.89294 3.00184
45 59 2.91284 -1.79243
45 60 -0.538761 -0.403234
45 61 2.8204 -0.449572
45 62 -1.11576 0.270192
45 63 -0.628325 -1.06941
45 64 -2.97679 -1.8385
45 65 0.538092 0.565833
45 66 1.46589 -0.34497
46 33 2.0342 -1.7379
46 34 2.19874 1.56957
46 35 4.47557 0.264945
46 36 3.51705 0.238489
46 37 -1.56327 -0.917801
46 38 2.86671 0.236203
46 39 -6.99516 1.32897
46 40 1.49364 3.80344
46 41 -0.328466 -0.624133
46 42 2.66471 4.23943
46 43 -2.54988 5.35403
46 44 3.27271 3.45227
46 45 7.50937 -2.77847
46 46 7.07653 -1.95986
46 47 4.3979 1.99919
46 48 3.9772 -1.15509
46 49 4.76929 3.56404
46 50 -1.02167 4.19916
46 51 3.31741 2.28258
46 52 4.23859 -0.769521
46 53 6.43896 1.95922
46 54 3.60193 2.51874
46 55 2.62735 0.769097
46 56 -3.20443 -0.449178
46 57 1.96688 0.417038
46 58 4.4342 -1.86564
46 59 0.988002 1.30746
46 60 0.865464 1.3343
46 61 1.22669 1.2145
46 62 -1.85615 -0.163817
46 63 0.753023 0.233754
46 64 2.27559 0.423164
46 65 -3.34243 -0.533609
47 33 0.266844 -3.39095
47 34 4.50972 -2.72807
47 35 2.81546 -3.92437
47 36 3.63421 3.83084
47 37 5.04121 -0.838139
47 38 3.12761 -2.29097
47 39 2.50272 0.955353
47 40 -3.20902 0.635527
47 41 7.14502 -4.14999
47 42 3.88704 -3.79409
47 43 5.88953 -1.60868
47 44 5.15002 1.793
47 45 7.39069 0.330255
47 46 7.42853 1.85083
47 47 5.50838 1.80694
47 48 3.93481 -0.128442
47 49 -0.882078 0.343437
47 50 6.3866 -1.63207
47 51 6.06571 2.90737
47 52 0.712271 3.92537
47 53 4.10623 -1.39615
47 54 -2.70656 -2.73323
47 55 -0.133093 2.61017
47 56 0.738844 0.841494
47 57 0.0933297 1.33134
47 58 -1.47424 0.737396
47 59 5.15309 -0.759253
47 60 1.09998 2.79758
47 61 1.6018 0.305874
47 62 -1.14768 0.602127
47 63 -0.0354006 0.372648
47 64 -0.136131 0.366813
47 65 0.0778774 -0.0214323
47 66 0.0531543 0.0369875
48 33 1.3172 -2.02651
48 34 5.15897 0.179915
48 35 0.709373 -0.340879
48 36 3.90077 -2.65579
48 37 1.90286 -3.94054
48 38 10.9366 -0.8583
48 39 8.36794 0.593975
48 40 3.14388 -3.1212
48 41 1.73584 2.81204
48 42 -1.25496 5.87504
48 43 -0.0528988 -2.54824
48 44 1.93256 -0.0512875
48 45 -4.93299 0.834909
48 46 -1.35169 3.02586
48 47 1.0311 2.29258
48 48 3.80519 2.69289
48 49 3.89978 3.45858
48 50 -1.8086 0.800911
48 51 9.25143 -2.47771
48 52 1.31823 -1.02949
48 53 0.243126 -0.911609
48 54 -1.8199 2.34942
48 55 1.82502 0.682884
48 56 5.42161 0.83755
48 57 2.18775 1.19419
48 58 0.896575 -0.735736
48 59 -1.30556 1.42275
48 60 3.65276 1.0433
48 61 -2.63145 1.09779
48 62 -1.79709 0.727098
48 63 0.491234 -1.12768
48 64 -1.66192 0.565775
48 65 0.299134 0.194594
48 66 1.18628 -0.628296
49 33 2.25898 -0.461783
49 34 0.909556 -0.363275
49 35 6.08704 1.18547
49 36 2.48013 -2.65161
49 37 2.76797 -0.951515
49 38 6.04412 -6.34832
49 39 -1.15446 2.85506
49 40 2.55464 4.32088
49 41 0.151284 2.57737
49 42 10.1108 2.23032
49 43 2.14033 0.415831
49 44 -5.88466 -2.88189
49 45 5.61617 -4.66021
49 46 3.20722 -2.21628
49 47 6.04909 -4.13145
49 48 -0.0126005 -3.24824
49 49 12.3359 -1.79786
49 50 -0.242415 1.95512
49 51 -4.85836 1.56406
49 52 -5.80396 3.16238
49 53 2.57778 5.79387
49 54 2.2256 -0.580209
49 55 0.859406 4.67283
49 56 0.919492 2.80959
49 57 4.43183 2.40562
49 58 1.99812 2.70442
49 59 0.146106 0.53476
49 60 0.711338 0.698103
49 61 2.0546 1.88944
49 62 2.0322 1.46006
49 63 -0.414289 -1.87055
49 64 1.24851 -0.129337
49 65 1.7005 0.51889
49 66 -0.642356 -0.00919365
50 33 0.74674 0.484275
50 34 -1.10443 -1.23218
50 35 -0.764602 1.42121
50 36 -2.71787 -0.213961
50 37 1.08604 2.04255
50 38 1.43124 -3.60936
50 39 4.08591 0.470876
50 40 5.80174 -1.96256
50 41 8.08502 -3.51912
50 42 6.50084 -7.60161
50 43 6.2962 -1.34609
50 44 2.5118 -5.03011
50 45 8.83727 2.60798
50 46 2.94091 2.93622
50 47 0.472296 1.87993
50 48 -2.10707 -2.61963
50 49 2.32424 3.77837
50 50 6.63483 -0.0467639
50 51 4.85114 0.514631
50 52 3.99047 -0.794932
50 53 2.32558 3.90539
50 54 1.00455 -0.247473
50 55 0.526053 2.14088
50 56 4.56783 1.39751
50 57 4.02072 1.34827
50 58 1.67606 2.91108
50 59 4.19205 -1.7406
50 60 -1.51066 3.53606
50 61 0.364288 0.145394
50 62 -0.696029 0.817321
50 63 1.54056 0.746315
50 64 0.353357 0.361161
50 65 0.330543 0.173537
50 66 -0.562208 0.548549
51 33 2.19172 -1.39091
51 34 -1.37228 0.192347
51 35 1.93512 0.799719
51 36 5.9816 -2.14817
51 37 0.812962 -0.664131
51 38 8.32127 -1.31903
51 39 4.82845 1.72707
51 40 3.18483 1.72834
51 41 2.78723 2.40028
51 42 -1.59159 -2.89022
51 43 14.2695 5.54792
51 44 4.5783 1.58212
51 45 5.43085 0.675106
51 46 -1.46074 0.110813
51 47 3.08591 -3.22849
51 48 7.71595 6.254
51 49 0.661308 2.75204
51 50 9.5707 -0.766568
51 51 5.7083 0.349078
51 52 -1.81824 -0.026597
51 53 4.2007 3.56678
51 54 6.36889 0.756304
51 55 -0.149123 1.61538
51 56 7.68143 -0.854089
51 57 0.254934 1.43368
51 58 0.899093 0.862149
51 59 0.968301 0.75077
51 60 -1.52767 -0.720639
51 61 -1.15686 1.40827
51 62 0.309855 1.41914
51 63 -0.354863 -0.561187
51 64 3.6749 -0.59094
51 65 0.052624 0.436097
51 66 0.85014 -0.499401
52 33 1.46554 1.26842
52 34 -3.93846 -5.18527
52 35 0.652712 -3.48064
52 36 7.78638 -0.454161
52 37 3.45368 -2.55195
52 38 10.3027 0.387161
52 39 5.35625 -3.38815
52 40 5.17045 0.280647
52 41 5.04883 2.96274
52 42 4.41175 0.420206
52 43 10.2034 -2.59845
52 44 6.82715 3.15712
52 45 2.01301 -1.76398
52 46 1.41438 1.27627
52 47 5.74904 3.31297
52 48 -0.057055 -2.05253
52 49 1.6678 0.572699
52 50 4.49125 3.32756
52 51 5.31883 -1.09625
52 52 2.18604 -0.0126408
52 53 1.9164 2.80083
52 54 0.129236 -1.32837
52 55 -0.99768 -2.2881
52 56 6.92946 3.0467
52 57 0.239136 -0.367689
52 58 1.90563 -0.851015
52 59 -1.96673 0.149464
52 60 -0.275999 0.870345
52 61 0.628249 0.346225
52 62 1.48378 3.58002
52 63 1.10588 0.0510085
52 64 1.77275 0.306566
52 65 0.230298 0.496363
52 66 1.872 0.669241
53 33 3.99631 -0.485033
53 34 3.37008 -2.89158
53 35 1.36835 -3.70473
53 36 3.12167 -1.7355
53 37 4.43142 -1.67222
53 38 4.57995 3.56005
53 39 2.16354 -0.896315
53 40 1.49778 -5.56069
53 41 3.11782 -3.77153
53 42 2.28617 1.89024
53 43 6.84506 0.322767
53 44 1.10839 3.04992
53 45 7.38946 6.01104
53 46 -2.14061 2.9858
53 47 4.97135 0.755193
53 48 6.03972 2.39568
53 49 -1.35175 0.730227
53 50 1.89412 1.01254
53 51 5.428 -1.17982
53 52 -2.94433 -2.40539
53 53 3.97133 1.29964
53 54 2.44567 -2.55648
53 55 -0.450467 -0.0406068
53 56 3.87858 2.71735
53 57 0.402641 1.58926
53 58 2.03902 2.37821
53 59 -0.945061 0.7678
53 60 1.95419 -6.0304
53 61 3.28793 1.16162
53 62 0.396554 0.227243
53 63 1.49295 0.925191
53 64 -0.0709905 1.7657
53 65 2.5189 0.28101
53 66 -0.000526052 0.759202
54 33 4.83612 -1.29997
54 34 1.01019 -0.999516
54 35 7.88856 -2.68265
54 36 2.99236 -4.52114
54 37 3.35715 -3.58006
54 38 1.36784 -0.479791
54 39 0.444104 -3.59236
54 40 1.104 -2.07874
54 41 4.19548 -4.27393
54 42 5.76596 0.591286
54 43 1.0911 -0.443483
54 44 -5.56251 3.30988
54 45 3.33929 0.0872415
54 46 2.9169 -2.38589
54 47 1.53978 4.52856
54 48 5.08898 -1.64918
54 49 3.38839 0.845992
54 50 4.11142 1.30408
54 51 0.287208 -1.76251
54 52 5.5844 4.14285
54 53 -2.609 0.118356
54 54 1.26184 0.599928
54 55 1.19902 4.00563
54 56 -2.27752 3.83912
54 57 -3.08292 1.1292
54 58 0.388401 0.97241
54 59 3.0371 0.414835
54 60 0.423381 0.723236
54 61 -0.84426 3.52908
54 62 0.825022 1.1133
54 63 1.73465 -1.27421
54 64 -2.4301 0.543384
54 65 0.994105 1.05767
54 66 0.697226 -0.265595
55 33 1.48872 -0.332541
55 34 1.11091 -1.61693
55 35 2.8392 -1.21032
55 36 3.45505 3.5118
55 37 5.5953 0.702649
55 38 -0.817055 -3.52141
55 39 5.85589 -0.657843
55 40 2.17908 -0.25866
55 41 4.56468 5.02541
55 42 2.63638 5.3937
55 43 1.87919 -2.95804
55 44 1.61098 3.19335
55 45 8.92216 -2.04362
55 46 3.83259 -0.292164
55 47 1.00169 -1.75755
55 48 5.52395 2.50064
55 49 -1.33162 -3.71264
55 50 3.21697 5.5133
55 51 4.51416 -0.551078
55 52 5.60673 -0.597209
55 53 1.01328 1.28215
55 54 7.22818 -0.402662
55 55 -0.717712 -0.260071
55 56 -1.80221 0.756854
55 57 -0.26796 0.354597
55 58 1.55922 1.28909
55 59 2.7855 -0.0580206
55 60 3.1842 -0.632453
55 61 2.16873 -0.0733379
55 62 0.695427 0.745622
55 63 2.78834 0.397887
55 64 2.41463 -0.394991
55 65 -0.165862 -0.345383
55 66 0.922268 0.631272
56 33 -0.728297 0.497115
56 34 4.25697 -4.22025
56 35 -1.98062 -2.25672
56 36 0.712629 -3.98441
56 37 -2.25709 -0.111403
56 38 3.68449 -1.61171
56 39 2.39235 2.49875
56 40 4.82311 2.05808
56 41 -1.5725 2.04957
56 42 2.64899 0.0100724
56 43 4.25218 1.74788
56 44 1.04835 3.02486
56 45 5.35209 -6.44795
56 46 9.86018 1.42072
56 47 7.35996 -2.2453
56 48 1.47327 0.989817
56 49 4.95166 3.27201
56 50 -3.22944 3.92967
56 51 0.918927 -0.966875
56 52 -1.41875 3.06191
56 53 5.08953 2.83488
56 54 7.67584 -1.62444
56 55 1.74794 2.70606
56 56 -0.365681 -2.17632
56 57 -1.81864 -1.25074
56 58 -0.839783 1.79501
56 59 0.256185 -1.26138
56 60 4.03014 0.617941
56 61 1.73196 2.45101
56 62 -1.99264 1.15839
56 63 -1.68616 -0.777221
56 64 1.28103 0.62888
56 66 -0.757199 -0.285847
57 33 0.769537 -1.68843
57 34 0.104479 -3.41111
57 35 1.4242 -1.48861
57 36 0.897931 -4.36774
57 37 6.33982 -2.13877
57 38 5.61387 4.49146
57 39 0.725734 -3.05329
57 40 -6.22731 -0.0812817
57 41 1.0246 -1.55058
57 42 3.67824 4.0038
57 43 4.99927 -1.96801
57 44 6.01785 0.290142
57 45 5.98584 -7.15729
57 46 9.55284 4.50535
57 47 7.12745 -2.94705
57 48 2.06105 -1.32069
57 49 -3.10732 1.66603
57 50 1.3289 -0.230033
57 51 0.520293 1.27282
57 52 -0.703829 -0.0629463
57 53 -0.708864 1.71737
57 54 3.01496 2.30833
57 55 1.89579 1.1051
57 56 1.00105 2.90342
57 57 -1.63806 -0.743521
57 58 0.498406 1.04513
57 59 0.494122 -0.591277
57 60 3.97482 -1.21789
57 61 0.692829 -1.70134
57 62 1.17868 1.92257
57 63 0.387806 -0.284306
57 64 1.77965 -0.520237
57 65 0.382091 0.876072
57 66 0.536802 0.160137
58 33 -0.346027 -3.04377
58 34 2.9176 -2.73089
58 35 4.38371 -1.00632
58 36 4.09387 0.611685
58 37 8.19353 -5.08176
58 38 3.98199 -1.94637
58 39 2.7927 2.82572
58 40 -2.65007 -3.36846
58 41 1.92561 -2.24696
58 42 4.2372 -1.06806
58 43 7.20052 3.85783
58 44 3.30383 0.3246
58 45 2.28291 -0.201481
58 46 6.89821 -3.63598
58 47 5.53004 -0.306938
58 48 0.181208 0.643074
58 49 10.4031 1.94943
58 50 9.81949 -2.1773
58 51 3.23705 -0.239219
58 52 0.464936 -1.43372
58 53 0.871609 -0.950928
58 54 5.00158 0.396166
58 55 2.87955 -0.543814
58 56 -0.0398697 -0.376135
58 57 3.39576 1.9604
58 58 0.0220162 -2.05336
58 59 -0.154491 0.170656
58 60 1.74359 3.92596
58 61 -0.315083 3.38429
58 62 1.76155 1.56756
58 63 1.79275 0.74433
58 64 1.31577 -1.6258
58 65 0.358615 -2.26281
58 66 0.204359 0.234104
59 33 2.78239 0.529146
59 34 1.83145 3.29814
59 35 -1.55534 -1.0412
59 36 1.62656 -1.26371
59 37 3.36897 0.235476
59 38 1.82804 -2.52212
59 39 10.1184 -0.33407
59 40 2.76525 0.750068
59 41 2.40352 3.9907
59 42 -3.57977 -1.1107
59 43 -1.77389 3.74084
59 44 6.46715 1.58743
59 45 0.423475 -0.00644408
59 46 0.468458 -1.67544
59 47 1.66402 -2.58352
59 48 0.638662 -0.458636
59 49 1.53 -1.27641
59 50 3.04403 -2.17045
59 51 4.37737 0.0576885
59 52 -1.44146 2.99229
59 53 0.686089 -0.610832
59 54 -0.116795 0.54855
59 55 0.287817 -0.00708083
59 56 -0.445115 -0.506019
59 57 3.72494 0.130405
59 58 0.698779 0.430681
59 59 1.39733 2.43934
59 60 -2.19398 -0.523082
59 61 0.678914 1.46451
59 62 2.47803 -1.47075
59 63 2.63856 1.53019
59 64 0.0753484 0.933528
59 65 0.13769 -0.292903
59 66 0.0385482 0.348022
60 33 2.8536 -2.04695
60 34 1.44473 0.860594
60 35 -1.58585 -6.2747
60 36 1.84858 0.970083
60 37 1.68323 -2.17513
60 38 0.149931 -2.45013
60 39 -1.12823 -2.54777
60 40 -1.56803 1.60006
60 41 1.6463 0.735913
60 42 -1.03898 -2.23633
60 43 5.2865 1.0308
60 44 -0.14704 -2.13005
60 45 7.27665 -2.16777
60 46 3.6645 -0.190687
60 47 4.24594 -0.0621952
60 48 3.92255 -0.179013
60 49 0.19028 -3.59953
60 50 7.31261 -0.0937129
60 51 3.29542 2.23472
60 52 0.477985 0.917999
60 53 4.93119 1.23355
60 54 -0.767519 -1.05294
60 55 3.75284 -0.347131
60 56 -0.528419 -0.145821
60 57 0.685823 1.09442
60 58 3.18063 1.89476
60 59 3.40375 2.66756
60 60 -1.4043 1.63879
60 61 -1.49689 -0.271531
60 62 -0.517013 -0.0402685
60 63 0.560132 2.9993
60 64 1.32606 3.95171
60 65 -1.13811 0.396442
60 66 -0.257373 0.296195
61 33 -0.474033 -1.60822
61 34 5.22339 -0.0666023
61 35 4.81011 -2.79868
61 36 0.21639 -2.87217
61 37 3.05963 4.46308
61 38 2.02174 1.94633
61 39 0.750024 -2.37177
61 40 5.34078 1.96792
61 41 -1.34193 -2.08601
61 42 1.46317 1.52327
61 43 6.27933 0.1096
61 44 10.6309 2.33609
61 45 -3.46874 -1.4651
61 46 7.58508 -2.10184
61 47 6.41765 -5.32674
61 48 -0.826237 3.43921
61 49 9.46558 -0.637894
61 50 -0.687114 3.589
61 51 -7.92126 -0.928149
61 52 -0.279993 -1.40626
61 53 5.42296 1.62577
61 54 -1.29734 -0.973553
61 55 4.89166 2.46029
61 56 2.73327 1.38452
61 57 0.881407 0.903193
61 58 3.57699 -2.07
61 59 -0.383622 1.20026
61 60 2.37465 -0.936412
61 61 0.198035 2.302
61 62 2.1214 -0.327837
61 63 -4.29639 3.25787
61 64 -0.800741 -0.58371
61 65 0.261709 -0.274325
61 66 -0.166509 0.311817
62 33 4.17967 -0.723573
62 34 -1.93661 2.32149
62 35 -1.24829 -2.4879
62 36 1.67596 -3.54805
62 37 2.85749 0.945874
62 38 3.79238 1.03339
62 39 -0.256175 -1.36776
62 40 -0.72092 -1.61392
62 41 1.6195 -0.34824
62 42 -1.04547 -0.649611
62 43 3.59458 0.392973
62 44 1.86116 -4.03098
62 45 -0.610693 0.285606
62 46 5.45202 -3.70995
62 47 3.15782 3.55197
62 48 -1.1044 0.254
62 49 3.85949 2.23763
62 50 2.94716 -0.93612
62 51 1.01578 2.84273
62 52 6.83692 1.11479
62 53 4.61693 -1.07279
62 54 4.82313 2.14129
62 55 1.98884 0.230345
62 56 6.91777 -0.630338
62 57 3.43406 0.0204577
62 58 1.45864 -0.537657
62 59 3.17774 0.785928
62 60 0.995821 2.01778
62 61 -3.86779 -0.89228
62 62 1.73871 1.37229
62 63 -2.99131 -1.42215
62 64 -0.285542 0.753767
62 65 -1.59068 2.37587
62 66 0.689533 0.539758
63 33 -0.00379958 -1.6665
63 34 5.53681 -0.812754
63 35 5.56426 -1.02764
63 36 3.71497 -0.680859
63 37 1.3561 2.64731
63 38 3.88859 0.493419
63 39 3.24821 -0.774846
63 40 3.95072 -0.532239
63 41 5.4304 1.63278
63 42 7.30274 -0.139438
63 43 6.29574 2.59881
63 44 7.05139 -2.61617
63 45 6.15383 -1.91609
63 46 5.11112 0.70555
63 47 1.90306 2.33536
63 48 0.598118 1.94095
63 49 1.75015 2.24796
63 50 -1.42135 -0.295909
63 51 1.01765 0.340485
63 52 3.47592 2.27045
63 53 -1.22103 0.96719
63 54 3.38306 1.05133
63 55 0.474834 1.1027
63 56 -0.751068 0.412346
63 57 0.614956 1.116
63 58 5.3253 2.83696
63 59 -1.54198 1.267
63 60 2.98315 1.11575
63 61 0.418568 -1.31065
63 62 0.363978 -0.688458
63 63 0.707594 -0.49022
63 64 1.86919 1.91651
63 65 0.973234 -0.75641
63 66 -0.0487884 0.325787
64 33 -1.79692 -2.69312
64 34 3.25741 -1.99039
64 35 3.28983 -0.951432
64 36 2.52202 -2.83696
64 37 3.55842 0.335258
64 38 5.97616 1.62314
64 39 0.668105 0.468089
64 40 1.60232 0.0983745
64 41 9.85472 -3.1346
64 42 6.33919 -2.08429
64 43 10.1908 2.59402
64 44 5.7531 0.854032
64 45 -0.12434 -1.99408
64 46 2.06142 -0.132408
64 47 1.73454 -1.33628
64 48 6.17081 -1.20961
64 49 1.06282 1.36199
64 50 6.71394 0.0196656
64 51 3.0324 -0.991216
64 52 3.25178 2.49693
64 53 1.13975 2.03222
64 54 4.13919 0.885555
64 55 3.48937 2.03079
64 56 0.779964 1.62299
64 57 2.39859 0.328505
64 58 3.24551 2.27339
64 59 1.84166 1.6702
64 60 -0.167417 0.306106
64 61 2.39015 -0.23056
64 62 0.347224 -0.416591
64 63 0.688714 1.41118
64 64 0.0302977 0.858095
64 65 -0.0981179 0.655174
64 66 0.429574 0.504476
65 33 1.90213 0.447396
65 34 5.54514 -2.47939
65 35 5.42208 -0.787673
65 36 6.40823 -0.530012
65 37 4.15157 -0.948137
65 38 4.81559 -0.506342
65 39 0.53148 -0.997666
65 40 4.72236 -4.29615
65 41 6.14974 1.16443
65 42 7.58503 -0.638097
65 43 11.9518 1.6062
65 44 6.63255 -0.409304
65 45 5.14612 1.27713
65 46 2.80946 0.284944
65 47 -0.320697 0.215504
65 48 2.64309 -0.859255
65 49 6.28882 3.05366
65 50 4.45283 0.541308
65 51 4.45561 -0.157881
65 52 3.47705 -1.93112
65 53 5.02812 1.5682
65 54 5.39165 -0.789292
65 55 2.4609 1.24228
65 56 1.19278 -1.03523
65 57 2.47561 0.622995
65 58 1.85171 1.11106
65 59 0.124721 -0.179779
65 60 1.95257 1.91805
65 61 3.48564 -0.942809
65 62 3.19775 1.85511
65 63 -0.244772 -0.620021
65 64 -0.260704 0.885468
65 65 0.550975 0.161975
65 66 -0.205732 -0.0526879
66 33 2.88664 -1.24837
66 34 3.45066 0.08336
66 35 4.83309 -1.56607
66 36 4.39662 -0.854964
66 37 3.14976 -1.57837
66 38 8.94962 0.855662
66 39 4.60881 0.998927
66 40 6.02028 2.06854
66 41 6.43614 0.560204
66 42 5.96534 -0.709257
66 43 7.43041 1.47235
66 44 3.94704 -1.10716
66 45 7.05469 2.80958
66 46 4.98136 0.94055
66 47 3.97635 2.88253
66 48 4.19744 0.0433449
66 49 7.54141 0.370207
66 50 6.72569 1.32364
66 51 3.11766 -1.39341
66 52 4.62977 1.94947
66 53 2.83295 -0.489282
66 54 2.67978 1.03344
66 55 3.33514 0.111999
66 56 0.742367 1.00841
66 57 3.90456 0.787698
66 58 2.77673 0.846741
66 59 2.02836 1.14769
66 60 0.899602 0.45069
66 61 1.78948 0.60381
66 62 0.502693 -0.457717
66 63 0.275652 0.051308
66 64 0.757653 0.0935926
66 65 -0.0226557 0.0789521
66 66 0.669619 0.0752008
