0 33 -1.28934 2.12066
0 34 -0.898305 3.4541
0 35 -0.371075 2.20909
0 36 -0.453838 1.85321
0 37 2.05722 1.63617
0 38 -2.49565 -1.26636
0 39 1.29394 0.668691
0 40 2.78182 0.869444
0 41 2.09604 -0.472296
0 42 -1.35834 -0.723077
0 43 -0.0478303 -0.200716
0 44 0.243493 0.741681
0 46 -2.5651 0.932258
1 33 2.19999 9.17747
1 34 -2.39378 2.10577
1 35 0.170861 5.6655
1 36 2.17763 1.14075
1 37 3.09998 0.195268
1 38 -2.28097 2.26192
1 39 2.49049 4.44989
1 40 1.46116 2.88458
1 41 -0.0136795 2.19766
1 42 -3.28866 0.791475
1 43 0.612149 1.57245
1 44 -0.120539 0.688816
1 45 -0.552875 0.212988
1 46 -0.0592431 0.0362658
1 47 0.215431 0.122567
1 48 0.0447758 0.0857726
1 49 -0.275437 0.103065
1 50 1.22795 0.0229774
1 51 0.0302745 -0.0247903
1 52 -0.0712875 -0.0034697
1 56 0.0208308 0.0383374
2 33 -1.7572 15.1334
2 34 -3.31055 6.44075
2 35 -7.7352 13.544
2 36 0.442928 12.9322
2 37 0.805921 10.4384
2 38 -2.60766 8.63734
2 39 0.985277 4.37865
2 40 -4.83557 5.73939
2 41 0.512834 1.00141
2 42 1.35489 1.61632
2 43 -2.59467 1.77845
2 44 1.94575 0.287121
2 45 0.218307 -0.0989245
2 46 -0.333182 0.0731449
2 47 0.25895 0.720566
2 48 -0.333315 -0.313654
2 50 -0.380457 0.296659
2 51 -0.336983 0.625937
2 52 0.00502566 0.123695
2 61 -0.00117189 0.00111267
3 33 -4.99024 20.0097
3 34 -1.98347 11.2177
3 35 4.17938 5.5993
3 36 8.24459 1.0462
3 37 -0.728673 2.46255
3 38 -2.94536 10.1499
3 39 2.10135 9.56293
3 40 4.48507 7.06401
3 41 -0.381987 6.7248
3 42 3.37066 -0.370854
3 43 0.0604172 3.95604
3 44 2.45073 0.328993
3 45 0.396137 0.223139
3 46 0.282898 -0.0240364
3 47 0.00117271 -0.000107372
3 48 -0.782316 -0.662307
3 49 0.248735 -0.116389
3 50 0.0607014 -0.0479352
3 51 -0.53236 0.671352
3 52 -0.60702 -0.128182
3 54 0.000178428 4.30011e-05
3 59 0.142624 -0.00112032
4 33 4.58959 25.2194
4 34 9.29675 18.0477
4 35 -3.03978 4.66088
4 36 -8.45306 5.07295
4 37 0.968663 6.78001
4 38 -3.76585 13.2729
4 39 7.70645 6.50616
4 40 4.38982 8.9373
4 41 5.05043 8.03064
4 42 -2.73593 5.26104
4 43 2.0954 5.82044
4 44 0.370345 1.68583
4 45 2.39716 -0.733975
4 46 0.866363 0.720401
4 47 -0.187226 0.342059
4 48 0.900825 0.458697
4 49 0.0931959 -0.0409847
4 50 -0.260726 0.117291
4 51 -0.136052 -0.0954825
4 52 0.13614 0.177776
4 55 -0.142262 0.19576
4 57 -0.317381 0.432776
4 58 -0.131183 0.0841091
4 59 0.487584 0.430549
4 65 -0.00296964 0.00934795
5 33 -0.122583 18.9311
5 34 -4.53899 8.90061
5 35 -1.48444 10.5415
5 36 1.70996 12.1388
5 37 0.976897 11.1956
5 38 2.16319 11.365
5 39 0.767255 8.86481
5 40 1.48505 5.72431
5 41 3.01705 6.08172
5 42 0.720585 -1.68529
5 43 1.6609 -1.23432
5 44 -2.2846 2.01562
5 45 -1.79619 1.5534
5 46 -0.536379 0.702073
5 47 0.352954 0.222598
5 49 1.32281 0.553315
5 50 -1.50692 0.900899
5 52 0.36154 0.922052
5 53 0.416383 -0.175535
5 54 -0.219221 0.21555
5 55 -0.193081 -0.521828
5 56 -0.0816814 -0.0114709
5 58 -0.527689 0.154986
5 59 -0.788796 -0.476907
6 33 5.16134 22.4871
6 34 -5.27285 9.55952
6 35 -0.679439 9.40956
6 36 3.15098 18.5032
6 37 6.30798 9.10961
6 38 8.39395 11.5511
6 39 -4.30797 6.45445
6 40 10.7742 11.5894
6 41 -1.82915 6.56512
6 42 0.688671 2.33116
6 43 4.0813 2.56796
6 44 3.59563 1.0463
6 45 -0.114906 0.498879
6 46 0.292691 -0.121169
6 47 1.22916 -0.576157
6 48 -0.373981 0.439135
6 49 -0.170243 0.817781
6 50 -0.6302 0.172405
6 51 0.240207 0.127493
6 52 0.896982 0.0979596
6 53 1.13361 0.987486
6 57 0.0993638 -0.0536033
6 64 0.260638 0.0159416
7 33 2.99202 32.4208
7 34 1.05805 11.4658
7 35 0.499776 14.0233
7 36 -11.5721 8.41328
7 37 2.91858 16.8601
7 38 2.54838 0.626357
7 39 6.94558 10.8132
7 40 6.6801 11.9343
7 41 2.87185 3.56487
7 42 0.796856 -1.58355
7 43 -2.43776 -0.978588
7 44 -2.34417 2.29863
7 45 4.11983 3.50077
7 46 0.949544 2.49959
7 47 -1.9311 0.922022
7 48 0.232967 0.106075
7 49 -0.12278 -0.34574
7 50 0.202199 -0.11496
7 52 0.708032 0.622485
7 53 -0.590684 0.462525
7 54 -2.96025 -0.591033
7 56 -0.609367 0.605444
7 60 0.183764 -0.00418229
7 65 -0.00157055 0.0015295
8 33 15.3974 26.6188
8 34 18.3775 8.73505
8 35 -1.28675 12.6237
8 36 -5.0489 9.55153
8 37 -7.53903 5.67387
8 38 0.434656 5.01175
8 39 5.24558 10.4912
8 40 9.85761 8.27346
8 41 13.2403 8.6973
8 42 5.28039 3.11596
8 43 4.31548 -0.600529
8 44 -2.94117 3.49071
8 45 5.07245 1.82478
8 46 2.46472 1.90983
8 47 1.28747 0.572133
8 48 2.41527 -0.733124
8 49 -1.22558 1.08586
8 50 -1.08231 0.697291
8 51 -0.196039 0.336343
8 52 1.20074 -0.283808
8 53 0.343534 0.308098
8 54 1.01665 -0.192961
8 55 -0.158392 0.802468
8 56 0.0931723 0.267773
8 60 0.0356487 -0.00253384
8 63 1.09695 0.982745
8 64 -0.0362595 0.0108692
8 65 0.0100127 -0.0174623
9 33 2.00118 28.3942
9 34 3.64733 14.962
9 35 0.0627606 11.0641
9 36 3.78098 15.9683
9 37 2.78852 11.5003
9 38 -2.22357 4.06933
9 39 -8.02448 9.85829
9 40 5.5324 6.28683
9 41 0.472114 4.17146
9 42 7.77775 -1.80575
9 43 4.9863 -2.99785
9 44 -2.13551 1.71696
9 45 2.12472 3.73714
9 46 -1.24566 -1.00204
9 47 -0.970194 -0.712755
9 48 0.990327 0.805444
9 49 0.511885 1.41134
9 50 0.725338 0.68809
9 51 -0.0206105 0.00310198
9 52 1.70526 0.416467
9 53 0.330276 0.427437
9 54 0.13473 -0.431578
9 55 0.330392 0.0926631
9 56 -0.183573 0.53918
9 57 0.536143 0.204894
9 59 -0.150528 0.0144142
9 60 -0.0451404 -0.0404469
9 61 0.156779 -0.116753
9 62 0.0388745 0.113983
9 63 -0.231793 0.421679
9 64 0.812093 -0.425312
10 33 5.85607 19.3119
10 34 2.95896 10.0733
10 35 11.1236 16.1463
10 36 14.6058 9.38705
10 37 7.20544 11.3817
10 38 9.23938 13.4073
10 39 13.0894 14.7834
10 40 6.73148 8.40735
10 41 -2.89662 6.05819
10 42 10.0239 0.581271
10 43 0.0659729 4.13496
10 44 -0.0989019 3.04744
10 45 3.05468 -2.01271
10 46 -1.07997 -2.11793
10 47 -1.08935 0.676797
10 48 0.439641 0.372714
10 49 -0.644189 0.00488482
10 50 0.541422 -0.123601
10 51 -0.179617 0.450808
10 52 -1.36679 -0.560218
10 53 0.557833 -0.789195
10 54 1.61841 1.07025
10 55 -0.37527 1.32664
10 56 0.21376 0.0836891
10 57 -0.160981 0.136999
10 58 -0.548493 -0.532218
10 61 -0.0240782 0.0162932
11 33 7.84844 19.0975
11 34 5.7362 10.911
11 35 10.0437 12.6691
11 36 12.4937 1.01579
11 37 5.36619 1.89886
11 38 9.32973 4.86312
11 39 0.135411 8.71523
11 40 8.3292 4.35339
11 41 9.19073 2.06222
11 42 1.10694 3.76894
11 43 1.36089 3.49045
11 44 8.12263 3.79779
11 45 -2.86754 3.5083
11 46 2.05748 -0.157745
11 47 -1.91433 0.104102
11 48 1.17215 1.33868
11 49 0.4888 0.309538
11 50 -0.724447 0.697128
11 52 0.194698 0.249028
11 53 0.720418 0.297133
11 54 -0.577875 0.764622
11 55 0.0688931 -0.0198718
11 56 -0.130222 0.0597815
11 57 -0.0503117 1.54644
11 60 0.00625115 0.00725384
11 62 1.23686 -1.13638
11 64 -0.0869073 0.0307185
12 33 8.58668 10.6253
12 34 5.31095 5.79917
12 35 10.1616 -0.333853
12 36 5.55811 1.95072
12 37 4.04269 7.52403
12 38 2.90621 1.04587
12 39 3.62618 5.1344
12 40 2.04136 9.80116
12 41 11.6816 6.20058
12 42 -3.94665 1.82451
12 43 8.32653 1.75359
12 44 5.97963 2.06428
12 45 1.57446 1.41366
12 46 -0.395232 0.551087
12 47 0.16847 -1.68856
12 48 -3.11917 0.795354
12 49 0.740313 0.644384
12 50 0.752065 -0.930766
12 51 0.108187 -1.45105
12 53 -0.0138425 -0.00170932
12 54 2.04585 2.20786
12 55 -0.400552 0.150296
12 56 0.0782094 0.0562965
12 57 -0.0314636 0.0386753
12 59 0.289637 -0.328775
12 60 0.415605 0.0802933
12 62 0.0985105 -0.364956
12 64 0.0011207 0.00362712
12 65 0.443273 0.583403
13 33 -5.89282 11.7188
13 34 -4.64502 7.88748
13 35 4.11445 1.7041
13 36 7.92606 9.8856
13 37 5.20648 7.93966
13 38 0.580943 3.06141
13 39 6.55395 -2.43936
13 40 6.99753 9.84651
13 41 9.31919 1.97467
13 42 2.07618 3.01012
13 43 -3.25252 5.19739
13 44 -1.57012 1.20027
13 45 -1.67614 2.50773
13 46 1.56732 1.84229
13 47 2.09968 0.58262
13 48 -0.950362 0.468515
13 49 -1.13572 -0.58714
13 51 -0.0729161 -0.134161
13 52 -0.119861 -0.0111738
13 53 -0.306964 0.520217
13 54 0.467439 -0.258039
13 55 -0.0306424 0.0140164
13 56 0.233522 0.196562
13 57 -0.0876992 -0.0461025
13 58 0.179521 -0.156165
13 60 -0.38909 0.119011
13 62 -0.68481 0.446566
13 63 0.761743 -0.0550207
13 64 0.0195077 -0.0831493
13 65 0.913456 0.165399
13 66 0.322314 0.0338599
14 33 2.32486 15.1899
14 34 12.8257 -1.2631
14 35 15.5026 0.425879
14 36 -2.00956 -0.700817
14 37 7.49664 -0.391106
14 38 8.8671 8.78903
14 39 3.91709 3.28258
14 40 10.4917 3.09588
14 41 2.71632 2.34611
14 42 -6.26992 1.14545
14 43 6.62214 -3.41919
14 44 -0.193191 4.64271
14 45 5.463 1.05757
14 46 0.736689 1.27143
14 47 -1.75866 0.151187
14 48 -3.08757 2.4453
14 49 -1.50055 1.83242
14 50 0.173437 0.974535
14 51 0.76382 -0.300015
14 52 -0.611786 0.980149
14 53 -0.8917 -0.540885
14 54 0.559668 1.14543
14 55 0.160249 0.0835655
14 56 -0.379845 -0.103533
14 57 0.283269 0.303518
14 58 -0.0317605 0.445514
14 61 -0.0125949 -0.00253162
14 62 -0.476844 -0.469184
14 65 1.16923 -0.490059
15 33 1.46269 7.29913
15 34 0.254966 3.62067
15 35 1.26096 1.72042
15 36 2.11291 13.1424
15 37 0.533801 -0.126251
15 38 14.7232 0.635863
15 39 -3.06675 9.38357
15 40 1.75568 -1.01218
15 41 -0.76277 3.68383
15 42 0.470369 2.53454
15 43 5.64422 3.53461
15 44 -0.311919 -1.61332
15 45 1.28816 4.91821
15 46 0.634974 0.79568
15 47 -0.593656 -1.05057
15 48 -3.08709 4.35013
15 49 1.7244 -0.0128957
15 50 -0.624123 2.46498
15 51 0.0920202 0.0780722
15 52 0.364766 0.588586
15 53 0.103098 0.117041
15 54 -1.0535 0.306965
15 55 0.169043 0.246552
15 57 0.537438 0.00141988
15 58 0.31143 0.123327
15 59 -0.206118 -0.138175
15 61 -1.47866 0.0262912
15 62 0.651372 -0.407772
15 63 0.0991967 0.0485408
15 66 0.240139 0.0346953
16 33 7.10103 7.30634
16 34 -0.0086021 7.92882
16 35 -3.24719 3.47529
16 36 3.15901 2.4929
16 37 -2.11973 13.8418
16 38 5.48544 -2.78335
16 39 4.13539 6.61735
16 40 2.0467 1.34917
16 41 8.11249 9.979
16 42 8.01506 4.17346
16 43 1.87427 3.77781
16 44 3.93861 3.77342
16 45 0.102508 2.97927
16 46 -0.239862 0.54657
16 47 -0.511114 0.568912
16 48 -0.168349 1.16167
16 49 -1.57782 -0.198676
16 50 -0.233361 1.89191
16 51 -0.438287 -0.244951
16 52 0.92571 -0.621518
16 53 -1.02613 1.87824
16 55 -0.0322063 0.36037
16 56 0.760584 0.53825
16 57 3.14606 -3.71861
16 58 0.0513191 0.0942139
16 59 0.110616 -0.13351
16 60 0.144471 -0.225089
16 61 0.037439 2.08681
16 62 0.0393745 -0.00663571
16 65 0.0349098 0.078976
16 66 -0.00838334 0.0330618
17 33 2.27562 1.60488
17 34 2.66325 4.76577
17 35 7.51648 5.48745
17 36 -3.59896 5.595
17 37 1.13438 -3.0558
17 38 11.4673 2.17782
17 39 8.4606 -0.487041
17 40 4.42237 -2.57717
17 41 9.34959 0.888334
17 42 5.83457 7.57334
17 43 8.58905 0.257906
17 44 2.29522 4.22279
17 45 7.16334 0.833972
17 46 -0.43447 3.86593
17 47 1.04079 0.400024
17 48 0.0219704 3.15681
17 49 0.637401 0.726659
17 50 -0.314301 0.6317
17 51 0.898832 -1.66264
17 52 -1.46067 -0.795295
17 53 -2.10692 1.18969
17 55 0.474641 -0.288717
17 56 0.0119709 0.0078755
17 58 -0.173182 0.0897683
17 59 -0.442228 0.611266
17 60 0.331347 -0.028968
17 61 1.48883 -0.520682
17 62 0.589356 -1.06832
17 64 0.104987 -0.405685
17 65 0.348322 0.113821
18 33 7.26487 -0.47776
18 34 -2.02084 11.5691
18 35 6.98958 -2.72333
18 36 4.09255 4.10844
18 37 -1.11452 -6.78282
18 38 4.92947 2.18071
18 39 -1.62724 4.13087
18 40 1.60773 9.69141
18 41 6.1555 6.03306
18 42 4.42252 4.95657
18 43 3.38375 3.15874
18 44 1.59702 0.537296
18 45 3.07517 -1.02297
18 46 0.680142 1.09047
18 47 0.487308 -1.08592
18 48 1.1632 1.39532
18 49 -1.30145 1.64224
18 50 -1.22794 0.189003
18 51 -1.4946 0.451296
18 52 1.05988 -0.577969
18 53 1.2083 1.08365
18 54 0.550856 0.350701
18 55 -0.0198158 0.00723303
18 56 -0.421907 0.17572
18 57 -0.375546 -0.373258
18 58 0.536143 0.487846
18 59 0.314254 0.53357
18 60 0.194923 -0.363526
18 61 -0.132405 -0.519704
18 62 -0.356319 0.45468
18 63 0.0989425 0.514518
18 64 0.125947 0.00458643
18 65 0.0968983 0.0204662
19 33 6.11637 3.4161
19 34 -1.03364 2.92059
19 35 6.73924 -1.60338
19 36 5.53938 -1.93197
19 37 1.85334 -0.600527
19 38 10.1893 2.91235
19 39 9.58717 5.09227
19 40 0.754494 3.00514
19 41 4.18887 2.46289
19 42 5.68191 -0.311294
19 43 -0.0656384 5.27013
19 44 -2.66174 -3.28709
19 45 3.4784 1.06162
19 46 2.77447 0.602981
19 47 0.185817 0.0915892
19 48 0.242518 0.55312
19 49 2.21612 0.635979
19 50 -1.92837 1.2175
19 51 1.00922 -1.09432
19 52 -0.0441523 -0.333532
19 53 -0.692437 0.470402
19 54 0.224355 -0.0789696
19 55 -0.29178 0.902699
19 56 1.9061 0.667927
19 57 -0.74672 0.232461
19 58 -0.786073 0.0935324
19 59 1.03266 -0.24413
19 60 0.508307 0.277155
19 61 -0.00899098 -0.00457377
19 62 1.04271 0.570781
19 63 0.474204 1.06279
19 64 -0.00594009 0.00568504
19 65 0.959937 -0.2225
20 33 -0.305849 -0.471203
20 34 15.1289 4.07687
20 35 9.68761 5.32382
20 36 6.82381 0.337094
20 37 0.30145 -1.15647
20 38 3.76574 0.580986
20 39 2.21307 -0.481558
20 40 7.70784 -0.0920363
20 41 16.1598 -0.756905
20 42 4.16213 -1.61006
20 43 1.24261 1.45931
20 44 2.05642 2.13661
20 45 -0.46111 2.47899
20 46 -1.94423 -1.02321
20 47 2.12253 -0.223172
20 48 -2.60605 0.195005
20 49 2.98154 1.25434
20 50 -0.437891 -0.154258
20 51 -1.5114 0.2386
20 52 0.114504 -0.00299389
20 53 -0.424754 -0.204395
20 54 0.88309 -0.28375
20 55 0.691926 1.38449
20 56 0.408879 0.021317
20 57 -1.04541 -0.315063
20 58 0.274717 -0.0815007
20 60 -0.0910854 -0.0425034
20 61 0.246283 -0.752125
20 62 -0.519592 -0.619674
20 65 0.10796 -0.370934
21 33 1.59898 0.202403
21 34 -0.0789747 -0.150387
21 35 12.0025 3.17389
21 36 10.1142 -2.27626
21 37 6.54037 -1.14023
21 38 5.41794 -4.0395
21 39 -0.1292 2.08671
21 40 2.40953 5.36963
21 41 2.85287 3.13163
21 42 2.31208 3.02362
21 43 0.836858 1.66765
21 44 5.37386 1.41445
21 45 -0.230379 1.47312
21 46 2.64956 1.13978
21 47 1.16959 -0.484036
21 48 0.200448 1.0275
21 49 -2.06882 1.04983
21 50 -0.350708 1.36119
21 51 2.0325 0.881228
21 52 1.50695 -0.197259
21 53 1.43026 -0.29822
21 54 0.183859 0.192066
21 55 -0.286801 -0.31379
21 56 -1.12568 0.348982
21 57 -1.02084 0.405374
21 58 -0.00844617 0.0401623
21 60 0.265876 0.05298
21 61 0.356259 -0.244286
21 62 0.0631287 0.00709882
21 63 -0.00643561 -0.000442846
21 64 0.0348951 0.00124269
21 65 -0.0475028 0.250846
22 33 5.78865 -0.967739
22 34 5.37295 2.1573
22 35 3.61241 1.85331
22 36 3.84725 2.703
22 37 6.66681 3.38739
22 38 12.0434 1.90052
22 39 7.17696 2.6618
22 40 0.205266 -1.70792
22 41 7.49636 -2.24582
22 42 4.03786 0.908996
22 43 0.916042 2.39387
22 44 4.42372 4.8815
22 45 1.83682 0.238479
22 46 0.0808398 -0.559735
22 47 -0.932598 0.465629
22 48 2.32295 -1.98211
22 49 -1.69504 -0.916451
22 50 -0.684971 0.579757
22 51 1.48045 -0.79902
22 52 0.0458827 0.103921
22 53 0.747529 0.270142
22 54 0.521914 0.438264
22 55 -0.130803 0.54643
22 56 -1.72255 -0.330239
22 57 -0.739037 0.475889
22 58 0.0351236 0.0949481
22 60 -0.271043 0.0364974
22 62 0.695645 0.431022
22 63 0.178005 -0.310116
22 66 0.0330692 -0.00526941
23 33 4.94695 -2.72735
23 34 10.1765 -4.8465
23 35 5.96943 4.76722
23 36 -1.44863 -3.36663
23 37 2.34948 0.739802
23 38 7.56694 1.57589
23 39 7.20131 6.0407
23 40 12.1826 -2.3983
23 41 5.18482 3.97017
23 42 -1.39923 1.3988
23 43 -2.01512 1.82004
23 44 1.00365 -2.01847
23 45 3.27108 -0.577415
23 46 2.53021 0.720304
23 47 0.174781 2.40255
23 48 -1.13836 6.36646
23 49 1.51103 0.498833
23 50 0.953612 0.183184
23 51 0.362215 0.360423
23 52 -0.264231 -0.297017
23 53 -0.828914 1.99691
23 54 0.772534 -0.268537
23 55 0.576428 -0.0811008
23 56 -1.4887 0.227656
23 57 -0.501463 -0.0319793
23 58 0.32118 2.33408
23 59 -1.0851 0.954226
23 60 -0.0189568 0.00275378
23 62 -1.87233 -0.159525
23 63 0.473021 -0.199853
23 66 0.789145 -0.45449
24 33 0.459045 -0.559432
24 34 3.09705 -0.67848
24 35 8.71745 -3.45831
24 36 6.32933 -4.53364
24 37 1.39022 -1.17955
24 38 0.863917 1.12301
24 39 12.7944 -1.00937
24 40 5.58283 2.52968
24 41 -1.24344 4.1047
24 42 2.89254 -4.80357
24 43 3.81058 1.06417
24 44 3.35147 3.25172
24 45 0.170243 -0.67855
24 46 -0.0853417 2.99511
24 47 -0.0349129 1.21956
24 48 0.0349242 2.17761
24 49 1.30299 -0.377625
24 50 -0.793178 0.664843
24 51 0.491591 -1.07703
24 52 -0.876105 0.745082
24 53 -0.662242 0.713148
24 54 -0.15687 1.72905
24 55 1.80599 1.74217
24 56 -0.0839296 0.0875548
24 57 -0.413921 -0.534008
24 58 0.0828181 1.0804
24 59 -0.108435 0.924375
24 60 0.0904138 -0.0341461
24 61 0.7089 0.0693592
24 62 0.0947527 -0.266658
24 63 0.0974425 0.0499755
24 64 -0.126729 0.316135
24 65 -0.112407 -0.012741
24 66 0.427696 0.424692
25 33 2.35315 -0.774505
25 34 5.16212 -3.73689
25 35 2.28489 -1.90157
25 36 3.13607 -1.83151
25 37 2.50512 0.525333
25 38 0.601761 -1.91249
25 39 2.37482 2.14051
25 40 5.65827 2.0517
25 41 -0.581846 2.0604
25 42 7.55782 0.644521
25 43 5.81511 2.99778
25 44 2.07503 -0.444092
25 45 0.17915 0.254043
25 46 2.074 -0.448549
25 47 1.781 0.69008
25 48 -0.716959 -0.184921
25 49 0.249711 -0.0959678
25 50 0.207856 0.17781
25 51 1.00194 1.6973
25 52 -2.45949 0.751618
25 53 0.127025 0.0966933
25 54 0.455269 1.54463
25 55 -1.32173 0.786694
25 56 -1.28763 0.591531
25 57 0.0322978 0.055916
25 58 0.0689764 0.162068
25 61 0.524775 -0.208418
25 64 -0.447704 0.221356
25 65 -0.00837103 0.00375207
25 66 0.480236 0.107176
26 33 0.287207 -2.13508
26 34 14.4164 -1.43024
26 35 2.87107 -0.981197
26 36 3.26395 -1.85396
26 37 1.24509 -0.289512
26 38 9.31075 1.44011
26 39 11.135 -3.51503
26 40 4.80164 -0.618005
26 41 2.07087 6.40275
26 42 6.2508 2.24967
26 43 8.72845 1.01348
26 44 5.5997 1.02083
26 45 -0.477848 -0.738573
26 46 0.154393 0.0588794
26 47 2.59707 1.16202
26 48 0.947196 -0.497159
26 49 1.45176 0.00790565
26 50 -0.239493 1.69496
26 51 -0.613401 1.74019
26 52 2.14534 -0.614401
26 53 0.663912 0.280902
26 54 0.0134485 -0.102127
26 55 -0.944624 -0.0979325
26 56 -2.64165 0.981431
26 57 -0.639556 -0.157194
26 58 -0.441996 0.0152517
26 59 -0.737217 0.597528
26 60 1.17658 0.496822
26 61 0.880017 -0.949436
26 62 -0.84147 0.661056
26 66 -0.0556861 -0.377722
27 33 3.68492 -4.54226
27 34 8.4742 -2.49928
27 35 3.78358 -2.54347
27 36 7.30387 0.805812
27 37 5.22892 0.411972
27 38 2.59465 -2.90601
27 39 5.77999 -2.30467
27 40 5.17287 1.30382
27 41 0.229251 -1.30699
27 42 2.92806 3.63136
27 43 -0.279523 1.86548
27 44 1.79 0.772295
27 45 2.22822 1.70241
27 46 6.80456 1.32898
27 47 0.785365 0.58461
27 48 -0.314826 2.5621
27 49 -0.478999 1.80758
27 50 1.45865 0.873605
27 51 -0.596094 -0.856942
27 52 2.24784 1.31108
27 53 0.553079 -0.021469
27 54 1.35277 0.622535
27 55 0.0882235 0.0561705
27 56 -0.0538119 0.0297117
27 57 -0.396697 -0.556007
27 58 0.126052 -0.00413891
27 59 -0.189576 -0.0539141
27 60 0.497727 -0.704243
27 61 -0.0517538 0.159333
27 62 0.129636 -0.0165449
27 63 -0.25827 -0.122271
27 64 0.672376 0.107977
27 65 -0.169672 -0.123449
27 66 0.0893331 0.249562
28 33 3.60079 0.173825
28 34 5.5492 0.307217
28 35 1.43795 2.13835
28 36 4.37519 1.43469
28 37 0.913822 -5.85893
28 38 5.28387 -0.822259
28 39 -3.58765 -4.45224
28 40 7.29668 -5.49037
28 41 5.26798 0.195756
28 42 0.366474 5.07422
28 43 0.837926 2.79817
28 44 0.116339 2.38912
28 45 1.82388 0.175713
28 46 2.56848 0.823341
28 47 1.88312 -3.41751
28 48 3.69877 0.714791
28 49 0.939536 0.462818
28 50 0.714724 0.843369
28 51 0.906157 1.03394
28 52 1.92468 1.02463
28 53 0.31256 0.160851
28 54 -0.329843 0.143407
28 55 -0.280732 -0.21487
28 56 0.32164 0.457894
28 57 -0.463232 0.111401
28 58 0.367698 -0.153433
28 59 0.0165446 0.0463002
28 61 -0.891206 -0.160802
28 62 0.0473154 0.018797
28 64 -0.157878 0.142567
28 65 -0.0940483 -0.0637066
28 66 0.293253 0.00509788
29 33 2.00327 0.0631019
29 34 6.50303 2.50629
29 35 -0.57444 -0.2982
29 36 6.97573 -2.60716
29 37 -1.16505 -1.45204
29 38 6.99255 2.58091
29 39 1.71807 -2.38106
29 40 4.10228 4.7666
29 41 6.41719 2.08936
29 42 4.56125 -2.10168
29 43 3.31822 0.536793
29 44 4.07521 -1.68995
29 45 -0.444902 0.523715
29 46 -2.6819 -1.82408
29 47 -0.758678 -0.673592
29 48 0.638073 0.908451
29 49 1.03253 0.398691
29 50 0.305064 -0.700081
29 51 1.13714 -0.448731
29 52 0.0396407 -0.98344
29 53 -1.03155 0.682318
29 54 2.35628 0.865289
29 55 0.00991248 0.441476
29 56 -0.515143 1.19151
29 57 0.253975 -0.169499
29 58 1.46933 -0.101007
29 60 -0.553614 -0.36382
29 61 0.131321 0.142416
29 62 1.33443 1.43244
29 63 0.360901 0.400872
29 64 0.555433 -0.441133
29 65 -0.088439 -0.107758
30 33 3.7431 -1.19477
30 34 -1.16573 2.77639
30 35 1.92075 -5.46982
30 36 9.65119 1.05237
30 37 -6.37428 5.3355
30 38 6.75359 9.51387
30 39 4.37708 -0.782185
30 40 7.06748 3.62627
30 41 9.57209 3.92853
30 42 0.366306 4.33587
30 43 2.0037 6.40335
30 44 2.54332 7.76762
30 45 2.30721 4.28469
30 46 0.871065 -0.347056
30 47 1.42834 2.8707
30 48 -0.924463 1.25917
30 49 1.91137 -2.20623
30 50 -0.63034 -1.58873
30 51 -0.664195 -0.463062
30 52 1.95031 0.147579
30 53 -1.6055 1.8537
30 54 -0.281497 -0.0151256
30 55 0.119838 -0.0626842
30 56 0.157617 0.367653
30 57 -0.809703 0.688404
30 58 -0.240961 0.511302
30 59 -0.354125 -0.129849
30 60 -1.4384 -0.288179
30 61 3.07054 0.534323
30 63 0.0940789 0.00503113
30 65 -0.423326 -0.00838721
31 33 -0.317148 3.14083
31 34 4.2865 -2.67383
31 35 2.57841 0.0719211
31 36 3.64793 -2.08736
31 37 4.16789 -3.01522
31 38 1.3371 0.496805
31 39 8.791 1.97217
31 40 9.80453 -1.58279
31 41 4.37395 4.08367
31 42 1.95068 3.36147
31 43 6.69672 3.38398
31 44 0.100298 0.7536
31 45 4.83268 3.2708
31 46 4.79046 0.549274
31 47 3.08223 -1.47548
31 48 -0.403193 0.331673
31 49 0.378952 -0.0229963
31 50 1.58636 -0.392957
31 51 -0.187582 0.0560577
31 52 -0.193421 -0.19615
31 53 -1.61778 0.832178
31 54 -1.39971 0.0776143
31 55 -0.168242 0.63709
31 57 -1.8211 0.241342
31 59 0.612548 0.51254
31 60 -1.48973 0.696112
31 61 0.128888 0.0167236
31 62 -0.0635653 0.000331689
31 63 -0.373772 0.0223852
31 64 -0.267099 -0.0813481
31 66 0.193343 0.00993011
32 33 6.48737 -0.570832
32 34 9.54734 -0.00893886
32 35 2.72142 -1.27425
32 36 5.99733 6.061
32 37 3.74919 -0.837596
32 38 6.75508 -1.069
32 39 12.1077 10.3973
32 40 7.70271 2.44034
32 41 0.00366225 -1.31451
32 42 -1.22149 1.39986
32 43 3.2946 1.93972
32 44 0.388821 1.39261
32 45 -0.047685 -0.670712
32 46 -0.471432 1.66189
32 47 0.755272 3.01025
32 48 1.91153 0.12601
32 49 -1.27972 1.25183
32 50 -1.1994 -0.911043
32 51 0.906452 -0.0728336
32 52 0.959031 1.60723
32 53 -0.935954 -0.0706257
32 54 -0.843274 0.137494
32 55 1.42442 -0.636803
32 56 0.0355224 0.0923459
32 57 -0.850061 2.0513
32 58 1.46265 0.103476
32 59 0.571963 -0.245275
32 60 0.413164 0.204251
32 61 -0.440511 -0.1292
32 62 1.4229 0.448952
32 66 0.0765345 0.158555
33 33 2.10262 0.862388
33 34 1.75095 -4.17259
33 35 5.44635 -2.6311
33 36 9.27786 1.31502
33 37 3.80694 2.78162
33 38 3.09628 -1.15516
33 39 -1.49465 -0.0831619
33 40 10.4523 -3.17711
33 41 4.61588 1.2289
33 42 -1.12996 -0.242615
33 43 0.915428 5.08033
33 44 5.1734 1.93693
33 45 0.304778 1.86828
33 46 2.27595 3.24182
33 47 -0.352904 -0.411518
33 48 -2.35738 0.254969
33 49 0.992201 0.0880123
33 50 0.291999 0.40835
33 51 -0.651265 -0.128985
33 52 0.288774 1.49016
33 53 0.495175 -0.211497
33 54 -0.712016 -0.243313
33 55 1.00205 -0.277792
33 56 0.00653391 0.00310499
33 57 0.537248 -0.992298
33 58 -2.29302 0.566693
33 59 -0.00548025 -0.00244489
33 60 -0.00470912 0.0432684
33 61 -0.176295 -0.14545
33 62 0.152036 -0.137419
33 63 0.443172 -1.00187
33 64 -0.619915 -0.502271
33 65 -1.46788 -0.282151
34 33 2.86404 0.445726
34 34 2.46422 -0.063542
34 35 4.07005 -0.543879
34 36 3.28814 0.960989
34 37 0.848144 -2.14728
34 38 7.39403 0.785071
34 39 3.75348 -2.59078
34 40 4.21035 3.24082
34 41 1.82745 1.17177
34 42 2.58993 2.31319
34 43 3.95212 1.82394
34 44 3.67002 0.463598
34 45 -0.162402 0.415629
34 46 0.200072 -0.131683
34 47 -1.05231 -2.48643
34 48 1.11697 1.06824
34 49 1.61171 -0.720071
34 50 -1.93748 1.9901
34 51 0.232313 0.524012
34 52 -0.0870499 0.115078
34 53 -0.176477 -0.034212
34 54 -2.17945 0.664448
34 55 -0.045581 -0.573729
34 56 0.386482 0.254318
34 57 -0.368498 0.0585755
34 58 -0.97161 0.618482
34 60 0.780416 0.348115
34 61 -0.278541 0.134971
34 62 1.95977 -0.665601
34 63 -2.22995 -0.359493
34 64 -0.680822 0.365452
34 65 0.510374 0.0770124
35 33 2.67237 -1.40653
35 34 4.9851 -1.88521
35 35 6.7994 -1.05734
35 36 1.66169 0.538003
35 37 4.87019 2.09627
35 38 1.79232 2.89019
35 39 10.5315 3.36139
35 40 -1.87417 2.03125
35 41 -2.54903 2.60332
35 42 4.19666 -2.70607
35 43 2.08479 4.66834
35 44 3.35835 -0.0595348
35 45 0.00744498 1.36011
35 46 0.891595 0.592889
35 47 5.21467 -1.66641
35 48 0.60772 0.756163
35 49 -0.819128 -0.719452
35 50 0.964575 1.03749
35 51 -0.727602 0.581482
35 52 -1.15648 -0.177771
35 53 1.9178 0.705303
35 54 -0.569823 -1.08486
35 55 -0.476045 -0.29155
35 56 0.218228 0.0584342
35 57 -0.0840563 -0.0050821
35 58 -0.75585 0.682686
35 59 0.153359 0.450418
35 60 0.325259 0.0205789
35 61 0.350794 0.163045
35 62 -0.390984 0.169726
35 63 0.482517 0.633373
35 64 -0.276864 0.362904
35 65 0.0174562 0.0178457
36 33 2.36394 -0.58542
36 34 6.33061 -2.40336
36 35 9.27809 3.27136
36 36 3.42289 2.02187
36 37 5.57774 -0.624864
36 38 2.22147 -1.58362
36 39 9.99342 -0.341803
36 40 10.0739 -0.394103
36 41 1.28672 1.25554
36 42 3.8185 2.55427
36 43 -0.512913 1.67201
36 44 4.23357 2.44556
36 45 0.223173 1.44279
36 46 1.58733 -0.89923
36 47 2.32805 -0.362431
36 48 0.525519 1.53768
36 49 1.05896 0.196796
36 50 0.499742 0.769597
36 51 0.181521 -0.00206372
36 52 -2.10413 0.0563769
36 53 1.39765 0.326031
36 54 0.559914 0.192226
36 55 0.0499281 -0.0124175
36 57 0.64732 -0.725819
36 58 0.131114 1.18405
36 59 0.288446 -0.143409
36 60 0.46254 0.36003
36 61 0.677732 0.460916
36 62 0.741674 0.605558
36 63 -0.00925517 0.00789959
37 33 5.59237 1.11192
37 34 1.83924 -2.8121
37 35 -2.15897 -1.61163
37 36 2.00974 -2.74268
37 37 5.91787 -0.342838
37 38 -1.15451 -2.70192
37 39 8.19207 -3.50678
37 40 4.03293 1.20669
37 41 8.75316 0.606669
37 42 5.02885 -0.596636
37 43 -0.201723 0.326624
37 44 6.14217 0.779399
37 45 3.71425 1.29778
37 46 2.65794 -1.61546
37 47 0.0623416 2.37365
37 48 0.849707 -1.03011
37 49 0.188933 -3.3054
37 50 3.18768 2.7697
37 51 0.269636 0.490386
37 52 -0.857849 2.3556
37 53 -2.1472 -0.603997
37 54 1.52086 1.64999
37 55 -0.229367 -0.0647154
37 56 -0.837386 -0.0718314
37 57 -1.15618 -0.209718
37 58 0.700098 -0.379612
37 59 0.670366 0.612132
37 60 -3.0309 2.49207
37 61 -0.0218169 0.0331564
37 62 -0.0294597 -1.43147
37 63 -0.104218 -0.279737
37 64 -0.388946 0.48009
38 33 7.77404 -1.76013
38 34 -0.88821 -3.44396
38 35 6.53162 0.436602
38 36 3.01993 -1.5452
38 37 11.122 0.57436
38 38 2.9932 -0.272841
38 39 6.69932 -0.607668
38 40 5.44803 -2.01084
38 41 7.49384 -1.05431
38 42 2.49839 -0.754862
38 43 0.528953 0.62383
38 44 0.180502 -2.28981
38 45 4.73326 2.35468
38 46 0.99397 -0.673108
38 47 -1.57279 -1.92911
38 48 0.395226 -1.28851
38 49 -1.53139 0.967357
38 50 -0.0181909 0.96976
38 51 -3.5957 2.50286
38 52 1.2559 -0.00273278
38 53 1.23173 -0.166849
38 54 1.66508 -1.91424
38 55 0.397357 0.150335
38 56 -0.133968 0.357889
38 57 0.0602458 -0.246532
38 58 0.467648 0.110894
38 59 0.108344 -0.277217
38 60 -0.32816 -0.575169
38 62 0.730969 0.479921
38 64 1.104 -0.678855
38 65 -0.00106796 0.00167569
39 33 4.31071 -0.246332
39 34 -0.525068 1.91893
39 35 4.58299 -5.27585
39 36 8.61411 -3.85881
39 37 6.39107 0.920575
39 38 -0.643355 2.56123
39 39 9.48858 -6.95343
39 40 -0.497423 -0.337481
39 41 6.8518 3.72064
39 42 -0.955155 4.56117
39 43 -3.86015 0.688318
39 44 3.13817 2.00058
39 45 6.32991 -0.288852
39 46 -0.92781 1.29527
39 47 1.27489 1.47407
39 48 0.997732 0.696807
39 49 4.3464 -0.537975
39 50 0.287327 -0.839099
39 51 -1.02038 1.1519
39 52 2.28723 -0.758237
39 53 -1.57799 1.23583
39 54 3.6116 -0.795988
39 55 0.503885 -0.935333
39 56 0.197662 -0.00372707
39 57 0.00436901 0.00277008
39 58 0.513068 -0.0962731
39 60 0.161804 -0.0267925
39 61 0.144807 0.377092
39 62 -0.321506 -0.361489
39 63 0.207864 -0.171201
40 33 0.277607 -0.590691
40 34 -1.27083 -0.0845066
40 35 4.63445 0.58379
40 36 7.17808 -6.37115
40 37 3.18087 -4.37701
40 38 1.67337 -1.74314
40 39 5.32585 -2.18007
40 40 8.62065 0.211966
40 41 -1.28679 -0.607912
40 42 4.1643 -0.871314
40 43 0.810975 -0.54464
40 44 -0.243049 3.86411
40 45 -0.322089 4.64712
40 46 1.48664 -0.358384
40 47 0.833418 1.56163
40 48 0.297968 2.47811
40 49 2.78719 -0.749764
40 50 2.15231 1.06694
40 51 0.484622 0.355029
40 52 1.71362 2.39844
40 53 0.964096 -0.761445
40 54 -0.220658 0.848464
40 55 0.0258092 0.331864
40 56 -0.298155 0.703984
40 57 -0.655479 0.370814
40 58 1.38308 0.591471
40 59 0.162652 0.696849
40 60 0.641366 -0.208761
40 61 -0.197231 -0.0667223
40 62 0.834035 1.15956
40 63 0.706052 0.190072
40 66 0.0166099 0.0335143
41 33 0.379137 -0.68257
41 34 -3.2486 1.61325
41 35 12.6029 0.468289
41 36 3.22719 0.320315
41 37 3.99397 -3.69785
41 38 3.02777 1.38034
41 39 8.31818 0.438022
41 40 5.13545 -4.78637
41 41 2.62017 -0.0653753
41 42 4.22933 -0.718373
41 43 3.94036 -0.223766
41 44 -1.60513 4.0964
41 45 2.20143 -1.11841
41 46 2.65807 -0.755437
41 47 3.9972 3.9493
41 48 0.732052 0.698824
41 49 1.80755 1.6883
41 50 1.29628 0.109237
41 51 -0.52374 -0.688198
41 52 -0.327322 0.84797
41 53 -1.23857 -0.334773
41 54 0.404795 0.315347
41 55 0.105072 -0.417838
41 56 -1.33365 0.971021
41 57 -0.236266 0.558252
41 58 -0.384942 0.159604
41 59 1.09352 0.845011
41 61 -1.77423 0.552174
41 62 0.210744 0.185792
41 63 -0.031777 0.0390266
41 65 -0.0655121 0.48889
41 66 -0.0364496 -0.0605847
42 33 0.868342 -0.158708
42 34 6.2415 -2.73924
42 35 5.49319 0.167299
42 36 4.54274 -4.07643
42 37 -2.54775 2.00399
42 38 5.76721 -2.02083
42 39 1.32368 -2.99347
42 40 4.03453 -1.6541
42 41 4.25588 0.884504
42 42 -0.487012 0.33417
42 43 2.56326 0.923433
42 44 7.09584 0.676687
42 45 0.79261 -0.859248
42 46 1.66108 0.0921029
42 47 1.94038 0.303136
42 48 -0.712512 1.83783
42 49 -0.845954 2.69541
42 50 1.59245 1.6198
42 51 0.923742 0.543546
42 52 0.576369 -0.465615
42 53 -0.641895 -0.659727
42 54 0.174968 0.848163
42 55 1.20406 0.724474
42 56 0.42672 0.0681871
42 57 -2.04635 1.15092
42 59 0.0656084 -0.154657
42 60 0.345959 0.425796
42 61 -1.54128 -0.67471
42 62 0.391361 0.243365
42 63 -0.687448 -0.326007
42 64 -0.366382 -0.202824
42 65 -0.383213 0.964236
43 33 2.00722 -2.17355
43 34 -1.07156 0.0815357
43 35 -1.44316 -0.372832
43 36 1.99473 0.173437
43 37 6.65322 -0.315073
43 38 0.486364 1.30721
43 39 8.31324 1.64718
43 40 1.19748 1.30644
43 41 -1.61037 -2.83314
43 42 2.96287 5.83492
43 43 3.70004 0.325515
43 44 0.472606 2.43936
43 45 -0.906803 1.41321
43 46 1.88844 -0.254045
43 47 -1.74181 1.16959
43 48 0.797738 4.94983
43 49 -3.86223 -0.979643
43 50 1.45104 2.2611
43 51 -0.200358 -0.26779
43 52 1.03459 -0.322262
43 53 0.732215 -0.00764911
43 54 0.137393 0.545521
43 55 -0.282518 -0.200112
43 56 1.69614 -2.06584
43 57 -0.806425 -0.0133463
43 58 1.40682 0.6709
43 59 -0.213767 -0.0361422
43 60 0.153936 -0.0836168
43 61 0.369983 0.138697
43 62 -1.04238 0.822123
43 63 -0.0915923 -0.176444
43 64 -0.367435 0.158021
43 65 1.47059 -0.398417
44 33 2.30574 1.03073
44 34 3.7914 -3.28245
44 35 3.62232 -1.30353
44 36 -0.715571 1.33631
44 37 -0.541131 -0.274165
44 38 1.6561 2.16654
44 39 4.23041 2.18211
44 40 3.97672 0.234804
44 41 0.0620794 2.49513
44 42 1.11518 0.69776
44 43 -1.66715 1.10007
44 44 3.30318 1.86984
44 45 1.30532 -0.327216
44 46 2.6477 -0.189088
44 47 3.20675 2.98816
44 48 2.16947 -1.08953
44 49 4.71921 0.942462
44 50 -2.03923 1.48136
44 51 -0.0788359 1.17496
44 52 0.0468457 1.0548
44 53 -0.749507 -1.71832
44 54 -1.38147 0.439038
44 55 0.07639 0.0630506
44 56 -1.68077 -1.26555
44 57 0.728596 0.209311
44 58 -0.570586 0.159347
44 59 -0.820863 0.544107
44 60 -0.183 0.613527
44 61 -0.248347 -0.673892
44 63 -0.439282 0.683031
44 65 0.851102 0.951433
45 33 3.09003 0.826851
45 34 -0.697744 0.424899
45 35 4.28572 1.08272
45 36 7.39663 0.836685
45 37 0.873289 -4.36412
45 38 4.58197 0.659342
45 39 4.79939 -0.873512
45 40 2.87977 -0.275986
45 41 1.16647 1.83562
45 42 2.23973 7.02246
45 43 1.81811 0.0504921
45 44 -0.891198 -0.161989
45 45 -2.70974 1.48147
45 46 -1.69345 3.89708
45 47 -1.84629 0.416283
45 48 2.01684 0.320921
45 49 -1.38765 1.80313
45 50 2.83609 2.13404
45 51 1.66509 -1.86644
45 52 -0.457835 -0.172189
45 53 0.744624 0.778754
45 54 -0.638809 -0.0324836
45 55 -0.421167 0.253808
45 56 0.969635 0.218122
45 57 0.12602 2.49037
45 58 -1.80868 -0.226113
45 59 -0.315368 0.315288
45 60 -0.348366 -0.383045
45 61 -0.111954 -0.0340335
45 62 0.17703 -0.890835
45 63 -0.079798 0.193298
46 33 -0.316042 -2.06739
46 34 4.13353 1.00263
46 35 1.1287 -0.295639
46 36 9.92132 -2.98284
46 37 3.76391 0.478247
46 38 1.93739 -1.38394
46 39 -1.38112 -0.0305853
46 40 2.59512 3.65083
46 41 1.07981 3.04384
46 42 7.05118 1.43549
46 43 1.07898 0.560942
46 44 5.00214 0.189113
46 45 -2.36943 1.31114
46 46 1.99134 0.850889
46 47 -0.0667935 1.01837
46 48 2.06744 -1.36856
46 49 3.06242 0.644636
46 50 -1.05041 1.24
46 51 0.840833 -1.18742
46 52 1.3328 0.333493
46 53 -0.369968 1.45568
46 54 0.299045 0.155568
46 55 0.47759 0.884594
46 56 1.48249 -0.019652
46 57 -0.0578187 0.470405
46 59 -0.0478606 -0.0751162
46 60 0.0112408 0.0463511
46 62 -0.830019 -1.49866
46 63 -0.153387 -0.229008
46 64 1.38936 -0.250457
46 65 0.0129651 0.0341682
46 66 0.220695 0.650987
47 33 3.3778 -0.713384
47 34 0.300068 -5.79163
47 35 4.17135 1.28078
47 36 3.12875 4.1542
47 37 2.42576 -1.6102
47 38 8.85054 3.67894
47 39 2.37276 0.206311
47 40 9.93803 0.913512
47 41 6.32273 -2.08422
47 42 8.1571 -1.53506
47 43 0.185602 4.35907
47 44 4.50495 0.538318
47 45 2.40714 0.280842
47 46 0.746281 2.25309
47 47 0.236852 1.64172
47 48 3.88495 2.62138
47 49 -0.139558 0.249464
47 50 -0.409784 -0.60294
47 51 0.655433 0.936641
47 52 -0.73146 0.378322
47 53 2.43324 -0.536325
47 54 0.972252 0.230366
47 55 -0.077903 0.703864
47 56 -1.94062 0.51092
47 57 -0.130918 -0.318098
47 58 0.436205 -0.160721
47 59 1.75602 -0.306266
47 60 0.484197 -0.0300592
47 61 0.348027 0.378004
47 62 -0.100134 1.24656
47 63 0.253496 -0.306819
47 64 0.0656139 -0.134396
47 66 0.583106 0.135729
48 33 0.654814 -1.59674
48 34 3.06075 -3.62657
48 35 4.31061 -1.20763
48 36 3.15337 -3.39162
48 37 4.79649 -0.425251
48 38 2.82992 -2.58801
48 39 1.55797 -0.69647
48 40 3.57533 -0.39182
48 41 5.11201 -2.10211
48 42 1.15337 3.35205
48 43 -1.34332 4.08686
48 44 0.932293 -1.18886
48 45 0.577671 0.209202
48 46 1.59257 1.44402
48 47 0.323508 0.62414
48 48 -0.937923 0.63415
48 49 -0.680899 0.263823
48 50 -1.34165 0.629802
48 51 -0.780006 1.64962
48 52 0.376382 0.420744
48 53 -1.42969 1.99627
48 54 0.379274 -0.296983
48 55 2.12843 -0.0318195
48 56 -1.0947 0.912397
48 57 -2.14981 -0.883313
48 58 0.560216 0.497708
48 59 0.120975 -0.16547
48 60 0.491475 0.596858
48 61 0.169226 -0.0399934
48 63 1.07661 -0.103434
48 64 0.311145 0.263132
49 33 0.256835 1.32862
49 34 5.49345 1.86997
49 35 4.32159 -2.38288
49 36 3.78297 0.825956
49 37 4.97477 -2.74687
49 38 6.26295 -0.407556
49 39 2.1023 -0.78818
49 40 -1.05347 -1.59342
49 41 7.88993 2.57656
49 42 -3.87804 0.327207
49 43 2.39343 0.677264
49 44 1.71434 -2.01693
49 45 5.53225 2.42485
49 46 -1.8376 -1.11631
49 47 2.17528 -2.31206
49 48 0.712611 0.599602
49 49 -2.75039 -0.200317
49 50 0.863572 2.20957
49 51 -0.933785 0.665078
49 52 0.259507 -0.291459
49 53 1.41363 0.694929
49 54 3.19508 2.68222
49 55 -0.0631839 0.145455
49 56 0.424284 0.608663
49 57 0.141045 -0.0191104
49 58 0.0299978 -0.000991597
49 59 1.20772 0.389115
49 60 0.00818528 -0.0499179
49 61 -1.61495 2.01933
49 62 -0.240173 0.0717332
49 63 -1.06025 2.71544
49 64 0.452689 1.55114
49 65 0.396278 0.339516
49 66 -0.172166 0.0512483
50 33 1.21268 2.17763
50 34 1.3712 4.96636
50 35 -1.03778 1.37761
50 36 2.95584 -0.0242992
50 37 3.35807 -0.174904
50 38 0.0366715 2.25402
50 39 -0.456023 -0.10062
50 40 0.565952 1.26996
50 41 7.23627 -0.420742
50 42 2.78173 5.08624
50 43 5.93296 2.0806
50 44 -1.02869 0.289782
50 45 2.66099 1.13101
50 46 2.13091 2.10819
50 47 2.43253 1.61787
50 48 -0.105548 1.55448
50 49 2.05614 -1.93134
50 50 2.22491 -0.727815
50 51 0.164165 0.0782498
50 52 -0.387231 -0.597593
50 53 1.43022 0.372791
50 54 2.79594 0.938576
50 55 1.11508 -0.291344
50 56 1.09156 0.784599
50 57 0.228491 0.490543
50 58 0.161916 -0.130691
50 59 -0.818723 0.0234275
50 60 0.447342 -0.562386
50 61 -0.371375 0.496308
50 63 0.166815 0.0895454
50 65 0.480284 -0.233086
50 66 -0.369646 0.373005
51 33 3.83137 0.689018
51 34 4.67298 -2.30851
51 35 3.53254 -2.30535
51 36 6.10155 -0.883423
51 37 4.0122 0.543466
51 38 1.067 -1.59828
51 39 3.8921 0.802916
51 40 1.16166 -1.05916
51 41 7.83265 0.63175
51 42 3.58756 -2.51821
51 43 7.55764 -0.129601
51 44 -1.35216 -0.217974
51 45 0.923373 0.539353
51 46 1.17614 -0.50006
51 47 2.57548 2.81421
51 48 0.829856 -0.303784
51 49 0.549971 -0.952419
51 50 4.12612 -0.540571
51 51 0.600166 -0.544021
51 52 0.186536 0.695952
51 53 -2.68458 0.59769
51 54 0.183376 1.51712
51 55 0.694412 0.538566
51 56 0.493024 0.886565
51 57 -1.49946 0.660637
51 58 0.24572 0.104965
51 59 0.0194796 -0.120666
51 60 -0.0327629 0.095918
51 61 0.368345 2.42887
51 63 -0.0356773 0.0183377
51 65 0.205576 -0.404756
51 66 0.0330244 -0.204662
52 33 5.63917 -4.4202
52 34 5.49064 -2.30796
52 35 1.7491 -0.490688
52 36 -1.61784 -1.30636
52 37 0.340066 4.59003
52 38 4.49888 0.489324
52 39 1.17547 2.49693
52 40 5.12288 0.156738
52 41 -5.51321 0.400758
52 42 3.88986 -1.08244
52 43 3.79839 -0.676711
52 44 3.0881 0.794635
52 45 0.494308 -0.545013
52 46 1.90063 1.62938
52 47 -0.229926 -0.670625
52 48 1.23152 1.90693
52 49 0.753897 -0.328137
52 50 -0.630868 0.981903
52 51 -0.891408 0.0729678
52 52 0.275271 -0.325815
52 53 0.0981166 -0.0128174
52 54 -0.364902 0.757577
52 55 0.66395 1.14249
52 56 0.955461 1.49184
52 57 0.860134 -1.38659
52 59 -0.36901 2.00709
52 60 0.401745 0.199662
52 61 -1.02179 -0.434271
52 62 0.409697 0.259883
52 63 0.326647 0.0384769
52 65 -0.375312 -0.171308
52 66 0.750741 -0.0447342
53 33 3.25906 0.754022
53 34 1.53181 -2.37446
53 35 3.1475 -0.248501
53 36 4.82062 0.619446
53 37 0.131011 -0.617825
53 38 0.520466 -1.0661
53 39 2.32155 -0.103687
53 40 1.85596 -1.20694
53 41 6.47156 3.05779
53 42 5.00338 2.02811
53 43 1.07553 0.386138
53 44 4.60735 0.776206
53 45 1.31684 0.78601
53 46 -0.475113 2.10664
53 47 2.18697 2.61767
53 48 1.45339 2.56334
53 49 -1.46315 0.434694
53 50 1.88025 -0.331236
53 51 0.22826 0.76701
53 52 0.641759 0.872708
53 53 0.578417 -0.153007
53 54 -0.535308 1.66798
53 55 1.30619 -1.37968
53 56 -1.34902 -0.590136
53 57 -0.436085 -0.729308
53 58 0.102763 -0.5097
53 59 -0.333249 1.33478
53 60 1.64374 -0.192553
53 61 -0.283762 0.128744
53 62 -0.184073 0.835133
53 63 2.32223 0.569003
53 64 -0.375598 0.170265
53 65 -0.337614 0.0608351
54 33 -0.0309634 -0.26734
54 34 1.35515 -2.05833
54 35 2.55119 -6.2475
54 36 2.04866 -2.4754
54 37 1.34016 -2.55914
54 38 1.17945 0.367822
54 39 3.70145 -3.92306
54 40 2.38633 0.199694
54 41 0.909774 -1.65156
54 42 9.16025 0.598912
54 43 2.3078 2.2091
54 44 -4.45178 -0.295831
54 45 1.43345 1.76836
54 46 -0.370383 -0.55417
54 47 -0.341183 2.94989
54 48 2.79421 -0.394267
54 49 -1.68497 0.171516
54 50 -2.31594 0.410399
54 51 0.233112 1.21153
54 52 -0.138892 0.554052
54 53 0.711688 -0.566087
54 54 1.33896 1.09336
54 55 2.15676 1.69486
54 56 -1.09125 0.577748
54 57 0.28027 0.746315
54 58 0.538312 -0.330915
54 60 0.318941 0.519247
54 61 -0.386107 -0.793912
54 62 -0.137733 0.171712
54 63 0.241442 0.187944
54 64 0.305483 0.27459
54 65 0.931823 0.280037
54 66 0.273229 0.682299
55 33 2.35222 -1.35456
55 34 1.8236 -2.5557
55 35 -3.12271 -1.18338
55 36 1.8517 0.368455
55 37 5.09586 0.216402
55 38 4.17996 2.5386
55 39 -0.439485 -0.764931
55 40 5.13416 1.98179
55 41 0.0324802 -0.422133
55 42 0.362442 2.25492
55 43 1.18045 0.858737
55 44 2.16425 -0.757531
55 45 -0.0640533 -1.41919
55 46 0.246854 2.53132
55 47 -0.905869 -9.26019e-05
55 48 0.157713 2.56029
55 49 2.09072 1.30923
55 50 -1.4783 0.261392
55 51 1.41263 1.39805
55 52 0.231136 0.921931
55 53 -0.669979 0.405731
55 54 1.96499 -2.05149
55 55 -0.27165 0.647847
55 56 -0.374282 0.415623
55 57 2.45205 0.243157
55 58 2.07699 0.325098
55 60 1.46476 -0.142968
55 62 0.753824 0.0300033
55 63 0.168876 -0.639992
55 64 0.167285 0.38719
55 65 -0.118044 -0.0963132
55 66 -0.580472 0.629366
56 33 1.63561 0.068216
56 34 0.0980998 -1.19091
56 35 2.83692 -2.07158
56 36 3.3731 -0.498699
56 37 8.4779 2.01796
56 38 4.07729 0.332548
56 39 2.15294 -3.18291
56 40 3.4734 1.28704
56 41 5.46496 -0.823255
56 42 -2.37747 2.80792
56 43 0.856088 0.520985
56 44 -0.519828 -0.611536
56 45 0.85284 1.00996
56 46 1.36417 -0.628099
56 47 1.76638 4.30645
56 48 0.277691 1.81327
56 49 1.98425 0.46898
56 50 -0.690461 1.81447
56 51 0.959976 -0.295125
56 52 0.976164 0.979201
56 53 -0.0440376 0.829834
56 54 -0.306004 -0.190637
56 55 -0.639545 0.0901436
56 56 -0.39064 0.876664
56 57 1.54902 -1.57764
56 58 1.77756 0.294264
56 59 1.15236 0.458214
56 60 0.386606 0.591567
56 61 0.812601 -0.101808
56 64 -0.195521 0.394934
57 33 -0.268124 -0.193706
57 34 4.06721 -1.78784
57 35 -0.741474 -0.1742
57 36 0.931407 1.76196
57 37 2.9073 -2.66672
57 38 2.17377 0.37912
57 39 1.60154 2.22237
57 40 6.36892 -3.27835
57 41 3.48085 0.372114
57 42 2.90068 -0.219167
57 43 2.74162 -1.56351
57 44 2.3694 2.28888
57 45 5.20571 2.7518
57 46 -2.95788 -3.13084
57 47 0.203974 -0.659594
57 48 -0.466779 0.443476
57 49 1.9737 0.897703
57 50 -0.429921 -0.689996
57 51 -1.42038 -0.122481
57 52 0.678831 0.0105947
57 53 -0.40262 1.1262
57 54 -0.0803669 -0.189157
57 55 0.856152 0.677295
57 57 -0.363063 0.0855843
57 58 -0.0974493 0.366552
57 59 1.85853 0.231953
57 60 -0.506024 0.0548297
57 61 -0.0274932 -0.40561
57 62 0.748115 -0.324064
57 63 0.389514 0.158891
57 64 1.14391 0.523487
57 65 0.481326 -0.731517
57 66 0.000213111 0.000187635
58 33 2.67254 -0.664856
58 34 -0.664872 -2.68958
58 35 -1.26314 0.439336
58 36 2.09152 -0.455179
58 37 3.33621 -0.710361
58 38 2.27637 -0.483894
58 39 3.74575 -0.272838
58 40 1.93012 2.35236
58 41 3.79962 2.62037
58 42 2.25025 1.08621
58 43 1.44128 1.09942
58 44 2.41953 -0.886581
58 45 2.64023 -4.68908
58 46 2.14089 -1.39937
58 47 5.48271 -2.72998
58 48 1.28834 1.6964
58 49 -0.690182 2.78082
58 50 1.02383 -1.25158
58 51 0.486935 2.37149
58 52 0.978839 1.57942
58 53 -1.17784 0.425295
58 54 -0.28849 0.579084
58 55 -1.08152 0.329212
58 56 -0.0646082 1.118
58 57 0.747512 0.567191
58 58 -0.56574 0.166922
58 59 0.974079 -0.00911313
58 60 0.397543 0.405318
58 61 2.155 1.50452
58 62 -0.596458 0.0297322
58 64 0.0672636 0.0534516
58 65 -0.953813 0.444708
58 66 -0.144264 -0.105196
59 33 2.05181 3.40173
59 34 2.86832 1.0819
59 35 2.98917 2.66895
59 36 3.31468 -1.32914
59 37 3.7581 -0.764558
59 38 1.97935 1.01995
59 39 -0.806649 -1.26703
59 40 1.52942 7.15302
59 41 1.52297 -0.676615
59 42 2.41844 -2.89787
59 43 2.31018 1.90737
59 44 -1.17238 1.19872
59 45 4.7345 0.304467
59 46 4.08531 1.71083
59 47 0.332149 3.51793
59 48 -2.76454 -1.08039
59 49 0.879728 0.537873
59 50 0.979577 -0.629506
59 51 -0.543506 -0.160673
59 52 -0.410556 1.82527
59 53 2.41397 -0.0637482
59 54 0.381739 -0.313666
59 55 -1.33298 -0.141946
59 56 -0.704025 0.639308
59 57 -1.39123 -0.0806626
59 58 -0.103591 -0.221441
59 59 -0.653853 0.0712899
59 60 0.0354831 -0.156205
59 61 -0.286347 0.473513
59 63 -0.123877 -0.417372
59 64 -0.0462707 0.0185633
59 65 0.225692 0.00879806
60 33 1.72344 -0.380577
60 34 2.47213 -2.30496
60 35 2.0986 0.455594
60 36 0.724564 -2.40501
60 37 3.36469 -1.93016
60 38 8.79812 1.32496
60 39 3.83315 -1.32651
60 40 3.41672 -0.68599
60 41 1.16999 0.526715
60 42 3.87191 1.50608
60 43 -1.54972 1.67299
60 44 2.33685 1.82618
60 45 1.92352 -0.0403015
60 46 2.38422 1.90318
60 47 -0.346553 -0.280306
60 48 3.13584 -0.123879
60 49 0.934969 0.0983028
60 50 1.47027 0.854115
60 51 1.47554 1.3249
60 52 0.129468 -1.65521
60 53 0.193475 -0.296752
60 54 0.365744 0.146186
60 55 0.237995 0.197832
60 56 0.281154 0.247732
60 57 0.0565745 0.0315062
60 58 -0.320084 0.440956
60 59 0.302911 0.123395
60 60 0.0731323 0.0364106
60 61 -0.257488 -0.57382
60 62 0.884019 -0.710348
60 63 -0.164274 -0.458553
60 64 0.0275752 -0.194929
60 65 -0.0379804 -0.0290196
61 33 0.785761 0.725204
61 34 -0.759142 -1.89501
61 35 -0.952386 -2.89268
61 36 2.06375 -0.170207
61 37 1.3645 -0.411779
61 38 2.31571 3.55897
61 39 2.37879 -2.60645
61 40 0.218139 1.72428
61 41 0.911093 2.96531
61 42 3.06846 -0.496998
61 43 0.208184 4.92701
61 44 4.94908 1.42316
61 45 3.46282 1.01336
61 46 3.63906 2.00722
61 47 4.00875 2.32921
61 48 1.56725 0.29364
61 49 1.93706 -1.88896
61 50 3.25317 1.66905
61 51 -1.85336 -0.378593
61 52 -0.572364 -0.581714
61 53 0.883461 0.0251484
61 54 0.682101 0.651139
61 55 -0.496469 0.264016
61 56 0.886121 0.0323946
61 57 1.83255 -0.455692
61 58 0.918114 0.797652
61 59 -1.37221 -0.408949
61 60 -0.807041 1.40307
61 61 -2.16304 -0.381953
61 62 0.182234 -0.337508
61 63 -0.139169 0.29421
61 64 -0.00530647 0.0130161
62 33 1.967 0.658382
62 34 3.51472 0.817898
62 35 3.00646 -0.866406
62 36 1.94009 -2.6589
62 37 1.41787 -1.49851
62 38 3.7237 0.167591
62 39 -1.42991 1.89695
62 40 3.11201 0.0337668
62 41 -0.0779225 -0.190024
62 42 3.61664 1.25351
62 43 2.69252 0.827341
62 44 1.79198 2.48649
62 45 -0.765522 -0.44634
62 46 -1.48101 -0.592059
62 47 4.30287 1.91526
62 48 -0.333527 1.25333
62 49 3.0668 1.04208
62 50 1.44274 1.17448
62 51 1.24862 0.830218
62 52 -0.123583 0.183134
62 53 2.95493 -0.458793
62 54 -1.32883 0.946822
62 55 0.0452852 0.399396
62 56 0.116783 1.2277
62 57 -0.104 0.244438
62 58 0.283705 -0.597412
62 59 0.417135 0.975285
62 60 0.892348 -0.231643
62 61 -1.05571 0.0690302
62 62 -0.284682 -0.503288
62 63 -0.204381 -0.956515
62 64 0.594109 0.706378
62 66 0.0219355 -0.00859579
63 33 0.743883 0.0915171
63 34 0.986349 -0.895379
63 35 4.67411 -1.60792
63 36 0.752805 -0.986627
63 37 4.31423 -1.80264
63 38 5.08739 0.396476
63 39 5.84247 0.709029
63 40 4.11069 -0.544858
63 41 4.11403 1.54271
63 42 5.07334 -0.900148
63 43 6.28255 2.37889
63 44 1.06049 -0.256847
63 45 0.383883 -1.10126
63 46 0.655472 1.37063
63 47 1.58215 0.128869
63 48 -0.85343 -0.64721
63 49 2.13309 0.419394
63 50 1.28775 0.107601
63 51 2.32619 0.794072
63 52 0.527662 -0.249082
63 53 3.02796 3.49514
63 54 1.26149 0.0364825
63 55 -1.61557 1.039
63 56 0.0176227 1.25003
63 57 -0.209809 -0.130818
63 58 1.84879 -1.10274
63 60 -2.18366 -0.175038
63 61 0.186589 -0.507984
63 62 0.926209 -0.00545233
63 63 -0.577105 0.374097
63 64 0.00609329 1.12066
63 65 -0.322788 1.44857
64 33 3.73415 -0.387975
64 34 4.57246 -0.285455
64 35 -0.384652 -0.625492
64 36 3.10978 0.618287
64 37 1.60252 -2.20678
64 38 4.10734 1.63372
64 39 4.69899 1.1848
64 40 2.27995 -1.72866
64 41 0.757242 0.0489177
64 42 5.24554 0.365264
64 43 4.72459 -2.26925
64 44 2.95229 1.13225
64 45 1.6971 0.720321
64 46 0.579922 1.08663
64 47 -0.0303809 0.663725
64 48 -0.894066 1.08704
64 49 1.09973 0.579042
64 50 0.341955 -0.0373078
64 51 2.26407 0.549115
64 52 2.26642 0.689117
64 53 0.138843 -0.388223
64 54 0.593082 0.343311
64 55 -0.341734 0.472307
64 56 0.31616 0.711836
64 57 0.0154502 0.555605
64 58 0.191449 -0.0179408
64 59 -0.230638 -0.384974
64 60 0.475326 0.535665
64 61 0.0212528 0.0281741
64 62 0.165813 -0.128105
64 63 -0.469153 0.0137184
64 64 0.495851 0.0193854
65 33 2.38585 -0.719274
65 34 3.77134 -0.729879
65 35 -1.13965 -0.507067
65 36 5.23441 -0.0215682
65 37 2.29578 1.00951
65 38 3.63978 -0.114289
65 39 2.886 1.07373
65 40 0.373392 0.984934
65 41 7.007 -1.55462
65 42 0.765551 0.520668
65 43 0.664813 -0.669105
65 44 1.65281 1.47919
65 45 3.81783 0.294091
65 46 0.894194 -1.35866
65 47 0.149139 2.67788
65 48 1.7971 1.76493
65 49 1.65425 2.38702
65 50 -0.38617 0.322333
65 51 -0.456702 -0.317035
65 52 1.57885 -0.5953
65 53 -0.101958 -0.438577
65 54 0.189001 2.15348
65 55 0.429148 0.723949
65 56 0.919724 0.089981
65 57 0.99614 -0.268022
65 58 0.0939403 -0.268859
65 59 1.71333 1.50222
65 60 0.0775922 0.507774
65 61 0.00470062 -0.00224306
65 62 0.0393911 0.281081
65 63 0.850325 0.427316
65 64 0.603721 -0.072785
66 33 3.64339 -1.67489
66 34 4.87004 0.575065
66 35 2.80551 -0.637394
66 36 5.25885 -0.960016
66 37 1.42961 1.27624
66 38 6.08436 1.10943
66 39 4.47126 1.77975
66 40 3.36813 0.472195
66 41 4.68026 -0.136702
66 42 3.76446 -0.378115
66 43 3.21193 1.76496
66 44 2.62117 0.266249
66 45 3.37735 0.714259
66 46 2.06596 0.317408
66 47 1.01622 1.3371
66 48 0.857354 0.258452
66 49 3.12976 2.45098
66 50 -0.187961 0.158846
66 51 0.302268 -0.266484
66 52 0.565409 -0.379603
66 53 0.940735 0.939814
66 54 0.781606 1.21373
66 55 0.721985 -0.245827
66 56 0.692319 -0.15071
66 57 -0.0900102 -0.0573504
66 58 0.934357 0.308398
66 59 1.2472 0.142013
66 60 0.723345 0.787745
66 62 -0.0140793 0.0132191
66 63 -0.142395 -0.00391428
66 64 0.535758 0.263814
