0 33 2.93697 3.97808
0 34 -3.03807 5.72884
0 35 1.51592 6.66895
0 36 6.34769 1.87321
0 37 -2.97714 1.7134
0 38 3.76772 6.37119
0 39 -4.0827 6.45385
0 40 3.57659 8.1168
0 41 -7.66486 2.91859
0 42 2.56733 5.39074
0 43 -1.20279 1.27103
0 44 -1.7693 1.27557
0 45 2.08553 3.21878
0 46 -0.410607 2.18044
0 47 2.53813 0.978766
0 48 -2.49889 1.36705
0 49 2.24938 2.9229
0 50 3.59525 -1.25692
0 51 -1.18675 0.203452
0 52 -1.57022 2.55768
0 53 -1.44795 -0.2738
0 54 -0.488253 0.790536
0 55 1.44812 0.275289
0 57 0.0803602 -0.0706654
0 58 -0.00265242 -0.00293548
1 33 2.43779 27.2376
1 34 -4.93805 17.6113
1 35 -1.96763 23.9802
1 36 3.23034 17.5552
1 37 -4.20048 8.10239
1 38 5.46 4.25029
1 39 -1.43579 9.83713
1 40 -1.08542 12.2988
1 41 1.21673 7.24121
1 42 5.47805 9.69737
1 43 3.78696 9.28431
1 44 -0.958881 3.93887
1 45 1.88723 6.37387
1 46 1.31865 8.05568
1 47 -1.29421 8.17502
1 48 -2.68086 5.53907
1 49 -0.0452971 6.14415
1 50 -2.82496 5.72296
1 51 -4.06151 1.4868
1 52 -3.68658 0.878152
1 53 4.27319 0.0560475
1 54 -1.70207 1.77342
1 55 -2.77756 1.43065
1 56 0.285548 -0.392934
1 57 -0.206147 0.0662822
1 59 -0.992465 -1.0094
1 60 0.230908 0.123583
1 61 0.140399 0.371696
1 63 -0.00211745 -0.000794888
2 33 11.0227 35.4001
2 34 15.7081 11.1034
2 35 15.9644 22.7858
2 36 -6.40823 19.3867
2 37 -3.59797 19.4187
2 38 3.54169 18.4134
2 39 -2.69318 27.9663
2 40 -5.70762 5.40558
2 41 4.21746 24.2141
2 42 -0.474059 10.0509
2 43 11.687 11.2598
2 44 -4.95652 6.24918
2 45 -13.7149 3.11254
2 46 -3.03175 9.96504
2 47 -5.07517 6.62341
2 48 -2.18515 4.26678
2 49 -1.74133 3.57623
2 50 -8.97107 8.14033
2 51 6.29535 1.65399
2 52 1.06591 -0.00211369
2 53 2.03509 0.616675
2 54 2.63963 0.302363
2 55 -1.08796 0.758382
2 56 -0.203096 -0.104299
2 57 -0.570291 0.134463
2 58 -0.66273 0.2317
2 59 -0.257921 -0.0306457
2 60 0.340698 0.233888
2 64 0.0974203 0.104311
2 65 0.0539289 -0.104393
3 33 3.03553 36.0693
3 34 -10.9594 27.2011
3 35 -8.7783 32.3587
3 36 1.41987 28.033
3 37 9.02232 26.5515
3 38 7.13161 10.1151
3 39 -0.443403 28.2226
3 40 10.3697 20.7521
3 41 5.46602 13.9205
3 42 -1.56443 16.4392
3 43 -2.29191 5.04326
3 44 4.96664 12.0394
3 45 -0.174644 21.6765
3 46 -2.04726 9.31134
3 47 -2.01928 11.7103
3 48 -9.0106 7.82669
3 49 6.7732 3.82908
3 50 -4.33741 5.61991
3 51 3.03222 2.40442
3 52 1.56864 1.38296
3 53 1.76056 3.00804
3 54 -0.0488552 1.74814
3 55 0.960543 3.08064
3 56 0.439258 0.379935
3 57 -0.2131 -0.0186027
3 58 -0.179945 0.218196
3 59 -1.28837 -0.291374
3 60 -0.29666 0.0182436
3 61 0.242121 0.975141
3 62 0.0201541 0.301894
3 64 -0.0687752 0.10503
3 65 0.374259 -0.0749737
4 33 14.4646 47.2702
4 34 5.21718 32.0427
4 35 0.765923 24.0562
4 36 -1.48295 21.2545
4 37 12.3636 33.7895
4 38 10.7612 21.6494
4 39 5.5113 15.6043
4 40 1.57393 23.7766
4 41 -8.51643 24.7351
4 42 -3.28861 30.0996
4 43 -0.16479 25.5774
4 44 -9.60461 14.1952
4 45 2.26585 25.5065
4 46 3.13052 6.54315
4 47 4.39125 11.6617
4 48 0.996067 8.35779
4 49 8.39425 4.39549
4 50 -8.24045 6.16381
4 51 2.83954 3.6217
4 52 3.04426 7.86413
4 53 -3.62007 1.7788
4 54 -2.50967 4.41745
4 55 -0.791865 1.74649
4 56 -0.136322 -0.0573911
4 57 0.382567 2.07588
4 58 -0.426963 -0.00247875
4 59 0.763416 -0.469123
4 61 0.123238 0.491562
4 62 -0.348765 0.37416
4 63 1.84604 -0.760249
4 64 -0.601224 -0.114516
4 65 -0.335117 0.173397
5 33 9.58458 39.3535
5 34 -1.39417 27.6923
5 35 -3.28061 33.5446
5 36 3.37578 32.3428
5 37 6.91425 33.1364
5 38 4.48601 29.8314
5 39 15.6471 8.52222
5 40 1.67432 17.3955
5 41 -4.5444 20.1283
5 42 10.9729 24.4488
5 43 6.55538 26.1335
5 44 -0.803013 14.8011
5 45 1.94979 14.1294
5 46 -9.41721 11.7681
5 47 -3.87962 9.5758
5 48 10.8512 8.76315
5 49 8.24971 13.024
5 50 0.730928 11.8443
5 51 -0.0422143 4.42548
5 52 -0.8802 5.97304
5 53 -1.89957 -3.46135
5 54 -1.80804 2.21371
5 55 3.01445 0.892691
5 56 -0.711702 2.48941
5 57 -0.589645 -0.625658
5 58 -0.365006 0.154388
5 59 0.109478 0.0822156
5 60 -1.60011 0.136365
5 61 -0.031203 -0.0300345
5 62 -0.210671 0.317118
5 63 0.545533 0.667919
5 64 0.18215 0.902709
5 65 0.0958211 -0.00912486
5 66 -0.431234 -0.535748
6 33 -8.18905 46.3949
6 34 1.65222 25.213
6 35 17.6867 29.6982
6 36 8.79915 20.6666
6 37 9.9951 19.8989
6 38 5.63156 28.5189
6 39 -7.72314 23.6209
6 40 3.58591 16.7436
6 41 -11.4576 8.17829
6 42 -4.13833 21.4629
6 43 13.2165 20.973
6 44 8.08334 18.1786
6 45 7.94916 15.5981
6 46 -3.43282 12.4792
6 47 -1.87038 14.4482
6 48 0.969579 9.51834
6 49 -5.09761 7.04158
6 50 3.90422 7.61681
6 51 1.40271 7.33993
6 52 11.6045 4.77834
6 53 -0.46734 3.2459
6 54 4.02645 0.37319
6 55 -0.217637 -0.0861736
6 56 -0.97771 0.656476
6 57 0.300364 0.172128
6 58 1.34166 0.363082
6 59 -0.415862 0.497221
6 60 -0.0754839 0.0826022
6 61 -0.211528 0.523587
6 62 0.0571329 0.0132274
6 63 0.0160275 0.240678
6 64 -0.354931 0.295288
6 65 -0.0542388 0.203424
6 66 -0.0531811 1.53562
7 33 13.6514 40.2004
7 34 -8.9271 31.9902
7 35 -13.7232 31.1957
7 36 -5.54499 35.7008
7 37 19.3624 19.3502
7 38 11.1289 26.3172
7 39 -7.27754 21.5045
7 40 8.95189 15.6002
7 41 -12.3386 14.8574
7 42 2.73861 15.7357
7 43 0.18752 25.1293
7 44 4.21151 9.17252
7 45 12.2918 13.9333
7 46 10.4242 19.7847
7 47 -1.5508 12.1646
7 48 -7.93236 11.6002
7 49 -0.642745 8.39849
7 50 7.81506 11.188
7 51 4.9312 10.1294
7 52 5.64776 6.60891
7 53 8.39195 -2.93401
7 54 4.37466 1.51886
7 55 -1.71318 0.063253
7 56 -2.73013 0.129622
7 57 0.743004 1.33639
7 58 1.21104 0.914666
7 59 0.0386602 -0.0277733
7 60 0.952949 1.6217
7 61 0.79822 0.407315
7 62 0.300285 0.521899
7 63 0.213175 -0.46228
7 64 -0.0312659 -0.0490186
7 66 -0.212504 1.11607
8 33 -2.78432 36.9716
8 34 13.3928 28.2999
8 35 9.73919 31.5234
8 36 -1.27166 30.5235
8 37 -1.60265 27.0106
8 38 0.475546 32.8744
8 39 8.68137 21.5364
8 40 -3.90791 28.216
8 41 2.4291 13.2635
8 42 -2.95773 18.7996
8 43 3.83138 15.0018
8 44 8.23146 12.2373
8 45 7.98167 20.2307
8 46 -4.34778 17.9448
8 47 9.67091 6.61527
8 48 12.9757 3.75991
8 49 -1.06546 2.12053
8 50 3.56465 6.69022
8 51 1.9957 8.31672
8 52 2.28913 -0.231169
8 53 2.05272 2.44249
8 54 1.20791 3.42435
8 55 -4.06865 -0.822152
8 56 -1.6553 1.75823
8 57 -0.321705 -0.491562
8 58 0.969392 1.62762
8 59 -0.0869426 0.421635
8 60 0.831844 0.696178
8 61 0.636585 -0.510714
8 62 -0.436499 0.287948
8 63 -1.52169 2.2572
8 64 -0.466754 -0.792582
8 65 0.320166 0.655435
8 66 -0.0923262 0.172419
9 33 15.8279 29.5675
9 34 -1.79839 22.8289
9 35 2.67101 12.9821
9 36 5.88285 19.8781
9 37 5.29246 16.7297
9 38 -6.30645 19.2849
9 39 13.6796 17.638
9 40 -12.9802 15.8436
9 41 17.9721 10.4141
9 42 -15.4842 9.00264
9 43 0.477891 10.1751
9 44 4.12426 12.973
9 45 9.08827 11.9971
9 46 11.8168 11.4731
9 47 20.0208 17.4378
9 48 3.80643 10.2813
9 49 4.58901 4.42271
9 50 6.42092 4.67422
9 51 2.55676 4.27568
9 52 -0.164989 5.36559
9 53 0.064962 6.27447
9 54 1.97183 -0.123652
9 55 2.63576 1.1467
9 56 -0.797576 1.48323
9 57 -2.37164 -0.237087
9 58 -0.366556 -1.11785
9 59 -0.449055 0.36403
9 60 0.71962 -1.42692
9 61 0.173542 1.01378
9 62 0.140867 -0.163201
9 63 -0.497297 0.361468
9 64 -0.114302 -0.658696
9 65 1.26464 1.17232
10 33 9.27081 22.3054
10 34 4.841 12.9225
10 35 10.5239 10.7044
10 36 -7.93896 16.1116
10 37 8.74871 9.7539
10 38 0.943711 11.7754
10 39 -19.1006 10.7779
10 40 1.2124 11.5553
10 41 -3.4624 8.60475
10 42 4.42209 10.9036
10 43 20.7214 9.79914
10 44 9.29983 16.8761
10 45 -0.0384967 9.58957
10 46 4.64708 8.34147
10 47 -1.10288 17.0386
10 48 12.5721 13.7457
10 49 11.6007 18.1877
10 50 8.25155 4.06743
10 51 5.50036 7.59567
10 52 -1.68321 4.18627
10 53 6.36313 9.42754
10 54 4.48054 1.0771
10 55 0.2216 0.889882
10 56 0.599553 3.62042
10 57 -0.295972 0.223454
10 58 1.0463 -0.539301
10 59 1.47596 1.55342
10 60 0.970626 0.760847
10 61 -1.83147 0.382515
10 62 -0.611024 2.08871
10 63 -0.259623 -0.120345
10 64 0.017613 0.0415347
10 65 -0.0595196 -0.0746255
10 66 0.0941325 -0.0558012
11 33 3.60385 22.7733
11 34 8.79515 3.48813
11 35 4.54831 16.4501
11 36 0.620202 23.512
11 37 2.27696 4.09518
11 38 2.44509 11.7751
11 39 22.6366 4.8081
11 40 8.63248 2.78015
11 41 6.53409 4.832
11 42 9.30379 12.1278
11 43 5.23979 9.9348
11 44 13.4784 4.25072
11 45 2.18624 7.79703
11 46 6.27963 7.61837
11 47 4.30774 6.52253
11 48 0.564005 4.08568
11 49 9.03602 4.91781
11 50 7.9047 8.38382
11 51 12.0009 4.40699
11 52 1.76781 3.47044
11 53 5.60102 0.861463
11 54 0.482831 -0.763157
11 55 -0.179504 -0.156196
11 56 -2.50658 -0.0356498
11 57 1.94728 0.245828
11 58 2.33781 0.497494
11 59 -0.326195 0.00268055
11 60 -0.493094 0.35554
11 62 -1.33513 0.855223
11 63 0.0835216 0.233824
11 64 0.224001 0.0399167
11 65 0.136853 0.0282132
11 66 -0.0865357 -0.0186706
12 33 3.41214 13.9436
12 34 10.3442 9.76854
12 35 4.50524 3.22832
12 36 7.71969 5.56321
12 37 1.23192 0.910319
12 38 8.02246 14.0678
12 39 3.94969 6.19944
12 40 9.48238 8.26051
12 41 -1.51033 6.6299
12 42 9.67867 12.8792
12 43 2.6075 17.3696
12 44 1.89425 -0.103828
12 45 6.97637 9.1049
12 46 0.00981731 5.09774
12 47 -0.585212 7.55854
12 48 5.66908 12.64
12 49 5.74708 2.06928
12 50 5.97622 8.10986
12 51 12.21 0.885596
12 52 5.67798 4.15656
12 53 0.841127 4.6929
12 54 3.02663 -3.16116
12 55 2.60282 1.92079
12 56 -0.191473 1.34864
12 57 0.312691 -0.0919168
12 58 -2.36311 1.18457
12 59 -0.813123 1.4082
12 60 1.05154 0.280359
12 61 0.501996 -0.204477
12 62 0.593888 -0.0506177
12 63 -0.838633 0.352511
12 64 0.155925 0.0775036
12 65 0.264842 0.252032
12 66 0.325178 -0.0532144
13 33 1.7492 7.03418
13 34 12.468 9.25843
13 35 5.99272 7.72981
13 36 1.55716 0.472377
13 37 10.5935 5.50166
13 38 -0.0964642 2.14587
13 39 4.54077 -1.16711
13 40 3.93952 7.63568
13 41 11.0655 -3.06086
13 42 3.00823 4.34338
13 43 1.72604 5.5551
13 44 -1.22485 0.588871
13 45 3.36185 5.05237
13 46 9.07158 -0.738659
13 47 13.3772 6.44101
13 48 3.11617 8.56337
13 49 -9.4391 5.04593
13 50 9.92137 8.89629
13 51 3.78857 5.19851
13 52 5.37637 -0.652336
13 53 0.524133 4.24535
13 54 2.69594 2.59491
13 55 -0.808807 1.99427
13 56 2.71147 6.51325
13 57 2.16764 0.754282
13 58 -0.93645 0.273605
13 59 -0.00597157 0.862097
13 60 0.615394 -0.673543
13 61 0.262859 1.33361
13 62 0.370187 -0.13403
13 63 -0.0603699 -0.125791
13 64 0.397518 1.30761
13 65 1.88109 0.285971
14 33 3.42659 -0.314763
14 34 12.119 4.2808
14 35 -3.00115 -0.351072
14 36 3.26989 5.08018
14 37 -0.0104851 -2.33286
14 38 -2.35864 5.3338
14 39 17.0857 -4.57873
14 40 7.45903 -0.146891
14 41 6.70053 -2.95165
14 42 9.65689 10.0961
14 43 9.84141 5.79218
14 44 -4.03438 13.355
14 45 -1.85348 8.84651
14 46 14.474 -1.96682
14 47 1.59971 8.16362
14 48 5.19088 3.00934
14 49 5.57996 7.96986
14 50 9.3348 11.0747
14 51 3.20296 7.86378
14 52 12.2475 6.17173
14 53 13.989 -0.407969
14 54 3.87469 4.07707
14 55 1.12903 2.48069
14 56 4.61268 1.06158
14 57 3.07665 -0.200712
14 58 -3.27997 1.32758
14 59 0.943117 0.620542
14 60 0.565196 -0.931534
14 61 1.29975 1.8523
14 62 -0.997899 0.584864
14 63 0.095413 -0.63918
14 64 0.64714 0.141963
14 65 0.00769603 0.338322
14 66 0.155099 0.171659
15 33 2.77446 -2.02472
15 34 9.71925 0.78803
15 35 6.7871 -2.31551
15 36 2.86404 0.733862
15 37 13.0176 -0.808939
15 38 -2.07001 7.23044
15 39 12.2885 -5.14906
15 40 12.1859 0.836386
15 41 0.994225 -7.11555
15 42 11.3359 1.80511
15 43 11.4817 8.20619
15 44 -2.32139 2.6861
15 45 11.8971 1.09629
15 46 9.08581 4.03454
15 47 3.56681 6.59984
15 48 6.76758 5.94906
15 49 5.71192 0.104724
15 50 1.19628 4.04552
15 51 10.4497 2.62525
15 52 10.3387 6.60528
15 53 7.41419 6.88394
15 54 3.41412 2.26823
15 55 3.92818 0.114515
15 56 1.19455 -1.89192
15 57 1.0086 1.82001
15 58 4.9604 5.00947
15 59 -0.789915 1.09611
15 60 -0.426159 1.77523
15 61 0.315346 0.596499
15 62 -0.038618 0.128985
15 63 -0.93029 0.577383
15 64 0.117347 -0.293524
15 65 -0.292226 1.59588
16 33 -2.09816 6.21244
16 34 -3.06184 -1.65976
16 35 8.78752 -0.781634
16 36 15.4427 -0.669201
16 37 7.95268 9.48396
16 38 2.29488 2.49572
16 39 5.10793 0.899211
16 40 13.658 -1.54146
16 41 20.8634 0.909935
16 42 8.74565 2.76668
16 43 7.33213 8.87828
16 44 7.77136 8.64081
16 45 0.414405 0.788677
16 46 -2.71069 -1.97639
16 47 9.37707 -0.271303
16 48 3.79029 4.16328
16 49 6.32031 1.75476
16 50 8.70687 1.62849
16 51 -1.23932 -2.68354
16 52 11.9995 -2.0056
16 53 10.7541 4.53418
16 54 2.3741 -0.318408
16 55 0.306428 1.22608
16 56 0.205772 -0.960199
16 57 1.44849 0.370972
16 58 3.37506 2.91206
16 59 -1.45022 2.29432
16 60 2.38203 1.77468
16 61 2.89853 0.24882
16 62 -0.0754698 -1.69951
16 63 -1.47595 0.691414
16 64 1.08915 0.23052
16 65 -1.73726 -0.862939
16 66 -0.0724049 0.0402993
17 33 5.25333 -0.849331
17 34 9.08782 -5.69673
17 35 11.1553 4.12307
17 36 10.9999 0.970134
17 37 -3.9272 -7.16603
17 38 5.62638 -3.04035
17 39 5.68886 4.9926
17 40 3.78706 -0.979543
17 41 -0.0255325 -7.13384
17 42 5.0681 -0.421842
17 43 1.51391 7.28247
17 44 8.39227 1.27355
17 45 0.881725 2.06272
17 46 -3.6242 3.286
17 47 7.63005 2.9265
17 48 4.64672 2.41495
17 49 4.84413 8.32733
17 50 -0.718289 5.15491
17 51 11.6477 2.82998
17 52 3.17348 1.61201
17 53 9.36759 -0.403777
17 54 1.49181 4.27873
17 55 1.60589 2.96674
17 56 1.58686 -0.442884
17 57 2.1578 3.26264
17 58 -0.358808 -0.541092
17 59 -2.395 -1.8814
17 60 -1.23163 1.01625
17 61 0.0236419 0.0825269
17 62 -1.17218 1.51512
17 63 -0.524714 -0.209432
17 64 -0.739437 0.611971
17 65 -2.27468 -0.171866
17 66 -0.3673 0.746896
18 33 9.78333 -1.9345
18 34 5.56368 0.963892
18 35 7.40681 0.486382
18 36 -1.36497 -5.61985
18 37 2.46633 4.09421
18 38 15.0822 -2.09178
18 39 1.31703 -4.30173
18 40 10.5923 -5.32064
18 41 7.95638 -5.11571
18 42 3.08368 3.3908
18 43 14.5896 -2.91485
18 44 3.80205 -4.48183
18 45 0.0561919 2.56221
18 46 1.18119 -0.615587
18 47 9.90196 0.589489
18 48 3.54827 0.927498
18 49 4.00227 4.19595
18 50 8.74183 -0.380072
18 51 1.91752 -5.84657
18 52 5.75015 4.55051
18 53 4.70388 2.37036
18 54 2.84788 2.25973
18 55 5.30749 1.88757
18 56 -0.473385 0.37965
18 57 1.76051 -0.00751478
18 58 -0.955658 0.481304
18 59 -2.49307 0.867723
18 60 -0.904499 0.0904422
18 61 0.605475 1.11144
18 62 -0.445174 0.276736
18 63 0.203538 -1.63071
18 64 1.02623 0.520389
18 65 -0.167768 -0.162308
19 33 4.50949 -2.92862
19 34 5.63814 -0.831116
19 35 -0.142265 2.32029
19 36 -0.178984 -3.78044
19 37 7.41047 -3.08349
19 38 1.59512 -1.72795
19 39 6.22864 4.97813
19 40 -1.44123 3.56527
19 41 -1.49564 1.95323
19 42 15.6456 0.557449
19 43 1.62499 3.90185
19 44 5.54315 -4.35575
19 45 4.50446 4.6071
19 46 2.0329 -2.39239
19 47 -2.34294 3.71066
19 48 6.75966 -2.22394
19 49 5.1039 3.87855
19 50 5.80334 2.16373
19 51 4.11373 -1.93339
19 52 7.0433 -0.171042
19 53 3.83043 -0.320035
19 54 7.71409 2.84932
19 55 3.96038 -5.2945
19 56 1.06663 3.11385
19 57 0.374732 3.15751
19 58 2.31506 -0.364845
19 59 0.430142 0.0734441
19 60 0.777767 0.0178147
19 61 -1.08881 -0.383557
19 62 0.169046 0.0242222
19 63 1.1999 1.20938
19 64 2.0969 -0.904273
19 65 0.0695268 -0.0157127
20 33 0.197929 -1.87558
20 34 -2.26748 0.885873
20 35 3.22527 -2.99627
20 36 12.3965 -0.808882
20 37 1.01941 -1.0331
20 38 12.96 -3.11932
20 39 0.0101073 -0.725166
20 40 2.02489 2.66005
20 41 10.3471 -5.37526
20 42 10.8577 -1.82132
20 43 6.0148 -3.07405
20 44 12.7964 -5.13565
20 45 2.10119 -3.01534
20 46 4.0442 5.66249
20 47 -0.186342 -0.581843
20 48 6.27516 0.588483
20 49 7.54994 4.59248
20 50 -2.68164 -1.8738
20 51 7.11603 1.34719
20 52 7.20569 5.11662
20 53 4.97269 -2.41172
20 54 9.33819 4.65605
20 55 -0.00247228 2.22977
20 56 0.962468 1.66957
20 57 1.28723 1.70054
20 58 -3.60461 0.105378
20 59 2.06285 0.32679
20 60 0.0582021 -0.199784
20 61 0.437856 0.560745
20 62 1.38162 1.01239
20 63 -1.11927 -0.425065
20 64 0.0205314 -0.413189
20 65 1.11622 1.31483
21 33 -0.812587 -2.20113
21 34 6.41499 -2.46808
21 35 2.38928 -0.862073
21 36 7.41565 2.39088
21 37 2.90646 3.6964
21 38 -1.92333 -0.732392
21 39 5.75186 -1.46138
21 40 5.4036 3.46291
21 41 -1.7201 1.75598
21 42 -4.73454 -10.3758
21 43 15.6715 -5.23424
21 44 10.364 3.54641
21 45 4.88732 0.947042
21 46 6.21922 -0.171598
21 47 7.42092 2.1674
21 48 -1.10962 2.45647
21 49 11.8526 1.97973
21 50 -0.145563 2.04331
21 51 0.454146 -2.04746
21 52 6.86261 1.83773
21 53 6.2845 1.67365
21 54 2.71866 0.547711
21 55 -3.58998 -0.826717
21 56 1.20665 5.2968
21 57 1.68137 0.899106
21 58 5.21203 -0.292261
21 59 -1.80772 0.927935
21 60 -0.570215 -0.257216
21 61 1.34641 -0.727365
21 62 1.49261 0.7564
21 63 -1.80329 0.471596
21 64 -0.0417833 -0.0136129
21 65 0.155193 0.972736
22 33 2.64127 -4.02639
22 34 8.62911 0.716628
22 35 -0.170415 -3.78808
22 36 4.3466 -0.343632
22 37 -2.32441 -2.01508
22 38 6.71272 2.55662
22 39 6.87192 -2.9653
22 40 8.8582 -1.62569
22 41 0.467158 0.223139
22 42 10.5768 0.94762
22 43 6.88338 1.50939
22 44 10.8459 -3.5597
22 45 3.20968 5.73697
22 46 9.16686 4.87387
22 47 -2.34193 1.15222
22 48 5.24049 3.996
22 49 -1.55577 2.96611
22 50 3.46102 6.13509
22 51 4.27607 5.30576
22 52 3.57588 0.672513
22 53 5.1542 3.01807
22 54 4.14153 1.61856
22 55 4.81822 4.17747
22 56 -1.09933 -0.126608
22 57 1.95398 1.52929
22 58 0.111527 1.50258
22 59 0.264138 0.955695
22 60 -0.350313 0.40873
22 61 0.78146 -1.37221
22 62 1.69151 -0.622042
22 63 -0.650245 2.73611
22 64 -0.772932 0.290281
22 65 0.0213172 -0.349209
22 66 -0.357636 -0.497915
23 33 5.33307 -0.473065
23 34 6.4368 -1.11945
23 35 9.96906 -3.84472
23 36 6.38352 -4.13245
23 37 6.73966 3.00888
23 38 3.95005 7.47023
23 39 4.60641 -0.744676
23 40 6.52612 1.20933
23 41 9.52856 1.61741
23 42 7.3797 1.54502
23 43 16.0988 9.36064
23 44 8.98082 -2.97394
23 45 8.4977 2.49159
23 46 4.42649 9.81818
23 47 0.338807 3.01774
23 48 3.64427 5.36899
23 49 5.46634 -1.14039
23 50 4.33278 2.41549
23 51 -3.42728 5.36278
23 52 0.746595 4.28906
23 53 3.3364 3.78502
23 54 3.12647 4.13698
23 55 3.64516 -0.585129
23 56 2.34477 1.70885
23 57 -1.04388 -0.11716
23 58 -0.390828 1.44909
23 59 1.12674 0.198476
23 60 -1.66154 1.30818
23 61 0.670708 0.321602
23 62 -2.33296 2.01859
23 63 0.53208 0.939796
23 64 2.10532 0.284624
23 65 0.282331 0.263252
23 66 0.297407 -0.526406
24 33 6.79875 -0.217444
24 34 5.13149 -3.01532
24 35 -3.83566 -5.61079
24 36 4.05325 4.05369
24 37 7.26398 -5.44868
24 38 8.59666 5.90411
24 39 10.0633 -0.988859
24 40 5.30861 1.05407
24 41 -1.36445 -4.04777
24 42 0.922917 -1.86785
24 43 -0.654218 2.32534
24 44 13.4559 2.52131
24 45 4.40665 -1.97876
24 46 1.30137 -0.186223
24 47 9.55913 5.33898
24 48 7.77868 0.0537953
24 49 8.23257 3.77147
24 50 7.49925 -1.49184
24 51 6.35636 -2.4547
24 52 2.72525 -3.36415
24 53 3.6004 -0.749461
24 54 0.533159 0.841246
24 55 -2.66852 2.38949
24 56 2.45669 2.09872
24 57 2.29037 -0.271784
24 58 3.89272 0.536169
24 59 0.663428 2.27812
24 60 1.66558 1.69633
24 61 0.192881 -1.13752
24 62 -0.0353782 0.157037
24 63 0.986719 -1.74888
24 64 -0.508438 -0.177022
24 65 -1.09352 0.154866
24 66 -0.165017 -0.413846
25 33 3.24937 -6.54861
25 34 -2.45774 2.88428
25 35 9.60416 2.02933
25 36 1.56576 -1.24229
25 37 5.91667 -3.7537
25 38 7.3561 0.42455
25 39 1.69229 1.27976
25 40 6.09866 1.11801
25 41 9.70206 7.6777
25 42 10.6663 -2.83087
25 43 13.9084 0.160688
25 44 -5.23835 4.6427
25 45 -3.09874 -2.09542
25 46 -1.1486 -1.37309
25 47 4.57469 4.13504
25 48 2.6245 4.73782
25 49 6.9286 -2.12203
25 50 6.53247 -0.0217336
25 51 -1.46627 -3.81248
25 52 6.06223 6.27836
25 53 -5.18727 4.26333
25 54 -2.81225 3.81996
25 55 1.92118 0.265528
25 56 0.932251 -0.81555
25 57 -2.74447 5.55813
25 58 0.524313 3.13529
25 59 -0.9522 2.15517
25 60 -2.19449 -0.591416
25 61 -0.897675 -2.90929
25 62 0.974962 1.41064
25 63 1.24816 -0.703679
25 64 -1.11963 -0.144735
25 65 -2.61095 1.24
26 33 1.50259 -0.8859
26 34 -2.66211 -0.992873
26 35 4.48733 -9.38017
26 36 6.88235 -4.57663
26 37 4.27345 -2.82053
26 38 4.1362 -5.87412
26 39 11.7187 -2.11302
26 40 3.67789 4.45513
26 41 12.1284 1.52897
26 42 9.53162 -2.43381
26 43 4.8041 0.167231
26 44 5.31537 1.42819
26 45 4.24936 4.42011
26 46 7.85706 -0.642301
26 47 -3.33924 4.36532
26 48 9.46156 4.84746
26 49 13.6177 7.43547
26 50 -1.41873 5.22921
26 51 4.96713 -4.13193
26 52 12.9789 2.99251
26 53 4.32268 4.85459
26 54 4.55889 1.76527
26 55 3.05562 4.62793
26 56 -2.04006 0.380734
26 57 0.830538 0.315773
26 58 0.654067 0.839672
26 59 -3.02916 2.27011
26 60 -3.22119 1.75851
26 61 0.550284 -0.258954
26 62 0.419682 0.827914
26 63 -2.04996 -1.05137
26 64 0.229535 0.34087
26 65 -0.98748 0.37627
26 66 -0.124158 -0.0166968
27 33 4.5068 0.180798
27 34 4.53282 0.116167
27 35 8.64693 1.99591
27 36 0.632869 -0.0985715
27 37 1.59074 -5.03101
27 38 7.66169 -1.53132
27 39 13.4155 -2.25756
27 40 -0.261746 -10.454
27 41 2.68719 -0.866708
27 42 2.30273 5.14151
27 43 -4.7046 1.02544
27 44 -0.341087 0.734677
27 45 0.443901 0.10989
27 46 0.0259559 -8.20434
27 47 7.04965 -4.20655
27 48 -2.45949 1.68738
27 49 4.72142 -1.77893
27 50 3.66308 -0.307034
27 51 9.26654 -3.18198
27 52 5.6035 -1.04451
27 53 2.91201 1.26327
27 54 -3.10957 1.27167
27 55 5.2882 3.60414
27 56 1.35275 2.33289
27 57 2.31951 -1.00868
27 58 2.27818 -1.04447
27 59 0.749953 1.94713
27 60 -0.897027 -0.287195
27 61 -0.252839 0.38335
27 62 -0.968859 -1.07773
27 63 -0.234773 0.247083
27 64 -0.730025 -0.949939
27 66 0.464666 0.880706
28 33 4.34552 -0.726418
28 34 5.24534 -0.340236
28 35 1.32188 -8.24605
28 36 10.9826 -2.16159
28 37 10.1507 -2.83926
28 38 11.5693 3.15891
28 39 3.21921 -6.20107
28 40 6.99036 2.20806
28 41 5.27397 0.699786
28 42 6.08139 1.37542
28 43 2.17524 0.504138
28 44 4.06655 -4.70704
28 45 6.42295 -0.925894
28 46 7.93284 -3.89667
28 47 1.25606 -1.12746
28 48 3.35518 0.192038
28 49 1.08389 2.72277
28 50 4.59203 0.654811
28 51 1.90165 7.80419
28 52 6.49876 -0.502663
28 53 7.27949 0.780272
28 54 -0.342175 3.88211
28 55 0.451009 6.13997
28 56 2.98498 2.22779
28 57 -0.0548043 3.24676
28 58 0.159426 0.0938167
28 59 1.09515 -0.170072
28 60 -1.31347 -0.812532
28 61 -1.37857 0.256324
28 62 1.7125 -0.774468
28 63 -2.3892 1.40599
28 64 -1.11623 0.685798
28 65 0.262467 -0.0836372
28 66 1.23978 -0.00199704
29 33 1.52589 -1.5344
29 34 6.7571 -5.83299
29 35 2.61343 -0.396484
29 36 -7.55203 -0.631919
29 37 -2.63083 -0.407101
29 38 5.44008 -1.05922
29 39 5.40454 -3.28481
29 40 4.21143 3.89731
29 41 8.62789 4.76843
29 42 3.26214 3.03052
29 43 6.84999 -2.832
29 44 8.72312 -4.53089
29 45 1.65909 4.14575
29 46 2.72215 3.121
29 47 7.07571 2.92328
29 48 3.02549 -1.52376
29 49 3.25297 1.19399
29 50 5.2806 -0.888332
29 51 -0.712337 10.5456
29 52 -1.02967 1.08045
29 53 3.83732 2.89278
29 54 -3.03929 3.10395
29 55 -0.0162867 -1.46258
29 56 0.353682 1.17714
29 57 1.74882 2.97859
29 58 0.72701 1.3687
29 59 2.65486 0.628089
29 60 -0.247128 0.983822
29 61 -0.909576 2.0382
29 62 0.299524 -1.14488
29 63 -1.02961 -0.446831
29 64 -0.850195 0.2104
29 65 0.654145 -0.444444
29 66 -0.996934 0.534451
30 33 6.41396 -1.35955
30 34 4.49785 -4.21707
30 35 4.9793 -1.31806
30 36 6.77236 -1.80201
30 37 4.34525 2.46357
30 38 0.613872 -2.5172
30 39 1.21502 -1.85759
30 40 -0.689366 -0.0840288
30 41 0.438786 1.16125
30 42 7.52657 1.37395
30 43 11.3416 -1.94265
30 44 2.78849 1.29634
30 45 2.223 2.80797
30 46 5.15417 2.50853
30 47 1.91075 1.74785
30 48 6.31455 1.547
30 49 7.01713 0.696894
30 50 7.79676 2.38593
30 51 3.60109 -0.878494
30 52 1.87931 3.81397
30 53 3.56495 4.45568
30 54 0.601495 3.29346
30 55 6.19937 1.89291
30 56 0.0246623 2.64581
30 57 1.3473 -3.32305
30 58 0.0832423 -2.0909
30 59 -1.12133 -0.106396
30 60 -2.26647 -1.26155
30 61 -0.952914 1.51246
30 62 -3.84327 -0.16377
30 63 0.304843 1.665
30 64 -0.547731 1.03704
30 65 0.139645 -0.779385
30 66 -1.10097 -0.940199
31 33 10.4043 -1.74921
31 34 7.61563 -1.51178
31 35 3.9932 1.91154
31 36 0.292201 0.262897
31 37 -0.963234 5.75431
31 38 -2.04911 -6.02982
31 39 2.75939 -1.88002
31 40 0.998843 -0.114631
31 41 0.689377 -7.11445
31 42 11.1479 3.42454
31 43 -1.94455 3.62138
31 44 3.35798 -1.81445
31 45 4.62622 1.01535
31 46 -1.26421 0.898815
31 47 2.2955 4.33011
31 48 6.06693 -4.53239
31 49 5.57657 2.97817
31 50 -0.992458 -3.20439
31 51 3.83227 3.01294
31 52 -1.53155 2.08055
31 53 2.29109 4.05475
31 54 3.60088 2.61285
31 55 4.44354 1.53653
31 56 -0.485514 -0.512704
31 57 1.39759 -0.193125
31 58 -1.16271 0.719819
31 59 1.46533 -1.51325
31 60 1.83206 2.54261
31 61 0.952434 2.46236
31 62 0.416204 1.11909
31 63 -1.09419 0.845378
31 64 -1.24852 -0.239709
31 65 1.11048 2.32165
31 66 -0.109332 0.30126
32 33 6.98858 -2.46907
32 34 -2.18505 -1.72957
32 35 4.06507 -2.14305
32 36 -1.43394 -2.97562
32 37 8.74229 0.145778
32 38 3.87904 -4.50403
32 39 4.48159 4.31531
32 40 5.3841 6.61037
32 41 7.98667 -1.73691
32 42 16.5608 2.60699
32 43 7.25055 -3.35741
32 44 3.77552 -3.90014
32 45 -2.24219 -3.83108
32 46 8.35724 -5.51981
32 47 6.32403 1.65979
32 48 -1.06099 1.85029
32 49 2.43608 -0.191942
32 50 11.8479 0.290541
32 51 6.73213 -0.010922
32 52 0.377877 -0.204252
32 53 2.88174 4.01526
32 54 -2.69283 3.87299
32 55 3.06755 -0.0143556
32 56 2.26754 1.9849
32 57 -0.126818 3.02079
32 58 -1.40854 -0.0752525
32 59 -2.5538 5.70744
32 60 2.65792 -1.46857
32 61 0.00238184 -0.632468
32 62 1.80872 1.87076
32 63 1.83084 0.00182562
32 64 2.92938 2.09758
32 65 1.46943 0.0303718
32 66 0.664981 0.0901737
33 33 2.43772 -3.03285
33 34 6.39993 0.494538
33 35 -2.72323 -2.73728
33 36 8.03972 -2.53156
33 37 9.80686 -2.9751
33 38 9.23817 5.13614
33 39 2.71536 0.0663183
33 40 5.25018 -3.5374
33 41 10.6518 0.713867
33 42 3.29966 2.30805
33 43 9.21857 -0.477011
33 44 -1.64556 2.69685
33 45 13.6553 5.48513
33 46 12.4676 2.69152
33 47 2.22151 -2.62057
33 48 4.25653 -1.0329
33 49 3.07098 -5.04526
33 50 -5.41215 1.85931
33 51 5.19723 1.96349
33 52 6.6873 2.23838
33 53 1.76445 -1.50644
33 54 5.41036 3.5881
33 55 0.794894 2.28463
33 56 -2.22617 3.3343
33 57 -1.99897 1.54063
33 58 -4.19393 2.27778
33 59 1.29274 -0.0116537
33 60 0.595567 -2.13644
33 61 2.02212 3.31558
33 62 0.46097 0.414156
33 63 1.8671 0.933571
33 64 -0.45623 0.00360621
33 65 3.00534 -0.138279
33 66 0.315922 1.00772
34 33 4.26317 -3.59955
34 34 0.787063 -0.545086
34 35 -4.26061 -3.30397
34 36 1.93444 0.0728527
34 37 7.7759 0.30385
34 38 -1.58344 -0.0948167
34 39 7.67415 -1.14787
34 40 11.3003 -1.65936
34 41 3.06107 -0.0624914
34 42 0.217376 2.25747
34 43 7.63399 -5.46782
34 44 9.60777 2.66947
34 45 7.8805 1.93672
34 46 8.63743 -0.704928
34 47 8.92671 -3.18293
34 48 9.09222 -0.239488
34 49 3.86985 1.43347
34 50 0.824201 -2.18997
34 51 5.23231 -2.47982
34 52 -1.81429 -2.27656
34 53 1.84635 4.4903
34 54 2.96937 2.71301
34 55 7.71962 0.325141
34 56 2.64045 3.20594
34 57 5.52314 2.65205
34 58 -1.40677 2.12667
34 59 -1.19201 2.6359
34 60 -0.959003 1.08689
34 61 -2.7949 2.50041
34 62 1.86079 0.314523
34 63 -0.0275183 -0.862216
34 64 1.03378 0.780528
34 65 0.408248 0.736293
34 66 0.621075 0.263094
35 33 5.74608 -4.65459
35 34 5.16537 -2.56194
35 35 3.48416 -1.66855
35 36 6.43291 -1.08723
35 37 4.08963 3.25986
35 38 5.15711 2.27906
35 39 12.7903 1.76574
35 40 7.66664 -1.67732
35 41 8.27212 0.679682
35 42 10.7029 3.88829
35 43 5.67854 1.74287
35 44 8.88494 0.318214
35 45 6.80101 -4.33544
35 46 1.62902 -2.14556
35 47 5.50579 0.454503
35 48 -2.76013 1.07162
35 49 6.81555 3.13431
35 50 9.20406 -0.190467
35 51 2.92979 2.02802
35 52 -0.560333 0.480244
35 53 -3.44131 -0.0419362
35 54 1.04175 2.94317
35 55 -1.32807 2.16462
35 56 -2.341 1.85789
35 57 5.70519 5.21163
35 58 2.54977 2.97664
35 59 1.21207 -0.0623516
35 60 -1.88522 -0.100172
35 61 -1.23855 1.31499
35 62 -2.22593 0.919475
35 63 2.59504 -0.108695
35 64 0.873315 -0.973696
35 65 1.75496 1.65198
36 33 3.68996 -1.53485
36 34 2.32853 -0.615673
36 35 -2.13439 -3.39883
36 36 7.411 -7.99562
36 37 3.55019 -1.88881
36 38 2.17461 1.08075
36 39 10.2978 3.63063
36 40 0.778354 3.50591
36 41 1.25291 0.560718
36 42 7.73811 1.66361
36 43 -1.68525 0.933884
36 44 3.29771 -0.410597
36 45 3.93423 -1.91556
36 46 7.32214 0.80002
36 47 6.28333 -3.80472
36 48 3.43817 0.606921
36 49 1.18497 -1.59307
36 50 8.8639 -1.39004
36 51 0.910729 -1.01984
36 52 3.34008 -0.438949
36 53 -0.23141 -0.993285
36 54 2.51008 0.916469
36 55 5.09584 0.505534
36 56 3.3019 3.50816
36 57 -2.96898 -1.09145
36 58 0.940592 3.3552
36 59 2.78276 1.48135
36 60 2.14298 0.446658
36 61 1.33908 0.669276
36 62 0.76152 0.254956
36 63 2.45486 0.0419186
36 64 -4.54569 0.602101
36 65 -0.158963 0.656369
36 66 0.999825 1.62361
37 33 2.38139 -1.48884
37 34 2.51648 -3.12916
37 35 -0.93019 -2.59894
37 36 8.22181 -7.13282
37 37 2.06929 0.496837
37 38 8.63482 0.999226
37 39 3.33109 -2.65646
37 40 -3.18046 -2.00471
37 41 8.75578 -0.520725
37 42 2.58653 0.150485
37 43 3.47201 2.65463
37 44 8.09507 3.37753
37 45 -0.619529 1.52545
37 46 7.917 -2.57533
37 47 7.79279 3.1164
37 48 8.79769 -1.1478
37 49 1.2086 -0.877407
37 50 4.43399 4.25558
37 51 -2.72204 -0.381397
37 52 3.54142 -0.681826
37 53 -0.58398 0.205802
37 54 4.8625 0.501131
37 55 3.27355 0.00207859
37 56 -1.21762 -0.0798075
37 57 -0.500606 1.98447
37 58 -2.94409 -2.00687
37 59 2.20666 -1.10889
37 60 4.84332 -1.21179
37 61 0.25886 0.0220797
37 62 -0.364259 -0.927395
37 63 1.40308 0.0246649
37 64 -0.30143 1.01245
37 65 1.38091 2.33497
37 66 0.427293 0.420555
38 33 2.71356 -6.06044
38 34 0.511147 -2.4388
38 35 4.204 -2.85986
38 36 6.36533 1.70264
38 37 5.07248 -1.15573
38 38 7.86306 -2.44803
38 39 4.32532 -4.81431
38 40 -0.990059 -0.08375
38 41 3.30593 2.9533
38 42 5.26724 1.38744
38 43 -2.97959 1.18873
38 44 8.70112 2.29237
38 45 3.77362 -0.218477
38 46 6.53961 0.79681
38 47 5.41403 -2.72957
38 48 14.6189 3.39639
38 49 2.00568 -2.20427
38 50 0.569764 -0.31102
38 51 2.94806 -1.54544
38 52 4.67517 4.44545
38 53 2.18487 0.0882327
38 54 -0.370089 1.41118
38 55 1.0495 1.98746
38 56 -0.353191 -0.238909
38 57 2.58102 2.76319
38 58 0.664856 2.12498
38 59 4.74599 2.1178
38 60 3.21673 1.09872
38 61 -1.00938 0.575217
38 62 0.726125 -1.14681
38 63 3.39004 0.743375
38 64 1.19786 0.506056
38 65 -0.123024 1.81304
38 66 0.297219 0.206184
39 33 4.19825 -1.49437
39 34 5.10932 -0.722397
39 35 3.80178 2.32942
39 36 6.49894 -4.86467
39 37 -1.53967 -3.52028
39 38 8.84697 -1.89562
39 39 1.63979 3.30563
39 40 14.5764 1.78221
39 41 -0.487543 2.62786
39 42 -1.52693 1.47484
39 43 1.05276 -0.417954
39 44 -0.490939 0.620148
39 45 4.17693 0.249678
39 46 0.637331 0.0662457
39 47 3.32306 1.08881
39 48 6.96399 4.80538
39 49 2.4124 3.64215
39 50 5.44476 -2.56796
39 51 4.52359 -4.38508
39 52 0.957114 -1.07891
39 53 4.57841 2.63885
39 54 6.81937 4.38918
39 55 -2.16798 1.91483
39 56 0.920239 -0.593986
39 57 6.94728 4.57607
39 58 2.25911 3.55368
39 59 0.637189 0.325793
39 60 0.743603 -0.720289
39 61 2.20575 -0.311605
39 62 4.97255 -0.182315
39 63 0.19804 -0.39466
39 64 0.468642 -0.230981
39 65 -0.152955 1.92289
39 66 -0.617246 2.41277
40 33 2.91754 -2.59956
40 34 0.439938 1.02794
40 35 4.15468 0.580229
40 36 9.54036 -8.08495
40 37 2.43838 0.100736
40 38 0.80044 3.44513
40 39 3.92351 -2.44041
40 40 0.786785 -3.43999
40 41 1.17283 0.837655
40 42 3.111 -0.992384
40 43 8.86832 0.0405687
40 44 6.28398 7.0618
40 45 4.97906 0.840001
40 46 5.13275 0.701414
40 47 4.64719 3.20372
40 48 4.97351 -1.0927
40 49 0.819708 5.35105
40 50 9.29909 0.0666927
40 51 -0.41269 0.781316
40 52 9.89242 -1.5319
40 53 8.05096 1.75566
40 54 4.42794 2.27917
40 55 1.15235 1.49203
40 56 1.97765 1.63898
40 57 0.582923 2.78993
40 58 -2.64333 0.92611
40 59 -0.187663 -0.171718
40 60 1.68874 1.53714
40 61 1.29555 -0.799642
40 62 0.790883 -1.0431
40 63 1.18258 0.357336
40 64 1.18889 -0.304543
40 65 -1.69097 0.847313
40 66 -1.1323 -0.104003
41 33 4.82675 -4.65396
41 34 2.85977 0.901996
41 35 -3.1993 -1.14128
41 36 6.02783 -1.8435
41 37 3.36579 -0.659872
41 38 4.37514 3.38271
41 39 5.87846 -6.42352
41 40 7.7323 3.60169
41 41 11.1642 4.32884
41 42 5.92713 -1.98242
41 43 8.16144 -0.988892
41 44 4.18497 -3.13833
41 45 3.95174 0.0930726
41 46 4.13632 -0.588634
41 47 4.84729 3.05061
41 48 8.14383 -1.95174
41 49 6.0053 0.961809
41 50 7.36372 2.05337
41 51 5.87907 4.36423
41 52 5.43883 3.93392
41 53 -2.64005 0.774371
41 54 1.86008 -0.836535
41 55 7.01138 4.40758
41 56 0.919924 0.184283
41 57 -0.110744 0.947298
41 58 1.89241 -0.0447048
41 59 2.54844 -1.21976
41 60 -1.99162 3.27549
41 61 0.575808 1.06471
41 62 4.29226 -1.05996
41 63 -0.242475 -0.298614
41 64 -0.321919 2.02093
41 65 -0.488791 -0.343114
41 66 -1.01275 1.03428
42 33 6.20118 -0.729028
42 34 -0.622743 -3.17883
42 35 5.61103 -2.67685
42 36 6.1261 -1.48523
42 37 1.79912 -6.30597
42 38 2.33431 -3.20845
42 39 6.54851 -1.703
42 40 6.91944 1.64503
42 41 8.86866 4.40189
42 42 5.30126 -0.541063
42 43 2.4356 -2.04447
42 44 1.20036 -0.259986
42 45 6.53061 3.28565
42 46 2.00372 -0.572396
42 47 7.58111 -2.67658
42 48 -3.53297 1.83433
42 49 4.82077 1.69841
42 50 1.33267 3.51005
42 51 6.16986 -0.963142
42 52 8.32509 1.39234
42 53 6.339 3.6995
42 54 4.16034 3.83995
42 55 -1.95424 3.92566
42 56 5.16889 -0.522434
42 57 2.50689 1.49972
42 58 2.30646 -0.264096
42 59 -1.43617 0.170813
42 60 1.76512 0.941744
42 61 -1.60831 -1.03935
42 62 0.629158 1.0615
42 63 -1.07492 0.377589
42 64 0.880995 -3.11433
42 65 0.999594 1.14569
42 66 -0.13453 1.7047
43 33 1.63504 1.06228
43 34 2.69208 -0.131856
43 35 3.66021 -2.44555
43 36 5.03231 0.647539
43 37 4.607 -1.18497
43 38 7.42495 -3.94014
43 39 1.8594 0.876326
43 40 8.17597 -0.263115
43 41 1.44996 -3.58494
43 42 -1.56713 3.09717
43 43 3.86711 1.15817
43 44 -3.15085 1.20341
43 45 4.66484 8.52252
43 46 2.18815 -2.94641
43 47 7.43123 -4.22042
43 48 0.312022 4.40811
43 49 -2.17318 9.6151
43 50 4.89296 -1.67254
43 51 3.8486 -2.56461
43 52 7.3479 -0.0987054
43 53 4.45835 2.61079
43 54 -0.99239 5.93273
43 55 3.81743 2.47811
43 56 -1.2426 0.407297
43 57 0.47468 3.23188
43 58 5.14417 -0.70572
43 59 1.23252 -0.0313618
43 60 -0.12488 -0.713744
43 61 0.147272 0.687956
43 62 -2.89066 1.57709
43 63 0.903481 1.72823
43 64 -0.705554 0.173742
43 65 2.88529 0.382686
43 66 -0.114984 0.386182
44 33 -0.0228912 -2.31774
44 34 12.2299 -2.11149
44 35 4.29046 -1.42082
44 36 0.453228 -6.98863
44 37 0.320214 -5.01297
44 38 12.5364 -4.00621
44 39 5.99985 -0.447731
44 40 9.3411 -0.256786
44 41 -1.2761 0.202829
44 42 5.30951 -2.42742
44 43 5.00928 4.5472
44 44 2.26638 -4.95954
44 45 4.85985 2.39637
44 46 6.56233 -3.21586
44 47 9.39549 1.57621
44 48 7.12016 1.31563
44 49 2.34219 0.764835
44 50 -2.68354 1.96336
44 51 -0.619116 1.12139
44 52 -2.96993 0.213722
44 53 7.50209 -1.65906
44 54 1.67775 -0.468837
44 55 3.4756 -1.79021
44 56 2.97079 1.08609
44 57 0.771232 0.561617
44 58 4.37044 1.27837
44 59 0.879284 -2.43969
44 60 -0.428661 0.034341
44 61 0.0902519 0.887258
44 62 -0.472354 0.321061
44 63 2.56799 -0.224341
44 64 0.307616 0.011438
44 65 -0.675051 0.687665
45 33 4.25799 -1.4404
45 34 3.91738 -2.35201
45 35 -2.28093 -0.649123
45 36 -6.88164 -4.33509
45 37 7.34199 0.238311
45 38 -2.51921 -2.2529
45 39 7.24554 2.34403
45 40 5.23571 0.886559
45 41 10.6039 -0.266412
45 42 4.70202 -5.06418
45 43 0.903072 6.77724
45 44 1.68526 0.676641
45 45 11.7677 0.507382
45 46 6.43015 -1.09092
45 47 2.05793 4.14244
45 48 -2.61521 0.464443
45 49 4.7673 2.44056
45 50 4.75634 0.471316
45 51 -0.249843 2.56752
45 52 -0.654761 -2.75319
45 53 9.23229 0.259718
45 54 1.72845 4.46213
45 55 4.9329 3.18074
45 56 2.72347 3.7496
45 57 -0.091417 1.23338
45 58 0.0342352 2.14559
45 59 -3.26487 0.351688
45 60 -0.160664 0.900659
45 61 0.756642 2.14882
45 62 -1.50096 1.10266
45 63 -0.0374812 0.43452
45 64 0.192596 -0.131755
45 65 -0.180205 0.65136
45 66 0.513431 2.18606
46 33 2.43715 1.32533
46 34 2.18447 -0.00104588
46 35 6.74688 -0.464188
46 36 4.13529 -0.594663
46 37 3.2336 1.42939
46 38 1.93751 3.7503
46 39 6.68634 4.68192
46 40 5.96986 -1.91829
46 41 7.63797 -0.264969
46 42 1.15311 4.74059
46 43 -0.0736956 -0.545976
46 44 6.96717 0.544378
46 45 0.0429112 -1.16194
46 46 5.23974 4.15663
46 47 2.86059 2.27753
46 48 -1.53406 2.39621
46 49 -0.28799 2.84496
46 50 -3.39758 -1.82665
46 51 -0.600846 0.289573
46 52 0.87425 2.03657
46 53 6.09277 -4.82906
46 54 2.97727 3.83802
46 55 0.40741 0.528113
46 56 2.29346 1.29984
46 57 0.83101 0.469234
46 58 1.12474 -0.553577
46 59 -3.30705 -0.334024
46 60 0.784872 0.143408
46 61 2.30465 -1.47772
46 62 -0.571016 0.64383
46 63 0.721115 0.430788
46 64 -0.358707 0.453994
46 65 0.903761 2.03925
46 66 -0.436709 1.49685
47 33 -0.503282 -5.65978
47 34 1.66292 -0.372901
47 35 0.621017 -0.128145
47 36 1.6648 -3.14556
47 37 -0.516464 -0.447869
47 38 6.0252 -0.848063
47 39 4.03306 -5.381
47 40 4.52281 1.47588
47 41 7.52077 -1.04839
47 42 6.62712 -0.917823
47 43 8.80699 4.48134
47 44 0.63167 -1.53861
47 45 5.21048 0.028727
47 46 2.64775 -0.863942
47 47 7.0042 -0.778695
47 48 2.85364 0.389276
47 49 -1.71854 2.32898
47 50 -3.03037 0.354975
47 51 1.32238 2.82296
47 52 12.3655 3.71834
47 53 2.35031 0.346339
47 54 7.03602 -1.86409
47 55 3.18705 -1.18172
47 56 3.26295 -0.606527
47 57 -0.46667 0.04111
47 58 -0.37943 -0.540819
47 59 2.7277 -1.4013
47 60 -0.888878 2.7318
47 61 1.97855 1.11283
47 62 -1.576 0.619059
47 63 2.4155 -0.632592
47 64 0.469031 0.821146
47 65 -1.80278 -0.190844
47 66 0.244667 0.0523421
48 33 2.60892 -1.80201
48 34 1.59415 -1.1547
48 35 2.5526 0.58694
48 36 7.00422 -0.633841
48 37 2.46331 -0.595763
48 38 8.37562 1.54258
48 39 6.82955 -3.63103
48 40 8.87015 2.78856
48 41 4.4532 -3.38653
48 42 8.28058 -3.24131
48 43 6.40971 -0.899798
48 44 1.64057 1.55665
48 45 3.40221 -1.96951
48 46 7.21347 -2.85668
48 47 7.69556 -4.25757
48 48 0.0266396 -8.11985
48 49 2.74643 2.49119
48 50 2.12399 3.95119
48 51 5.08211 0.780744
48 52 1.85526 2.3119
48 53 7.65881 7.66703
48 54 5.15358 -2.06101
48 55 -0.713999 1.32793
48 56 3.42397 -2.11573
48 57 1.16506 2.14925
48 58 0.497965 1.17296
48 59 2.15508 2.3729
48 60 -1.99475 -0.515202
48 61 0.377165 0.467885
48 62 -1.38449 -1.32208
48 63 0.734852 0.523447
48 64 -1.02431 0.581658
48 65 -2.00236 0.0662982
48 66 0.474083 0.137047
49 33 -0.109081 2.68891
49 34 7.25636 -2.71501
49 35 3.16803 3.14125
49 36 0.122081 -7.1177
49 37 4.49147 -3.91359
49 38 5.52197 4.01722
49 39 -2.17652 -4.04382
49 40 3.82782 -2.07456
49 41 9.3038 1.05497
49 42 4.98231 -1.37745
49 43 9.23632 -1.7182
49 44 6.10179 -0.10345
49 45 2.95939 -1.9032
49 46 0.430884 3.00307
49 47 2.81983 -0.319482
49 48 7.81878 2.59896
49 49 -0.742677 -2.13417
49 50 4.18213 0.644993
49 51 -2.03284 1.89393
49 52 1.91942 1.44173
49 53 1.52371 0.967266
49 54 3.11698 4.06385
49 55 0.999265 2.87445
49 56 -0.899203 -2.22631
49 57 3.48354 -0.440465
49 58 3.02384 -1.26949
49 59 -0.375059 -1.30379
49 60 0.791997 -2.06498
49 61 2.57306 -0.641649
49 62 1.5827 2.20289
49 63 0.263072 1.59239
49 64 -0.932648 -0.639796
49 65 0.712763 -0.678117
49 66 -0.0569072 0.288645
50 33 4.31103 -2.14534
50 34 7.68928 4.02144
50 35 2.18421 -6.32324
50 36 1.30397 -0.239135
50 37 2.8967 2.45849
50 38 1.84195 1.23591
50 39 10.0147 1.39008
50 40 3.80303 -0.773521
50 41 3.09228 7.06953
50 42 9.08596 -1.60748
50 43 2.51755 0.166494
50 44 1.6509 -0.294858
50 45 6.09165 -2.4072
50 46 2.55156 -0.206692
50 47 0.187091 -0.146383
50 48 -1.19887 1.15477
50 49 4.9095 1.15979
50 50 4.15765 -0.425605
50 51 -1.3508 0.867857
50 52 4.26737 3.38754
50 53 4.73694 0.433223
50 54 -0.291903 3.74197
50 55 6.37889 4.97304
50 56 0.368525 0.116548
50 57 1.39333 0.211868
50 58 5.08937 1.24619
50 59 -0.464475 -2.97389
50 60 1.05847 1.56333
50 61 -3.20753 0.0474568
50 62 3.40563 0.813229
50 63 -0.0629242 0.746198
50 64 -0.21113 0.824498
50 65 -1.26656 0.531742
50 66 -0.0887813 0.129177
51 33 -0.548716 -2.29596
51 34 4.24835 -2.23363
51 35 4.77491 1.12186
51 36 4.93546 -2.29502
51 37 8.27955 3.88058
51 38 3.97057 0.357271
51 39 0.685497 1.44393
51 40 7.64302 6.1828
51 41 5.96728 -3.94397
51 42 5.16156 -2.63841
51 43 7.22709 0.14529
51 44 8.43332 1.68522
51 45 4.84311 0.442256
51 46 2.7538 -0.841293
51 47 -1.48127 4.36905
51 48 -0.424918 4.06548
51 49 5.39229 1.26496
51 50 1.52429 -0.376406
51 51 4.97705 0.41509
51 52 4.17969 0.0882961
51 53 -2.96522 -0.153253
51 54 2.418 3.89366
51 55 1.44796 8.61851
51 56 1.1526 -0.612379
51 57 3.88015 1.99443
51 58 2.96654 1.67836
51 59 -2.95324 0.221723
51 60 -1.0108 1.00737
51 61 2.14173 3.01822
51 62 -0.0361017 -1.00263
51 63 2.38791 2.56792
51 64 0.242271 0.582705
51 65 0.825359 -1.44587
51 66 1.04995 0.212166
52 33 4.21388 -2.01448
52 34 5.58744 3.4576
52 35 5.17593 0.918527
52 36 1.84005 -0.357295
52 37 10.3893 -2.46294
52 38 7.47522 3.20128
52 39 2.18706 -2.92762
52 40 2.96531 0.0813218
52 41 6.63696 -0.637691
52 42 4.37802 0.215012
52 43 6.06827 0.323488
52 44 1.49954 0.0543812
52 45 4.68735 0.00690899
52 46 5.3033 0.754461
52 47 -0.745912 5.44123
52 48 0.73393 -3.73549
52 49 9.23321 7.49075
52 50 1.7251 -2.30309
52 51 -1.11398 -1.81897
52 52 -2.86152 4.62845
52 53 6.94443 0.830805
52 54 3.36926 4.32916
52 55 0.399759 -0.77291
52 56 4.78755 0.292273
52 57 3.14861 1.01445
52 58 -0.3068 1.23481
52 59 -2.78304 0.756254
52 60 -2.39845 1.77621
52 61 5.29855 1.80949
52 62 0.330306 1.41659
52 63 3.14709 0.00618809
52 64 0.639316 1.81528
52 65 -0.726214 0.525141
52 66 1.10352 0.453692
53 33 -0.0814001 -0.166105
53 34 4.18736 -4.96716
53 35 2.65524 0.442648
53 36 1.67093 -5.11895
53 37 6.37147 3.12961
53 38 6.08777 3.99172
53 39 4.23207 1.22259
53 40 1.48996 2.90015
53 41 2.80427 -1.53779
53 42 3.90627 -2.08147
53 43 10.3755 0.28091
53 44 2.74858 -2.50376
53 45 4.24396 0.250571
53 46 3.69725 5.63114
53 47 3.62748 1.56135
53 48 -2.86756 -1.11935
53 49 10.8132 3.75573
53 50 -1.42508 2.46074
53 51 3.04804 1.45584
53 52 0.743182 5.13354
53 53 4.22857 3.68892
53 54 4.18898 0.256082
53 55 4.53464 -0.961907
53 56 7.36257 2.55245
53 57 0.18893 -0.429342
53 58 3.77609 1.22928
53 59 -3.24564 1.73775
53 60 -1.37322 2.25838
53 61 1.01043 0.844744
53 62 2.11203 0.208067
53 63 0.581366 0.802736
53 64 -0.651521 0.092087
53 65 -0.25443 0.00324363
53 66 1.36777 -0.45171
54 33 3.67984 -0.948342
54 34 5.87421 0.747807
54 35 2.55706 -2.28189
54 36 -0.597487 0.731715
54 37 4.77101 -3.36696
54 38 2.64065 0.504891
54 39 4.98383 -2.04666
54 40 5.9229 -0.660948
54 41 2.30546 1.65493
54 42 2.64384 2.11812
54 43 3.6264 -1.44983
54 44 1.96506 1.65314
54 45 2.28481 -2.18106
54 46 3.52719 -0.348893
54 47 11.4522 2.21645
54 48 -2.12679 -0.0821161
54 49 0.712397 1.24257
54 50 7.34991 0.04372
54 51 5.38838 3.17879
54 52 1.37408 2.55932
54 53 1.83129 1.17337
54 54 -0.332547 1.67717
54 55 5.49415 1.41196
54 56 1.24766 1.77983
54 57 2.92327 1.45117
54 58 3.01821 -0.00401533
54 59 1.10482 1.78595
54 60 1.41643 1.09168
54 61 2.32312 1.2892
54 62 2.41667 1.34669
54 63 1.07561 1.97329
54 64 2.53363 4.50477
54 65 1.61187 1.54358
54 66 -0.703607 0.267202
55 33 2.42218 -0.866517
55 34 0.757011 -2.55608
55 35 3.05139 -0.36345
55 36 1.73874 3.22025
55 37 1.79591 -1.66484
55 38 -2.81824 -4.1556
55 39 5.09075 -4.52398
55 40 3.0422 -3.77809
55 41 4.12693 -4.29642
55 42 3.68088 1.45899
55 43 -1.58077 -2.58593
55 44 0.684017 3.18016
55 45 9.64159 -1.54069
55 46 4.04306 2.1321
55 47 1.68235 1.59369
55 48 1.18589 0.487795
55 49 2.07131 2.82674
55 50 1.69263 -2.26624
55 51 6.06489 -0.597191
55 52 3.38273 1.30275
55 53 4.60731 1.7027
55 54 1.7191 1.8023
55 55 0.509625 -0.210029
55 56 2.68708 -0.400055
55 57 2.75621 -2.48808
55 58 4.17567 0.402295
55 59 3.93049 -0.325456
55 60 0.328268 1.95964
55 61 1.21289 0.484795
55 62 5.01279 -0.947609
55 63 1.16321 0.465129
55 64 -1.99172 1.84962
55 65 -1.31557 -0.173042
55 66 -0.0578208 -0.360971
56 33 3.38667 0.854415
56 34 3.18141 0.618222
56 35 1.78521 3.98722
56 36 2.89798 -5.68668
56 37 1.23315 -0.682763
56 38 0.941734 0.325546
56 39 3.4635 1.20378
56 40 2.35841 1.35921
56 41 3.51078 -1.07105
56 42 8.87436 0.0801026
56 43 8.26106 4.85166
56 44 -3.75219 -1.81758
56 45 3.54385 1.29901
56 46 5.83554 -1.26658
56 47 -2.24449 3.6793
56 48 2.71769 -0.679694
56 49 3.4335 3.76428
56 50 8.6571 2.15214
56 51 3.29764 0.384992
56 52 4.92486 2.52957
56 53 3.42007 -2.16745
56 54 -1.38686 1.66222
56 55 -2.89621 -0.747771
56 56 1.63651 0.290574
56 57 4.85568 -0.818422
56 58 0.554681 -0.469494
56 59 -1.15774 0.583025
56 60 4.67871 -3.50124
56 61 -0.0764774 -0.714849
56 62 1.95244 0.551698
56 63 -0.480882 1.00462
56 64 4.01098 -0.657278
56 65 -2.57293 0.394659
56 66 1.66826 0.0253058
57 33 4.23692 -0.679768
57 34 0.616179 -0.391028
57 35 -0.0307789 1.16901
57 36 -1.65558 1.27086
57 37 1.47244 -2.24793
57 38 1.92498 1.16726
57 39 0.947882 2.76893
57 40 1.74246 -0.644813
57 41 5.77273 -1.86678
57 42 5.61416 0.680088
57 43 5.9234 0.474767
57 44 -1.82607 -2.1263
57 45 1.15833 -0.836277
57 46 11.6527 1.64936
57 47 2.76632 2.51306
57 48 -1.86042 1.44695
57 49 -3.15999 3.88478
57 50 6.02473 0.379146
57 51 7.80461 -1.63112
57 52 3.74191 -0.192226
57 53 1.0755 1.43883
57 54 -4.38353 3.28246
57 55 1.56671 -0.192769
57 56 0.34598 -0.661399
57 57 0.835592 -2.28705
57 58 4.86182 -2.40344
57 59 0.203305 -1.81654
57 60 1.09046 0.735504
57 61 1.23265 0.966783
57 62 -0.0646876 0.435329
57 63 -1.21267 0.138181
57 64 1.31978 1.21033
57 65 1.29558 -0.284072
57 66 0.85655 0.096589
58 33 1.0872 -0.798575
58 34 4.03536 -2.24706
58 35 1.2583 -4.66171
58 36 4.63447 1.95748
58 37 7.261 1.27915
58 38 7.10084 0.62383
58 39 3.83038 0.463185
58 40 6.2677 -3.90158
58 41 -1.29779 -0.639713
58 42 5.60509 3.40331
58 43 2.42492 1.46354
58 44 6.11936 -0.0712303
58 45 9.03469 3.68319
58 46 8.63504 1.23151
58 47 4.97671 0.156991
58 48 0.144932 0.336019
58 49 2.44291 7.1397
58 50 4.12746 0.335808
58 51 -1.73559 1.97588
58 52 2.79448 -0.621642
58 53 3.62778 -1.45569
58 54 2.95923 1.11905
58 55 1.56062 0.13873
58 56 1.12767 1.0093
58 57 -0.927382 -0.00650377
58 58 0.9574 -0.680972
58 59 -1.97262 1.37053
58 60 -1.27245 0.523977
58 61 0.190832 -0.593332
58 62 -1.75243 0.306944
58 63 -1.68483 -0.385963
58 64 2.13578 -0.97911
58 65 2.22182 1.81523
58 66 0.440396 -0.135875
59 33 0.070421 -0.241103
59 34 -1.24095 1.01067
59 35 2.32636 -0.486586
59 36 1.47829 -1.49553
59 37 4.56005 -1.53478
59 38 1.78956 -3.0605
59 39 1.3977 -1.91244
59 40 2.16327 1.70352
59 41 4.58461 0.434114
59 42 5.85707 -2.84999
59 43 5.45728 -2.90406
59 44 1.81395 4.05501
59 45 2.25421 0.908991
59 46 3.37485 2.56766
59 47 3.80969 -3.19954
59 48 2.8002 -0.0581734
59 49 0.308676 3.94986
59 50 5.97267 1.87362
59 51 0.780576 3.94128
59 52 0.491928 1.8107
59 53 4.66362 0.588144
59 54 0.481076 0.99514
59 55 0.772107 -0.58248
59 56 -1.43855 0.168583
59 57 0.487962 -0.0912024
59 58 0.965217 -2.60391
59 59 -1.00245 -0.45319
59 60 -0.29326 -1.38968
59 61 1.85937 -0.0807109
59 62 -0.48147 1.30832
59 63 -1.40864 0.495995
59 64 1.92484 0.752764
59 65 -0.517042 1.50567
59 66 0.670832 -0.129188
60 33 2.88596 -1.26634
60 34 0.901581 -0.737769
60 35 2.8038 -1.26234
60 36 -3.07583 -0.197905
60 37 4.05397 -4.39578
60 38 4.43579 -2.35968
60 39 3.55904 -1.97024
60 40 1.24455 1.37363
60 41 7.52639 -1.69272
60 42 9.09018 4.59069
60 43 5.20476 -1.39122
60 44 2.89181 -1.22016
60 45 -0.988079 -1.5641
60 46 2.40678 -0.547712
60 47 2.97382 -1.3629
60 48 4.60757 -7.31842
60 49 3.94138 -3.39876
60 50 4.78802 -1.23549
60 51 3.59958 2.112
60 52 4.68881 -0.230122
60 53 1.2173 4.72236
60 54 7.5849 -2.25667
60 55 4.74389 1.49964
60 56 0.401941 0.828262
60 57 1.76444 1.90343
60 58 1.37747 0.60084
60 59 -3.05741 0.87445
60 60 -0.471447 0.166788
60 61 2.69729 0.976913
60 62 2.94255 1.64259
60 63 1.82547 1.94221
60 64 -0.00320614 1.05682
60 65 -1.21231 -0.469847
60 66 0.667953 -0.174474
61 33 1.62047 -1.37771
61 34 -0.0679534 -1.01888
61 35 7.09286 -1.12099
61 36 3.63882 -0.55229
61 37 2.16157 -0.467262
61 38 3.69248 -3.60585
61 39 4.27851 -0.472102
61 40 5.92903 -2.42965
61 41 7.6094 0.0174069
61 42 12.8087 2.90665
61 43 3.94603 -1.48949
61 44 1.11173 0.668852
61 45 2.15624 1.01452
61 46 4.62199 -1.80929
61 47 0.286949 0.324033
61 48 -0.609315 -0.58232
61 49 1.19303 -0.335718
61 50 2.58985 1.09089
61 51 3.11103 3.44365
61 52 7.16307 3.38217
61 53 2.26386 1.6019
61 54 5.17891 -1.30359
61 55 -1.95012 1.24226
61 56 0.215692 -1.04952
61 57 2.52 2.70178
61 58 -2.15182 -0.141778
61 59 -0.120639 -0.257623
61 60 3.27615 2.46276
61 61 -0.489624 -0.107557
61 62 -0.632682 -0.841447
61 63 -0.391034 0.0135974
61 64 0.444611 0.61297
61 65 -0.127812 0.137691
61 66 1.8434 0.918408
62 33 1.74222 -1.52432
62 34 2.70287 -3.13262
62 35 -2.6817 0.331407
62 36 3.677 1.19859
62 37 2.87619 2.173
62 38 2.04876 -0.698966
62 39 4.64312 0.493756
62 40 -1.39349 2.38798
62 41 1.54043 -2.89231
62 42 4.20075 -2.87215
62 43 2.09918 3.06618
62 44 0.352015 -0.817069
62 45 1.62959 -2.51943
62 46 6.8282 0.335938
62 47 3.958 0.309912
62 48 4.54316 -1.23815
62 49 4.35049 3.52319
62 50 5.20707 0.362929
62 51 -2.94357 2.59625
62 52 2.07369 3.9326
62 53 0.729768 -0.459868
62 54 1.17005 -0.15762
62 55 1.99883 -0.0234941
62 56 3.51795 -0.295227
62 57 -1.7006 2.69349
62 58 3.37437 2.14307
62 59 1.49846 -1.1066
62 60 1.34904 1.57398
62 61 2.02801 0.244512
62 62 0.669303 0.722434
62 63 -0.351635 0.910135
62 64 1.57987 0.355062
62 65 2.62035 2.20048
62 66 3.03209 1.25064
63 33 3.33831 1.10416
63 34 4.25417 -1.32764
63 35 2.20501 0.851868
63 36 3.00563 -1.89975
63 37 4.28752 -0.0994872
63 38 6.23808 1.14011
63 39 4.24909 1.18088
63 40 0.706947 -0.423097
63 41 4.44377 -0.142514
63 42 3.90429 0.540896
63 43 10.2173 -0.494884
63 44 5.92838 1.32243
63 45 6.02279 -0.6586
63 46 3.94847 1.57177
63 47 0.822371 1.2728
63 48 1.05351 -1.79655
63 49 6.51116 1.40807
63 50 -0.293771 -1.49652
63 51 5.35595 3.63666
63 52 0.597975 1.35627
63 53 4.07432 -2.43896
63 54 1.56455 1.11396
63 55 1.88721 -0.894281
63 56 3.67646 1.04277
63 57 3.08993 2.85128
63 58 2.38027 0.712249
63 59 1.36398 1.05757
63 60 5.41157 0.407733
63 61 2.13971 -1.18684
63 62 -0.501691 0.324465
63 63 -1.85805 0.553459
63 64 -0.538062 1.05318
63 65 0.350236 1.48345
63 66 0.921961 0.0922887
64 33 3.92299 -1.04117
64 34 4.2973 1.56315
64 35 0.290865 1.0627
64 36 4.96088 -1.42166
64 37 6.66181 -1.25125
64 38 3.06184 -2.99867
64 39 3.33125 -1.33612
64 40 -0.196292 -1.47698
64 41 -0.50825 0.264783
64 42 0.935662 -0.273057
64 43 4.39603 -2.6209
64 44 4.58303 2.1648
64 45 -1.84087 -5.2503
64 46 4.1355 4.40628
64 47 5.09945 -2.39914
64 48 6.4495 -0.685589
64 49 -0.352884 0.553504
64 50 -0.0795354 1.34428
64 51 3.08524 2.16065
64 52 3.24543 1.65117
64 53 2.40028 -0.601207
64 54 -0.302562 -1.11381
64 55 0.441083 -0.892938
64 56 3.72708 0.351527
64 57 1.25986 2.25828
64 58 3.90677 -0.62167
64 59 -0.769847 0.732895
64 60 1.38093 0.573805
64 61 1.46853 0.929233
64 62 1.56148 0.963329
64 63 0.182549 0.16209
64 64 3.72434 1.3988
64 65 -0.965949 1.35135
64 66 0.00732054 0.0595351
65 33 1.23757 -0.158455
65 34 2.63806 0.0312132
65 35 3.34959 0.0461969
65 36 5.94078 -1.59689
65 37 5.34588 -0.134319
65 38 7.73665 -1.10512
65 39 6.11875 -1.92525
65 40 3.33818 -0.275982
65 41 6.97543 -0.759128
65 42 2.62492 -0.395537
65 43 6.41265 -1.12692
65 44 9.58703 1.28325
65 45 3.54317 -0.047273
65 46 9.03426 -1.41666
65 47 2.45781 -1.3509
65 48 9.99066 -0.125487
65 49 4.63555 4.12002
65 50 4.46807 1.59272
65 51 3.24493 1.40399
65 52 4.14494 -0.745887
65 53 3.00237 1.46674
65 54 1.88057 0.865401
65 55 3.14048 3.12597
65 56 4.78318 2.30081
65 57 1.3791 1.31155
65 58 1.5912 0.691866
65 59 0.855659 -0.347335
65 60 1.54293 0.263254
65 61 1.02108 -1.13784
65 62 2.25564 1.71444
65 63 -0.0766896 1.71556
65 64 -0.604886 0.923584
65 65 -0.486929 0.0474218
65 66 0.288003 0.2583
66 33 2.35529 -0.262501
66 34 4.62005 -1.19197
66 35 3.80557 -1.20636
66 36 6.98319 -1.45217
66 37 4.98839 -0.0505611
66 38 4.95697 0.0592272
66 39 7.0956 -1.06678
66 40 9.26583 -0.408946
66 41 8.25419 -1.46407
66 42 6.66984 -0.62893
66 43 8.89205 1.08045
66 44 7.95893 -0.138726
66 45 3.49025 0.29487
66 46 9.82381 3.80434
66 47 5.1678 0.745566
66 48 4.53801 -0.252477
66 49 5.7487 -1.73152
66 50 7.53331 1.33573
66 51 4.23231 1.47
66 52 7.2708 1.27005
66 53 4.0112 0.148872
66 54 4.16441 1.08163
66 55 4.92866 3.0515
66 56 1.1272 1.11093
66 57 3.71025 0.4174
66 58 1.37123 1.39742
66 59 3.44138 -0.0034242
66 60 3.62919 1.1498
66 61 0.152729 0.7772
66 62 2.34916 -0.183901
66 63 0.504573 0.328399
66 64 1.40311 1.21428
66 65 -0.732018 -0.104604
66 66 1.16513 -0.32022
