0 33 -0.685342 0.218886
0 34 -0.0334065 0.511899
0 35 -2.40367 -1.40245
0 36 0.1301 -0.222259
0 37 -0.807921 0.281648
0 38 -0.306545 0.524539
0 39 0.115411 0.0553399
0 50 0.43955 -0.221132
1 33 -2.7249 3.27777
1 34 0.0571788 2.7933
1 35 0.907128 0.125394
1 36 1.54063 -1.3673
1 37 -1.49577 1.17816
1 38 0.609525 -1.1237
1 39 0.674417 0.169501
1 42 0.893157 0.823808
1 45 0.040569 0.00914682
1 48 -1.46964 0.653501
2 33 -3.11744 5.27553
2 34 -2.19112 4.25627
2 35 1.72936 0.87524
2 36 1.09002 -1.95303
2 37 2.74991 0.799892
2 38 1.1755 0.541691
2 39 0.887848 1.37324
2 40 -0.365248 1.12868
2 41 -1.10475 0.859377
2 42 0.955373 0.961842
2 45 -0.216711 0.564699
2 49 -0.398857 0.123303
2 52 -0.144426 0.575049
2 61 0.00165772 0.00173719
3 33 1.40025 9.48382
3 34 -1.08644 2.5176
3 35 -3.78378 6.2982
3 36 -7.33862 -1.59634
3 37 1.2597 -0.518677
3 38 0.779605 1.11454
3 39 0.241993 1.93329
3 40 0.459015 0.496747
3 41 -0.151748 0.052486
3 42 1.04803 1.71995
3 43 -0.171434 0.95855
3 44 0.475487 0.28076
3 48 1.37914 -1.04803
3 52 -1.07795 0.459232
4 33 1.3929 10.005
4 34 1.01033 5.47601
4 35 4.07365 4.39342
4 36 -7.95863 2.86621
4 37 -0.264632 0.649128
4 38 -1.67273 2.70115
4 39 0.802762 -0.188234
4 40 -0.636947 2.30358
4 41 0.342611 0.181992
4 42 0.927704 -1.02218
4 43 -0.0387081 0.0248781
4 44 1.03821 0.00242772
4 45 0.279424 -0.455712
4 46 -0.123104 -0.0406793
4 47 -0.0902676 0.12496
4 48 -0.107195 -0.069658
4 50 0.157821 0.162279
5 33 6.41685 4.87914
5 34 0.690869 1.92777
5 35 2.90456 1.9196
5 36 0.341034 3.06131
5 37 -4.53434 6.6282
5 38 0.338792 -1.75129
5 39 2.72531 -1.13443
5 40 0.676545 -0.160021
5 41 -0.295096 1.22725
5 42 -0.507868 0.395599
5 43 -0.270146 0.113485
5 44 -0.0729333 -0.12978
5 45 0.439712 -0.0658851
5 47 -1.50871 -0.278538
5 48 0.25754 -0.0435795
5 50 0.452614 0.0276712
5 52 0.153493 0.0359892
5 55 0.0593951 0.00638724
6 33 4.63953 11.582
6 34 8.59504 4.26641
6 35 -5.15939 5.13496
6 36 -4.80988 2.01942
6 37 -2.02522 2.20577
6 38 2.30942 -1.10522
6 39 -1.47133 -0.174636
6 40 0.778889 -0.309787
6 41 -0.269457 -0.176939
6 42 0.153944 -0.0130893
6 43 1.11949 1.96264
6 44 -0.116419 0.0217075
6 47 -0.0873531 -0.157648
6 48 1.42478 -0.0775394
6 49 -0.132507 -0.262012
6 51 -1.07726 0.44415
7 33 -2.37839 15.9466
7 34 6.14907 -0.217373
7 35 5.42952 4.81247
7 36 2.15991 4.15145
7 37 -3.29887 3.77601
7 38 0.532879 0.0599356
7 39 -0.13677 1.09032
7 40 0.588415 -1.28336
7 41 0.056046 0.188098
7 42 0.16017 0.216507
7 44 -0.211635 0.42253
7 45 -0.803979 0.62565
7 46 -0.121941 0.607084
7 47 0.99858 0.219857
7 48 -0.0625648 0.0259717
7 49 -0.71469 -0.489104
7 50 -0.433346 0.544922
7 55 -0.0134221 -0.00939293
8 33 -2.36225 15.2473
8 34 -0.423763 3.80355
8 35 3.23956 5.23841
8 36 5.6423 -3.00025
8 37 3.57034 0.744077
8 38 -2.74003 -0.220208
8 39 0.331833 2.02706
8 40 1.69527 -0.789069
8 41 0.365602 1.90346
8 42 0.302378 -0.540119
8 43 0.683346 -0.148409
8 45 -0.22474 -0.0644604
8 46 -2.24142 0.636127
8 47 -0.377557 0.279783
8 48 0.000841805 0.0594548
8 49 0.295094 0.38605
8 52 -0.296009 0.0158324
8 53 -1.06405 -0.205783
8 56 -0.0235589 -0.00546254
8 66 0.0364982 0.068146
9 33 -1.79948 18.5411
9 34 -1.17398 -1.0582
9 35 3.71169 6.04921
9 36 3.37946 5.59783
9 37 1.7948 1.7621
9 38 -0.40425 -1.82378
9 39 -2.70521 1.25238
9 40 -0.671041 1.38929
9 41 1.38255 -0.743875
9 42 -0.799713 -0.357541
9 43 -0.0602623 -0.300967
9 44 -0.0623308 0.241481
9 45 1.13102 0.822898
9 47 -0.618837 1.1537
9 48 0.0893783 -0.0290694
9 49 -0.214389 -0.0616286
9 60 -0.149114 0.0168651
10 33 2.56809 17.8286
10 34 2.93633 6.67974
10 35 0.723274 5.85137
10 36 7.19207 0.200331
10 37 2.81086 2.09731
10 38 -1.0242 -0.0737294
10 39 2.93204 1.13578
10 40 -0.75357 -1.19024
10 41 0.488789 -1.72742
10 42 -0.291101 0.452154
10 43 -0.337545 -0.067005
10 44 0.190411 -0.0633687
10 45 -0.201708 0.843743
10 46 0.208076 0.347552
10 48 0.0500267 0.0144705
10 49 -1.09777 1.01689
10 51 -0.618067 0.374296
10 52 0.0407026 0.0447095
10 53 -0.912791 0.615862
10 55 0.0495993 -0.0636315
10 58 0.0574418 0.283452
11 33 1.58856 17.9981
11 34 7.94147 7.11316
11 35 -2.77696 0.932934
11 36 6.51004 0.456072
11 37 4.46474 5.04986
11 38 -1.39678 2.52991
11 39 0.403461 1.30498
11 40 2.84624 1.66723
11 41 0.492416 0.582407
11 42 -1.34486 0.733395
11 43 1.09665 0.645544
11 44 1.16277 1.20364
11 45 0.409125 0.115964
11 46 0.0405763 0.00561071
11 47 0.600098 0.0780251
11 49 0.11852 -0.0489649
11 50 0.00584671 0.00715837
11 51 -0.283685 -0.146794
11 54 0.0153494 0.0467711
11 56 -1.47871 -0.0164509
12 33 0.150765 17.0697
12 34 1.06694 4.49592
12 35 3.53415 4.1361
12 36 1.50808 2.21098
12 37 5.25279 3.17823
12 38 0.775582 0.574015
12 39 -0.105469 1.99843
12 40 1.93593 2.66808
12 41 1.52253 -0.116943
12 42 -1.47738 -0.876446
12 43 -0.436465 1.14222
12 44 0.948662 1.78182
12 45 1.14569 -0.582827
12 46 -0.0951129 -1.54873
12 51 -0.993944 -0.196464
12 53 -0.10113 -0.125327
12 62 -0.647305 0.172916
13 33 5.45777 15.6209
13 34 -5.06583 1.67861
13 35 1.37603 2.13645
13 36 7.44751 12.7088
13 37 5.54614 -0.909213
13 38 0.835502 0.969051
13 39 -2.53791 1.16437
13 40 -0.00924343 2.30084
13 41 3.00762 -0.036649
13 42 -0.248404 -0.906471
13 43 0.797836 0.768321
13 44 2.62891 0.531979
13 45 0.171506 0.910239
13 46 -1.36294 0.210803
13 49 0.150266 -0.115316
13 50 0.105827 -0.030309
13 51 0.15897 0.0345959
13 59 -0.000239426 0.000101448
13 61 -0.00243957 0.531844
13 62 -0.542078 0.347118
14 33 1.15915 12.962
14 34 2.33869 -0.99645
14 35 4.45029 7.8354
14 36 2.01561 4.12455
14 37 9.52072 0.35187
14 38 -0.153127 -0.547901
14 39 -0.825284 0.431385
14 40 1.0432 0.766245
14 41 2.62164 1.55546
14 42 0.114195 -0.338487
14 43 1.40192 -0.701301
14 44 0.716402 0.199916
14 45 -0.163433 -0.214021
14 46 0.22431 -0.12402
14 47 -0.0695446 0.677586
14 48 0.335549 0.282964
14 51 0.803755 0.757389
14 52 -0.940226 -0.961945
14 54 0.000905034 0.000919946
14 56 -0.0823989 0.121815
14 57 0.090599 -0.00605086
14 60 0.27255 -0.653766
14 64 0.597423 -0.554354
14 65 0.543673 -0.0956142
15 33 2.41321 13.0985
15 34 4.79502 8.69268
15 35 5.97412 8.66036
15 36 -4.22729 1.0323
15 37 6.57652 3.47253
15 38 1.05266 0.923406
15 39 2.74989 0.702666
15 40 0.989446 1.3866
15 41 0.0396991 0.0771683
15 42 -0.196595 0.0958175
15 43 0.184598 -0.619607
15 44 0.192423 -0.489984
15 45 0.0606366 -0.0254043
15 46 -0.464454 1.57434
15 47 -0.0640446 3.11481e-05
15 48 1.45014 0.175949
15 50 -0.539844 -0.662967
15 51 -0.670335 0.398313
15 52 -0.794595 -0.459539
15 54 0.271484 0.115179
15 60 0.499102 -0.00877578
15 61 -0.117298 0.140689
16 33 2.06564 11.8779
16 34 5.46964 0.344877
16 35 5.65957 3.03106
16 36 -0.866257 1.3379
16 37 -0.204902 1.19334
16 38 0.339714 2.97816
16 39 -1.42127 3.21534
16 40 -1.47797 3.30043
16 41 -0.631371 0.308827
16 42 0.408316 -0.0186898
16 43 0.642027 0.625287
16 44 -0.270292 0.100059
16 45 -0.061153 -0.0353089
16 46 -0.284041 1.00384
16 48 0.357863 0.0888168
16 49 0.194061 -0.102187
16 50 -0.539176 0.812128
16 51 0.250194 -0.202188
16 53 -0.388443 0.208151
16 55 0.0355731 0.0671738
16 56 -0.443051 -0.253179
17 33 4.81082 12.3663
17 34 15.9344 2.83377
17 35 8.93592 6.23484
17 36 5.34139 2.02212
17 37 3.63034 -2.26789
17 38 2.77199 -0.301254
17 39 0.103191 -0.0168903
17 40 -0.895556 -0.0933552
17 41 0.0580592 -1.51138
17 42 -0.275707 0.237781
17 43 0.956092 1.31866
17 44 -0.176844 -0.0494687
17 45 -0.0523741 -0.0333958
17 46 -2.47911 1.37976
17 47 0.184411 0.0725259
17 48 0.0109697 0.0133199
17 49 -0.134117 -0.172857
17 50 2.38012 1.04478
17 52 0.694506 -1.28262
17 59 -0.034062 0.022327
18 33 2.32983 7.44473
18 34 6.58433 0.888292
18 35 2.35808 5.30347
18 36 5.11178 0.170194
18 37 2.03649 1.19901
18 38 3.80824 5.96076
18 39 0.334403 -0.421242
18 40 3.10072 -2.61009
18 41 -1.44707 1.71483
18 42 0.378049 -0.988678
18 43 0.641415 -0.459706
18 44 2.81722 1.09626
18 45 0.235895 0.326507
18 46 0.658406 0.43303
18 47 -0.530143 2.12436
18 48 -0.364829 -0.120619
18 50 1.52176 0.286006
18 53 0.114506 0.15525
18 54 0.177311 0.229129
18 55 0.0347631 0.0254578
19 33 3.58917 6.27792
19 34 -5.35348 0.143601
19 35 -1.99721 0.35507
19 36 0.890673 -0.728002
19 37 0.369295 1.92016
19 38 -0.481565 6.59774
19 39 4.9553 2.32322
19 40 -1.44919 0.677668
19 41 -0.97601 0.0847112
19 42 -0.439867 1.16736
19 43 -0.616201 -0.0790281
19 44 0.644688 1.14502
19 45 -0.158188 1.82497
19 46 0.760071 0.039161
19 47 1.39117 0.209705
19 48 -0.277365 0.27934
19 49 -0.0314597 -0.0439791
19 50 0.0240979 -0.958895
19 52 1.14177 -0.337001
19 54 0.144383 -0.555998
19 57 -0.115047 0.0166371
19 58 0.216534 0.229289
19 62 -0.531798 0.0805456
20 33 7.97193 8.22605
20 34 3.10037 2.63305
20 35 8.33943 -0.233522
20 36 6.54549 -1.71915
20 37 5.83898 0.951868
20 38 2.67981 -1.28645
20 39 -4.329 3.85958
20 40 0.62088 0.952871
20 41 0.246971 0.89867
20 42 0.798793 -0.871358
20 43 -0.57173 -0.053069
20 44 2.24625 0.591429
20 45 0.649804 0.396551
20 46 0.0334558 -0.510868
20 47 -1.05961 -0.0501912
20 48 0.65613 0.341169
20 49 -0.2887 1.06872
20 50 1.20525 -0.469091
20 51 0.248662 -0.621243
20 52 -0.602307 -0.250749
20 53 -0.160013 -0.107131
20 54 0.127021 -0.0650413
20 55 0.109111 -0.328776
20 56 -0.00016451 0.000338719
20 57 0.83673 -0.225168
20 60 -0.191323 0.0759813
20 62 0.744335 0.937146
20 63 0.774525 0.646645
21 33 2.97606 7.32508
21 34 5.16087 3.36226
21 35 8.56765 -1.94263
21 36 3.00594 -2.5785
21 37 3.61759 3.10247
21 38 3.17839 1.2324
21 39 -1.16481 0.228907
21 40 0.664033 0.741778
21 41 0.095657 -0.42066
21 42 -1.28531 0.789189
21 43 0.730471 -0.222123
21 44 1.43076 0.727855
21 45 -0.57126 0.317991
21 46 -0.360807 0.41033
21 47 -0.879737 0.966307
21 48 -0.0399481 0.00596659
21 49 0.412889 -0.531951
21 50 0.0579737 0.0795249
21 51 0.474594 0.320603
21 52 -0.708107 -0.340797
21 54 -0.0054691 0.00090742
21 57 -0.138148 -0.280992
21 58 0.00477086 0.00366534
21 60 0.0283716 -0.0997852
21 61 -0.125316 0.0824677
21 62 0.27075 -0.162768
22 33 5.73869 4.95405
22 34 -1.54562 3.45937
22 35 -0.339125 3.51463
22 36 3.00493 1.38974
22 37 0.426958 4.24845
22 38 7.76635 2.78694
22 39 -1.74219 -0.853654
22 40 0.336843 1.4182
22 41 -2.28279 1.33014
22 42 0.591196 0.892422
22 43 2.97356 -0.188783
22 44 0.0405863 -0.836357
22 45 0.159017 0.0673026
22 46 -0.178984 -1.40387
22 47 0.225673 -0.575255
22 48 0.161354 0.0242454
22 49 -0.757383 0.759137
22 50 2.22886 0.995875
22 51 -0.00868043 0.0703563
22 52 -0.909781 0.189417
22 53 0.590644 0.16199
22 54 1.10837 0.136095
22 55 -0.744165 0.0493533
22 57 0.101816 0.211227
22 58 -0.233952 -0.0247992
22 60 -0.697576 -0.862933
23 33 0.461092 4.3362
23 34 5.28832 -0.441494
23 35 6.36496 -1.85906
23 36 3.56358 -5.2403
23 37 5.9989 -1.47477
23 38 6.31675 -3.10609
23 39 0.220776 0.742598
23 40 1.45 1.7258
23 41 4.93057 -0.801575
23 42 -0.239248 -0.835495
23 43 -1.28678 0.63422
23 44 0.949278 0.844306
23 46 -1.37173 1.68965
23 47 -0.868257 0.442934
23 48 -0.0367322 0.017317
23 49 1.17099 0.0916706
23 50 1.33137 0.616078
23 52 0.100448 -0.128089
23 53 1.08749 -0.311846
23 54 -0.872419 0.308509
23 55 0.215082 -0.236625
23 60 -0.0515277 0.0286071
23 61 -0.223391 0.0963802
24 33 7.58 5.29577
24 34 0.975528 3.16708
24 35 -2.0564 0.435723
24 36 4.13457 -4.22314
24 37 0.784685 -2.69881
24 38 -0.277287 -0.671256
24 39 3.82459 -0.282567
24 40 1.42433 0.314898
24 41 1.00084 0.667155
24 42 -2.49045 -1.375
24 43 1.36436 4.12726
24 44 1.01936 1.24222
24 45 0.188093 -0.37955
24 46 -1.70641 0.300861
24 47 0.129424 0.603313
24 48 -0.0962887 -0.00259406
24 49 -2.19328 0.570199
24 50 -0.0690437 -0.269182
24 51 -0.882105 0.892032
24 53 0.631623 0.846939
24 54 0.737315 0.154114
24 55 0.151204 -0.0466738
24 60 0.309276 -0.244063
24 61 -0.455773 0.362681
25 33 5.3656 1.57326
25 34 5.42637 0.6456
25 35 13.8653 -0.290823
25 36 1.862 -2.00934
25 37 -1.07998 1.10327
25 38 -2.41563 2.68133
25 39 5.80956 0.950211
25 40 -1.61067 1.76725
25 41 -0.757159 -0.668081
25 42 -1.43523 -1.35421
25 43 0.769628 0.96109
25 44 -0.757937 2.00336
25 45 -1.30271 1.83838
25 46 -0.82917 0.404701
25 47 -0.0423161 0.0257591
25 48 -0.0191155 0.187021
25 49 0.508152 0.0682633
25 50 -0.335488 0.203588
25 52 1.23266 -0.660242
25 53 0.914994 1.38121
25 55 0.0264247 0.0295377
25 57 -0.575937 0.365663
25 58 0.73519 -0.51846
25 60 -0.204546 0.0235426
25 62 1.56832 0.875785
26 33 8.31096 0.979467
26 34 1.95253 0.914261
26 35 0.915472 -0.108243
26 36 1.51933 4.63616
26 37 6.42229 1.05044
26 38 -0.745046 2.43352
26 39 -0.151418 0.372763
26 40 2.36909 -1.5996
26 41 1.81279 -1.76867
26 42 0.48799 1.88211
26 43 0.949971 -0.169183
26 44 0.70591 0.0545752
26 45 -0.467772 -0.0257335
26 46 -1.02029 -1.47972
26 47 0.441069 0.373554
26 48 1.59088 -0.0581941
26 49 0.721356 -0.0755125
26 50 1.2113 0.775735
26 51 0.00434925 0.900414
26 52 -0.873672 -0.108327
26 53 0.932757 0.0632267
26 55 0.0322326 0.02689
26 56 0.186917 0.0564841
26 60 -0.0689688 -0.777646
26 65 0.712603 0.159791
27 33 1.85766 0.954929
27 34 0.64542 4.18379
27 35 4.43456 -0.486635
27 36 14.7057 -2.072
27 37 3.08619 2.71229
27 38 0.787733 0.624998
27 39 4.02859 -2.17144
27 40 0.367519 0.207202
27 41 0.259539 -0.977522
27 42 -0.864435 0.485873
27 43 0.392711 0.906251
27 44 -0.664589 1.05392
27 45 1.30625 0.459111
27 46 -2.86196 2.50798
27 47 0.476625 0.703716
27 48 0.238592 -0.212098
27 49 -0.313108 -0.00112551
27 50 0.634048 -0.133582
27 51 0.0969056 -0.239062
27 52 0.134671 0.233775
27 53 0.0406674 0.0311414
27 57 -0.490567 0.680417
27 59 -0.0340022 0.0180711
27 62 0.73738 2.4731
27 65 -0.203925 0.208201
28 33 2.6886 2.95489
28 34 0.669019 -1.65982
28 35 -1.34115 -0.327576
28 36 5.78725 2.9785
28 37 4.84877 -0.607025
28 38 3.51526 -1.02667
28 39 2.32617 -0.788602
28 40 0.41236 -0.523507
28 41 -0.214109 1.21935
28 42 1.36784 1.48039
28 43 0.300481 1.44178
28 44 0.348126 1.28159
28 45 -0.0685599 -0.14345
28 46 0.93911 0.944649
28 47 0.389976 0.708207
28 48 1.11314 -0.227058
28 49 0.00807567 -0.0280972
28 50 -0.0874276 0.00842263
28 51 -0.0117808 -0.367328
28 52 -0.00349785 -0.198495
28 53 -0.29484 0.00818781
28 56 0.88463 0.522813
28 59 -0.135066 0.205803
28 60 0.00607833 0.00923736
28 61 0.189608 0.0176537
28 64 0.0528835 -0.0172165
29 33 1.74248 2.3435
29 34 6.6551 1.13606
29 35 0.674665 -1.9122
29 36 5.08039 -2.21636
29 37 1.17385 0.313677
29 38 2.06574 3.58957
29 39 1.69132 0.357506
29 40 2.1514 -0.508524
29 41 -1.03681 1.03081
29 42 -0.951763 0.739342
29 43 -4.55773 1.14016
29 44 0.758768 -0.904484
29 45 0.321991 0.720752
29 46 -1.68651 0.0801829
29 47 0.0204469 0.0875184
29 48 0.0918028 -0.023849
29 49 0.288353 0.256022
29 50 0.384078 0.573372
29 51 -0.0888281 -0.0282861
29 53 0.175167 0.204139
29 54 0.0484161 0.0935021
29 55 -0.628717 -0.168509
29 56 -0.706317 0.150164
29 57 0.0422769 -0.191992
29 58 0.10733 0.0718708
29 59 -0.045273 -0.575218
29 62 0.0348846 0.0144143
30 33 6.08984 -0.154878
30 34 5.2183 -2.57748
30 35 3.64294 -0.320092
30 36 0.753486 1.57749
30 37 -1.03806 3.11589
30 38 3.87232 1.09424
30 39 -1.20967 -0.90115
30 40 0.560406 -0.875796
30 41 -0.682942 1.98287
30 42 1.30069 -3.06557
30 43 -0.359215 1.07474
30 44 0.206801 0.688137
30 45 0.416957 1.26566
30 46 1.35148 0.118659
30 47 -0.00944665 0.126724
30 48 0.0408903 -0.689036
30 49 -1.01095 0.560787
30 50 0.0132926 0.302995
30 52 -0.506791 0.268153
30 53 0.547304 0.991262
30 54 -0.14584 0.0268353
30 55 0.046631 -0.122046
30 56 -0.103064 0.0767915
30 60 -0.713878 -0.576898
31 33 1.11661 1.44675
31 34 3.69719 1.31118
31 35 1.17104 0.225389
31 36 1.8717 0.596079
31 37 2.38837 1.70898
31 38 8.0138 2.66889
31 39 1.11259 1.11434
31 40 2.54457 -0.555828
31 41 0.265953 1.53751
31 42 -4.71679 -0.513929
31 43 -0.211641 1.20802
31 44 0.598033 0.0993894
31 45 0.218964 -0.0172319
31 46 0.301757 0.0392201
31 47 0.049582 0.763013
31 48 0.485954 -0.215985
31 49 -0.492255 0.810662
31 53 0.0209574 0.0281201
31 54 0.0721576 0.0235612
31 55 0.701502 0.386036
31 56 -0.0122276 -0.0284951
31 57 -0.0616603 0.267132
31 62 0.266297 0.148001
31 63 -0.201539 0.00825373
32 33 -1.01177 2.29695
32 34 3.56507 -0.526573
32 35 1.501 0.359276
32 36 3.64996 -1.14795
32 37 0.963516 1.93156
32 38 0.637994 3.92862
32 39 -0.732842 2.51125
32 40 -1.26702 2.89386
32 41 -2.42306 -0.46217
32 42 0.89582 2.00342
32 43 0.0172017 0.0140768
32 44 0.27675 0.279024
32 45 1.17319 -0.566358
32 46 0.313175 0.0462984
32 48 0.76455 0.680845
32 49 -0.335881 1.33231
32 50 -0.981389 -0.0514568
32 51 0.0646807 0.288194
32 52 -0.707545 0.349513
32 53 -0.653983 0.0256259
32 54 0.526372 -0.77222
32 55 -0.00353046 0.00474505
32 56 0.0117657 -0.0622013
32 57 0.649335 -0.448894
32 62 0.100167 -0.193431
33 33 0.547974 0.924923
33 34 1.29181 -1.26366
33 35 4.4798 -1.47354
33 36 3.5733 -1.34732
33 37 0.0634384 0.422345
33 38 3.1735 0.215899
33 39 5.23906 1.67446
33 40 2.66476 2.52806
33 41 -1.3295 2.81341
33 42 -0.0998086 -0.99499
33 43 0.922529 0.442762
33 44 1.21977 -0.00943886
33 45 -0.249597 -0.29499
33 46 2.08455 1.03435
33 47 -1.81367 -0.140865
33 48 -0.771275 -0.195385
33 49 -0.582483 0.703573
33 50 -0.0554101 0.0172041
33 52 -0.12053 0.11655
33 54 -0.111633 0.225348
33 55 0.14055 -0.668332
33 56 0.358489 -0.0389817
33 61 0.169236 0.629645
33 62 -0.77466 1.07776
34 33 1.08865 -0.977673
34 34 2.7708 -2.31877
34 35 2.52494 -1.9862
34 36 4.33963 -1.26023
34 37 4.53076 4.97873
34 38 -1.19168 -1.78158
34 39 2.64073 0.352489
34 40 0.752047 2.85178
34 41 2.32277 1.68418
34 42 1.21431 1.35494
34 43 2.53808 1.6486
34 44 2.14746 0.0739851
34 45 0.172367 -1.124
34 46 -1.90301 -0.49149
34 48 0.425999 -0.3485
34 49 -0.308726 0.219186
34 50 0.364599 0.88118
34 53 1.00464 -0.799239
34 54 -0.0139871 0.0465746
34 55 -0.506651 0.154855
34 57 -0.00379462 0.0061848
34 58 -0.103883 -0.0546618
34 61 -0.149011 -0.00200944
34 63 -0.861441 0.306609
35 33 5.5409 1.02824
35 34 -0.145244 5.28163
35 35 -0.492233 0.856719
35 36 1.83382 1.57178
35 37 4.45017 1.20123
35 38 2.81483 6.53191
35 39 1.5943 2.84215
35 40 0.77991 -1.0135
35 41 1.50856 1.63234
35 42 1.8947 0.774904
35 43 -0.752237 1.96603
35 44 0.456518 0.873427
35 45 -0.564212 0.230897
35 46 -2.15553 -0.648862
35 47 0.143765 0.0329797
35 48 -0.778476 -0.00791109
35 49 -0.308758 0.374933
35 50 0.333088 1.06531
35 52 -0.38149 -0.516367
35 53 -0.0716587 -0.003961
35 55 0.165857 -0.105033
35 56 0.294261 -0.402944
35 58 -0.631067 -0.129851
35 59 0.500802 1.29273
35 65 0.16108 0.158096
36 33 0.6531 2.49552
36 34 6.65737 -4.33062
36 35 3.06719 1.74811
36 36 0.386417 3.19807
36 37 1.77554 4.60441
36 38 1.8383 -2.57129
36 39 -1.06044 0.294544
36 40 0.065973 -0.629757
36 41 0.543351 1.99408
36 42 -0.728153 0.719154
36 43 0.493382 -0.591383
36 44 -0.793065 1.01922
36 45 -0.493892 6.69546
36 46 1.40845 0.883463
36 47 0.0334409 0.0407948
36 48 0.0921154 0.0378688
36 49 0.105099 0.117623
36 50 -0.606315 0.748095
36 51 -1.04571 0.665539
36 52 0.38138 0.340462
36 53 -0.165451 0.184194
36 54 0.0516491 -0.000108989
36 55 0.207144 0.38594
36 56 0.328011 0.645185
36 57 0.0339633 0.0266941
36 62 0.156073 -0.00134152
36 63 -0.0582633 0.0395341
37 33 4.90215 1.05835
37 34 6.07796 2.2935
37 35 3.68812 1.98649
37 36 2.84242 0.167914
37 37 -2.6728 -0.864315
37 38 0.00831399 -2.05466
37 39 -1.72381 1.66136
37 40 0.240623 0.51585
37 41 0.884425 -0.0642578
37 42 0.858769 -0.821673
37 43 -4.16109 -0.884723
37 44 1.20684 0.240258
37 45 1.41063 0.977262
37 46 2.74336 3.03447
37 47 -0.430448 -0.523709
37 48 1.46288 -0.738955
37 49 -0.317948 -0.638462
37 50 0.297153 -0.0511406
37 51 -0.116261 0.090733
37 53 0.762669 -0.166985
37 54 -0.0913555 0.231287
37 55 0.896161 -0.271514
37 56 -0.244912 -0.27815
37 57 -0.329886 0.249084
37 58 -1.16992 0.840168
37 62 0.126022 0.0158809
37 63 0.0225655 0.00967757
37 65 0.0321199 0.0288304
38 33 1.30102 -1.11315
38 34 5.95384 -2.05511
38 35 2.84198 1.1404
38 36 3.56462 -0.346412
38 37 0.84819 -0.0984522
38 38 2.05349 1.50657
38 39 2.10594 0.118292
38 40 2.52903 0.635961
38 41 0.062395 1.05714
38 42 -0.32339 0.737763
38 43 -0.0568312 -0.827489
38 44 0.0229828 0.384569
38 45 0.0347453 0.150834
38 46 0.0212628 0.523821
38 47 0.22541 0.119224
38 48 0.660846 -0.250611
38 49 -0.266441 1.06786
38 50 0.686744 -0.0295567
38 51 0.734947 -0.0481908
38 52 0.54914 0.412797
38 53 0.854941 0.462679
38 54 -0.501378 -0.208629
38 55 0.624165 1.01326
38 56 -1.18478 0.195441
38 59 0.0484318 0.138514
38 61 0.14789 0.0549466
38 65 0.319246 0.431916
39 33 2.40705 -0.85008
39 34 0.0530763 -5.87767
39 35 2.77333 -0.0771175
39 36 6.46466 1.49057
39 37 6.87487 0.332816
39 38 2.81705 -0.612098
39 39 2.73976 -3.74073
39 40 0.324706 -0.488886
39 41 1.73264 -1.62891
39 42 -0.805029 1.60068
39 43 -1.81627 0.419963
39 44 1.4156 -0.0840898
39 45 0.226225 -0.571286
39 46 0.617854 0.0441074
39 47 0.937679 -0.0550293
39 48 -0.398436 0.338776
39 49 -0.26784 0.830724
39 50 0.555038 0.643691
39 51 -0.364098 0.279803
39 52 -0.314259 0.132173
39 54 0.319824 0.0606391
39 55 -0.874558 0.166715
39 56 -1.37296 1.03803
39 59 0.470739 0.280257
39 62 -0.0102499 0.0917618
39 63 -0.308023 0.512507
40 33 -0.543878 1.56121
40 34 0.232308 -0.250679
40 35 4.30142 -0.0256648
40 36 3.14369 1.63398
40 37 3.27263 2.29323
40 38 0.844238 1.57261
40 39 3.11817 0.999634
40 40 4.00053 -0.595574
40 41 2.22165 -0.283585
40 42 -0.49969 -0.675537
40 43 -1.27346 -0.255323
40 44 1.81003 2.25587
40 45 -2.22456 3.31097
40 46 0.378177 -0.91991
40 47 1.52983 1.26142
40 48 0.216184 -0.216693
40 49 1.42656 1.30959
40 50 0.878447 0.759064
40 51 -0.115047 0.062837
40 52 -0.907222 1.79656
40 53 0.0516629 0.192577
40 54 0.737627 -0.137152
40 55 -0.317176 0.68409
40 56 0.0530548 -0.0843404
40 57 0.0158572 -0.00619472
40 59 1.46334 0.572931
40 63 0.500084 0.568407
40 65 -0.378292 -0.216184
41 33 1.34277 -0.744749
41 34 2.02938 -1.28835
41 35 2.43195 1.05898
41 36 -1.3925 1.54467
41 37 0.403887 0.430743
41 38 1.07523 0.419998
41 39 3.63648 4.30245
41 40 1.73255 -0.470019
41 41 0.816661 -0.208047
41 42 -0.626975 -0.809342
41 43 -0.0780783 0.715967
41 44 -0.574395 0.600435
41 45 -1.6843 0.775381
41 46 -1.15253 -1.0356
41 47 -0.825716 0.56025
41 48 0.297961 0.97906
41 49 0.356707 0.401525
41 50 0.022125 1.9564
41 51 0.116227 -0.0747893
41 52 -0.510743 -0.250354
41 56 0.225903 0.303956
41 57 -0.204501 -0.0120941
41 58 -0.23365 0.0977899
41 59 -0.0191086 0.0243828
41 60 0.0169479 0.212601
41 61 -0.453877 -0.572003
41 64 -0.21705 0.0109517
41 65 -0.313935 0.161243
42 33 2.83841 -1.08079
42 34 1.5912 -0.128948
42 35 3.11957 -4.01906
42 36 0.529583 2.46514
42 37 4.24568 5.87628
42 38 -0.754943 -1.65984
42 39 2.20675 -0.556675
42 40 3.29773 -1.44544
42 41 0.0943504 0.495484
42 42 0.336444 0.132111
42 43 0.432813 3.08178
42 44 1.84506 -0.698292
42 45 1.51208 -0.563954
42 46 0.207494 0.0963192
42 47 0.386882 -0.575745
42 48 -0.323559 -0.585425
42 49 -0.379495 0.239293
42 50 1.19285 -0.39053
42 51 0.222979 0.231596
42 52 0.461755 -0.0722796
42 53 0.02118 -0.0153119
42 54 0.826655 -1.07452
42 57 0.431362 0.403157
42 58 -0.327309 0.299769
42 61 -0.186768 0.0126083
42 63 0.144281 0.0193011
42 65 -0.0386417 0.126984
43 33 1.92657 0.998794
43 34 3.60453 0.147042
43 35 0.961898 -2.31846
43 36 3.36112 -1.17708
43 37 4.49891 -0.396056
43 38 -0.444337 0.981776
43 39 2.27567 0.667444
43 40 -0.0505203 1.41165
43 41 -2.52002 2.20263
43 42 2.07691 1.27046
43 43 -0.52925 1.36167
43 44 -0.215957 -0.540262
43 45 -0.651814 0.546787
43 46 0.68051 1.45666
43 47 0.727382 -1.15503
43 48 -0.0553781 0.125648
43 49 1.04733 -0.591727
43 50 0.942953 0.308827
43 51 0.603433 0.323044
43 52 -0.765871 0.475268
43 54 1.35323 -0.429206
43 55 0.13429 -0.0471736
43 56 -0.723529 0.262187
43 57 0.791636 -0.822779
43 58 -0.010313 0.00809227
43 59 0.844979 0.290437
43 60 1.01982 0.526108
43 61 0.513996 0.243704
43 62 -0.191872 -0.581838
43 64 -0.559968 0.236098
44 33 5.55951 2.56677
44 34 4.46917 -2.24121
44 35 -1.00069 -0.0399562
44 36 6.41852 0.302194
44 37 3.29754 2.33631
44 38 0.168094 1.67231
44 39 1.21944 3.03942
44 40 3.31239 3.51106
44 41 0.914125 2.64205
44 42 2.24488 0.464917
44 43 1.8128 0.237455
44 44 -0.452755 -0.29466
44 45 -2.1949 2.12516
44 46 0.378471 -0.141313
44 47 -0.183944 -0.104368
44 48 0.362773 -0.14608
44 49 -1.02798 1.05408
44 50 0.561769 0.28658
44 51 0.167878 0.274756
44 52 0.115553 -0.0769733
44 53 0.0186252 0.0241753
44 54 0.356884 -0.183762
44 55 1.14424 0.21828
44 59 0.349151 0.534942
44 61 -0.284024 0.316392
44 62 -0.0194857 0.110593
44 64 0.35826 -0.256638
45 33 0.785956 0.621342
45 34 0.482669 2.13805
45 35 0.776212 0.333327
45 36 6.61968 0.585265
45 37 2.18405 -0.1743
45 38 1.49109 -2.07356
45 39 1.36071 -3.28972
45 40 2.08099 1.69773
45 41 0.504813 0.910168
45 42 -1.20593 0.310356
45 43 2.45243 -1.26752
45 44 0.168943 0.0931484
45 45 0.426719 0.431559
45 46 -0.442697 0.201391
45 47 -0.563597 0.305555
45 48 -1.07857 1.18598
45 49 -0.83068 -0.126125
45 50 -0.871318 -0.373393
45 51 1.43736 1.05364
45 52 0.562755 1.22461
45 53 1.7503 0.0699791
45 61 -0.0774584 -0.0631287
45 64 0.533783 0.00385005
45 66 0.253274 0.0911252
46 33 0.821622 0.58209
46 34 3.85293 -3.62186
46 35 3.23101 0.0878869
46 36 -2.61344 -1.50851
46 37 1.76514 1.23527
46 38 -1.73121 0.690058
46 39 1.47618 -3.70063
46 40 0.723283 -0.031693
46 41 1.20204 -0.260902
46 42 -0.91357 0.0340523
46 43 -0.959234 -1.37928
46 44 -0.229213 0.0150693
46 45 0.899126 -1.20633
46 46 0.295444 -0.341061
46 47 -0.576134 -0.259697
46 48 0.00522147 -0.002481
46 49 0.22557 0.1261
46 50 -0.392439 -1.39313
46 51 -0.344093 0.674042
46 52 0.0564404 -0.0676446
46 53 -0.174906 0.0170625
46 54 -0.102625 0.126503
46 55 -0.0129935 -0.0557601
46 56 0.579705 0.126407
46 57 0.221161 -0.204122
46 58 0.147042 0.329033
46 60 -0.0557966 0.186365
46 63 -0.327428 0.753776
46 64 0.187753 -0.0060547
46 65 0.312188 0.227834
47 33 -0.918823 -0.0601895
47 34 6.88188 -2.91139
47 35 1.61017 -0.736706
47 36 -1.65777 -0.776148
47 37 2.44317 2.05418
47 38 0.600967 0.73997
47 39 0.535957 -0.0874897
47 40 0.0159005 -1.96328
47 41 4.61197 -0.128238
47 42 0.630572 1.21089
47 43 -1.72193 1.06355
47 44 3.31102 1.20917
47 45 1.52313 0.563386
47 46 -0.0503853 0.0818946
47 47 0.139881 0.346554
47 48 0.314261 -0.604816
47 49 -0.353235 1.14843
47 50 0.206126 0.633356
47 51 -0.0795833 0.481525
47 52 0.217925 0.255667
47 55 -0.285805 0.132395
47 56 1.15404 0.910144
47 57 -0.165614 -0.0347361
47 58 -0.0245236 0.0555857
47 59 -0.347169 0.129791
47 62 -0.0240944 -0.0609786
47 63 -0.0761299 0.1531
47 64 -0.500729 -0.123464
48 33 2.46769 0.188365
48 34 3.99927 0.0827891
48 35 -0.1572 -2.52895
48 36 1.50891 -0.628028
48 37 0.44326 -0.346517
48 38 1.65659 2.34716
48 39 1.00711 -0.177268
48 40 1.1407 0.472974
48 41 -0.416251 1.62282
48 42 -2.4622 -0.287245
48 43 1.08876 -0.219039
48 44 1.15766 0.646878
48 45 0.708709 0.71186
48 46 -0.940874 0.316258
48 47 2.47452 -0.441242
48 48 -0.407614 3.39681
48 49 0.729039 -0.338969
48 50 0.347911 0.441589
48 53 1.47339 0.254464
48 54 -0.0175125 0.00415315
48 55 -0.142919 0.308181
48 56 -0.0696266 0.105769
48 57 0.634663 -0.126207
48 59 -0.046121 0.309129
48 61 -0.558855 0.17662
48 66 0.971655 0.796306
49 33 3.6795 -0.408142
49 34 0.833522 -1.49123
49 35 4.3847 -1.7047
49 36 1.20951 2.83322
49 37 1.01471 -0.367602
49 38 0.278074 1.93487
49 39 3.63729 1.72927
49 40 -0.110664 0.870939
49 41 0.670674 0.609375
49 42 -0.931226 1.6089
49 43 3.85912 -1.83754
49 44 1.1991 2.99813
49 45 0.969183 -0.587961
49 46 -0.297285 1.01659
49 47 0.15148 -0.0566939
49 48 1.58687 0.958969
49 49 0.184423 -0.256557
49 51 -1.17549 -0.33559
49 52 -1.01212 -1.14146
49 53 0.366466 0.063978
49 55 -0.716922 -0.0655578
49 56 -1.27054 -0.502165
49 57 0.673252 -0.119837
49 58 0.0947825 1.22827
49 59 -0.420807 0.870196
49 60 -0.760451 -0.382196
49 65 0.49921 -0.288201
49 66 0.370825 -0.718041
50 33 0.973562 0.755419
50 34 -2.14871 -0.454923
50 35 1.27306 2.37887
50 36 -0.269459 1.5682
50 37 4.10012 1.61012
50 38 2.65221 -0.869692
50 39 4.25893 -2.5822
50 40 0.561527 -0.970802
50 41 -0.872768 -2.00519
50 42 -0.760515 0.347087
50 43 5.36777 -2.37611
50 44 0.480691 1.3193
50 45 2.06315 0.395169
50 46 -0.601662 -0.558121
50 47 0.825235 -0.165058
50 48 0.64229 0.191226
50 49 0.13915 0.2605
50 50 -0.413295 -0.350207
50 51 1.94953 -0.0574122
50 52 -0.210866 -0.0258209
50 53 0.564482 -0.229776
50 54 0.141293 0.0498254
50 55 -0.676325 0.0173369
50 57 -1.02371 0.193278
50 59 -0.739338 -0.370604
50 64 0.0790689 -0.378934
51 33 1.82286 0.854619
51 34 1.32977 -1.7541
51 35 -1.33107 -0.751073
51 36 0.836192 0.612497
51 37 0.634658 3.04916
51 38 1.04795 2.06016
51 39 0.89526 0.653321
51 40 -0.827861 0.0863509
51 41 2.80122 1.35303
51 42 -0.939713 -0.897249
51 43 1.46205 0.325695
51 44 2.09605 -0.204954
51 45 -0.141438 0.458353
51 46 0.00564549 -0.053652
51 47 1.99893 -1.22824
51 48 -1.21242 2.42793
51 49 0.90589 0.124206
51 50 -0.87271 -0.275196
51 51 1.12797 -0.141053
51 52 -1.51065 0.0646913
51 53 -0.0689421 -0.0823741
51 54 1.24302 -0.342867
51 56 0.682596 0.336397
51 57 -0.190599 0.0944453
51 59 0.172832 -0.230249
51 60 -0.2 0.0256913
52 33 0.939299 0.0615959
52 34 2.62142 -1.68541
52 35 -0.0936451 0.0902403
52 36 2.04598 -0.526271
52 37 1.56527 -0.713091
52 38 1.76163 0.101649
52 39 1.19442 -0.454974
52 40 0.890883 0.507085
52 41 3.0292 -0.844392
52 42 -1.13681 -0.187786
52 43 1.28815 0.279563
52 44 3.26737 2.41544
52 45 0.324072 0.244046
52 46 2.12313 0.133386
52 47 -1.21227 1.20289
52 48 -1.0645 -1.12701
52 49 0.0216543 -0.0278197
52 50 0.0246244 0.000327653
52 51 -0.594279 0.607347
52 52 -0.440452 -0.114567
52 55 0.0706331 -0.0194058
52 56 0.798031 0.134645
52 59 1.23202 -0.139502
52 61 0.0544187 0.00696951
52 62 0.0182235 0.000575834
52 64 -0.20094 0.183917
53 33 2.69141 0.4273
53 34 2.37318 0.203892
53 35 2.4876 -0.101892
53 36 0.169015 -0.540863
53 37 4.20092 1.1537
53 38 -0.340253 -0.165846
53 39 1.8199 3.80487
53 40 2.94829 0.497734
53 41 -0.73319 0.497612
53 42 1.0257 1.28893
53 43 -0.373303 -0.401812
53 44 1.754 1.89896
53 45 2.11493 0.311846
53 46 0.502016 -0.667612
53 47 -2.21268 0.941174
53 48 1.20902 1.10332
53 49 0.200025 0.0775331
53 50 0.196281 -0.00683621
53 51 -0.710988 -0.495325
53 53 -0.810811 0.379809
53 55 0.0281878 0.0374284
53 56 0.262734 0.00560772
53 58 0.730929 0.630671
53 59 0.530763 0.456569
53 61 0.357499 0.000630289
53 63 0.162005 0.124708
54 33 1.16544 2.39659
54 34 1.8697 0.629794
54 35 1.13217 -0.68516
54 36 -1.10407 0.055022
54 37 2.64306 -1.55702
54 38 4.55517 1.10177
54 39 0.73172 -0.533102
54 40 4.02326 -0.0975296
54 41 0.997242 1.32648
54 42 1.96143 0.694798
54 43 -0.761638 1.68019
54 44 1.13446 0.850783
54 45 0.714108 -0.938824
54 46 -1.0726 0.326445
54 47 0.19556 1.63501
54 48 0.0307227 -0.00942735
54 49 1.49305 0.520468
54 50 -0.425764 0.20088
54 51 1.27265 0.0488073
54 53 0.406671 -0.50455
54 55 0.33302 -0.273979
54 59 0.091875 0.221053
55 33 3.24898 0.428282
55 34 4.65592 -1.44408
55 35 3.29532 1.60869
55 36 1.46457 0.685675
55 37 0.918091 -2.60959
55 38 1.67485 0.788669
55 39 -0.805679 0.764945
55 40 2.92078 0.184505
55 41 2.49375 -0.295595
55 42 1.14415 1.59672
55 43 0.0836006 -0.111105
55 44 0.4393 -2.14657
55 45 1.62898 -0.0692369
55 46 0.110635 0.0918147
55 47 -1.44687 0.38375
55 48 0.0141831 0.00139435
55 49 1.8101 0.500353
55 50 -0.84164 -0.717753
55 51 0.701305 -0.0860179
55 52 0.844537 0.428807
55 53 1.16696 0.131848
55 54 -0.405634 -0.701577
55 55 -0.372556 0.582829
55 56 -0.58035 -0.112206
55 57 0.0363371 0.117421
55 62 -0.355572 0.015193
55 66 0.207212 0.0831105
56 33 2.23397 0.6
56 34 -1.12228 -0.898681
56 35 5.14535 -0.948001
56 36 -1.85438 -3.32132
56 37 3.93309 0.333376
56 38 2.75649 1.0246
56 39 0.816825 -0.629269
56 40 -2.47735 1.83453
56 41 1.33893 0.657423
56 42 1.84069 -0.730907
56 43 0.429691 0.730513
56 44 -0.269886 3.84425
56 45 1.24039 0.323446
56 46 -0.278942 0.832895
56 47 0.232353 0.49916
56 48 -0.0742463 0.0523949
56 49 -0.102518 0.28613
56 50 1.14033 0.490809
56 51 -0.173878 0.099367
56 52 1.16733 0.705224
56 53 0.0256272 0.0265226
56 55 0.0307569 0.0250603
56 57 0.000525641 -3.02971e-05
56 59 -0.0303732 0.00923135
56 61 -0.281895 -0.0423407
56 62 -0.76873 -0.135804
56 66 0.338908 0.154586
57 33 0.169326 0.0544886
57 34 0.427553 1.17621
57 35 6.0532 0.794831
57 36 -1.82581 -0.287565
57 37 0.584911 0.748153
57 38 -0.959421 -1.45882
57 39 3.33893 -0.362857
57 40 1.99004 0.0744344
57 41 -2.34348 -1.00329
57 42 -0.159139 -0.213516
57 43 -0.144709 -0.0486397
57 44 -0.587414 -0.22695
57 45 -0.794365 2.02427
57 46 0.42876 -0.653868
57 47 1.15718 0.964029
57 48 0.410117 1.24254
57 49 -2.0243 -0.876002
57 50 -0.116553 0.345421
57 51 0.0510503 -0.557728
57 52 0.343016 -0.228508
57 53 -0.939223 0.643308
57 54 1.49704 0.783143
57 55 0.0145843 -0.00290853
57 56 -0.181205 -0.015465
57 57 0.236558 0.0298273
57 59 -0.54753 -0.307972
57 61 0.980524 -0.146175
57 62 -0.727344 0.211319
57 63 0.255895 0.0134609
58 33 0.508785 -2.67238
58 34 4.19329 -0.91397
58 35 5.30741 -1.6553
58 36 1.50001 1.45813
58 37 1.43608 -1.24182
58 38 -1.27865 1.79279
58 39 2.41491 -1.08182
58 40 5.04778 -0.184463
58 41 0.0180522 -0.884802
58 42 1.15799 -0.966814
58 43 0.519085 -0.155729
58 44 1.62683 1.23758
58 46 0.601827 0.66692
58 47 1.03537 -0.887934
58 48 1.2386 0.113248
58 49 -0.573872 0.277113
58 50 0.696826 0.642608
58 52 -0.348224 0.156695
58 53 0.478859 -0.436226
58 55 0.987471 0.518491
58 57 -0.255897 0.036929
58 59 0.650084 1.02704
58 61 0.680501 -0.817801
58 62 -0.111241 0.0377036
58 63 0.288388 -0.079185
59 33 2.38245 0.678624
59 34 -1.27291 -0.619893
59 35 3.99809 -1.38128
59 36 1.06184 1.20949
59 37 -0.640386 1.91334
59 38 0.148186 -0.263392
59 39 3.09291 -0.199619
59 40 -1.92228 -0.772251
59 41 0.613235 1.41123
59 42 0.194816 -0.36825
59 43 2.24868 1.17218
59 44 -0.742693 -0.548705
59 45 -2.09121 -0.166339
59 46 1.14139 1.12704
59 47 1.05175 -0.150445
59 48 0.54605 0.145413
59 49 -0.11042 0.258573
59 50 -1.88028 0.346674
59 52 0.119551 -0.0460409
59 53 0.00369832 0.0373116
59 54 -0.41746 -0.106956
59 55 0.0661605 0.0913666
59 56 -0.937933 -0.0121782
59 58 0.116893 0.867768
59 59 0.0463555 0.64192
59 61 0.413459 0.019592
59 64 0.0318743 -0.0433465
59 65 -0.0313522 -0.0384774
59 66 0.0529753 -0.00604728
60 33 2.27051 0.9298
60 34 0.18456 0.613011
60 35 0.952878 -1.42371
60 36 2.08769 1.03001
60 37 -4.24671 1.09925
60 38 3.33836 0.654151
60 39 0.160003 0.268105
60 40 1.03214 0.237935
60 41 -1.07162 -0.0637284
60 42 1.79479 -0.289711
60 43 -1.15521 -1.67222
60 44 0.682158 -0.703051
60 45 0.389034 -0.0442245
60 46 -0.00274431 -1.34629
60 47 0.447723 0.285085
60 48 0.640301 0.39392
60 49 0.0409189 0.00233953
60 50 -0.288472 0.2448
60 51 0.216187 0.584601
60 52 0.77466 -0.138178
60 54 0.279006 0.0519163
60 55 0.0139397 0.0361052
60 57 -0.0673376 -0.189831
60 58 -0.0384028 -0.175705
60 61 -0.000966058 -0.14559
60 62 -1.11602 0.58354
60 63 0.017623 0.00786697
61 33 1.4123 0.913541
61 34 -0.583773 -0.625192
61 35 1.45529 0.53267
61 36 1.42584 -2.31978
61 37 0.264753 -0.445249
61 38 4.6064 1.33234
61 39 0.842212 0.096089
61 40 1.48475 -0.223893
61 41 0.938825 1.05943
61 42 2.31596 1.61174
61 43 0.903567 -0.695177
61 44 1.51537 1.23674
61 45 -0.619227 0.453214
61 46 -0.3277 -0.379524
61 47 0.126578 0.0815666
61 48 -0.644533 -0.201559
61 49 0.459902 1.09333
61 50 -0.00581534 0.322857
61 51 0.400745 -0.247083
61 52 -0.0463952 0.156872
61 53 -0.0422265 -0.00644805
61 54 0.770716 1.01802
61 55 0.0997396 -0.0218038
61 58 -0.0798876 0.0550304
61 61 -0.154985 -0.221905
61 65 -0.959708 1.13849
62 33 1.76734 0.164118
62 34 2.00323 -0.341276
62 35 0.367166 -3.31086
62 36 0.504039 -0.187632
62 37 -0.195887 -0.779608
62 38 0.736065 -1.26108
62 39 3.74083 -0.102519
62 40 1.4876 -0.378609
62 41 1.24576 1.01393
62 42 2.2859 0.251093
62 43 0.36731 0.656521
62 44 0.678821 0.395721
62 45 0.211288 0.221431
62 46 -0.0947358 0.299941
62 47 -0.29646 0.394041
62 48 0.787788 -0.964045
62 49 1.86544 -0.0966359
62 50 0.60431 0.401552
62 51 0.0725985 0.791385
62 54 -0.269051 0.1461
62 55 -0.680861 -0.370237
62 56 0.108864 0.0572793
62 57 0.250713 0.0568557
62 62 -0.127736 -0.00293642
62 64 0.535685 -0.165385
62 65 0.0374791 0.00973433
63 33 0.905551 0.00898207
63 34 2.92992 0.0498702
63 35 0.557358 0.327381
63 36 4.20058 -2.80463
63 37 2.52063 -0.894372
63 38 3.41565 -0.219752
63 39 4.32784 -0.407722
63 40 -0.48156 -0.364825
63 41 2.14304 0.250497
63 42 0.664844 -0.78779
63 43 -0.125603 -1.78713
63 44 1.46443 -0.543484
63 45 -0.509507 0.510994
63 46 0.325298 0.0967228
63 47 0.314636 0.614872
63 48 1.33134 -1.0135
63 49 0.121014 -0.0530035
63 50 -0.675311 1.50053
63 51 0.776908 0.288019
63 52 0.319827 -0.0221074
63 53 0.158712 0.0649134
63 54 -0.452564 1.06141
63 55 0.06297 0.125352
63 56 0.427769 0.362214
63 57 -0.0836265 0.190357
63 58 0.035085 0.0446416
63 61 0.0417562 0.19078
64 33 0.722255 1.37374
64 34 2.29205 -0.85074
64 35 2.25538 -0.191845
64 36 3.22763 -0.121286
64 37 1.25296 0.949151
64 38 1.01296 -0.684394
64 39 2.73438 0.790114
64 40 1.19195 -0.00783913
64 41 0.136899 0.313688
64 42 1.76229 -1.92125
64 43 0.101333 0.293285
64 44 -0.0262638 1.78354
64 45 -0.908408 0.699925
64 46 -0.00108628 0.195085
64 47 0.878466 -0.0520827
64 48 -1.08779 0.424784
64 49 -0.311375 0.174327
64 50 -0.466537 -0.476167
64 51 -0.0401226 -0.543513
64 52 1.2159 -0.566976
64 53 -0.209007 -0.435714
64 54 -0.220633 0.31833
64 55 -0.0640912 -0.442275
64 56 0.457898 0.154751
64 57 0.280784 -0.0899814
64 60 0.031549 -0.0360688
64 61 -0.352812 0.159617
64 65 1.23642 -0.106529
65 33 2.24578 0.43335
65 34 3.00956 -0.565674
65 35 3.14857 -0.46197
65 36 2.70956 -0.241778
65 37 1.43763 -0.392245
65 38 1.03094 1.35184
65 39 0.731732 -0.710645
65 40 1.00486 -0.00792161
65 41 -0.181516 -0.163268
65 42 1.28634 0.246346
65 43 0.282195 0.947746
65 44 0.812884 0.291741
65 45 -0.415859 0.351278
65 46 0.210471 -0.288332
65 47 0.7963 0.265052
65 48 0.875206 -0.043197
65 49 -0.145467 0.191956
65 50 0.545841 -0.14233
65 51 -0.206023 0.0818205
65 52 0.0288263 0.394662
65 56 1.00807 0.237255
65 59 0.170534 -0.0188996
65 60 -0.0968001 -0.0353689
65 63 -0.129379 0.1333
65 65 0.619955 -0.31169
66 33 3.52084 -0.182561
66 34 4.50991 0.428081
66 35 2.59383 -0.126222
66 36 3.24956 1.04733
66 37 3.20063 0.127708
66 38 0.528929 -0.232678
66 39 0.989171 -0.150839
66 40 1.67492 0.485961
66 41 2.27014 -0.590701
66 42 0.0432279 -0.0736875
66 43 0.665609 0.34458
66 44 1.2694 1.52252
66 45 0.594928 0.310734
66 46 0.662045 -0.138147
66 47 0.129259 0.566688
66 48 0.459405 -0.0196236
66 50 0.0139116 -0.00402631
66 51 0.156279 0.0828829
66 52 0.40915 -0.127676
66 53 0.106065 0.378896
66 54 0.264517 -0.0550509
66 56 -0.0667505 0.074113
66 57 0.724088 -0.557629
66 58 0.0418737 -0.0253742
66 60 -0.254382 0.115412
66 61 0.0834075 0.0997943
66 62 -0.135857 0.282028
66 64 -0.06206 0.258662
66 65 0.166405 0.165655
