0 33 -1.88252 1.72871
0 34 1.69732 1.22871
0 35 2.73947 0.439795
0 36 -1.8476 1.80074
0 37 0.188603 0.417632
0 38 -1.13141 -0.98758
0 39 0.703293 1.80125
0 40 -0.9615 -0.722856
0 42 0.0680003 -0.070535
0 43 0.17303 0.173286
0 46 0.0228843 -0.124278
0 59 -0.940877 0.0221177
1 33 -2.66062 7.2217
1 34 -0.00523293 2.45002
1 35 0.92085 3.29286
1 36 -0.647851 2.055
1 37 3.88927 4.45183
1 38 1.69596 -0.715542
1 39 -1.03902 -0.920307
1 40 1.16894 0.519764
1 41 -0.888625 0.288387
1 42 1.01504 -1.49234
1 43 -0.0642806 -0.0499237
1 44 -0.0584468 0.0519022
1 47 -0.0557324 -0.0670672
1 59 0.267196 -0.421707
1 63 0.230253 0.0837307
2 33 0.507895 7.93465
2 34 0.498836 7.5463
2 35 -7.13413 2.42409
2 36 4.48475 4.55306
2 37 0.561565 4.79738
2 38 2.77727 3.32644
2 39 1.23694 0.987388
2 40 -0.35775 -0.931791
2 41 -0.814582 0.109789
2 42 0.772349 2.65692
2 43 0.509371 -0.0992334
2 44 -0.571785 -0.916281
2 45 -0.564927 0.455247
2 46 -0.219683 -0.314375
2 50 -0.735994 0.206912
2 56 -0.180011 0.000428199
2 59 -0.248091 -0.44889
3 33 -2.51849 13.0589
3 34 8.78685 4.34138
3 35 5.89594 7.60165
3 36 1.52456 7.10325
3 37 -3.38251 2.3817
3 38 4.3716 1.75841
3 39 -0.471673 0.612017
3 40 3.92777 0.346225
3 41 0.129778 2.19645
3 42 0.917614 0.422617
3 43 -1.28809 1.27092
3 44 -1.14605 0.618482
3 45 0.0270681 0.0182191
3 46 -0.45447 -0.319094
3 49 -0.475357 0.00730243
3 50 -0.0440579 -0.10852
3 52 0.472531 -0.0214844
3 54 0.191568 1.40912
3 60 0.213459 0.0205369
4 33 2.14195 17.6483
4 34 0.0838215 8.46598
4 35 0.70227 5.42537
4 36 0.131961 7.25731
4 37 -2.18524 -3.30875
4 38 1.71991 8.3226
4 39 0.73448 -1.14592
4 40 -1.22088 0.914997
4 41 -0.764872 2.22297
4 42 0.968384 -0.537536
4 43 0.221589 0.226677
4 44 1.13492 0.215387
4 45 0.148951 -0.0155171
4 46 -0.24638 -0.144282
4 47 -0.148555 0.0713683
4 48 0.319055 0.344593
4 55 0.253806 -0.265861
5 33 4.00685 16.0176
5 34 2.42634 10.1605
5 35 5.88393 8.38683
5 36 7.80714 9.57123
5 37 8.81463 11.5585
5 38 4.71366 4.0727
5 39 1.48897 0.171386
5 40 -0.420707 1.38071
5 41 -1.82056 -0.457487
5 42 2.20311 0.653252
5 43 0.773061 -0.45072
5 44 -0.675362 -0.574173
5 45 0.0631691 -1.29142
5 46 -0.61901 -0.100776
5 47 0.109889 -0.206762
5 48 -0.24003 0.412803
5 54 -0.0429489 0.162173
5 55 -0.0853209 1.27759
5 56 0.857588 -1.1027
5 57 0.0118152 0.0018527
5 59 -0.298678 -0.218171
5 60 0.313183 -0.177809
5 61 0.0134518 -0.0854151
5 65 0.0447257 0.368788
6 33 -2.95678 17.2774
6 34 3.57662 3.64919
6 35 0.712009 6.51722
6 36 8.23408 2.96673
6 37 3.86619 9.27514
6 38 0.849752 12.1128
6 39 7.83812 4.07443
6 40 -1.53784 -0.0129058
6 41 -0.0051125 0.0525864
6 42 2.29083 3.9647
6 43 0.613705 0.340389
6 44 0.235646 0.152403
6 45 0.141028 -0.220384
6 46 -0.677749 -0.442461
6 47 0.574354 0.232344
6 48 -0.673525 -0.220171
6 49 0.285348 -0.156137
6 50 -0.000343702 -0.000174515
6 51 -0.118769 -0.485504
6 52 -0.0688675 0.130037
6 53 -0.318444 -0.805726
6 59 -0.0942464 0.0276824
7 33 1.60003 17.3575
7 34 4.76955 7.55417
7 35 -11.3738 8.42566
7 36 9.00217 -1.6318
7 37 2.51759 6.93091
7 38 2.01814 6.07545
7 39 2.35553 4.41578
7 40 0.0192924 2.96094
7 41 -0.733767 0.996693
7 42 -0.921132 -0.6965
7 43 -1.54478 1.73637
7 44 -0.265289 -1.11629
7 45 0.151607 -0.132587
7 46 -0.150972 0.150217
7 47 -0.634133 -0.554163
7 48 0.150923 -0.0152034
7 49 -0.0726995 -0.0249198
7 50 -0.0681059 -0.0226963
7 51 -0.0389667 0.174273
7 53 -0.782427 0.500405
7 57 0.540248 -0.523379
7 58 0.0123157 0.010274
7 60 -1.35558 -0.604703
8 33 3.54565 22.2287
8 34 -5.36869 11.5283
8 35 1.03392 1.717
8 36 2.96996 4.92772
8 37 -1.8651 10.4758
8 38 1.65281 10.0949
8 39 7.24695 3.36696
8 40 4.25362 3.43299
8 41 -4.26284 1.26598
8 42 1.27569 -1.01379
8 43 -3.94659 2.31151
8 44 1.23268 0.0917265
8 45 -1.40525 -2.17937
8 46 1.51176 -0.465975
8 47 -4.37793 -0.358686
8 49 0.0406134 -0.0091501
8 54 0.135116 0.0975001
8 57 0.243032 -0.159032
8 60 0.0365641 -0.0203207
8 61 0.0278057 -0.00932391
8 62 0.0337989 0.00458794
9 33 2.90573 18.2416
9 34 7.09184 6.82709
9 35 -8.73047 10.1423
9 36 -7.96345 5.3124
9 37 0.376957 -0.433661
9 38 12.6174 3.7065
9 39 1.09404 5.80995
9 40 5.01391 -0.693937
9 41 0.711485 0.872071
9 42 3.26239 3.88887
9 43 -2.85802 -0.0435823
9 44 0.898826 0.500483
9 45 -1.72066 -1.19607
9 46 0.794282 0.0229732
9 47 0.952432 -2.13771
9 49 0.986215 0.361085
9 51 0.216279 0.120825
9 53 -0.294709 -0.0626304
9 56 0.936488 -0.475515
9 57 -1.31025 -0.0187454
9 59 0.621814 0.397641
10 33 2.54024 16.4865
10 34 4.91059 13.7249
10 35 8.0168 2.74444
10 36 -9.76384 8.85539
10 37 -3.24412 3.88831
10 38 0.612606 7.52202
10 39 5.29798 1.30725
10 40 9.47075 1.3965
10 41 4.85854 1.34997
10 42 2.086 0.01839
10 43 -0.158712 -0.962412
10 44 1.96662 2.20728
10 45 0.757919 -0.134321
10 46 -1.31251 -0.146099
10 47 0.761467 0.763539
10 48 0.00781647 0.0130984
10 49 -0.233408 0.156242
10 50 0.167236 -0.0461513
10 52 0.0706063 0.000643702
10 53 -0.0412306 -0.131051
10 55 0.0623593 0.050919
10 57 -0.230072 -0.0344527
10 58 -0.242452 0.0815552
10 59 0.0303321 0.0539018
11 33 5.34825 18.2278
11 34 16.9736 9.95269
11 35 -3.71721 6.75124
11 36 -8.49605 0.249907
11 37 -1.24178 9.64793
11 38 19.1042 7.00381
11 39 1.71861 1.82374
11 40 -0.990347 4.07735
11 41 -4.65806 -0.00571923
11 42 0.647298 -0.325517
11 43 -0.448752 0.316758
11 44 -0.410158 1.60582
11 45 -0.250757 0.796776
11 46 0.775558 1.00237
11 47 -0.127548 0.0332078
11 48 -0.130995 0.271283
11 49 -0.137756 0.174278
11 50 0.111609 0.0771117
11 51 0.0707789 0.140765
11 53 -0.0216762 0.120583
11 55 0.396772 0.0287344
11 58 -1.0876 0.226521
11 59 -0.0917456 -0.103547
11 61 0.0678606 0.0631593
11 65 0.207381 -0.0212559
12 33 2.07195 11.357
12 34 14.3001 10.4559
12 35 8.81837 11.4493
12 36 8.86901 3.9764
12 37 7.05399 1.49258
12 38 6.31154 0.427956
12 39 11.5753 5.04815
12 40 -0.414637 3.37568
12 41 -1.37042 4.09402
12 42 5.74068 1.29806
12 43 -0.599468 0.853682
12 44 -1.6532 0.738407
12 45 0.243915 -0.311412
12 46 0.206208 -0.0308908
12 47 1.40862 0.114496
12 48 -0.158606 0.205259
12 49 -0.249715 0.244213
12 50 -0.642589 -0.588487
12 51 0.0744596 0.136919
12 52 -1.0361 -0.272005
12 53 0.580029 0.126004
12 54 0.228467 -0.257035
12 55 -0.10963 0.244244
12 56 -0.0455832 0.0180844
12 58 0.863628 0.340017
12 61 -0.666964 1.03974
12 65 2.05876 -0.568205
13 33 5.83264 10.2105
13 34 7.5675 3.35176
13 35 14.2712 12.2345
13 36 14.8675 6.08827
13 37 6.91065 -2.84949
13 38 13.5462 3.29467
13 39 10.1632 4.42333
13 40 2.80226 5.95085
13 41 -1.2679 2.25759
13 42 0.883785 -1.25575
13 43 -1.22978 0.221699
13 44 2.26706 -0.277682
13 45 0.168542 -1.07257
13 46 -0.119376 -0.00997813
13 47 -0.336101 1.30393
13 48 1.18183 0.118407
13 49 -0.199847 0.133205
13 50 0.422586 0.180251
13 51 0.0279028 0.623837
13 52 -1.0491 -0.548211
13 53 0.222385 0.284818
13 54 -0.150467 0.291711
13 55 -1.37093 0.104012
13 56 0.801641 1.02663
13 57 0.995083 0.225978
13 61 0.0232211 0.0524454
13 62 -0.231792 0.273698
14 33 -2.18283 8.72748
14 34 -4.78687 5.2801
14 35 1.05674 10.3121
14 36 9.04008 8.3445
14 37 4.33509 5.09457
14 38 2.89737 -3.11493
14 39 10.0762 6.6785
14 40 2.62342 0.47916
14 41 1.12438 3.11309
14 42 0.59416 0.676384
14 43 0.502421 1.56652
14 44 0.493124 0.3474
14 45 0.1463 0.270652
14 46 0.619441 -0.0541745
14 47 0.077428 0.485214
14 48 -2.71157 1.06135
14 49 1.6426 -0.0749411
14 50 -0.387244 0.619993
14 52 0.340232 -0.865649
14 53 -0.0300228 -0.025638
14 54 0.172042 0.128886
14 56 0.301263 -1.04422
14 57 0.704264 0.418435
14 58 -0.0310158 0.0130484
14 60 -0.2241 -0.593764
14 61 -0.18578 -0.836221
14 64 0.317472 -0.107009
15 33 4.28581 12.4269
15 34 11.641 8.17481
15 35 4.32947 3.74794
15 36 4.75535 6.53744
15 37 6.30487 8.1646
15 38 2.98337 10.274
15 39 9.18588 4.83406
15 40 5.60001 2.64679
15 41 4.4983 1.19251
15 42 1.52343 0.164884
15 43 -0.255368 0.509119
15 44 -0.0282173 1.52809
15 45 1.68811 -0.37634
15 46 -1.92706 -0.28664
15 47 0.833274 0.481608
15 48 1.45369 -0.384162
15 49 0.491837 0.375668
15 50 0.467586 -0.317212
15 51 0.538361 0.354969
15 53 -1.07321 0.263454
15 54 1.79694 0.945451
15 55 0.190408 -0.587926
15 60 -0.0726608 0.0347003
15 62 0.765675 0.123805
15 63 -0.134098 -0.112582
15 65 -0.396822 0.0488855
16 33 4.81528 6.93944
16 34 7.41941 2.12227
16 35 9.95283 -0.0431507
16 36 4.27915 6.03291
16 37 4.63579 4.61947
16 38 10.2782 1.13765
16 39 0.680962 1.03511
16 40 4.40904 3.8415
16 41 3.74285 1.32116
16 42 1.18753 -2.33831
16 43 -0.0561175 3.03479
16 44 -0.365719 0.354713
16 45 -1.39412 1.6563
16 46 -0.469709 -0.096526
16 47 -2.90934 -0.0848156
16 49 0.288668 0.914194
16 50 0.101306 0.0642255
16 51 -1.85561 0.0802923
16 53 0.681197 -0.416916
16 55 0.525101 -0.503901
16 56 -0.0925444 -0.0182008
16 57 0.394814 0.134989
16 62 1.61575 -0.175289
16 63 -0.119106 0.0894652
16 65 0.0811019 -0.0216508
17 33 6.40661 6.26731
17 34 -1.37973 1.47538
17 35 0.0856404 8.18264
17 36 6.85504 0.821913
17 37 -0.806132 7.25397
17 38 9.38937 3.67413
17 39 2.55226 2.99696
17 40 2.12326 5.26452
17 41 -0.653374 1.03125
17 42 0.291907 1.2959
17 43 -0.82685 1.54396
17 44 -0.672065 -1.28545
17 45 0.553964 0.461746
17 46 -0.130599 0.526637
17 47 0.730503 -0.762024
17 48 -0.518995 0.542269
17 49 -0.241975 0.272908
17 52 -0.101211 0.276123
17 54 0.723404 0.964103
17 55 0.00529461 0.00333852
17 56 0.0299058 -0.0545591
17 60 0.600954 -0.0234997
17 61 0.274848 0.0280549
17 62 0.475601 -0.118783
17 63 0.251901 -0.0266949
18 33 8.02287 10.9158
18 34 12.9629 2.43295
18 35 3.6746 -5.52345
18 36 10.637 6.98708
18 37 11.633 -4.67119
18 38 10.2414 -0.12409
18 39 4.53315 5.33969
18 40 -1.99745 -0.30931
18 41 2.3878 2.44613
18 42 -3.13964 1.06876
18 43 2.0874 2.98043
18 44 -1.35191 2.03395
18 45 2.24682 0.96594
18 46 0.121231 1.29106
18 47 0.0465114 0.048813
18 48 0.466563 1.47066
18 49 0.0706065 0.257202
18 50 0.541455 0.667872
18 51 -0.531127 0.464661
18 52 -0.0783559 -0.229041
18 53 -1.44061 0.0899526
18 54 -0.303334 1.00961
18 55 0.048528 0.0936975
18 59 0.189667 -0.0988932
18 60 -0.762718 0.487116
18 62 0.0168355 -0.00641327
18 66 -0.0427137 0.0267921
19 33 -0.811261 3.13839
19 34 12.0325 -7.15064
19 35 4.89274 2.06127
19 36 3.13082 2.89316
19 37 3.93197 -2.88988
19 38 2.12978 5.00052
19 39 9.82493 -1.92498
19 40 6.35741 3.37264
19 41 2.87787 2.6897
19 42 2.21275 0.102039
19 43 3.2731 -0.490227
19 44 1.08813 1.55474
19 45 -1.68609 -1.76794
19 46 0.626078 -1.07722
19 47 1.49742 0.283785
19 48 -0.172297 -0.860139
19 49 -0.180317 -0.356949
19 50 0.74132 0.390145
19 52 1.2995 0.300493
19 53 0.403547 0.00183122
19 54 -0.00211678 0.96674
19 55 -0.477017 0.0420659
19 58 0.295768 -0.208129
19 59 -0.399936 -0.400781
19 60 -0.000369657 0.000236036
19 62 -0.96508 -0.619507
19 63 -0.118136 0.0802413
19 65 -0.0199587 0.0595683
20 33 0.688738 3.30331
20 34 1.60903 0.0587382
20 35 9.67375 4.45309
20 36 3.72851 2.17824
20 37 -1.03329 6.30385
20 38 2.26013 5.26592
20 39 1.39325 -0.446904
20 40 -0.615008 3.82048
20 41 -1.53833 3.49858
20 42 -1.67331 -3.32986
20 43 1.30879 0.646394
20 44 0.666125 1.35841
20 45 -0.123609 0.153951
20 46 0.405587 0.105961
20 47 1.29212 1.15452
20 48 0.0313157 0.0786417
20 49 -0.317459 -0.428269
20 50 2.16085 1.10996
20 51 0.0498229 -0.0177669
20 52 0.80632 0.722563
20 53 0.0695224 -0.0407726
20 54 -0.527132 -0.439886
20 55 0.119397 0.259644
20 57 -0.0394351 0.0118848
20 58 0.0967114 -0.376793
20 59 0.201509 0.00868648
21 33 -0.564268 4.3242
21 34 0.446787 8.181
21 35 3.19723 3.577
21 36 11.8348 -0.337992
21 37 4.41307 -0.475953
21 38 7.49231 1.17129
21 39 3.42085 6.08565
21 40 4.84012 2.23782
21 41 -1.6223 2.53103
21 42 1.66688 2.73319
21 43 0.20683 0.553458
21 44 0.505611 0.488307
21 45 -0.26717 -0.312564
21 46 1.14813 -2.15884
21 47 -0.30765 -1.08703
21 48 0.232885 2.78855
21 49 -0.779002 0.727423
21 50 -0.436356 0.743188
21 51 0.351595 0.224851
21 53 -0.804172 0.952083
21 54 -0.151157 -0.171678
21 56 0.0290658 0.418241
21 57 0.0578525 0.0321472
21 58 -0.0692908 0.0168563
21 59 0.0204547 0.0257024
21 60 0.307313 0.0827577
21 61 -0.00755849 0.00964142
21 62 -0.0153024 -0.113161
22 33 0.676982 1.37949
22 34 3.39664 0.95093
22 35 -6.28769 3.51081
22 36 10.6972 -1.18108
22 37 3.48505 1.61122
22 38 6.70954 4.66974
22 39 10.5225 1.9582
22 40 1.51805 1.18957
22 41 0.468742 -0.702233
22 42 0.72089 -0.778033
22 43 0.577741 2.01191
22 44 2.61993 0.712642
22 45 0.304042 0.737621
22 46 0.093095 0.54766
22 47 0.229724 -0.41089
22 48 -0.0959961 0.0555579
22 49 -0.644455 2.58461
22 50 -0.182056 1.28385
22 51 0.376835 -0.459296
22 52 -0.738767 1.24471
22 53 -1.30386 0.0251283
22 54 -0.127724 -0.00911091
22 57 -0.351788 -0.479627
22 59 0.129121 0.0820619
22 60 0.224064 -0.187885
22 65 -0.161885 0.0656699
23 33 1.20699 1.7116
23 34 6.42623 -2.19465
23 35 5.99527 -0.476274
23 36 6.70896 1.96808
23 37 -0.0248257 -2.11172
23 38 8.4836 3.17078
23 39 0.0525109 5.04897
23 40 4.59625 3.30358
23 41 3.51164 1.95124
23 42 -0.215022 1.42834
23 43 1.77389 2.20723
23 44 -0.85887 -4.143
23 45 -1.68986 1.13507
23 46 0.0375911 0.217543
23 47 1.59632 0.892539
23 48 1.30565 -1.33946
23 49 -2.88404 3.20318
23 50 -0.185151 0.0536091
23 51 -1.09705 0.195855
23 52 -0.0667019 -9.55759e-05
23 53 0.778535 -0.210873
23 54 -0.13463 -0.023117
23 55 -0.203467 -0.00673495
23 56 -0.323107 -0.336231
23 57 -0.0677208 0.7639
23 58 1.34722 1.49582
23 59 0.966241 -0.0707033
23 61 0.0486121 0.0604023
24 33 1.03503 4.02274
24 34 -2.71563 0.773626
24 35 6.78946 -3.86731
24 36 2.52847 0.324753
24 37 0.983205 2.16621
24 38 4.40926 0.279302
24 39 8.17376 2.54799
24 40 1.8803 -1.18846
24 41 2.60334 0.668231
24 42 0.00862265 2.33567
24 43 3.28613 2.22548
24 44 -1.64518 2.39113
24 45 1.66012 -0.0233216
24 46 1.53923 0.201543
24 47 1.13492 0.975194
24 48 0.182904 -0.623139
24 49 -0.750696 -0.220639
24 50 0.208667 -0.252485
24 51 -0.33593 0.57317
24 52 0.741503 0.189393
24 53 0.591583 0.10934
24 57 -0.122502 0.0159239
24 58 0.594493 0.425068
24 59 0.486298 -0.132302
24 62 -0.0200366 -0.0102075
24 63 0.0202017 0.0869617
24 64 -0.0455238 -0.86041
25 33 5.05159 0.355988
25 34 4.71898 -3.03978
25 35 5.89979 -0.484209
25 36 0.297139 -5.92493
25 37 3.43779 1.66456
25 38 4.19466 3.04473
25 39 2.12447 0.477842
25 40 0.946425 -0.661606
25 41 -0.213211 0.129547
25 42 -1.60519 0.873316
25 43 2.33639 2.56644
25 44 0.905933 1.79664
25 45 1.80451 0.58004
25 46 -2.70591 0.923699
25 47 0.527902 0.443393
25 48 0.586342 -0.0904615
25 49 0.0899808 -0.297828
25 50 -1.00108 -0.05145
25 51 -0.0301774 -0.0394381
25 52 -0.251675 0.709545
25 53 1.1088 -0.377913
25 54 -0.549033 0.181894
25 56 1.68441 0.524855
25 57 -0.494654 0.298038
25 59 -0.420448 0.750487
25 60 -0.0942802 0.175478
25 61 -1.27019 0.604985
25 62 0.0855901 0.000110301
25 65 -0.474579 -0.79108
26 33 5.30105 2.07698
26 34 2.17394 -2.73364
26 35 8.45881 -3.00092
26 36 6.49138 -2.27017
26 37 -2.33917 1.0273
26 38 10.6612 2.81942
26 39 2.47373 -2.57657
26 40 5.20133 2.06027
26 41 -0.923379 4.92479
26 42 2.14207 -0.464915
26 43 2.86652 -0.357073
26 44 -0.323285 2.85153
26 45 0.617671 0.019357
26 46 0.449386 -0.0447895
26 47 -0.073435 0.910636
26 48 1.61301 -0.324293
26 49 0.436611 1.20381
26 50 0.747602 1.88292
26 51 0.512269 0.219345
26 52 -0.120502 -0.0465695
26 53 -0.156025 -0.107241
26 54 -0.0479285 0.117716
26 55 0.201157 -0.398131
26 56 -0.0505289 0.00428561
26 57 0.0822085 0.259875
26 58 -0.0169057 -0.271696
26 59 0.0249002 -0.274272
26 61 0.252075 0.197957
26 65 -1.03775 -0.558911
27 33 3.30951 0.213548
27 34 3.65321 0.63511
27 35 6.82872 0.27249
27 36 3.54552 0.756027
27 37 0.375079 2.24341
27 38 4.83159 -3.76661
27 39 1.97386 1.48058
27 40 3.6458 6.01635
27 41 5.07713 1.96155
27 42 0.368631 1.31312
27 43 3.10105 3.00947
27 44 -0.160422 -0.481206
27 45 -0.197606 0.2753
27 46 -1.0903 -0.0749833
27 47 0.0118599 0.577447
27 48 -1.18971 1.78102
27 49 1.59271 -0.466039
27 50 -0.153784 -1.3403
27 51 0.421354 0.0263433
27 52 0.372078 -0.0240919
27 54 0.128219 1.30412
27 55 0.218963 -0.0652412
27 58 -0.562611 0.0822227
27 59 -0.20689 0.48422
27 61 1.6344 -0.0567932
27 64 0.0855023 0.0443776
27 66 -0.169916 -0.0311869
28 33 2.17384 -0.817714
28 34 2.76085 0.311597
28 35 2.34198 1.24885
28 36 2.21042 -1.3421
28 37 2.29671 -2.84004
28 38 10.3701 0.936583
28 39 0.75627 0.640254
28 40 6.8916 -1.97934
28 41 2.26106 3.79919
28 42 0.119665 1.09118
28 43 2.90838 -0.864115
28 44 2.22343 3.40105
28 45 0.415896 -0.0511659
28 46 -1.09814 0.689109
28 47 -1.13763 1.00777
28 48 0.325623 0.0459588
28 49 1.53087 0.439334
28 50 -0.717663 1.70838
28 51 0.751892 0.339969
28 52 0.975157 0.0286932
28 53 -0.0637543 0.00857399
28 55 -1.28122 0.339852
28 56 0.0649772 0.197183
28 57 -0.909097 0.239619
28 58 -1.26345 -0.447395
28 59 2.6512 -1.89509
28 60 0.719367 0.516955
28 61 0.567929 0.190604
28 62 0.001489 0.000353362
28 63 0.0796951 0.0311069
29 33 2.02703 2.25056
29 34 12.6789 -0.194978
29 35 4.68594 1.77565
29 36 2.40621 -0.213159
29 37 -1.39983 1.36837
29 38 5.17933 -1.6781
29 39 0.34096 1.21601
29 40 -0.405415 1.06481
29 41 2.37135 0.417561
29 42 0.405705 0.812806
29 43 -2.07723 -0.322134
29 44 0.314206 0.00311288
29 45 -0.175803 -0.18178
29 46 2.40329 1.94081
29 47 -0.947668 -0.433877
29 48 -0.78796 0.697381
29 49 0.421205 -0.988801
29 50 1.39909 1.39511
29 51 -0.497739 -0.131147
29 52 0.405738 0.0943631
29 53 0.369469 0.248846
29 54 -0.192915 0.319816
29 55 0.0438366 0.0660689
29 56 0.677058 0.696812
29 58 0.209859 -0.564432
29 62 1.31205 0.283593
30 33 4.97326 -0.14567
30 34 7.48734 -2.78297
30 35 5.54636 -2.66266
30 36 4.95519 -0.493276
30 37 5.23582 -1.30128
30 38 1.29505 -1.75073
30 39 5.24039 -4.26919
30 40 6.60655 3.93948
30 41 4.61809 0.688059
30 42 4.1891 -0.711623
30 43 0.460372 0.486143
30 44 -3.43286 0.512966
30 45 0.31532 0.22712
30 46 1.29339 0.0620159
30 47 1.73613 0.677139
30 48 4.5631 2.77382
30 49 -0.112834 0.988883
30 50 1.35291 1.01564
30 51 -0.41512 -0.238033
30 52 2.14133 0.0697412
30 53 -0.295653 0.465313
30 54 -0.0930045 -0.226421
30 55 1.23642 1.31646
30 56 0.227548 -0.0896396
30 57 0.750593 0.635834
30 58 -2.70981 1.07237
30 59 0.694968 0.0625835
30 60 -0.359953 0.595848
30 62 -0.35914 0.127002
30 63 -0.189601 0.0446524
31 33 5.37585 -0.558673
31 34 4.15336 0.321064
31 35 4.31827 -3.34755
31 36 -2.79069 -0.561596
31 37 0.0839762 2.20531
31 38 5.61562 3.26131
31 39 1.86776 2.25077
31 40 4.79256 -0.456551
31 41 4.87372 1.52783
31 42 2.99454 1.10344
31 43 3.73864 1.82519
31 44 0.585199 0.515131
31 45 -0.875147 -0.252544
31 46 -1.79966 -0.221652
31 47 1.14709 -1.07211
31 48 1.39135 2.68891
31 49 1.95113 0.132713
31 50 0.842099 0.00651124
31 51 0.55721 -0.664923
31 52 -0.296467 0.281952
31 53 0.163159 -0.251267
31 54 0.928123 0.0916946
31 55 0.0752667 0.0482641
31 56 0.232023 0.811009
31 57 -1.53051 0.850704
31 58 -0.694961 -0.868248
31 59 -1.00642 -0.364419
31 60 -0.244419 -0.484794
31 64 -0.212124 -0.113257
32 33 6.22585 -0.623851
32 34 6.20777 -1.94232
32 35 3.52418 -0.839358
32 36 11.8831 4.71368
32 37 3.05823 3.1725
32 38 3.05868 1.17447
32 39 2.5555 -1.35295
32 40 4.77496 3.44928
32 41 6.64605 -1.55527
32 42 -0.905876 2.87042
32 43 -0.31873 2.7865
32 44 2.48137 0.0530976
32 45 1.92039 0.0496692
32 46 -2.06455 0.685125
32 47 0.348377 2.00571
32 48 1.88002 -0.970578
32 49 -0.54055 0.825062
32 50 -0.779876 -0.331982
32 51 -0.519752 -0.240005
32 52 0.887562 -0.910555
32 53 -0.171314 0.0367097
32 54 -0.197275 -0.0991422
32 56 0.32321 -0.0340372
32 57 -0.236504 0.397936
32 61 -0.134422 -0.131419
32 62 0.24733 0.245812
32 64 0.529448 0.230044
32 65 -0.919709 -1.0846
33 33 0.157445 0.925758
33 34 5.6179 -3.708
33 35 0.540952 0.523149
33 36 7.27919 2.10328
33 37 8.43253 0.281201
33 38 0.193529 2.97682
33 39 1.30723 1.46268
33 40 -2.08505 -2.28108
33 41 1.784 -2.07602
33 42 -1.59119 2.60264
33 43 4.07258 3.5821
33 44 -0.0478314 1.68166
33 45 -3.38318 -0.090586
33 46 -2.68758 2.86618
33 47 -0.3124 -0.772802
33 48 1.59844 -0.136857
33 49 0.238935 0.833404
33 50 -0.753079 0.708861
33 51 -0.430586 0.00208398
33 52 0.225079 0.445396
33 53 -0.507686 0.381089
33 55 0.159074 0.461745
33 57 0.485671 -0.0645628
33 59 0.11052 -0.881162
33 60 0.115256 -0.0147688
33 61 -0.0121489 -0.0075437
33 62 0.576937 0.0854955
33 65 0.427211 0.595144
34 33 3.25936 -0.675898
34 34 0.387077 1.16582
34 35 4.24713 -3.50816
34 36 0.869076 -1.23822
34 37 -0.724041 -5.04089
34 38 3.18813 3.43818
34 39 -0.467427 -5.13839
34 40 4.19641 3.1727
34 41 1.05434 2.22529
34 42 -0.126509 2.23998
34 43 0.118437 2.25905
34 44 0.194967 1.62769
34 45 -1.98503 0.474659
34 46 2.25734 0.63762
34 47 -0.86108 -1.04299
34 48 0.850673 0.516535
34 49 1.22149 0.364636
34 50 -0.346572 -0.0608836
34 51 0.0487509 -0.104449
34 52 -0.743042 -0.355479
34 53 0.975133 0.0926335
34 54 0.322914 -0.0185581
34 56 0.0323527 0.0018828
34 57 0.110254 1.48794
34 58 0.0350003 0.0910505
34 60 -0.039231 -0.0151084
34 62 1.16184 0.195767
34 64 -0.379896 0.0491563
34 65 0.738784 0.958641
34 66 0.561531 -0.0890762
35 33 0.944864 1.15244
35 34 0.862692 1.20446
35 35 -0.743899 0.237178
35 36 2.76109 1.61067
35 37 3.79827 1.6517
35 38 -0.610754 1.50387
35 39 -4.22365 -4.58059
35 40 4.49589 1.90001
35 41 1.53934 3.50154
35 42 4.98331 1.90184
35 43 4.12878 1.92608
35 44 -0.503266 1.32973
35 45 -1.29754 0.346151
35 46 1.42872 -0.763651
35 47 1.12306 1.16603
35 48 -1.21781 0.554053
35 49 0.831295 0.363156
35 50 -0.172723 1.52289
35 51 0.42173 -0.497739
35 52 -0.166328 -0.00750241
35 53 -0.387605 0.201004
35 54 1.02335 1.67171
35 55 -0.228271 -0.0449237
35 56 -0.509422 0.363823
35 57 -0.42163 -0.207161
35 59 -0.17499 -0.408984
35 62 -0.209075 0.837342
35 63 -0.0939125 -0.0166111
36 33 3.65113 -0.883176
36 34 3.04142 -0.156307
36 35 -2.44866 -1.76351
36 36 -4.14581 -0.613127
36 37 4.55864 -1.34948
36 38 12.5115 -3.43201
36 39 -2.64155 2.40948
36 40 5.02895 0.22556
36 41 3.37802 -0.200284
36 42 3.97359 2.19122
36 43 -0.431639 -3.89024
36 44 0.425134 1.70082
36 45 0.86684 0.994807
36 46 0.137812 0.457497
36 47 0.347913 -0.0497762
36 48 -1.36515 2.04962
36 49 0.330595 0.574432
36 50 2.32954 0.779418
36 51 -0.668106 0.12113
36 52 0.311054 -0.341841
36 53 -0.409982 0.18811
36 54 -1.23593 0.753321
36 55 0.537891 0.794925
36 57 -0.125787 -0.0148819
36 58 -0.593642 0.387374
36 60 0.0113256 -0.038475
36 61 0.214018 0.0314576
36 63 0.684181 -0.368615
36 65 -0.0190262 -0.0102144
36 66 -0.36415 0.121694
37 33 1.7905 0.360006
37 34 3.17565 -2.52787
37 35 0.62263 -1.16307
37 36 4.86358 0.813077
37 37 3.3638 -2.36249
37 38 1.04685 -0.58406
37 39 2.23564 -1.9327
37 40 1.69337 3.14957
37 41 0.697496 1.50546
37 42 5.00705 0.929127
37 43 1.85214 1.30516
37 44 3.36052 1.2139
37 45 0.83328 0.582659
37 46 1.11771 -0.0465621
37 47 0.61445 0.513616
37 48 -0.0832753 -0.091705
37 49 -0.191211 -0.0869666
37 50 3.06447 0.901551
37 51 0.842861 -0.184484
37 52 0.469352 0.119828
37 53 -0.298973 -0.019958
37 54 0.415916 1.20443
37 55 0.0935931 0.0455429
37 56 -0.272615 0.498753
37 58 -0.743356 0.0792067
37 59 0.058322 -0.0151095
37 60 -0.0826457 0.059741
37 61 -0.216567 -0.0290826
37 63 0.517527 -0.149322
37 65 0.695681 0.23812
38 33 2.06433 -1.26944
38 34 0.533258 -1.97367
38 35 3.9019 -0.185001
38 36 -1.67901 -1.99473
38 37 2.58452 -1.52804
38 38 5.00194 -1.87115
38 39 1.83412 1.02787
38 40 -2.50273 -1.57678
38 41 -1.37392 2.93438
38 42 1.40874 0.0180157
38 43 1.0613 1.31884
38 44 -0.563275 1.99282
38 45 3.32638 1.42857
38 46 2.59827 1.70507
38 47 0.408286 -0.976594
38 48 -0.534657 0.175056
38 49 1.34271 2.52882
38 50 1.01308 -0.326238
38 51 1.53748 1.31006
38 52 -0.494685 0.683303
38 53 1.98173 -0.0168189
38 54 -0.112371 0.0330619
38 55 -0.0629326 0.412074
38 56 -0.709179 0.402833
38 57 0.434427 -0.453048
38 60 -0.103635 -0.0436501
38 62 -0.247701 -0.546706
38 63 1.44557 -0.965686
38 65 1.05425 0.864295
38 66 0.123945 0.121833
39 33 2.0829 -1.54298
39 34 2.94911 0.294944
39 35 -2.25009 2.70407
39 36 2.89532 -2.01649
39 37 7.99211 -0.929612
39 38 6.11362 -2.29956
39 39 2.5115 -1.12893
39 40 -0.0861507 4.71255
39 41 5.32184 4.98089
39 42 -0.222141 -0.0355163
39 43 -0.232759 -2.06493
39 44 5.21343 -0.790169
39 45 3.70322 0.138421
39 46 -0.673563 0.08443
39 47 1.35042 0.202264
39 48 0.765725 -0.294174
39 49 -1.34386 1.07172
39 50 -0.13753 0.221368
39 51 1.63588 -0.152399
39 52 2.23364 1.67273
39 53 -0.167467 0.0151869
39 54 0.33811 0.312864
39 55 -0.691035 0.55775
39 56 0.382577 0.0467689
39 57 -0.0229155 -0.100845
39 58 0.234172 0.0530519
39 59 -0.762089 0.0507148
39 62 -0.0585362 -0.110679
39 63 -0.248926 0.159963
39 65 0.024175 0.649557
39 66 0.0649472 0.267166
40 33 0.656737 -0.635761
40 34 2.03298 -1.58517
40 35 3.83645 -4.06344
40 36 1.80096 -1.75405
40 37 1.49715 -0.970713
40 38 -0.032387 2.16008
40 39 4.66905 0.504461
40 40 -1.4991 0.247539
40 41 -1.46017 2.11769
40 42 0.884407 2.75832
40 43 -1.41903 0.00750065
40 44 2.89668 2.14527
40 45 2.69659 0.89176
40 46 1.63694 -0.347869
40 47 -0.91304 -0.446392
40 48 -1.57475 1.20072
40 49 1.26335 1.324
40 50 -0.122412 -0.00526798
40 51 0.992636 1.30896
40 52 0.509214 0.32854
40 53 1.06634 0.407547
40 54 -0.0574524 -0.76074
40 55 0.139613 0.875516
40 56 1.08359 -0.501656
40 58 0.358754 1.32974
40 59 -0.242065 0.417085
40 60 0.199934 -0.0736135
40 61 -0.867751 -0.500416
40 64 0.0315605 0.000398368
40 65 0.92815 0.827675
40 66 0.540092 -0.0494661
41 33 1.25272 1.51099
41 34 1.68006 -2.84026
41 35 -3.79256 -1.43502
41 36 2.8874 -0.420754
41 37 -2.65893 -2.90479
41 38 3.18851 -0.397857
41 39 4.20189 -4.20978
41 40 -2.59652 1.64295
41 41 0.508047 1.46757
41 42 -1.22618 0.32565
41 43 1.19594 1.76823
41 44 4.05085 4.05071
41 45 -2.01035 1.70362
41 46 -0.028848 -0.754853
41 47 0.616623 -0.22821
41 48 1.46601 2.29915
41 49 1.17414 0.388814
41 50 1.36736 1.09515
41 51 -1.9759 -0.108698
41 52 1.33273 -0.715908
41 53 1.46565 -1.63619
41 54 0.00556333 -0.0334003
41 55 0.464246 0.995006
41 56 -0.649804 -0.189541
41 58 -0.900049 0.0361795
41 59 0.0153248 -0.00102447
41 63 0.339956 0.126173
41 65 0.963517 0.0530234
41 66 0.705749 1.15654
42 33 2.79817 -0.983586
42 34 -1.38244 -1.97708
42 35 2.72643 -0.585392
42 36 -2.81731 -1.46498
42 37 1.91089 -3.07775
42 38 5.01459 0.902602
42 39 5.48919 0.225839
42 40 1.72276 -1.83306
42 41 3.44194 0.339305
42 42 0.208351 1.77664
42 43 1.10316 0.886313
42 44 2.6826 1.85163
42 45 -0.485691 1.33034
42 46 1.65748 0.334668
42 47 3.65433 -1.05419
42 48 1.8575 0.0773378
42 49 0.421554 -0.0964899
42 50 1.86942 -0.424265
42 51 -0.31504 0.0059465
42 52 0.790413 -0.504033
42 53 0.916078 -0.718388
42 54 -0.666732 0.308684
42 55 0.00798013 1.37477
42 56 0.9996 0.429256
42 57 0.196186 0.191287
42 58 -2.28362 0.135034
42 59 -0.653998 -0.353233
42 60 0.100556 0.0770699
42 61 -0.431808 -0.0528897
42 62 -0.128053 0.00862158
42 64 0.183626 0.15522
42 65 0.757549 -0.544753
42 66 -0.285475 -0.248422
43 33 2.27307 -1.75143
43 34 1.90478 1.5672
43 35 2.04497 -2.20516
43 36 1.14567 -1.52885
43 37 1.49474 0.684438
43 38 4.93531 0.249641
43 39 1.31387 -0.759035
43 40 2.10106 1.24091
43 41 3.87541 2.78763
43 42 -4.83589 0.238731
43 43 1.98009 -0.00832218
43 44 8.70862 3.98854
43 45 1.4503 0.00191292
43 46 0.759784 1.46795
43 47 0.959318 2.31619
43 48 -1.28168 -0.131359
43 49 0.0871932 -0.764572
43 50 1.2736 0.605845
43 51 -0.0718535 0.0847077
43 52 0.041666 0.00954962
43 53 -1.16185 0.675789
43 54 0.622403 -0.289308
43 55 -0.0428902 0.846515
43 56 1.64767 -0.611537
43 57 0.33874 -1.41193
43 58 -0.32478 0.181623
43 59 0.0167224 -0.00789139
43 61 -0.0146638 0.18494
43 62 0.0444234 -0.180268
43 63 0.721955 -1.04325
43 65 -0.238623 0.19782
43 66 0.0740547 -0.437873
44 33 2.26149 0.405842
44 34 5.28996 -4.14037
44 35 -1.36569 1.96124
44 36 2.3775 -0.184813
44 37 -1.35069 -2.01128
44 38 7.04225 1.68679
44 39 0.589017 1.7404
44 40 3.14743 5.35449
44 41 1.04888 -0.897237
44 42 3.51413 1.29182
44 43 2.00606 -0.381973
44 44 -0.236368 0.293449
44 45 3.473 1.13466
44 46 1.01231 0.245633
44 47 1.88165 1.69763
44 48 0.288547 -0.598136
44 49 -1.20248 -0.668866
44 50 -2.24364 -0.387572
44 51 0.33014 0.154262
44 52 1.65411 -0.0603494
44 53 -0.0175043 -0.0786571
44 54 -0.296115 -0.0296269
44 55 0.941167 0.524646
44 57 -0.635715 -0.0667033
44 58 -0.0803545 -0.100796
44 59 -0.0426851 -0.0127442
44 60 -0.210206 0.19339
44 61 0.951757 -0.15053
44 63 -0.0627047 0.327984
44 64 0.0138923 0.0176367
44 65 -0.601306 0.374613
45 33 -0.012337 1.06384
45 34 2.67525 -0.400425
45 35 5.07782 -0.581025
45 36 4.12144 -1.64532
45 37 2.45006 -0.457906
45 38 2.66308 -1.30018
45 39 1.6204 1.99774
45 40 2.22959 1.0246
45 41 4.06366 3.84832
45 42 6.22312 0.594833
45 43 1.87877 0.77059
45 44 0.160417 -0.765652
45 45 0.549717 3.76176
45 46 0.347141 3.60174
45 47 2.02977 0.30028
45 48 0.249754 0.124881
45 49 -0.0711895 -0.190619
45 50 -0.724319 -0.613604
45 51 1.59993 0.205891
45 52 0.444561 1.03729
45 53 -1.04575 1.41332
45 54 1.25228 0.838693
45 55 -0.0116997 0.0397238
45 56 -0.685002 0.637539
45 57 0.00307991 0.00728393
45 58 0.617144 0.280383
45 59 -0.0266278 -0.0250661
45 60 0.156821 -0.236339
45 61 0.221098 0.848738
45 62 0.0482709 0.0326511
45 63 0.410221 -0.536635
45 64 0.499082 0.0650482
45 65 -0.328517 -0.424097
46 33 2.47781 -0.235171
46 34 6.54347 -3.50598
46 35 0.921854 -1.53607
46 36 1.26284 -1.65824
46 37 0.983969 0.0807929
46 38 5.80526 1.75385
46 39 6.67241 -0.301042
46 40 4.87522 1.47163
46 41 4.38978 5.52749
46 42 2.88588 -2.29693
46 43 1.10546 2.64447
46 44 2.26876 0.605569
46 45 -1.88093 0.855654
46 46 1.99562 0.99636
46 47 4.72776 1.12225
46 48 -1.57889 0.988102
46 49 -0.45106 -0.404296
46 50 0.452302 0.629278
46 51 0.00557009 0.509648
46 52 -0.844677 1.1109
46 53 -0.0778221 0.0271083
46 54 -1.90215 0.380254
46 55 -0.112896 1.22561
46 56 0.364974 -0.0688387
46 57 2.19592 0.333718
46 58 -0.861817 -0.155991
46 60 0.112108 0.0788864
46 61 0.0176701 -0.0112035
46 64 -0.468413 0.227853
47 33 2.3278 -1.27215
47 34 4.46682 -0.74301
47 35 3.00366 -1.65062
47 36 2.17675 -2.16077
47 37 2.27907 -1.68368
47 38 2.84206 -0.199414
47 39 5.53469 -0.46397
47 40 0.574305 -0.150036
47 41 4.89157 -0.301413
47 42 5.04089 -0.614915
47 43 -2.56772 1.13049
47 44 -0.424967 1.25754
47 45 2.14461 1.12863
47 46 0.789424 0.431563
47 47 -0.0671306 1.78693
47 48 -0.30967 0.57773
47 49 0.411188 1.55029
47 50 1.13572 0.70972
47 51 -0.39002 0.0983507
47 52 1.03524 1.58898
47 53 1.39206 0.437245
47 54 -0.34606 0.501728
47 55 -0.309628 0.413442
47 56 -0.210051 0.424548
47 57 -0.0143132 -0.0173867
47 58 0.0500936 -0.0824545
47 60 0.97484 0.753919
47 65 -0.736521 -0.476061
48 33 3.38637 -0.00749518
48 34 1.21632 -1.85109
48 35 3.44056 -6.26623
48 36 2.17305 0.654986
48 37 4.19852 0.0868362
48 38 2.16855 -1.16572
48 39 1.99954 0.514582
48 40 1.28893 -1.75404
48 41 2.58128 -0.697054
48 42 1.01286 -0.185533
48 43 1.38718 -1.40863
48 44 0.610783 0.605813
48 45 -0.0431932 0.927488
48 46 3.17741 -0.70737
48 47 0.531828 0.196657
48 48 -0.350132 -1.81526
48 49 -0.0268764 0.74706
48 50 1.10429 0.634723
48 51 -0.857641 0.723982
48 52 1.07236 1.69815
48 53 -1.33813 1.74052
48 54 -2.05984 0.307431
48 55 -0.503328 -0.368361
48 57 0.693651 -0.362818
48 58 0.387167 0.303151
48 59 -0.414144 0.700077
48 60 -0.0130255 -0.466505
48 61 0.239175 0.026824
48 62 -0.189528 -1.40604
48 63 -0.239254 0.0865327
48 65 -0.551654 0.407004
48 66 -0.200082 -0.38352
49 33 3.5463 -0.65776
49 34 2.14893 -3.962
49 35 3.34831 0.776043
49 36 -0.983886 -1.02987
49 37 -1.1217 -0.177307
49 38 0.720244 -1.52053
49 39 5.20385 -0.333336
49 40 7.23983 0.252702
49 41 1.56133 -1.09312
49 42 5.98559 1.07202
49 43 -1.43146 0.952062
49 44 -1.5225 -1.56381
49 45 0.59486 2.13065
49 46 0.26162 0.207922
49 47 -0.586384 -0.36861
49 48 -1.70317 1.66106
49 49 -0.629776 1.36202
49 50 -0.796558 1.07257
49 51 0.587958 0.203411
49 52 -0.0411802 0.347076
49 53 0.555268 0.311046
49 55 1.52733 -0.547545
49 56 1.25818 -0.0645649
49 57 0.63782 -0.366004
49 58 0.206622 0.0220175
49 59 1.37633 0.529559
49 60 -0.180863 0.0286113
49 61 -0.130732 0.230391
49 63 0.0904479 -0.232431
49 64 -1.16711 -0.275688
49 65 -0.0113926 0.00357466
49 66 -0.561047 0.0647877
50 33 2.62888 0.0100216
50 34 -0.246363 -0.629237
50 35 8.58469 0.245143
50 36 3.49848 5.21048
50 37 -2.19042 1.0748
50 38 -1.21451 1.75075
50 39 3.75155 0.955233
50 40 2.93821 0.165129
50 41 2.05096 0.75487
50 42 -0.0684399 -1.88688
50 43 3.79032 -2.83829
50 44 -2.59433 -0.283092
50 45 0.343688 -1.245
50 46 0.501112 -0.10931
50 47 -0.7948 3.06574
50 48 -0.877564 0.171015
50 49 0.489106 -0.874643
50 50 0.633945 0.721063
50 51 -0.00195403 0.00135636
50 52 0.455971 1.50629
50 53 3.97843 0.879675
50 54 1.05273 0.830232
50 55 -0.33536 0.343507
50 56 0.394301 0.0498855
50 57 0.324856 0.133915
50 58 1.35704 -1.78293
50 59 0.0413222 -0.0648308
50 60 1.53669 0.316202
50 61 -1.20393 1.13398
51 33 1.80485 0.773117
51 34 4.17925 1.27937
51 35 2.77112 0.190222
51 36 2.48521 1.1637
51 37 6.80763 2.30285
51 38 2.64114 0.244481
51 39 4.41831 -0.915819
51 40 6.79861 -0.940951
51 41 2.64754 4.86393
51 42 3.10569 -0.837953
51 43 3.18784 0.425728
51 44 2.19836 1.01891
51 45 0.286722 1.79928
51 46 -0.871912 1.20852
51 47 1.72563 0.819979
51 48 -0.0576063 -0.896847
51 49 0.302761 0.580925
51 50 1.61543 -0.859265
51 51 -1.46471 0.614797
51 52 -2.42501 1.70407
51 53 -0.504087 -0.225015
51 54 0.991649 -0.315359
51 55 -0.0573175 -0.0940431
51 56 0.932115 -0.0872304
51 57 -0.8498 -0.222322
51 58 0.663298 -0.780227
51 59 -0.393432 0.0733179
51 60 -1.98386 -0.189056
51 61 0.0807678 0.306268
51 62 0.216584 0.738683
51 64 -0.170132 0.0172917
52 33 -0.793004 -0.71856
52 34 0.0159238 -0.200493
52 35 -1.95111 0.755861
52 36 2.9663 0.691489
52 37 3.98452 -1.11104
52 38 1.87093 -2.02291
52 39 8.85418 -2.62982
52 40 1.94801 2.28496
52 41 2.364 -0.578978
52 42 3.4382 1.68172
52 43 2.25672 1.36834
52 44 1.13138 -1.47647
52 45 3.16555 1.1358
52 46 -1.19302 -1.89743
52 47 2.75776 -0.461409
52 48 1.96274 2.3886
52 49 -0.522312 -0.871061
52 50 -1.25712 0.365656
52 51 1.32508 0.460734
52 52 0.256955 -0.0540816
52 53 0.225182 0.136537
52 55 0.155353 -0.060851
52 56 -0.359184 -0.660766
52 57 -0.834862 0.702101
52 58 0.267991 -0.0997439
52 62 2.12006 -0.532218
52 64 -0.459107 0.268535
52 65 -1.0655 -0.405482
53 33 -0.643132 -1.61102
53 34 3.30337 -0.302224
53 35 -1.16661 -0.451689
53 36 4.59003 1.57023
53 37 0.583435 -0.218225
53 38 1.30051 -1.61784
53 39 -1.08561 -3.13012
53 40 -0.360675 0.820962
53 41 1.10595 0.117768
53 42 4.69567 -2.31869
53 43 -0.732163 0.522517
53 44 0.157532 -0.832541
53 45 0.970016 2.13067
53 46 -1.00089 -0.125051
53 47 3.63546 0.774798
53 48 -1.68196 -0.779561
53 49 -0.817947 -0.511554
53 50 1.45373 -0.216303
53 51 0.263996 -0.797444
53 52 -0.158594 0.877541
53 53 -0.181022 -0.808136
53 54 -0.0422575 0.147899
53 55 -0.090868 -0.0559908
53 56 0.0141487 -0.00170958
53 57 -0.542397 -0.853539
53 58 1.64208 -0.838771
53 60 -1.15578 -0.15503
53 62 -0.769985 0.0575184
53 63 0.0101971 0.00343728
54 33 -0.156226 -1.86169
54 34 1.15788 -1.94156
54 35 -1.81993 -1.77888
54 36 6.70423 1.44597
54 37 1.10647 -2.24225
54 38 -0.0956845 -0.667288
54 39 2.73589 1.88661
54 40 3.28819 1.34006
54 41 0.627109 1.88218
54 42 -2.95336 -2.55674
54 43 0.350186 3.74192
54 44 -0.916164 -2.53153
54 45 1.94412 1.18434
54 46 -0.553677 -1.53165
54 47 0.940603 0.504505
54 48 0.913102 -0.308298
54 49 -1.72721 1.25259
54 50 -0.178106 0.283926
54 51 -0.92001 -0.0767136
54 52 0.00581302 -0.000617335
54 53 -0.298694 -0.126299
54 54 -0.0500731 0.0315578
54 55 0.0969252 0.273588
54 57 -0.522926 1.23391
54 58 0.947431 -0.289807
54 59 0.126113 0.0325473
54 60 0.214486 0.0102867
54 62 0.191079 0.0716077
54 63 -0.109125 1.05423
54 65 0.0207699 -0.0056243
55 33 0.896843 0.190017
55 34 4.71235 -0.846656
55 35 2.32798 -0.795255
55 36 1.75667 -2.74107
55 37 3.57377 -2.39194
55 38 2.84193 0.211236
55 39 7.57908 0.198323
55 40 2.44065 -1.32385
55 41 3.03227 1.41059
55 42 -0.41161 1.36681
55 43 0.617935 -0.0107563
55 44 -0.61152 -0.571486
55 45 2.11416 0.128352
55 46 -0.342071 0.481248
55 47 1.46041 -0.0425183
55 48 -0.442395 0.367285
55 49 -1.00841 2.29904
55 50 -0.141428 0.11736
55 51 -0.23872 -0.0913189
55 52 -0.568029 -1.24895
55 53 0.0276656 -0.543943
55 54 -0.335204 -0.318226
55 55 -0.659565 -1.43885
55 56 -0.186262 -0.148893
55 57 -0.72062 -0.158605
55 58 -0.968506 0.790796
55 59 0.305199 0.125584
55 60 0.0338005 0.0478917
55 61 0.138782 0.0745414
55 62 -0.329291 -0.306325
55 65 0.70585 -0.1606
56 33 0.267956 0.717423
56 34 1.54144 0.830081
56 35 2.54537 -0.461922
56 36 3.35795 -0.807455
56 37 2.69481 -0.890542
56 38 2.24887 -0.966571
56 39 1.44763 2.95721
56 40 6.43895 4.38601
56 41 -2.35077 2.57902
56 42 0.256878 -0.402319
56 43 1.39163 -0.114381
56 44 2.07644 0.873024
56 45 0.129477 1.46578
56 46 0.0256053 1.05459
56 47 1.77973 0.211533
56 48 -1.4258 0.0728496
56 49 -0.272557 0.295641
56 50 0.801936 1.4073
56 51 0.764657 0.0569112
56 52 -0.321906 0.00690029
56 53 -0.966233 0.369992
56 54 -0.216794 -0.437229
56 55 -1.22967 1.44719
56 56 0.0222178 -0.0213332
56 57 0.3957 0.92288
56 58 0.120428 0.130154
56 59 0.872697 0.110503
56 60 1.12853 -0.584404
56 63 0.208348 -0.015923
56 64 -0.315768 0.364003
56 65 -1.24187 0.88062
57 33 2.11782 0.480188
57 34 0.581244 1.86586
57 35 6.91153 -2.29193
57 36 7.07553 -0.256885
57 37 1.49645 1.09404
57 38 3.46155 -1.21753
57 39 -0.578933 -2.1772
57 40 1.27111 -2.55809
57 41 -0.86854 4.41602
57 42 1.07168 1.95028
57 43 4.18622 -0.10949
57 44 3.06999 1.60264
57 45 4.06459 0.300973
57 46 2.28792 2.72465
57 47 1.43577 0.936649
57 48 1.096 0.852346
57 49 0.725756 0.275539
57 50 0.351482 -0.222553
57 51 -0.189374 -0.501679
57 52 -1.36608 -0.641335
57 53 -0.499538 1.08275
57 54 -0.548006 -0.794649
57 56 -0.175677 0.819264
57 57 -0.163353 -0.0189919
57 58 0.871681 2.12523
57 59 -0.97635 2.12498
57 60 0.0188722 0.0132652
57 62 0.715317 0.372923
57 63 0.606752 -1.75452
57 64 -0.304644 0.358724
57 65 -0.529797 -0.538267
58 33 1.73284 -0.354318
58 34 -0.0581175 -1.7479
58 35 2.30113 2.87469
58 36 8.07646 -2.63966
58 37 2.19055 -0.266222
58 38 -0.475281 -2.43923
58 39 2.90682 -0.309629
58 40 3.65681 -0.266834
58 41 2.36047 1.52577
58 42 -0.725965 -0.821872
58 43 -0.423998 1.04424
58 44 1.64996 0.369948
58 45 -0.931675 2.45496
58 46 -0.000628704 1.06807
58 47 -0.125769 -0.768232
58 48 1.12616 -0.304822
58 49 1.42752 0.108284
58 50 0.560277 0.200096
58 51 0.73686 0.288151
58 52 1.29052 -0.473256
58 53 0.767375 -0.269465
58 54 0.903413 -0.567843
58 55 0.406395 0.381253
58 56 -0.00115425 0.000136294
58 57 0.230553 -1.25362
58 58 0.0439015 0.00934575
58 59 0.85888 0.806334
58 60 0.0467718 0.268509
58 62 0.175112 0.519236
58 63 0.532993 0.633016
58 66 -0.123748 -0.0299682
59 33 1.98344 0.220234
59 34 -1.91351 -2.87073
59 35 4.7763 -0.5454
59 36 1.25677 -2.86251
59 37 2.00197 2.40895
59 38 -0.795565 -1.13099
59 39 -0.132094 1.04818
59 40 1.2659 0.646226
59 41 1.45724 1.706
59 42 0.536372 0.693956
59 43 1.27354 0.372372
59 44 0.411153 -1.37102
59 45 1.70303 0.89015
59 46 -1.88124 2.719
59 47 2.17069 1.06781
59 48 0.641063 -0.730181
59 49 -1.4986 -0.406236
59 50 0.252086 -0.46111
59 51 1.87027 -1.25053
59 52 0.109592 -0.277604
59 53 -0.838141 -0.688771
59 54 0.898777 -0.183426
59 55 -0.921107 0.850023
59 56 -0.224099 0.825101
59 57 0.130036 0.923967
59 59 -0.034524 -0.00744194
59 60 0.190444 -0.326917
59 61 -0.549501 -0.307679
59 64 0.22383 -0.218364
59 65 -0.18089 -0.336073
59 66 -0.421377 0.369151
60 33 0.9196 -0.035179
60 34 -1.93515 -1.84509
60 35 3.25344 -1.2251
60 36 1.12014 1.26988
60 37 3.51716 -0.489625
60 38 1.23691 1.55692
60 39 -1.15196 0.779828
60 40 1.11079 -2.2078
60 41 5.21347 -0.0259661
60 42 1.87003 3.12951
60 43 1.31686 2.17821
60 44 0.125103 0.322331
60 45 3.58885 0.12279
60 46 -0.08666 0.789583
60 47 0.0953148 -0.541867
60 48 -0.547398 0.223859
60 49 -2.69227 -0.269214
60 50 -0.188375 -0.117401
60 51 0.149439 0.115986
60 52 0.801321 0.28101
60 53 1.26204 0.806563
60 54 -0.514671 0.65908
60 55 -0.870303 -0.49106
60 56 0.23746 0.296415
60 57 0.484669 -0.0199588
60 58 0.0256051 0.15251
60 59 0.506109 0.538573
60 60 0.0684135 -0.134541
60 61 0.222375 -0.0195446
60 63 0.251231 -0.292404
60 64 0.140864 -0.35697
60 65 -0.682172 0.3995
61 33 2.43012 0.103656
61 34 0.432346 1.11084
61 35 2.44831 0.339664
61 36 2.13505 -1.76399
61 37 5.04203 0.956997
61 38 2.51893 -0.276801
61 39 3.7651 1.65003
61 40 1.93265 -2.32683
61 41 1.51197 -1.75256
61 42 -0.960578 2.68214
61 43 1.20012 0.968024
61 44 -0.7059 -0.217608
61 45 -1.19657 1.63831
61 46 2.69201 1.32201
61 47 0.628682 -0.620174
61 48 0.876612 0.504095
61 49 0.798733 -0.383975
61 50 1.80754 -2.46312
61 51 -0.150757 -0.745349
61 52 -0.497794 -0.392531
61 53 0.369221 -0.0184178
61 54 -0.197209 1.86857
61 55 -0.884893 -0.468629
61 56 -2.24916 -0.350969
61 57 -0.612028 -0.347494
61 59 -0.720798 0.232196
61 60 0.201472 0.116584
61 62 0.0123236 0.764779
61 63 -0.766391 0.102087
61 65 0.189956 0.0632445
61 66 0.364158 -0.165336
62 33 0.348713 0.583952
62 34 5.6535 -0.314282
62 35 1.23711 1.74415
62 36 2.42073 0.433693
62 37 5.97136 0.154478
62 38 7.69638 -0.537581
62 39 1.38155 -1.12844
62 40 3.29611 0.54094
62 41 2.31061 0.0450675
62 42 2.38024 -1.083
62 43 4.77664 0.241546
62 44 2.33373 1.62388
62 45 2.45925 1.07898
62 46 -1.73532 1.1857
62 47 1.00261 0.581491
62 48 0.536419 -0.0131113
62 49 3.34484 -0.0996843
62 50 1.01312 -0.439566
62 51 0.481073 0.203347
62 52 -0.880481 0.120721
62 53 -0.121246 1.10201
62 54 0.0720488 0.434541
62 55 0.809423 -0.0663397
62 56 0.116623 0.0640426
62 57 -0.124513 -0.0611559
62 58 -0.339885 0.180551
62 59 -0.141639 -0.0354084
62 60 0.00896342 1.05112
62 62 0.176933 0.0227441
62 63 0.319503 -0.10822
62 64 0.0360169 -0.0997904
62 65 -0.315878 0.492862
63 33 3.68287 -0.999823
63 34 0.858163 0.302736
63 35 2.84498 0.450114
63 36 0.43592 -0.173439
63 37 2.02676 -0.239035
63 38 3.09099 0.411089
63 39 0.21578 0.0113749
63 40 0.0515783 1.51787
63 41 0.441822 2.30275
63 42 3.588 -0.136249
63 43 -0.490874 1.3272
63 44 -1.01074 1.1012
63 45 1.41333 -0.230733
63 46 -0.403056 1.08117
63 47 2.01347 -0.461338
63 48 -1.15374 0.615753
63 49 0.443489 0.0703398
63 50 0.420332 -1.02663
63 51 -0.661274 0.77016
63 52 -0.11569 0.886101
63 53 -1.80774 0.359975
63 54 -1.00045 0.872885
63 55 0.132037 0.0528425
63 56 0.499691 -0.0378788
63 58 0.0863297 -0.191388
63 59 0.717808 -0.517773
63 60 0.269576 -0.041921
63 61 -0.397817 0.0153952
63 62 0.153379 -0.0257896
63 63 -0.914507 0.0102524
63 64 1.44849 0.121038
63 65 -0.144585 -0.0387981
63 66 -0.176137 0.531501
64 33 1.48125 -0.325541
64 34 0.72469 -2.88074
64 35 -0.361807 -0.0618882
64 36 1.8585 -1.22656
64 37 2.79519 0.844585
64 38 -0.73161 -0.717645
64 39 2.12924 -0.853327
64 40 2.92217 0.209594
64 41 0.496814 0.081849
64 42 2.1075 0.857813
64 43 -0.496978 0.735805
64 44 1.33529 -0.315316
64 45 0.688911 -0.312357
64 46 -0.925182 -0.564373
64 47 1.91293 2.63764
64 48 -0.715617 0.446204
64 49 1.01126 0.867674
64 50 0.571457 0.203318
64 51 -0.0377217 0.00974364
64 52 0.295773 0.135767
64 53 0.947145 0.00126171
64 54 -0.0206258 -0.795451
64 55 -0.40957 0.488997
64 57 0.145398 0.136084
64 58 -0.129922 -0.113951
64 60 -0.580138 0.142116
64 62 -0.200927 -0.286466
64 64 0.0197782 0.000820713
64 66 -0.0584717 0.0468067
65 33 2.48786 1.20379
65 34 2.17273 -0.573543
65 35 2.92262 -0.209208
65 36 1.32605 0.444832
65 37 4.29095 -0.360274
65 38 2.00828 -0.456978
65 39 1.52204 0.365979
65 40 0.361749 0.519473
65 41 3.52363 0.0140718
65 42 2.09077 0.486931
65 43 1.65938 -0.143065
65 44 0.778079 0.780752
65 45 2.10805 1.49571
65 46 0.388189 1.58776
65 47 1.08563 0.338413
65 48 0.46739 0.636351
65 49 1.66981 1.6275
65 50 -0.356149 -0.608351
65 51 0.125475 0.226995
65 52 0.0275154 0.142795
65 53 0.461747 0.150387
65 54 -0.498019 -0.644116
65 55 0.79029 0.293157
65 56 -0.0218448 0.0423823
65 57 0.159039 0.0176269
65 59 0.19887 -0.116896
65 60 -0.160189 -0.0978122
65 61 0.384014 0.384524
65 62 0.312161 0.215539
65 63 -0.0148062 -0.0423
65 64 -0.000220286 -9.54078e-05
65 65 -0.00928394 -0.0971455
66 33 2.0439 0.434634
66 34 3.93294 -0.51729
66 35 2.22982 0.0926254
66 36 2.01892 0.222296
66 37 3.65406 0.923677
66 38 2.39408 0.537922
66 39 0.934427 -0.0452624
66 40 2.25191 1.38109
66 41 2.49728 1.23417
66 42 1.41872 0.01526
66 43 1.03007 0.654684
66 44 1.27164 -0.0814295
66 45 2.44881 1.29156
66 46 0.516476 0.789143
66 47 0.884234 0.00671146
66 48 0.473601 0.270996
66 49 0.587147 0.617011
66 50 0.230519 -0.59397
66 51 0.732744 0.960932
66 52 0.739323 -0.00503324
66 53 1.01138 -0.286271
66 54 0.488977 0.148965
66 55 0.113376 0.0136635
66 56 0.0595182 0.264304
66 57 1.09341 0.364592
66 58 0.0912118 0.0372137
66 60 0.128318 0.114172
66 61 0.117201 0.093257
66 62 0.173398 0.310974
66 63 0.317407 -0.00231298
