0 33 0.14551 4.53334
0 34 -3.80318 0.530272
0 35 2.93954 2.29322
0 36 -0.773362 2.34283
0 37 2.89069 1.1213
0 38 0.947923 1.80053
0 39 1.2876 0.414002
0 40 -0.214461 0.326886
0 41 2.46958 1.12992
0 42 -1.44749 1.49298
0 43 -0.0236936 -0.0276745
0 44 0.085165 -0.151616
0 45 -0.466239 -0.349469
0 52 0.91512 0.43429
1 33 4.71573 14.2684
1 34 -1.60816 3.57143
1 35 8.29353 0.598969
1 36 -0.414222 5.7324
1 37 -4.10888 6.04909
1 38 -1.76018 0.024282
1 39 2.72852 1.84891
1 40 1.71237 6.01128
1 41 4.37311 2.77052
1 42 -0.232981 3.1468
1 43 -2.10068 0.469764
1 44 0.797438 0.558608
1 45 -0.970831 -0.243901
1 47 -0.370994 -0.467617
1 48 0.0253328 -0.0392477
1 49 4.75826e-05 3.33231e-05
1 50 0.0609554 -0.10317
1 51 -0.995204 -0.915788
1 52 0.545921 -0.330445
1 59 0.652631 -0.0388972
1 65 -0.749149 0.0714748
2 33 7.03081 23.9518
2 34 10.5634 9.69822
2 35 8.96956 1.98348
2 36 -5.21309 2.83143
2 37 -0.888882 7.77961
2 38 4.56398 4.97558
2 39 4.96072 -0.674635
2 40 -3.17272 2.53161
2 41 3.4391 1.98228
2 42 2.94064 -1.37354
2 43 -2.40895 0.494443
2 44 -0.784155 0.323208
2 45 1.48358 -0.831452
2 46 0.776555 0.204828
2 49 -0.450922 0.152854
2 50 -0.160871 0.784861
2 51 0.668522 -0.757094
2 52 -0.0883524 -0.0325932
2 56 0.191822 -0.0260325
2 59 0.512215 -0.0104773
3 33 3.4898 26.368
3 34 3.12282 17.5025
3 35 -1.67344 8.65576
3 36 1.69981 9.6583
3 37 0.311409 6.97146
3 38 8.43697 3.7224
3 39 13.3511 5.75187
3 40 -4.41319 4.74302
3 41 -4.09729 5.2164
3 42 4.55889 5.05415
3 43 -0.7505 0.915525
3 44 -0.314816 -0.635645
3 45 -0.877744 -0.248558
3 46 0.396746 0.0871778
3 47 0.842312 0.618184
3 48 0.340576 0.379648
3 49 -0.00927513 0.0551175
3 50 -0.249886 0.333115
3 51 -0.132374 -0.0393265
3 54 -0.0439126 0.0162761
3 65 -0.0258169 -0.00369116
4 33 -1.25729 30.8674
4 34 1.57284 13.5696
4 35 -0.074786 9.01899
4 36 0.468318 13.9566
4 37 -4.2835 11.4177
4 38 -0.412743 8.30627
4 39 7.58688 5.89955
4 40 15.031 6.06655
4 41 6.36616 2.35906
4 42 2.53584 2.08213
4 43 1.90027 -0.353721
4 44 0.686137 -0.15939
4 45 0.058884 -1.197
4 46 -0.033238 -0.311582
4 47 -0.0710057 -0.183572
4 49 -0.176386 -0.712683
4 50 -0.105084 -0.129487
4 51 -0.0176359 0.0730819
4 52 0.15151 0.0921331
4 53 -0.517394 0.637222
4 55 0.498974 -0.246261
4 56 -0.665948 0.423758
4 58 0.50291 0.669813
4 59 0.00514019 -0.00262438
4 65 0.230127 0.589407
5 33 6.58168 37.2115
5 34 -2.56018 13.9705
5 35 -1.90704 4.73972
5 36 -1.91885 15.3419
5 37 3.95693 13.9752
5 38 10.5994 9.79103
5 39 1.99247 10.104
5 40 -0.100756 4.22552
5 41 6.3732 10.7539
5 42 1.4737 6.70356
5 43 1.47137 1.17527
5 44 1.43639 -0.0351404
5 45 0.440011 -0.317839
5 46 2.57301 0.448935
5 47 1.16852 0.272231
5 48 0.180172 -0.0301687
5 49 0.491087 -0.392603
5 50 0.213354 -0.0969018
5 52 0.443002 0.102083
5 53 -0.409043 0.281493
5 54 1.22172 -0.113088
5 56 -0.691604 0.51536
5 58 -1.40681 0.615744
5 59 0.521032 0.115631
5 60 0.424944 0.0645192
6 33 16.3767 31.2189
6 34 3.97354 11.7284
6 35 14.3112 10.3445
6 36 -2.09652 12.0215
6 37 -2.16532 17.6153
6 38 5.31271 -2.9797
6 39 6.09234 7.85628
6 40 -1.76962 9.0013
6 41 -2.05977 8.53566
6 42 -0.874907 5.21639
6 43 -1.76059 0.917041
6 44 0.953674 0.935126
6 45 -0.692605 -0.654962
6 46 0.627797 1.50828
6 47 0.448322 0.0875367
6 48 0.637167 0.0124466
6 49 0.0442671 -0.734306
6 50 0.1413 0.0508249
6 51 -0.281957 0.710776
6 52 0.247775 0.335697
6 53 -0.458278 -0.230996
6 54 -0.282764 -0.241569
6 58 -0.210637 0.207207
6 59 0.758691 0.289985
7 33 7.06686 40.5216
7 34 1.36464 19.494
7 35 10.5603 11.9239
7 36 3.70575 16.3573
7 37 -2.5626 18.6862
7 38 6.01604 4.21058
7 39 10.869 5.95311
7 40 -2.99337 6.94741
7 41 8.14328 -0.428846
7 42 -1.04219 -2.79787
7 43 -2.5174 2.31288
7 44 -0.780314 -1.1193
7 45 -3.17705 0.397572
7 46 1.96154 1.04497
7 47 -0.126311 0.829861
7 48 -0.593066 1.09065
7 49 -1.24894 -0.461768
7 50 0.117872 1.12354
7 51 -0.451934 -0.0391965
7 52 -0.256812 0.817905
7 53 0.467393 -0.029362
7 54 -0.020598 -0.0120574
7 55 0.881954 -0.384733
7 56 0.249702 -0.38631
7 57 -0.210411 0.0463709
7 61 0.314096 -0.284374
8 33 8.85517 34.8085
8 34 6.61992 26.675
8 35 -0.899665 10.2374
8 36 8.99833 17.3342
8 37 1.13312 4.49841
8 38 -0.679392 5.1161
8 39 -3.57078 13.9842
8 40 3.82967 4.82853
8 41 0.123423 5.65629
8 42 5.24609 6.38491
8 43 6.89629 1.37342
8 44 2.12809 1.81455
8 45 -3.24705 2.44254
8 46 1.57758 2.03656
8 47 -1.62316 1.6419
8 48 -1.3559 -0.454873
8 49 -0.117112 -0.086124
8 50 -0.321892 -0.552328
8 51 0.249035 -0.536288
8 52 1.61106 0.817648
8 53 -0.526953 0.851253
8 55 0.666411 -0.366538
8 57 -0.343386 0.0343138
8 58 0.131624 -0.286406
8 60 0.135425 0.039828
8 61 0.490646 -0.231976
9 33 -9.34192 35.2958
9 34 -7.20488 11.6932
9 35 1.60973 10.504
9 36 0.657349 24.3764
9 37 6.4033 0.499941
9 38 -2.8155 4.45264
9 39 0.979882 8.25193
9 40 3.5389 6.35655
9 41 -2.98669 -0.722361
9 42 0.169665 -7.45757
9 43 4.58124 4.63283
9 44 0.449395 4.75061
9 45 -0.845183 1.29023
9 46 -1.40543 0.0226985
9 47 0.407547 -0.738289
9 48 1.29089 1.54767
9 49 -0.619516 0.0279558
9 51 1.27629 0.901423
9 53 -0.31405 -0.179465
9 55 -0.0362983 -0.0204392
9 56 -0.139854 0.271587
9 58 -0.957859 0.605031
9 63 -0.0829656 -0.0637381
9 65 -0.128452 -0.0288252
10 33 -0.829295 19.6219
10 34 7.19319 5.39562
10 35 7.96438 4.54037
10 36 16.0525 4.55815
10 37 -3.81781 3.03213
10 38 5.67356 12.5383
10 39 -2.27714 10.5633
10 40 1.79063 9.49152
10 41 3.72967 0.547025
10 42 -3.87961 2.59858
10 43 1.43008 -0.082558
10 44 -0.782841 -0.55214
10 45 -1.01382 0.73033
10 46 1.47623 -0.276739
10 47 0.398118 0.230191
10 48 0.422915 -0.100443
10 49 -0.601975 0.0621032
10 50 1.00793 1.59972
10 51 3.3143 4.61151
10 52 0.262003 -0.27587
10 53 0.988004 1.23109
10 54 -0.828466 1.27784
10 55 0.873238 0.134409
10 57 0.881586 0.458739
10 58 -0.587457 -0.344718
10 61 -0.0693729 0.0144733
11 33 5.4624 17.6431
11 34 4.39642 4.84037
11 35 6.43318 10.5308
11 36 -12.9783 10.5233
11 37 -1.38356 -0.646476
11 38 10.6943 7.94504
11 39 1.42659 7.04785
11 40 2.70726 10.1636
11 41 8.58019 1.51151
11 42 2.64018 2.54116
11 43 5.40699 -1.6286
11 44 -3.19159 2.48121
11 45 -2.14815 1.97913
11 46 1.65771 0.125246
11 47 0.333209 1.22817
11 48 1.26376 0.0650289
11 49 0.763002 1.18185
11 50 -0.527044 0.137373
11 51 0.0986899 -0.339392
11 52 -1.55731 -0.15304
11 53 -0.526467 2.86565
11 54 -0.814876 -0.112778
11 55 0.280237 -0.854439
11 56 0.0115974 0.000236734
11 57 0.366245 -0.330761
11 59 -0.505425 -0.751121
11 60 0.830219 -0.0942455
11 61 -0.28647 0.133109
11 64 0.331818 0.405013
12 33 2.53551 21.8755
12 34 -5.60538 13.1526
12 35 -1.17324 8.31884
12 36 -5.87806 -4.10839
12 37 6.00887 3.69111
12 38 5.13881 5.21347
12 39 14.3871 9.39687
12 40 -8.56735 -1.86419
12 41 4.32368 2.37099
12 42 14.6307 4.17566
12 43 -1.00676 6.46835
12 44 -0.415224 2.9451
12 45 -2.32 0.498724
12 46 0.370397 1.80472
12 47 1.54321 0.121291
12 48 1.01811 0.358301
12 49 -0.752238 0.874141
12 50 -0.304687 0.337243
12 51 0.634902 -0.937266
12 52 0.434534 -0.420041
12 53 1.54032 0.168478
12 54 -1.00753 -0.236708
12 55 0.0737564 0.0567784
12 56 0.00302561 0.0123187
12 57 -1.01199 -0.157608
12 59 0.689457 0.11855
12 60 -0.276239 0.582086
12 61 0.000617498 -0.000201999
12 66 -0.109172 0.10013
13 33 0.433886 14.9369
13 34 -2.97409 0.296402
13 35 9.30395 8.21591
13 36 8.35724 13.8501
13 37 12.1434 2.04375
13 38 6.54349 8.82407
13 39 10.1194 3.3328
13 40 8.57716 5.34595
13 41 6.40058 5.92223
13 42 10.3774 -1.74012
13 43 3.01003 7.76704
13 44 -1.70627 1.03519
13 45 -2.11968 -1.27466
13 46 4.58084 -0.145659
13 47 1.80102 1.61062
13 48 0.275504 -1.03137
13 49 2.61901 -0.985986
13 50 -0.38392 0.393785
13 51 0.31669 -0.439563
13 52 0.283595 -0.913268
13 53 0.427276 0.199796
13 54 -0.0841035 0.393093
13 55 0.225923 -0.230327
13 56 0.119539 0.156378
13 57 0.322261 -0.35079
13 58 0.0193581 0.00575214
13 59 1.11282 0.494304
13 60 0.870134 0.1528
13 62 -0.317995 -0.32084
13 63 -0.0724459 -0.0448793
14 33 2.2389 13.7388
14 34 -2.64249 2.04122
14 35 -4.0885 7.97189
14 36 8.07247 1.39432
14 37 -5.22021 9.04815
14 38 -2.08826 8.26092
14 39 18.6127 8.21155
14 40 5.07572 10.6736
14 41 7.39038 8.18437
14 42 -3.15129 1.24464
14 43 11.0461 5.30577
14 44 -2.81245 1.15193
14 45 0.608145 -0.0353585
14 46 -0.918615 -0.367515
14 47 2.63131 1.13949
14 48 -1.79222 -1.11603
14 49 0.204341 0.580915
14 50 -0.342487 1.0047
14 51 -0.395017 -0.12782
14 52 -0.170187 -0.604696
14 53 1.22107 -0.163118
14 54 -2.09756 0.651286
14 55 0.0224412 -0.0558344
14 56 0.00862902 0.0092803
14 57 0.00798217 -0.0138744
14 58 0.120438 0.0357708
14 60 0.103816 -0.137686
14 62 0.82087 -0.237332
14 66 0.460022 0.215152
15 33 -0.339957 9.13298
15 34 4.21954 3.97304
15 35 12.9837 7.70006
15 36 5.98694 -0.353979
15 37 5.69607 9.31082
15 38 5.19287 8.62823
15 39 15.3363 6.90252
15 40 3.3852 1.49078
15 41 10.137 3.02342
15 42 5.6846 3.12549
15 43 8.74526 2.24718
15 44 0.0421688 7.25499
15 45 1.69027 2.52086
15 46 4.24475 -1.04165
15 47 4.9259 3.70863
15 48 3.61044 -0.106051
15 49 -0.177356 0.0463647
15 50 0.0429746 0.304861
15 51 1.13878 1.1779
15 52 -0.140461 -0.0682934
15 53 -1.43852 2.00393
15 55 1.04333 -0.711592
15 56 0.0442309 0.38843
15 57 0.0077938 0.0102716
15 58 -0.653724 0.64472
15 59 0.660814 0.207897
15 60 0.704037 0.134113
15 62 -0.0744295 -0.0317824
15 66 -0.214539 -0.366647
16 33 4.982 6.39441
16 34 4.20092 7.73452
16 35 -0.607685 1.46095
16 36 -1.37034 -1.88551
16 37 3.11396 3.91955
16 38 3.46888 4.82472
16 39 3.29368 6.32803
16 40 3.80887 3.6918
16 41 5.87739 -1.88027
16 42 0.522472 2.08893
16 43 6.28401 -0.355172
16 44 1.75132 5.00317
16 45 -5.2394 1.51682
16 46 2.5142 1.0449
16 47 -0.609771 2.14869
16 48 -0.645624 0.523348
16 49 0.794379 -0.55328
16 50 -0.229698 -2.29501
16 51 -1.62367 0.484918
16 52 0.479572 -0.0348073
16 53 -0.590165 -0.507942
16 54 0.0590529 0.270694
16 55 0.17834 -0.0471771
16 57 -0.0701381 0.396415
16 58 -1.45169 1.07933
16 59 0.309695 0.108938
16 60 0.0354211 0.00855802
16 61 -0.942854 -0.188827
16 63 -2.00149 -0.284384
16 65 -0.0826415 -1.0805
17 33 1.02805 5.95795
17 34 6.30557 2.67572
17 35 11.6214 3.69943
17 36 1.00839 3.14067
17 37 6.16625 -7.29148
17 38 5.65437 4.98125
17 39 7.62725 0.471843
17 40 4.01367 0.564741
17 41 2.32089 3.98787
17 42 6.67794 0.531217
17 43 9.0962 -3.98855
17 44 0.97737 5.01343
17 45 -0.406885 3.60621
17 46 1.3113 -0.680527
17 47 0.711839 -0.348608
17 48 1.0608 1.3555
17 49 -0.286784 -0.52463
17 50 0.0275426 -0.0774018
17 51 -0.616143 -0.787898
17 52 -0.246896 0.0492419
17 53 0.637711 -0.781979
17 54 0.238855 0.143535
17 55 -1.16372 0.843255
17 56 0.0633708 0.0583425
17 57 -0.0165119 0.110815
17 58 -0.82114 0.887061
17 59 -0.142892 0.46439
17 60 0.120822 -0.108151
17 61 0.252313 0.253538
17 62 0.527513 -0.754918
17 63 0.0300543 0.0300688
18 33 1.4348 3.89076
18 34 8.00292 4.46813
18 35 16.2535 -1.30223
18 36 6.48639 7.1915
18 37 5.97191 0.609899
18 38 6.461 -4.47282
18 39 13.3823 -1.47316
18 40 8.46157 -2.07143
18 41 9.07005 3.46435
18 42 2.17442 2.53208
18 43 1.67903 3.84213
18 44 3.31835 0.603465
18 45 -3.14104 3.47437
18 46 2.11503 0.45479
18 47 0.0208487 0.130721
18 48 -1.26745 2.57878
18 49 -1.55962 1.03335
18 50 1.58596 0.274639
18 51 -0.0269162 0.921342
18 52 0.0345022 -0.211145
18 53 0.0334479 -0.564348
18 54 -0.20328 0.595572
18 55 0.0535647 0.0122374
18 56 0.220935 0.115689
18 58 0.491302 0.162547
18 59 0.00135836 -0.000288773
18 60 -0.12094 0.275135
18 61 0.618649 0.575488
18 62 0.402817 0.287971
18 65 0.444581 -0.268902
19 33 1.14929 -3.669
19 34 3.93496 -1.08114
19 35 11.3346 -0.872663
19 36 10.4527 8.1446
19 37 7.67721 -3.98581
19 38 2.42421 8.04723
19 39 1.36789 0.647634
19 40 6.6533 5.71812
19 41 7.13683 -3.46606
19 42 -0.933457 5.30588
19 43 -2.57959 -1.00187
19 44 0.777083 -0.977037
19 45 1.11289 -0.0191309
19 46 1.11163 0.822733
19 47 3.45989 1.38123
19 48 -1.11382 0.552139
19 49 1.7485 -0.191475
19 50 2.41112 -0.673476
19 51 -1.55733 1.63032
19 52 -1.38255 -0.0601422
19 53 1.33795 0.42971
19 54 0.712691 -1.53599
19 55 -0.534889 0.62292
19 56 -0.194628 0.467949
19 57 0.878529 -0.0997614
19 58 1.21915 0.349095
19 60 -0.182604 -0.0647538
19 65 -0.00502486 -0.192677
20 33 5.84566 -6.56235
20 34 4.9431 -0.197455
20 35 10.5542 1.19341
20 36 -4.05528 -1.9057
20 37 4.67548 -0.851432
20 38 1.05899 3.58116
20 39 6.93739 -0.804411
20 40 10.6249 0.18862
20 41 14.5551 4.94946
20 42 -1.89767 5.13298
20 43 -1.90606 -0.752665
20 44 4.57484 -1.39593
20 45 3.87449 2.54183
20 46 1.98348 -0.071992
20 47 0.673457 -0.189331
20 48 -0.366953 2.41987
20 49 -3.50567 0.589484
20 50 -1.89328 -0.139505
20 51 -1.314 1.21632
20 52 -2.14376 0.677086
20 53 -1.79858 -0.248093
20 54 0.491144 -0.0658352
20 55 1.71305 -0.580961
20 56 -0.626209 -0.0100267
20 57 -0.0892761 0.707486
20 58 -0.424449 1.75077
20 60 -0.626685 0.595242
20 64 -0.564307 0.39711
20 65 -0.0809206 0.0271497
20 66 -0.0110939 0.00908729
21 33 5.39015 -0.831236
21 34 0.87668 2.65287
21 35 7.0616 -1.46888
21 36 6.23417 1.63675
21 37 4.28888 -5.53237
21 38 8.5566 -1.07205
21 39 9.33188 0.619364
21 40 3.62062 2.42839
21 41 -2.48079 -3.10964
21 42 -0.398826 -0.0694156
21 43 7.96333 1.42493
21 44 3.18679 -2.31473
21 45 0.951632 1.24425
21 46 1.43816 1.5256
21 47 -1.88085 0.404756
21 48 -2.95702 0.820306
21 49 -2.85325 0.180981
21 50 -0.737137 1.14324
21 51 -3.57469 -0.197349
21 52 1.73976 -0.356218
21 53 0.0185861 -0.0608305
21 54 0.666462 0.218921
21 55 0.77373 -0.0132928
21 56 -0.0814286 0.478124
21 57 -0.442858 0.426282
21 58 1.40394 0.111608
21 59 0.671584 0.955372
21 61 -0.159528 0.0479848
21 62 0.193818 0.534302
21 63 -0.6225 0.68985
21 65 -0.735903 0.128491
21 66 -0.0979428 0.126682
22 33 2.94261 1.52293
22 34 7.9422 3.64073
22 35 0.706666 0.156212
22 36 5.87721 1.17108
22 37 7.7475 7.10724
22 38 5.16967 2.62467
22 39 10.3162 -2.2755
22 40 0.830959 0.43979
22 41 3.03367 5.0477
22 42 3.5558 -1.20065
22 43 6.76965 -0.361208
22 44 -0.439482 1.70647
22 45 2.81118 0.286089
22 46 1.41169 1.9848
22 47 2.24446 1.80846
22 48 -0.251975 0.578555
22 49 2.56501 0.453375
22 50 0.431168 0.726581
22 51 0.562418 -0.054184
22 52 0.382171 -0.23422
22 53 -0.343982 0.48624
22 54 0.190894 2.08609
22 55 -0.465684 -0.0071889
22 56 -1.39301 1.06768
22 57 0.473528 0.61694
22 58 0.994738 -1.28566
22 60 0.258609 1.60397
22 61 0.0941833 -0.0411873
22 62 0.0886563 -0.184686
22 64 -0.21882 -0.117532
23 33 1.51247 -0.481598
23 34 7.8718 -1.61339
23 35 4.49807 1.66764
23 36 4.42332 0.225502
23 37 1.84931 0.353484
23 38 6.70057 -6.5546
23 39 6.84593 4.79006
23 40 6.25972 -2.50029
23 41 7.23644 -0.0715598
23 42 -0.247856 5.55304
23 43 -1.85685 4.57721
23 44 3.45811 -2.24434
23 45 5.34868 -1.78866
23 46 0.408208 2.08844
23 47 1.99169 1.25486
23 48 1.27042 1.49939
23 49 -0.5988 0.0776427
23 50 2.00023 0.733033
23 51 0.95734 -0.243728
23 52 1.19566 0.606886
23 53 -1.09211 0.997758
23 54 -0.23787 0.0865535
23 55 0.478645 1.2623
23 56 -0.075998 0.599004
23 57 -0.610479 -0.343318
23 58 0.0605283 0.0392076
23 59 0.718563 0.711704
23 60 -1.78934 0.262618
23 61 -1.15679 1.94446
23 62 0.0793949 0.376657
24 33 2.09586 -0.992624
24 34 5.09376 -2.45545
24 35 -0.161695 1.98881
24 36 2.56248 -5.3877
24 37 7.22653 -1.54294
24 38 -5.39313 -3.74123
24 39 6.37854 -2.64122
24 40 -2.55083 -0.728704
24 41 -0.579776 -1.07655
24 42 5.20044 1.19321
24 43 4.01104 3.00845
24 44 3.24766 1.98496
24 45 1.1333 3.99117
24 46 3.56291 1.79751
24 47 5.40934 -0.160299
24 48 0.409932 -0.427183
24 49 0.709775 0.0643752
24 50 2.09032 0.791915
24 51 -2.61841 -0.0515038
24 52 -0.285324 -0.93671
24 53 0.189606 1.05587
24 54 1.28777 -0.657808
24 55 -2.67019 -0.860258
24 56 1.34349 0.438781
24 58 0.0550531 -0.0947554
24 59 0.152148 1.26744
24 60 0.562545 -0.378703
24 61 0.358814 -0.0912052
24 62 -0.867664 -0.236398
24 66 -0.208039 0.134783
25 33 4.16227 -0.647316
25 34 10.2055 0.962537
25 35 5.01167 -3.93599
25 36 7.45985 2.73353
25 37 4.87394 0.335109
25 38 5.73755 4.57592
25 39 7.39646 -3.24962
25 40 4.27344 1.58029
25 41 4.13266 -2.92469
25 42 2.85181 3.11056
25 43 2.75757 -3.66927
25 44 5.23886 0.0535351
25 45 5.07945 -0.13379
25 46 -1.70512 2.43233
25 47 1.36026 3.9406
25 48 -0.333418 1.11834
25 49 0.579999 0.719939
25 50 1.67021 -0.740258
25 51 1.82679 0.269216
25 52 -3.07044 -0.213291
25 53 2.11763 1.3798
25 54 -0.5006 0.28531
25 55 -0.581538 -0.188459
25 56 1.02217 0.0735594
25 57 0.385341 -0.726399
25 58 -0.222779 -0.119344
25 59 -1.03063 -0.76114
25 60 0.135687 -0.0367983
25 61 -0.307366 -0.0358388
25 62 -0.254885 -0.299307
25 64 1.54524 0.0951815
25 65 0.718962 0.297991
26 33 -0.549383 -1.18825
26 34 1.35249 -0.0919016
26 35 4.17409 1.65989
26 36 0.399038 -3.42036
26 37 11.738 -1.73956
26 38 12.5435 0.850142
26 39 -0.831494 -0.449831
26 40 6.97358 2.68802
26 41 6.06788 2.59382
26 42 -0.501427 4.00081
26 43 2.96988 2.27768
26 44 2.52917 2.9788
26 45 -1.9745 3.16577
26 46 -3.63029 -1.4634
26 47 -0.828797 -0.340571
26 48 -1.86311 -0.666897
26 49 -0.659905 -0.106423
26 50 -0.613248 2.76776
26 51 0.746088 -0.0196357
26 52 0.105734 -0.219057
26 53 -1.05367 0.00639605
26 54 -1.60255 0.204175
26 55 1.00656 0.085378
26 56 -1.0346 0.0518029
26 57 1.41093 0.897796
26 58 -0.544898 -0.710755
26 60 0.0195136 0.00737213
26 62 -0.132168 0.00664064
26 64 -0.390173 -0.181131
26 65 -0.0711447 0.164567
26 66 -0.327737 -0.178926
27 33 3.76541 -2.23364
27 34 4.07044 -0.638086
27 35 4.91374 0.677999
27 36 9.83021 -4.24595
27 37 2.62097 -2.08752
27 38 4.24602 2.30013
27 39 9.37748 -4.72283
27 40 3.63791 -1.09712
27 41 0.966981 -1.31081
27 42 4.57415 -2.02749
27 43 6.54642 1.00866
27 44 1.41384 0.268323
27 45 6.39927 3.50834
27 46 2.39615 1.97112
27 47 -0.0162954 1.14009
27 48 0.388528 0.975044
27 49 -2.03928 -1.49782
27 50 -0.303734 -1.11879
27 51 0.270664 -0.0929241
27 52 -0.00131384 0.310222
27 53 -1.41959 0.616647
27 54 -1.55744 -1.67573
27 55 0.637196 0.0390659
27 56 0.0849827 0.023185
27 57 1.40779 0.601855
27 58 -0.180018 -0.174093
27 59 0.324817 0.5152
27 61 0.226064 0.374287
27 62 0.583977 0.45306
27 63 0.138792 0.453395
27 65 0.76147 0.0372969
28 33 2.25398 0.332537
28 34 -1.66442 -2.48045
28 35 -0.290174 1.67855
28 36 11.1545 -3.31433
28 37 -1.58635 -3.96872
28 38 8.85869 1.18203
28 39 2.76002 0.270263
28 40 3.5062 -2.95305
28 41 4.75462 4.50798
28 42 4.58542 0.611132
28 43 -3.48441 0.474778
28 44 1.55083 2.17906
28 45 2.57192 3.52984
28 46 3.16922 0.321181
28 47 6.50756 1.7138
28 48 1.52428 -1.26939
28 49 -2.9791 -1.21331
28 50 2.19642 2.92383
28 51 -1.97912 0.0134256
28 52 -0.731417 0.189533
28 53 -0.180581 0.329666
28 54 0.88424 0.854348
28 55 1.3772 -1.33096
28 56 -0.175757 0.383969
28 57 0.916969 0.105858
28 58 0.11616 0.288523
28 59 0.563829 0.450375
28 60 0.350566 -0.0530402
28 61 -0.0947993 -0.117416
28 62 -0.290919 0.243438
28 63 -0.0193329 -0.017637
28 64 -0.171974 0.93016
28 65 0.0457128 0.0053321
29 33 0.489353 -1.85285
29 34 0.9189 -0.770843
29 35 4.06466 2.48413
29 36 -0.991673 -2.26781
29 37 -0.277314 0.635347
29 38 5.04323 2.57867
29 39 9.0886 1.36068
29 40 0.462735 -1.66581
29 41 3.93546 -0.161136
29 42 9.22864 3.34405
29 43 2.59936 1.8548
29 44 0.60822 7.31907
29 45 -0.455907 0.851955
29 46 5.54754 2.23791
29 47 -1.43253 1.88934
29 48 -3.07076 1.87687
29 49 1.09724 -0.724303
29 50 0.962812 0.159741
29 51 0.878828 0.381459
29 52 -0.268855 0.363047
29 53 -1.7744 -0.735801
29 54 2.28282 0.28088
29 55 -0.375412 0.676457
29 56 -0.22456 0.173007
29 57 -1.31019 1.51426
29 58 -0.0471318 -0.22948
29 59 0.46765 0.689832
29 60 0.289304 -0.31766
29 62 0.574174 -0.916522
29 63 0.0618405 0.113701
29 64 0.225813 0.0391514
29 65 -0.273083 0.119598
30 33 1.81003 -2.88769
30 34 0.665794 -0.861784
30 35 3.75488 1.10495
30 36 1.55083 -0.00861486
30 37 4.02979 -0.0815917
30 38 11.8841 1.01468
30 39 6.9534 1.98988
30 40 7.3139 1.0009
30 41 8.72446 -1.03218
30 42 1.7264 -0.704352
30 43 5.64332 5.76948
30 44 0.545961 0.493321
30 45 3.40133 -0.471469
30 46 3.11781 1.64154
30 47 -2.9658 1.76968
30 48 1.45264 0.547924
30 49 -0.433886 -0.536993
30 50 0.946985 0.034354
30 51 1.90567 -0.394393
30 52 -0.656486 0.28045
30 53 0.766561 -0.0320093
30 54 1.68097 0.107664
30 55 -0.0112225 -0.138084
30 56 -0.0494743 0.0615422
30 58 -1.14233 0.582297
30 59 -0.319103 0.221596
30 60 -0.373416 0.1596
30 62 1.8034 0.275999
30 63 0.399638 -0.00539863
31 33 0.327246 -0.0358525
31 34 6.71313 -4.21794
31 35 4.98545 2.49421
31 36 1.05141 -0.922141
31 37 0.685283 0.744052
31 38 2.03429 -4.5224
31 39 -4.59655 -6.69594
31 40 1.0263 2.1199
31 41 9.56257 -1.48303
31 42 0.853731 -0.548615
31 43 1.52212 4.43661
31 44 3.76148 1.1239
31 45 2.27616 -1.35431
31 46 -3.15421 -1.84077
31 47 -3.40707 2.40758
31 48 1.97133 2.19302
31 49 -3.67003 1.02494
31 50 0.629396 -0.192641
31 51 2.3192 -1.12245
31 52 2.45124 1.4824
31 53 0.296001 -0.627009
31 54 1.11039 -0.270202
31 55 0.741838 -1.07662
31 56 -1.11553 -0.515248
31 58 0.0597065 0.00105547
31 59 -0.348342 0.138783
31 60 -0.318466 0.73396
31 61 -0.471539 -0.190011
31 64 -0.0479862 -0.0766838
32 33 -1.17548 -1.48233
32 34 7.28482 1.80607
32 35 5.65305 -1.62108
32 36 13.4146 -0.556844
32 37 6.43228 -1.66547
32 38 7.81942 -0.13113
32 39 11.7319 2.38624
32 40 4.57804 -3.53756
32 41 8.01726 2.64263
32 42 -2.68015 2.69923
32 43 -1.63502 -1.84231
32 44 1.75006 3.5048
32 45 4.80888 3.59076
32 46 2.93036 3.7291
32 47 3.07082 1.91242
32 48 -0.518786 1.47011
32 49 0.852384 1.73942
32 50 -1.13085 -0.303101
32 51 1.63006 1.30443
32 52 2.61782 0.192948
32 53 -3.39809 0.172779
32 54 -0.822494 0.548121
32 55 0.0486999 0.534732
32 56 1.24895 1.4015
32 57 -0.0185287 0.146875
32 58 -0.352104 0.0540067
32 59 -0.77628 0.434237
32 60 -0.0113994 -0.21819
32 61 -1.00974 0.111749
32 62 0.011268 0.00440468
32 63 0.17544 0.112325
32 66 0.0864851 -0.512029
33 33 1.38354 -1.41481
33 34 5.00712 -2.22606
33 35 3.31249 -1.57846
33 36 6.44537 -1.20242
33 37 5.91773 -2.70981
33 38 3.63164 -2.53923
33 39 8.49914 -0.980931
33 40 6.0633 2.24133
33 41 3.40572 -1.37581
33 42 6.96792 -4.77663
33 43 1.65208 0.933638
33 44 -0.532847 -2.6368
33 45 0.176287 -0.845616
33 46 -2.27637 1.96879
33 47 0.098634 0.00610694
33 48 1.40067 0.315122
33 49 1.37024 0.171337
33 50 1.81017 2.70851
33 51 -1.42448 0.965453
33 52 0.807813 -0.103964
33 53 -0.276473 0.261963
33 54 0.901169 -0.66344
33 55 -0.99313 1.21475
33 56 -0.0759139 -0.0955294
33 57 -0.0540857 0.0469226
33 58 0.53497 0.346067
33 59 0.684024 -0.210148
33 60 0.374109 2.18155
33 62 0.134728 0.088398
33 63 0.257896 -0.0197528
33 64 -0.012294 -0.0245561
34 33 3.06301 -1.1259
34 34 2.91134 1.01988
34 35 5.21356 0.638367
34 36 7.09191 -3.52631
34 37 4.53204 3.08968
34 38 3.81516 -1.61627
34 39 8.34573 1.17561
34 40 4.17611 -1.18903
34 41 4.14049 -1.34638
34 42 3.04321 -0.738933
34 43 5.89611 2.00069
34 44 -2.44924 0.904739
34 45 4.3613 1.19416
34 46 0.0883954 1.79578
34 47 3.21821 1.03563
34 48 -2.50447 1.77061
34 49 1.62094 0.88191
34 50 2.11113 -0.431272
34 51 0.500509 0.755754
34 52 1.99382 -0.649446
34 53 0.413543 0.383227
34 54 0.386151 -0.481196
34 55 0.361064 0.607466
34 56 0.262154 1.08764
34 57 0.863805 1.83393
34 58 -0.502949 -1.04681
34 59 -1.37674 -0.0291858
34 60 1.20782 -0.207132
34 61 -0.700069 -0.141655
34 62 1.07209 0.12828
34 63 -1.04483 -0.600661
34 64 0.432122 -1.61641
34 66 0.0146994 -0.116328
35 33 2.14597 -1.45452
35 34 7.81317 -3.90902
35 35 -4.51651 -5.01171
35 36 6.26872 9.80517
35 37 4.88372 2.48146
35 38 3.53989 1.97315
35 39 2.16152 -2.36513
35 40 2.22981 -0.601372
35 41 6.11533 6.69858
35 42 1.2227 0.384132
35 43 5.33642 3.73832
35 44 -1.21451 -0.326769
35 45 3.0681 -1.37085
35 46 0.835074 -1.28297
35 47 1.83884 1.26582
35 48 -1.33209 -0.503574
35 49 1.43635 0.416257
35 50 -0.383182 2.16825
35 51 0.573537 -0.809757
35 52 -2.72253 -0.493601
35 53 1.99803 -0.25153
35 54 1.67624 0.46535
35 55 -1.06631 2.04209
35 56 -0.0178756 -0.0918022
35 57 -0.720326 -1.74833
35 58 0.0997414 0.207524
35 59 -0.035286 -0.122684
35 60 1.61587 0.599272
35 61 -0.725095 -0.488034
35 64 0.131842 -0.198147
35 65 -0.13816 0.029044
35 66 -0.194147 0.0954862
36 33 -0.391493 1.74099
36 34 4.4467 1.81583
36 35 7.1737 -2.58908
36 36 3.21945 0.74148
36 37 9.27103 3.53797
36 38 9.41449 -3.15568
36 39 -0.754478 -2.01105
36 40 4.54756 -2.11638
36 41 9.00967 -3.89651
36 42 0.669418 0.389379
36 43 6.87243 3.91729
36 44 -2.68677 -0.912499
36 45 0.126999 0.741504
36 46 0.931382 -1.0936
36 47 0.398005 0.810681
36 48 -1.16077 0.863843
36 49 1.91706 1.43265
36 50 1.03631 -0.285328
36 51 -1.96865 -0.323297
36 52 1.52345 0.712822
36 53 0.147011 -0.865816
36 54 0.398764 -1.00214
36 55 -1.0876 0.631513
36 56 -0.138638 -0.10859
36 57 -0.0243844 -0.0462534
36 58 -0.346413 -0.541689
36 59 0.250038 -0.218149
36 60 0.237579 0.384443
36 61 1.92312 -0.182813
36 62 0.493773 -0.457929
36 63 -0.12431 0.0310978
36 64 -0.937598 -0.502773
36 65 1.56794 0.568672
36 66 -0.113209 0.0349887
37 33 3.99472 -0.951409
37 34 3.32308 -2.40646
37 35 6.48423 1.24689
37 36 5.83108 -1.77758
37 37 3.20432 1.62551
37 38 3.23629 1.33043
37 39 -2.65127 -0.309802
37 40 -4.6245 -3.17954
37 41 0.429232 -3.08779
37 42 4.77795 2.88957
37 43 5.23203 3.15447
37 44 4.86009 -0.114134
37 45 4.91525 -0.344282
37 46 -2.5026 0.845598
37 47 -3.07506 2.25096
37 48 0.0127922 0.631966
37 49 -0.545884 1.11876
37 50 2.00364 1.63989
37 51 0.858602 -0.41775
37 52 1.03303 -0.0578936
37 53 0.389664 0.378041
37 54 1.97146 0.000274504
37 55 -0.445335 0.13262
37 56 -0.327591 0.0896021
37 57 -0.0723544 -0.020193
37 58 0.764872 0.397142
37 59 1.40091 0.249742
37 60 0.242306 0.0043115
37 61 -0.113338 1.04529
37 62 1.3608 -0.183667
37 63 0.179669 0.285247
37 65 -0.746495 -0.138559
37 66 0.242897 -0.0565997
38 33 3.08407 -0.526757
38 34 1.23398 2.8231
38 35 11.6868 -1.52216
38 36 0.868385 -3.5283
38 37 0.926069 -1.08108
38 38 6.91192 -4.99343
38 39 7.67099 -2.73723
38 40 7.91437 4.79161
38 41 1.69419 -5.27542
38 42 -0.74847 3.47612
38 43 1.23704 -4.09477
38 44 -1.97902 -5.68673
38 45 -2.51703 3.08238
38 46 3.90411 -0.205714
38 47 1.38299 0.757823
38 48 -2.98304 -0.428914
38 49 0.134514 1.36687
38 50 1.10716 -0.0905691
38 51 0.546477 -0.50328
38 52 -0.646976 0.2621
38 53 0.194884 -0.474903
38 54 -0.17217 0.66652
38 55 0.396342 -0.428367
38 56 0.168045 0.0636396
38 57 0.488426 1.57437
38 58 -0.170455 0.118424
38 59 0.75664 -0.339921
38 60 0.394121 0.0271025
38 61 0.0103334 0.0749021
38 62 0.0835126 -0.0771516
38 63 -0.551144 -0.324779
38 64 -0.766743 -0.0800793
39 33 1.87081 -3.34609
39 34 2.76646 -1.18741
39 35 5.04791 -5.09173
39 36 2.11767 -2.07367
39 37 2.69199 -0.912431
39 38 6.97165 2.31537
39 39 2.59206 -1.48894
39 40 0.50659 -2.23568
39 41 4.59031 -2.10011
39 42 3.92167 2.6531
39 43 4.41248 5.2846
39 44 0.851069 5.22515
39 45 5.28003 -1.64685
39 46 2.01171 1.20976
39 47 0.224976 0.78321
39 48 1.48882 0.721818
39 49 1.2286 0.639728
39 50 0.222283 0.742837
39 51 0.013002 -0.0101928
39 52 0.752417 -0.0149863
39 53 -0.284273 -0.765565
39 54 -0.228337 -0.202734
39 55 1.95862 -0.607987
39 56 -1.59831 -1.05232
39 57 -0.540221 0.180129
39 58 0.0104201 -0.423989
39 59 -0.14604 0.0450485
39 60 0.0709382 0.0536134
39 61 -1.20423 -0.576475
39 62 0.147154 0.0996382
39 66 -0.812416 0.631264
40 33 0.654032 -0.600172
40 34 1.70256 -1.73866
40 35 4.65184 3.24863
40 36 9.90636 1.65697
40 37 -0.75874 1.32192
40 38 9.08602 -5.49919
40 39 2.59361 -0.160769
40 40 8.65585 -2.48839
40 41 6.12686 -1.31866
40 42 4.83724 0.598809
40 43 1.42694 1.37074
40 44 1.39947 0.30728
40 45 2.03693 1.36733
40 46 -0.0676695 -0.630014
40 47 1.78633 0.794888
40 48 2.18051 -0.529448
40 49 1.86937 -0.0028462
40 50 -1.17624 -0.858842
40 51 -3.27189 -0.617717
40 52 0.073022 0.872413
40 53 0.0154723 0.264712
40 54 2.62329 -1.47144
40 56 -0.938385 0.559688
40 57 -0.189957 0.414317
40 58 -0.302859 -0.693315
40 59 0.547243 -0.587057
40 60 0.00333336 -0.00110085
40 62 0.915887 0.0844446
40 64 0.763671 -0.649953
40 65 -0.0511889 -0.0664753
41 33 -0.092309 0.913326
41 34 6.81682 1.76011
41 35 4.64429 -0.690384
41 36 5.36371 3.21304
41 37 5.81477 1.90206
41 38 2.30311 2.90662
41 39 2.11542 6.95302
41 40 1.03901 -0.788584
41 41 -2.14836 -0.467981
41 42 1.34335 -1.40053
41 43 -1.58784 -0.37132
41 44 0.814555 0.639447
41 45 3.85848 4.12131
41 46 -0.151885 0.196907
41 47 -2.31072 -2.8806
41 48 1.15196 -0.225888
41 49 -0.785947 0.321899
41 50 -1.70943 1.32221
41 51 -3.61914 1.82714
41 52 -2.94054 0.298995
41 53 -0.270017 2.68768
41 54 -0.359593 1.76268
41 55 0.627828 0.502428
41 56 -0.0297814 0.1025
41 57 -0.478142 1.17295
41 58 -0.382992 0.748894
41 59 1.10663 1.75941
41 60 -0.187468 0.00935023
41 61 -0.766006 0.549944
41 62 -0.302039 0.431301
41 63 0.0326451 0.0186813
41 64 0.03297 -0.164253
41 65 0.0382963 -0.0273622
41 66 0.0526032 -0.0723157
42 33 3.61577 -3.72414
42 34 -3.61549 1.67922
42 35 0.23388 -2.5582
42 36 0.587314 -2.73922
42 37 1.38165 -0.948324
42 38 2.97565 0.237551
42 39 11.2271 3.04018
42 40 1.89012 -1.75546
42 41 5.06418 1.21871
42 42 5.41522 2.02822
42 43 5.02657 0.0766389
42 44 2.71673 -1.01921
42 45 3.28298 -1.16732
42 46 3.14321 1.33159
42 47 2.51017 2.81298
42 48 0.264924 0.87902
42 49 1.66843 -0.415761
42 50 0.291616 0.324396
42 51 -2.51534 1.88755
42 52 1.65508 -0.379305
42 53 0.0817044 1.50724
42 54 -0.125258 -0.222761
42 55 -0.0106375 0.0112526
42 56 0.844855 1.01866
42 57 -0.553978 -0.603883
42 58 0.0156002 0.0195735
42 59 -0.443495 -0.187395
42 60 -0.207565 0.091338
42 61 -0.713824 0.43968
42 62 0.184192 -0.146723
42 63 -1.11367 -0.965469
42 64 -0.235358 -0.00986331
42 65 -0.946544 -0.0856839
42 66 -0.124391 0.0297753
43 33 3.6586 -1.59243
43 34 0.00212831 2.66362
43 35 9.42595 -2.87809
43 36 4.23882 -1.20352
43 37 2.39084 0.885233
43 38 3.65107 0.789504
43 39 -3.7882 1.71997
43 40 2.56029 2.59069
43 41 2.74437 2.47828
43 42 6.46717 2.1529
43 43 3.90096 1.22527
43 44 1.35486 1.53643
43 45 -2.36078 4.48486
43 46 1.11189 -1.01825
43 47 3.59432 2.43702
43 48 -1.11989 0.843234
43 49 1.57507 -1.9127
43 50 1.34607 0.222226
43 51 0.886106 0.0430524
43 52 0.897126 0.537342
43 53 0.304798 -0.84703
43 54 -1.52808 -0.527588
43 55 1.32705 0.00464826
43 56 -0.777584 0.156515
43 57 0.717831 -0.0158005
43 58 -0.745009 0.00102855
43 59 0.100463 0.0093009
43 60 0.914179 0.396715
43 61 0.322745 0.67362
43 62 -0.434095 -1.22791
43 63 -0.32365 0.185146
43 64 1.15336 1.31439
43 65 0.179897 0.101077
44 33 0.988907 -0.311382
44 34 3.05356 -2.51616
44 35 0.849967 -0.324626
44 36 3.67667 3.31175
44 37 3.74016 -5.43599
44 38 3.42223 4.21217
44 39 -1.54699 3.39362
44 40 -2.80904 -2.36564
44 41 3.93108 4.07651
44 42 7.59278 2.59094
44 43 -0.919164 1.32739
44 44 -2.753 1.33308
44 45 -0.577895 0.949997
44 46 -0.627216 1.11356
44 47 2.5627 2.35486
44 48 1.26542 1.69657
44 49 -0.313614 -0.0194462
44 50 -0.152641 0.61335
44 51 1.68991 3.19925
44 52 1.59651 0.0693884
44 53 0.0327158 -0.116313
44 54 0.291789 0.112376
44 55 1.97491 -0.860405
44 56 0.1769 0.308394
44 57 -0.717677 0.686481
44 58 0.542062 0.123237
44 59 0.0652317 0.0074378
44 60 -0.206591 -0.0177411
44 61 0.059805 -0.196922
44 62 -0.26481 -0.029164
44 63 -0.309214 0.647965
44 64 -0.00561732 0.158117
44 65 0.0444006 0.0130903
44 66 0.186125 0.0770471
45 33 1.16851 -1.38822
45 34 1.58138 0.325322
45 35 5.03915 -1.05481
45 36 4.91396 0.788623
45 37 3.81109 -0.958022
45 38 1.22312 -1.90373
45 39 6.0143 4.23278
45 40 0.286564 2.26793
45 41 -0.994681 -1.6647
45 42 2.42835 0.917187
45 43 -1.9812 2.83525
45 44 2.1216 3.05028
45 45 -0.292647 0.95194
45 46 -2.34423 3.55197
45 47 1.58004 1.36068
45 48 0.901507 2.251
45 49 2.9707 -0.442008
45 50 1.76886 1.07584
45 51 0.561533 -0.609012
45 52 -0.354559 -0.31041
45 53 0.150557 0.842438
45 54 -0.192227 0.82718
45 55 0.774657 -0.991147
45 56 -1.17792 -0.912288
45 57 1.0656 0.188182
45 58 -0.767114 -0.701671
45 59 -0.853298 1.60011
45 60 -0.786245 0.164237
45 61 1.86888 -0.571435
45 62 -0.25547 -0.726952
45 63 -0.638519 1.33005
45 64 -0.102756 -0.115847
45 65 -1.21455 0.323831
46 33 3.14471 0.313676
46 34 -1.23213 1.24556
46 35 2.88261 1.89988
46 36 1.51043 -3.65791
46 37 5.65254 -5.59842
46 38 5.23345 -3.73569
46 39 2.17418 2.89777
46 40 0.0125144 2.57911
46 41 6.74434 -1.14293
46 42 4.23798 -2.62163
46 43 3.60688 -2.2654
46 44 -2.35231 4.02651
46 45 0.0678503 1.56411
46 46 2.23328 -1.62288
46 47 3.83761 -1.50902
46 48 1.20163 -0.149606
46 49 0.533231 -1.30002
46 50 1.71869 1.63422
46 51 -0.164383 0.47901
46 52 2.4447 0.146418
46 53 0.783982 1.85533
46 54 0.856545 1.4982
46 55 0.126403 -1.39528
46 56 -0.577984 1.46282
46 57 2.86761 2.95629
46 58 -0.173727 -0.890178
46 59 0.87341 0.463218
46 60 -1.15112 0.843485
46 61 0.161222 -0.05264
46 62 -0.129906 0.712831
46 63 1.86625 0.136036
46 64 -0.00784596 0.881984
46 65 0.779033 1.21345
46 66 -0.17288 -0.36101
47 33 2.77821 -1.75359
47 34 -2.02983 -2.21456
47 35 4.51191 -1.68156
47 36 8.73158 0.270192
47 37 6.54372 5.91669
47 38 2.83859 -1.79582
47 39 5.4321 0.347818
47 40 0.039659 3.52507
47 41 -3.26734 1.55136
47 42 4.71436 0.380471
47 43 3.07669 0.61683
47 44 6.46403 -1.85365
47 45 -1.30718 0.728574
47 46 -0.151383 -2.68481
47 47 0.602576 1.20526
47 48 1.79487 -0.387912
47 49 2.8253 0.313722
47 50 3.33365 1.52285
47 51 -0.321158 0.746841
47 52 0.950133 1.44866
47 53 -0.247328 -0.384405
47 54 0.922456 2.24641
47 55 0.443684 -1.05301
47 56 -1.0612 0.179463
47 57 1.60393 -0.687545
47 58 -1.05973 -0.622078
47 59 -0.599884 -0.715627
47 60 0.34594 -0.180006
47 61 0.207922 -0.131547
47 62 0.353708 0.27317
47 63 -0.472679 -0.0786871
47 64 0.373624 -0.169572
47 65 -0.567034 0.239251
47 66 -0.516653 -0.11449
48 33 1.81167 -0.61606
48 34 4.64136 -2.18538
48 35 -2.76555 3.77356
48 36 3.12606 -2.48404
48 37 3.89229 -1.76369
48 38 6.32849 -0.347964
48 39 4.97748 -1.09648
48 40 2.17218 -1.69831
48 41 2.3021 3.96203
48 42 3.39668 -2.65606
48 43 0.296891 1.69972
48 44 4.21259 2.57877
48 45 5.24139 1.87596
48 46 1.11361 1.9059
48 47 1.132 0.258887
48 48 2.05736 0.0676549
48 49 -0.424547 0.676351
48 50 -0.494767 0.597071
48 51 -1.94391 -1.45607
48 52 -0.845259 -0.526903
48 53 -0.310213 2.65312
48 54 0.471239 0.831212
48 55 -1.2342 0.158126
48 56 -0.265165 1.08306
48 57 0.863194 1.00177
48 58 -0.215576 0.177393
48 59 -0.799134 -1.11704
48 60 0.0639186 0.0370311
48 61 -0.761398 0.597699
48 62 -0.343202 -0.150121
48 63 -0.509773 -0.31281
48 64 -0.599297 -0.739918
48 65 0.189925 0.668341
48 66 -0.7737 0.299408
49 33 -0.643474 -1.29323
49 34 3.36581 -2.7676
49 35 2.62481 -0.91928
49 36 0.802602 0.433126
49 37 3.09225 2.37051
49 38 7.28885 1.8573
49 39 2.69972 3.77918
49 40 0.432859 3.9055
49 41 -0.643401 2.59136
49 42 8.15005 -2.49747
49 43 0.730956 0.903354
49 44 0.991193 -2.18358
49 45 -0.326273 -0.0720021
49 46 4.13997 1.90545
49 47 -0.592757 -0.412735
49 48 -0.748134 -0.139918
49 49 0.191734 0.919459
49 50 2.08722 -1.17992
49 51 0.468531 -0.937819
49 52 0.773524 -0.5202
49 53 0.398501 -0.323131
49 54 1.26448 0.618348
49 55 1.69096 -0.23526
49 56 -0.310562 -0.337976
49 57 -0.996374 1.02425
49 58 0.124575 0.151888
49 60 0.371342 0.693083
49 61 0.861515 0.122477
49 62 0.908023 -0.322125
49 63 -0.768848 -0.0444275
49 64 1.34738 -0.348975
49 65 0.108201 0.377524
49 66 -0.215082 -0.279528
50 33 1.17735 -0.313264
50 34 2.22172 -1.68284
50 35 5.78976 0.529197
50 36 -2.45967 5.66295
50 37 1.04326 -5.4338
50 38 2.27717 -0.175598
50 39 0.892413 -0.890382
50 40 4.61262 -2.20671
50 41 8.24997 -2.10847
50 42 1.30437 0.320401
50 43 1.34575 2.84334
50 44 -2.54393 1.49901
50 45 0.410849 2.9685
50 46 -1.88473 1.18764
50 47 -0.0347131 0.0106367
50 48 1.79061 1.17156
50 49 -0.809328 -1.06035
50 50 1.48455 -1.13644
50 51 -2.37179 -2.65271
50 52 -0.190692 0.606764
50 53 0.710112 0.993317
50 54 -0.422455 0.487929
50 55 0.850955 0.310796
50 56 -3.1263 1.00209
50 57 0.716231 0.754648
50 58 -0.349032 0.732549
50 60 -0.20141 -0.0385413
50 61 -1.33197 -0.846966
50 63 0.454583 0.283261
50 64 1.2185 -0.113031
50 65 -0.331509 -0.00565489
51 33 -0.926392 0.0957495
51 34 1.53712 1.01879
51 35 5.96367 0.208674
51 36 6.32078 -0.0836083
51 37 2.15023 -0.213289
51 38 2.88287 -0.844281
51 39 2.20802 -0.70428
51 40 -3.19093 3.61149
51 41 6.26348 -0.291937
51 42 1.71702 -0.402845
51 43 -0.277287 -2.17025
51 44 6.25192 0.571715
51 45 1.28105 3.1884
51 46 0.786587 1.69967
51 47 1.34161 -1.03141
51 48 0.0149692 1.08163
51 49 0.25619 -0.0890904
51 50 -0.0344127 1.33223
51 51 -0.412247 -0.253073
51 52 -0.00152523 0.760271
51 53 1.5477 -1.14221
51 54 -2.16051 1.24235
51 55 0.84049 -0.903312
51 56 0.286373 -0.0764978
51 57 -0.598773 0.114168
51 58 0.368626 -0.0631094
51 61 -0.383573 -0.130105
51 62 -0.787944 0.0967913
51 63 0.0769206 0.0223437
51 64 -0.133566 0.031192
51 65 0.161515 -0.19615
52 33 0.924331 -0.381194
52 34 2.75857 -0.740602
52 35 5.56153 3.1229
52 36 0.404327 -0.135081
52 37 -0.110796 -4.58769
52 38 1.76982 -0.203035
52 39 1.30503 -2.14438
52 40 2.65213 -0.79504
52 41 4.6853 3.84058
52 42 4.65064 -0.963033
52 43 5.85455 0.813808
52 44 1.18401 -0.361443
52 45 1.1453 -0.760342
52 46 3.22735 0.475719
52 47 3.21439 -1.28964
52 48 0.404836 -2.81082
52 49 -2.11885 1.47634
52 50 -0.352775 3.16
52 51 0.804614 1.13724
52 52 0.877719 -0.438208
52 53 0.0357658 0.376238
52 54 -0.30196 -0.608522
52 55 -1.60723 -0.183457
52 56 0.194223 0.591598
52 57 -0.196371 -0.0907824
52 58 -0.235043 0.00943389
52 59 0.0965175 0.241246
52 60 0.00268266 -0.00227259
52 61 0.139907 -0.456352
52 62 -0.0354813 0.0702804
52 63 0.00655559 -0.00792113
52 64 -1.44177 -0.0576595
53 33 6.03783 -1.2082
53 34 2.17789 -2.21151
53 35 3.4146 -0.668312
53 36 3.50868 0.132463
53 37 -4.40144 1.85695
53 38 0.613073 -0.45847
53 39 4.10972 3.48115
53 40 -0.0526725 -3.37754
53 41 3.04028 1.44472
53 42 2.57987 0.188129
53 43 -0.778687 1.11964
53 44 -1.00989 2.90348
53 45 1.72454 1.21839
53 46 0.663886 0.253087
53 47 2.48767 -0.855121
53 48 0.391755 0.327123
53 49 2.49193 1.07881
53 50 1.47927 3.87285
53 51 0.394777 0.881665
53 52 2.97299 0.477036
53 53 0.686993 0.272364
53 54 1.01736 0.362855
53 55 0.139695 -0.0977634
53 56 -0.512661 -0.420925
53 57 -1.83579 1.0445
53 58 0.606061 0.490784
53 59 -1.4081 -0.321825
53 60 0.159955 0.354581
53 61 -0.354389 1.63617
53 62 1.35731 1.05882
53 65 0.186746 0.305409
54 33 1.54816 -0.594534
54 34 4.12435 -0.61104
54 35 -1.93973 1.25074
54 36 4.89324 -0.793005
54 37 0.49728 0.445395
54 38 -1.00922 2.19045
54 39 6.82563 -0.816232
54 40 0.304887 1.71461
54 41 0.771142 -0.171465
54 42 2.1324 -0.0934641
54 43 -0.924321 0.755894
54 44 2.06213 0.352494
54 45 1.18591 2.10925
54 46 2.43702 -0.132793
54 47 1.45036 2.00063
54 48 0.30119 -1.82889
54 49 1.02813 2.03577
54 50 -1.1255 0.11804
54 51 -1.41889 -1.19162
54 52 1.30149 -0.497746
54 53 -0.615449 0.541666
54 54 -0.143823 0.759827
54 55 0.487341 -0.281932
54 56 -0.283682 0.229239
54 57 2.014 1.47138
54 58 1.37236 0.660365
54 59 0.000699891 0.00101836
54 60 0.0517385 -0.0172397
54 61 -0.0545856 1.88688
54 62 0.712023 -0.113189
54 63 0.354981 0.116509
54 64 0.0910248 0.113227
54 65 1.10834 0.879224
55 33 1.21632 0.204577
55 34 1.43689 -0.483483
55 35 4.61404 -1.08485
55 36 2.19101 -0.944109
55 37 4.07654 -1.61363
55 38 6.12339 -2.52106
55 39 0.813149 0.744015
55 40 -1.33198 -4.02221
55 41 -2.08189 1.05443
55 42 0.279988 2.98916
55 43 1.29893 1.738
55 44 0.701432 3.32053
55 45 4.16666 1.22189
55 46 2.36098 -0.512403
55 47 -3.72381 3.78605
55 48 -0.490375 -0.0833359
55 49 -0.915449 0.963062
55 50 -0.921389 -0.312693
55 51 -0.884494 0.566959
55 52 2.31325 0.231756
55 53 -0.676974 0.445143
55 54 0.257793 0.143149
55 55 -0.490684 0.824571
55 56 -0.653405 0.349858
55 57 0.566309 0.118897
55 58 -0.235301 -0.123235
55 59 0.133381 -0.119355
55 60 1.53193 -0.144076
55 61 1.01674 1.91933
55 62 0.219078 0.0267143
55 63 -0.0516705 0.0959533
55 64 -0.88396 0.59216
56 33 -0.737465 0.870025
56 34 1.21519 -0.230049
56 35 4.9309 -2.34531
56 36 2.21165 3.19563
56 37 6.09616 -0.463368
56 38 4.16122 -0.391106
56 39 3.78653 -0.159075
56 40 5.8639 1.5458
56 41 4.04353 0.0863967
56 42 3.29123 -1.13165
56 43 4.11509 -2.38582
56 44 3.16549 1.02214
56 45 3.156 2.27349
56 46 1.8435 -0.39574
56 47 5.92689 -1.63852
56 48 -0.55574 -2.32541
56 49 -1.38672 0.699196
56 50 0.987722 -0.684196
56 51 -1.16353 1.604
56 52 0.867779 0.239533
56 53 -0.65694 1.20761
56 54 1.21694 -0.712367
56 55 -0.133897 0.231208
56 56 0.537135 0.315484
56 57 1.39758 1.14661
56 58 -0.177049 0.0826729
56 59 -0.125785 0.281206
56 60 -0.246938 0.65992
56 61 0.82819 1.52224
56 62 -1.11366 -0.395459
56 63 0.0155212 0.202289
56 66 -0.00695914 1.06083
57 33 -0.377965 -0.869649
57 34 1.61536 -3.2629
57 35 5.30699 0.577444
57 36 4.26744 -2.04719
57 37 -1.75672 -0.148584
57 38 8.23072 -2.30274
57 39 3.23924 -2.64142
57 40 2.39564 3.87926
57 41 3.67908 -4.48231
57 42 -1.74464 1.54076
57 43 2.28719 -0.440565
57 44 2.326 0.740935
57 45 -0.0937543 -0.486463
57 46 -2.06277 2.86566
57 47 0.138253 0.449503
57 48 -0.620183 0.825721
57 49 1.32737 -0.383104
57 50 -0.832255 -0.853912
57 51 2.46334 0.658176
57 52 -1.03904 -0.232978
57 53 0.730908 1.2852
57 54 0.169218 -0.0567712
57 55 0.393479 1.32606
57 56 2.23198 0.878679
57 57 0.898687 0.516977
57 58 0.527131 -1.30755
57 59 -0.599666 1.19385
57 60 1.60667 0.0682193
57 61 0.78228 -0.176437
57 63 0.222612 -0.0554703
57 64 -0.0988846 -0.204649
57 65 -0.157701 0.0485555
57 66 -0.0815893 0.184874
58 33 3.5192 -1.25914
58 34 1.45107 -3.23934
58 35 -0.467834 1.56637
58 36 5.50795 -3.33697
58 37 3.63885 -0.111819
58 38 0.00525036 -0.820962
58 39 4.12415 1.43329
58 40 1.4238 1.33932
58 41 1.70291 -1.54375
58 42 2.21337 0.9482
58 43 4.95923 1.15437
58 44 0.540825 3.38004
58 45 -2.87728 1.63307
58 46 0.283377 1.55906
58 47 -5.38316 -1.94721
58 48 -0.26997 -1.26446
58 49 0.606987 -0.139963
58 50 -1.08876 0.0823757
58 51 0.701878 0.605168
58 52 -0.946392 1.58659
58 53 1.25612 -0.35173
58 54 0.945385 0.99979
58 55 0.179833 -0.0578247
58 56 0.920042 -0.309494
58 57 -0.0198171 -0.204477
58 58 -0.4519 0.470547
58 59 -1.04881 0.418515
58 60 0.252458 0.251234
58 61 1.05732 -0.472467
58 62 0.179851 -0.0816589
58 63 -0.100606 -0.350387
58 64 0.900446 -0.887787
58 66 0.109273 -0.183222
59 33 1.06233 0.647028
59 34 4.13457 -1.52804
59 35 3.73727 1.10971
59 36 1.7487 1.45346
59 37 1.9558 0.884614
59 38 2.56476 -0.038516
59 39 2.80399 1.54244
59 40 2.28713 2.0164
59 41 5.36323 2.72522
59 42 3.13414 0.322369
59 43 4.08837 -0.359106
59 44 1.81364 2.48969
59 45 1.34718 -0.675207
59 46 -0.839935 2.21763
59 47 0.102344 1.1509
59 48 2.31579 1.09016
59 49 -4.03172 -1.27966
59 50 -0.255114 -0.439871
59 51 -0.521059 1.26561
59 52 0.225349 0.0646652
59 53 -0.165284 0.0873366
59 54 -0.0729184 0.81244
59 55 1.08481 0.132016
59 56 0.957253 0.528443
59 57 0.601897 -0.392322
59 58 1.12076 0.730537
59 59 2.36256 1.06682
59 60 -0.028573 0.273622
59 61 -0.165281 0.324643
59 64 0.11805 0.182296
60 33 1.42581 1.17496
60 34 1.54729 -1.98204
60 35 1.57851 1.02422
60 36 1.08449 -0.476213
60 37 6.62166 2.83099
60 38 2.0233 1.49685
60 39 5.79623 1.55114
60 40 -1.31756 0.472376
60 41 -0.388055 -0.0662608
60 42 4.6742 -0.0368116
60 43 1.92273 1.27822
60 44 3.59833 1.16053
60 45 0.334013 -1.0258
60 46 3.72033 -0.537429
60 47 0.0302745 1.82704
60 48 -0.0405247 -1.80935
60 49 -1.5218 -1.58835
60 50 1.30966 1.71113
60 51 2.56844 -0.363847
60 52 2.17765 2.61257
60 53 0.180363 -1.35593
60 54 0.983259 -0.738116
60 55 -0.478524 -0.538822
60 56 1.9875 -0.198036
60 57 -0.0139569 -0.0522989
60 58 -0.00114935 0.00402721
60 59 0.0399616 0.283565
60 60 -0.935501 1.35995
60 61 -0.129963 -0.706911
60 62 -0.0965876 1.12987
60 63 -0.331925 0.115448
60 64 -1.70629 -0.329816
60 65 -1.27218 1.06496
60 66 0.850214 0.189816
61 33 1.61404 1.11478
61 34 0.0313483 -3.87689
61 35 -0.777876 -1.52536
61 36 1.87035 -2.19321
61 37 1.28754 1.61433
61 38 2.93326 0.133575
61 39 2.00038 0.513602
61 40 4.49684 0.626085
61 41 0.105535 3.74177
61 42 1.61077 0.02177
61 43 0.282262 2.0443
61 44 4.13672 2.14694
61 45 -0.28429 0.566185
61 46 4.86813 1.59803
61 47 2.70588 2.03226
61 48 2.93133 1.57996
61 49 1.51626 0.332516
61 50 1.46617 0.382608
61 51 -0.289229 0.94906
61 52 0.333639 -0.85403
61 53 -0.187959 0.727413
61 54 1.22884 -0.475377
61 55 0.812789 1.0554
61 56 0.295416 0.50819
61 57 0.89588 0.302156
61 58 -1.09121 -0.437104
61 59 -0.63733 -0.360464
61 60 -0.587007 0.396008
61 61 -0.195276 -0.31099
61 62 -0.686098 -0.204313
61 63 -1.03537 0.598721
61 64 0.975477 -0.0700545
61 66 0.537844 0.0550323
62 33 0.856169 -1.72381
62 34 4.3875 -2.33117
62 35 5.52902 -1.18202
62 36 1.393 0.897369
62 37 2.21836 -1.3275
62 38 3.9499 0.33995
62 39 1.00233 0.414351
62 40 3.341 -0.307823
62 41 -0.315185 -0.93231
62 42 -0.693693 2.59821
62 43 2.33477 1.33582
62 44 3.66234 -0.154875
62 45 -0.703882 0.674735
62 46 -1.42569 1.1838
62 47 1.02046 0.719422
62 48 1.41647 0.418896
62 49 3.56302 2.49401
62 50 1.06989 1.55735
62 51 -0.02996 1.14557
62 52 -0.494464 0.141775
62 53 -1.37427 0.255633
62 54 -0.349728 0.343031
62 55 -0.654893 1.6368
62 56 -1.20736 0.417171
62 57 -0.47122 1.28438
62 58 0.0201361 -0.341106
62 59 -0.580208 0.251553
62 60 -0.0263656 0.777758
62 61 0.102553 -0.162498
62 63 -0.633397 -0.0847281
62 64 -0.490923 0.252233
62 66 0.766976 -0.146566
63 33 1.22203 -1.3313
63 34 1.89029 -2.28109
63 35 0.0831161 0.603962
63 36 6.16194 -2.14401
63 37 3.00903 -0.2121
63 38 2.73411 0.104579
63 39 -1.3968 -0.37798
63 40 -0.120855 2.53953
63 41 0.753055 -0.935846
63 42 4.01526 2.94176
63 43 1.58967 -0.0513136
63 44 1.52885 -1.72785
63 45 -2.03838 2.32455
63 46 2.65216 2.45973
63 47 1.51119 1.50173
63 48 0.40738 1.27607
63 49 -1.36918 0.890401
63 50 1.6851 0.225514
63 51 2.24142 1.91605
63 52 -0.490857 -0.492191
63 53 -0.358753 0.212671
63 54 0.0856063 0.482442
63 55 -1.26415 0.387804
63 56 0.424414 0.671851
63 57 -0.867731 0.484606
63 58 0.222426 -0.252992
63 59 0.619037 0.0372323
63 60 -0.175953 -0.0377889
63 61 -0.043023 -0.0746303
63 63 -1.05598 0.669288
63 64 0.726076 0.813434
63 66 0.37859 -0.231804
64 33 1.60511 -1.4243
64 34 1.96011 -0.78873
64 35 -1.65024 -1.60365
64 36 2.71976 0.0770493
64 37 8.63648 0.904506
64 38 5.06356 1.08358
64 39 0.643843 -0.0936123
64 40 0.505162 1.1277
64 41 5.24011 0.198654
64 42 4.55762 -0.367293
64 43 4.50781 2.56502
64 44 2.18442 0.757905
64 45 1.65113 1.72905
64 46 1.90132 1.92259
64 47 3.6265 -1.27399
64 48 1.06807 -0.960376
64 49 1.26819 -2.52448
64 50 0.924515 -0.606903
64 51 0.873908 0.974196
64 52 0.307702 0.394441
64 53 -0.549299 -0.307303
64 54 0.677737 0.593555
64 55 0.992595 0.358016
64 56 -0.00784463 -0.0484794
64 57 -0.477447 -0.295893
64 58 -0.72822 0.690274
64 62 0.39019 0.0245533
64 63 1.17496 0.863679
64 66 -0.00861694 0.517013
65 33 2.84367 0.110544
65 34 1.08004 -0.237164
65 35 3.07156 -3.84601
65 36 3.05151 0.153226
65 37 6.83527 -0.280919
65 38 3.40092 2.85183
65 39 1.93142 -1.32771
65 40 5.78915 1.70242
65 41 4.95795 0.154446
65 42 1.25927 1.3594
65 43 2.64456 2.39391
65 44 1.89487 1.02404
65 45 2.47009 1.37179
65 46 0.958195 0.64404
65 47 0.590437 -0.62048
65 48 3.35384 1.89239
65 49 1.45528 0.631292
65 50 0.114363 0.989077
65 51 1.10897 -0.695848
65 52 -0.382056 -0.0308312
65 53 0.64584 -0.133226
65 54 -0.0124033 0.198569
65 55 0.79963 0.255447
65 56 1.39544 0.545309
65 57 -1.35147 0.35261
65 58 -0.257123 -0.0422177
65 59 0.774773 0.216857
65 60 0.429006 0.890982
65 61 0.258819 0.19627
65 62 0.726904 0.191909
65 63 0.928832 0.368928
65 66 0.0525777 0.217331
66 33 2.07966 -0.108579
66 34 2.53406 0.362638
66 35 3.48763 0.797093
66 36 4.141 -2.01418
66 37 5.39394 -1.37674
66 38 6.09863 -0.0579524
66 39 2.51466 1.43817
66 40 1.29666 -2.00316
66 41 5.10957 -0.487059
66 42 4.18276 -0.163329
66 43 2.11269 -1.47011
66 44 2.68144 1.04212
66 45 3.00274 0.63707
66 46 1.25879 1.45718
66 47 1.20407 0.210334
66 48 1.42189 0.733993
66 49 0.965307 0.699987
66 50 1.91235 0.248256
66 51 0.650323 0.480918
66 52 1.74892 -0.0254638
66 53 -0.415353 0.84283
66 54 0.841981 -0.263753
66 55 0.280319 -0.706271
66 56 -0.256142 0.452922
66 57 0.125068 0.00324758
66 58 1.07833 0.00411821
66 59 0.064017 0.020512
66 60 1.08939 0.75444
66 61 0.00467612 0.0258011
66 62 0.0160433 0.0888286
66 63 1.00581 -0.439775
66 66 -0.00396623 0.0092946
67 33 -0.0193428 -0.0936317
67 34 0.417994 -0.0625554
67 35 0.32852 0.0336243
67 36 0.500147 -0.00752788
67 37 0.602657 -0.0655598
67 38 0.465187 0.266685
67 39 0.287034 -0.00558147
67 40 0.27508 -0.0546769
67 41 0.348615 -0.0014675
67 42 0.377158 0.12073
67 43 0.25685 -0.162239
67 44 0.407274 0.154573
67 45 0.203336 0.0559234
67 46 0.32455 0.08838
67 47 0.243086 0.0238278
67 48 0.163511 0.0166583
67 49 0.283668 0.0363391
67 50 0.182347 0.0983071
67 51 0.178185 0.115468
67 52 0.136804 0.0110192
67 53 0.0670879 0.122301
67 54 0.0338408 0.0217809
67 55 0.0288473 0.0181451
67 56 0.0117709 0.00598184
67 57 0.0325636 0.0244669
67 58 0.045679 0.0339738
67 59 -0.0168285 0.00282305
67 60 0.167267 0.0900115
67 62 0.0686136 0.0080322
67 63 0.0871918 -0.0454279
