0 33 -3.52589 7.16558
0 34 -4.45573 5.94248
0 35 -3.43632 4.27814
0 36 -4.71477 3.17814
0 37 0.939452 6.36145
0 38 -0.0945403 2.90223
0 39 1.91533 0.143575
0 40 1.45055 5.39928
0 41 -3.73065 4.29292
0 42 2.45922 0.428073
0 43 -1.11452 1.72656
0 44 -1.37894 1.68889
0 45 0.18935 2.33566
0 46 -0.842217 1.67101
0 47 0.426579 -0.867745
0 48 -3.29441 0.729299
0 49 -0.504109 0.112827
0 50 2.62372 -0.985528
0 51 2.46131 0.767425
0 52 -0.25409 0.332616
0 53 0.424045 -0.872963
0 54 0.00765488 1.1189
0 55 0.404932 2.78832
0 56 -0.75469 -0.0457831
0 58 -0.602251 0.139083
0 65 0.656572 -0.343235
1 33 5.84747 23.7777
1 34 4.43275 16.6929
1 35 7.9258 14.7459
1 36 1.31323 15.0739
1 37 -5.16839 9.15971
1 38 -3.16307 11.2706
1 39 -2.18017 13.2587
1 40 0.687716 7.43895
1 41 -4.61561 11.5184
1 42 -5.75665 12.9663
1 43 -5.3042 11.7384
1 44 -4.57283 11.4402
1 45 -2.51506 4.34362
1 46 -3.35298 4.8523
1 47 1.38354 8.85084
1 48 -5.50379 7.15008
1 49 -2.77915 1.08969
1 50 0.772284 6.67013
1 51 0.617306 0.469968
1 52 -4.38787 2.83837
1 53 -0.409292 2.068
1 54 -0.724334 3.69742
1 55 -1.05855 0.596498
1 56 -0.0332746 -0.0401105
1 57 0.211898 0.0549324
1 58 0.584095 0.252353
1 59 0.309537 -0.172684
1 60 -0.0441764 -0.0048978
1 63 -0.433588 -0.0333632
1 64 -0.0881327 -0.165903
1 65 -1.37522 -1.0009
2 33 -2.84093 31.3749
2 34 3.95247 19.3409
2 35 11.8759 15.3561
2 36 3.81958 18.8556
2 37 -9.05758 28.6975
2 38 -11.3255 11.9262
2 39 6.41089 18.3631
2 40 -2.80391 9.85977
2 41 -2.75038 6.83764
2 42 0.755345 22.1852
2 43 -2.38557 10.3613
2 44 0.502825 6.5416
2 45 1.73908 13.0092
2 46 3.346 13.4327
2 47 0.427986 10.3393
2 48 4.52025 6.45833
2 49 3.48168 -0.3784
2 50 -1.63697 6.28288
2 51 4.15016 5.13728
2 52 -1.40938 2.64841
2 53 -2.64041 2.45527
2 54 -0.819816 2.52706
2 55 3.806 1.29217
2 56 -0.065323 0.400816
2 57 -0.0205768 -0.263468
2 58 0.0326328 0.0568593
2 59 0.0242576 0.2268
2 62 -0.799224 0.654595
2 65 -1.22916 -0.455781
3 33 -22.2576 48.026
3 34 -10.6939 28.2392
3 35 -5.03736 26.9436
3 36 -13.9357 16.3166
3 37 13.4009 31.1636
3 38 7.9315 25.765
3 39 10.3869 21.0587
3 40 6.03351 22.851
3 41 -5.94543 15.6277
3 42 16.0378 13.4429
3 43 -5.8482 10.9827
3 44 -1.02742 19.9517
3 45 -7.03189 6.77864
3 46 3.25539 17.7921
3 47 -2.24831 15.3759
3 48 7.60721 5.71414
3 49 4.38541 4.63119
3 50 -2.98255 1.49359
3 51 -1.17512 5.33357
3 52 -1.24374 3.38332
3 53 -0.340699 2.08364
3 54 0.841492 -2.03594
3 55 0.796651 0.443243
3 56 -1.84524 0.314415
3 57 0.148405 0.0402999
3 58 0.051082 -0.0321727
3 59 -0.0256085 0.451817
3 60 -0.0563749 1.36131
3 61 0.719333 -1.61221
3 62 -1.66382 0.0280544
3 63 -0.0576412 -0.00279659
3 64 -0.703827 0.224263
3 65 -0.235937 0.515619
3 66 -0.530871 -0.261547
4 33 13.2592 61.5993
4 34 15.0403 37.1125
4 35 -6.14742 28.8781
4 36 4.09869 23.4256
4 37 9.14703 38.1309
4 38 14.9697 23.1425
4 39 16.1195 23.3002
4 40 -0.251889 23.1567
4 41 3.62937 19.312
4 42 14.4033 24.6501
4 43 0.108613 17.5951
4 44 0.506693 14.5453
4 45 13.1177 5.98989
4 46 5.34661 5.73245
4 47 3.45153 11.1877
4 48 -8.90404 2.15338
4 49 -1.57272 6.30756
4 50 -5.33845 6.57471
4 51 3.23539 4.20002
4 52 4.77142 -1.99133
4 53 0.754637 -0.682961
4 54 1.36546 -1.27381
4 55 0.489625 1.70607
4 56 0.824917 -0.998323
4 57 1.76903 0.56643
4 58 0.140667 0.0436718
4 59 0.351311 1.81744
4 60 1.62892 -0.831066
4 61 -2.29099 0.74218
4 62 -0.00621432 -0.202526
4 64 -0.101119 0.0640531
4 66 0.00845643 0.0189877
5 33 6.27388 42.3386
5 34 -5.69973 32.8364
5 35 9.98226 24.9962
5 36 3.75244 50.0965
5 37 16.8079 24.0044
5 38 7.00909 26.1729
5 39 -6.78016 18.3591
5 40 -4.02934 13.4104
5 41 5.70451 23.044
5 42 -3.07343 15.1943
5 43 1.86536 12.773
5 44 13.6252 14.1164
5 45 4.79607 22.654
5 46 -4.78839 18.9432
5 47 -4.92296 9.75633
5 48 7.23582 6.62569
5 49 8.64604 8.19909
5 50 2.53176 9.543
5 51 -1.3924 2.20069
5 52 -0.89563 5.51025
5 53 -0.367083 5.24426
5 54 3.23631 1.44428
5 55 1.73329 -0.798313
5 56 0.409315 0.128592
5 57 -0.479663 0.207069
5 58 0.750573 0.19439
5 59 -0.797164 0.267127
5 60 0.2987 0.70574
5 61 -0.927396 0.760432
5 62 -1.67041 0.539273
5 63 0.0068747 0.0420108
5 64 1.46241 0.438838
5 65 0.0788897 -0.750904
5 66 0.534861 0.100125
6 33 2.81813 45.5853
6 34 -0.749825 37.1523
6 35 4.95371 24.5654
6 36 11.6295 13.9412
6 37 16.4605 27.6984
6 38 16.2843 28.8275
6 39 -6.22425 34.3155
6 40 5.27772 16.0208
6 41 6.87242 27.1974
6 42 13.6491 27.4978
6 43 -8.85681 14.6426
6 44 1.61503 16.8207
6 45 5.01844 8.72668
6 46 10.9949 21.3493
6 47 0.74357 10.7334
6 48 -1.00425 7.78288
6 49 -5.45781 14.0361
6 50 5.46769 7.47724
6 51 5.41882 6.60038
6 52 -1.2792 2.65809
6 53 10.8402 0.504686
6 54 -7.23273 4.80521
6 55 2.55601 1.78195
6 56 0.189263 0.0970564
6 57 0.836988 -0.0771072
6 58 -1.19385 0.390732
6 59 -0.015461 0.0210808
6 60 -0.0287987 0.00100043
6 61 -0.381618 0.236299
6 62 -0.0965576 0.284338
6 63 -0.804255 0.254285
6 64 0.403477 1.41374
6 65 0.0363157 -0.00292656
7 33 -0.802424 49.436
7 34 11.7809 22.8785
7 35 -0.385317 20.2361
7 36 4.93637 20.5672
7 37 -16.7441 21.7893
7 38 8.20597 28.1112
7 39 5.21631 21.6189
7 40 -7.00937 13.7579
7 41 12.9413 18.4719
7 42 9.67047 22.9296
7 43 -2.45613 14.815
7 44 3.15099 11.591
7 45 5.79672 7.45059
7 46 -5.87536 13.1496
7 47 -0.56981 13.8936
7 48 -3.47482 13.1191
7 49 7.30064 9.13746
7 50 4.06685 7.07248
7 51 9.25213 4.92486
7 52 -0.629466 -1.21058
7 53 -0.286277 3.34059
7 54 7.09363 0.650101
7 55 5.34703 -0.261849
7 56 1.33431 1.18976
7 57 -0.648548 -1.17328
7 58 0.343772 -0.193516
7 59 -0.346529 -0.924766
7 60 0.728275 0.0719378
7 61 -1.20516 -0.0293284
7 62 -0.0102779 -0.00866393
7 63 -0.00596744 0.00516363
7 64 -1.04296 0.322551
8 33 1.28541 40.8774
8 34 18.3183 29.8706
8 35 9.60092 28.8237
8 36 20.36 23.8317
8 37 -0.295331 16.7166
8 38 8.55953 10.5005
8 39 3.32836 25.5177
8 40 14.8583 19.6151
8 41 8.87864 13.4274
8 42 -2.28202 19.1952
8 43 1.04301 18.0627
8 44 -0.18392 12.4018
8 45 1.03035 23.8826
8 46 14.5815 20.2059
8 47 -0.441439 12.4483
8 48 9.3075 7.21036
8 49 19.2833 2.44459
8 50 5.24011 10.9713
8 51 1.85113 7.97604
8 52 3.80602 1.97245
8 53 3.952 2.68652
8 54 1.30461 4.75977
8 55 3.17121 2.87728
8 56 0.322408 -0.531823
8 57 -1.1923 -0.136107
8 58 -1.90706 1.00191
8 59 0.322195 -0.11235
8 60 1.4046 -1.22405
8 61 -0.562976 0.295736
8 62 -0.00727265 0.0360575
8 63 0.104353 -0.132643
8 64 0.505306 -0.548607
8 65 0.0518229 -0.0303004
8 66 0.0706228 -0.224398
9 33 -0.249173 21.0532
9 34 10.5496 12.8534
9 35 -6.06014 21.104
9 36 -0.200343 15.7358
9 37 4.25554 12.7846
9 38 17.4407 15.0505
9 39 -2.52352 31.0983
9 40 -0.0877474 13.3674
9 41 0.324611 24.6631
9 42 5.39632 13.4132
9 43 7.43628 25.1281
9 44 7.09169 8.48102
9 45 5.23027 10.4462
9 46 3.407 15.8768
9 47 0.569493 7.31597
9 48 3.30255 9.18852
9 49 8.7579 5.46479
9 50 -6.43322 7.48554
9 51 3.29761 12.2597
9 52 -1.7602 -4.26847
9 53 -0.680856 6.62268
9 54 0.390308 1.23349
9 55 2.47161 2.3872
9 56 -0.470008 2.94355
9 57 0.362647 0.176506
9 58 0.242104 0.0623351
9 59 1.68455 0.509294
9 60 -0.530389 0.90199
9 62 0.345996 0.303342
9 63 -0.188012 -0.704587
9 64 -0.146139 0.101832
9 65 0.00486908 0.0682885
9 66 0.433507 0.063671
10 33 10.4458 17.7612
10 34 0.323487 16.276
10 35 9.14091 13.1602
10 36 8.33123 14.4384
10 37 -7.09996 9.51098
10 38 -4.36703 14.9998
10 39 8.97189 13.249
10 40 8.92181 10.5794
10 41 18.0163 13.0016
10 42 11.1384 10.6905
10 43 16.4671 15.8771
10 44 5.75865 5.34362
10 45 9.56663 10.0655
10 46 0.192217 9.05969
10 47 10.8464 11.3862
10 48 -10.9707 2.59227
10 49 8.76545 9.87692
10 50 -3.45951 2.96341
10 51 5.76682 12.5601
10 52 10.0315 3.39638
10 53 -0.30213 -1.06512
10 54 -0.497016 2.51141
10 55 2.67989 1.22606
10 56 -3.20993 0.741276
10 57 -0.895043 -0.404889
10 58 1.34208 -0.243712
10 59 -2.44601 0.734212
10 60 1.21522 0.821465
10 61 0.207865 -0.783628
10 62 0.74919 -0.320002
10 63 -0.405344 0.0708252
10 64 1.39911 1.43118
10 65 -1.69597 -0.659231
10 66 0.0765874 -0.139667
11 33 -6.82436 24.2867
11 34 9.3185 2.46377
11 35 10.6244 11.7166
11 36 -6.90992 4.1889
11 37 -1.63348 2.1663
11 38 -3.99221 4.54189
11 39 13.7636 4.98406
11 40 -1.55265 20.9885
11 41 -2.01986 4.87688
11 42 3.96821 4.7497
11 43 21.9513 3.20288
11 44 1.28721 8.22426
11 45 3.0839 11.9375
11 46 -1.10078 7.40126
11 47 6.88835 17.6061
11 48 12.8833 6.34579
11 49 -1.11658 12.6367
11 50 4.15934 6.80003
11 51 14.4785 3.16824
11 52 1.21739 1.53143
11 53 10.1658 4.82605
11 54 4.76016 2.38847
11 55 4.69222 -0.249276
11 56 1.30652 0.556559
11 57 -0.731523 0.114161
11 58 1.61265 0.120648
11 59 -0.407763 1.31219
11 60 0.276271 -0.369816
11 61 -0.800523 -0.152915
11 62 2.38408 -1.14116
11 63 -0.550332 0.504435
11 64 -1.49181 0.700326
11 65 -0.839709 -0.0105771
11 66 -0.209608 0.0492757
12 33 5.23718 13.9732
12 34 15.0659 7.29719
12 35 -2.90659 2.60793
12 36 2.25868 16.9516
12 37 8.63126 -2.47814
12 38 5.40148 9.60854
12 39 8.31004 10.6919
12 40 9.59206 1.52472
12 41 2.67779 14.6697
12 42 3.29419 8.05948
12 43 7.15718 5.18496
12 44 0.603657 13.6275
12 45 0.0269168 6.74132
12 46 7.38525 -0.472125
12 47 1.54217 7.41333
12 48 10.4528 -0.518797
12 49 16.6709 5.81208
12 50 3.53167 10.0016
12 51 5.0543 -0.405434
12 52 -1.55302 2.80095
12 53 5.7467 5.76757
12 54 -2.99068 3.11668
12 55 -0.47419 2.64744
12 56 2.01849 0.0907546
12 57 -1.9543 0.161308
12 58 -1.01564 1.97607
12 59 -0.296927 0.595392
12 60 -1.00299 -0.122613
12 61 0.319021 0.145137
12 62 -0.678743 -0.250685
12 63 1.10812 -0.498359
12 64 1.15076 -0.347432
12 65 -0.559252 0.81336
12 66 -0.00233379 0.00164041
13 33 13.5607 10.0362
13 34 6.70097 -1.59449
13 35 13.8997 8.01431
13 36 2.76494 8.94168
13 37 -12.172 3.52049
13 38 15.5644 9.37484
13 39 12.3012 4.99579
13 40 11.0581 4.5525
13 41 3.94703 1.25145
13 42 14.8007 1.37571
13 43 16.3531 8.55836
13 44 2.06748 13.9196
13 45 -4.24474 7.90294
13 46 -2.63488 1.98687
13 47 8.82297 3.26321
13 48 8.31378 14.8352
13 49 0.462849 3.54249
13 50 -3.33298 0.0549747
13 51 -2.42034 1.51348
13 52 -1.25479 3.61907
13 53 -1.08275 -1.79376
13 54 -0.566916 2.61699
13 55 1.85921 1.29387
13 56 3.00643 -1.94381
13 57 1.86922 1.23616
13 58 -0.185286 -0.490227
13 59 -5.31305 0.791509
13 60 -2.50613 -1.50129
13 61 -0.997675 1.20747
13 62 0.94081 -1.26909
13 63 -1.96264 0.587996
13 64 -1.09603 1.25847
13 65 0.571838 0.340184
13 66 -0.244232 0.00163862
14 33 3.89279 2.63442
14 34 3.25908 6.85939
14 35 -4.24345 -0.658809
14 36 1.16943 1.54424
14 37 3.66359 3.90851
14 38 9.25439 1.80138
14 39 9.61728 1.67017
14 40 1.22949 2.19647
14 41 14.0827 5.2738
14 42 1.74179 -0.722538
14 43 -0.931842 4.27703
14 44 9.25029 1.16726
14 45 11.6673 5.93715
14 46 20.0219 1.43495
14 47 3.07901 1.73979
14 48 1.29393 6.90907
14 49 -6.22815 3.30876
14 50 1.84693 -0.72319
14 51 2.95103 5.65857
14 52 6.00256 2.3956
14 53 1.10005 4.28972
14 54 -2.03352 2.27875
14 55 5.80535 2.86891
14 56 -1.49039 -1.78223
14 57 -1.8918 0.697932
14 58 0.565708 -0.276536
14 59 0.426437 0.315329
14 60 -3.06387 -0.462565
14 61 0.125154 0.800941
14 62 1.19375 -1.54213
14 63 1.28321 0.380282
14 64 0.816582 0.682527
14 65 0.317988 -0.279171
14 66 -0.0522858 0.0251873
15 33 2.57901 1.83592
15 34 8.76488 1.08467
15 35 6.66999 -2.78277
15 36 10.8332 3.26627
15 37 -6.63524 0.390904
15 38 5.87955 1.51956
15 39 14.0622 1.09008
15 40 10.0332 -2.60501
15 41 10.6757 8.3096
15 42 8.20044 -5.62541
15 43 10.4078 6.86636
15 44 8.47868 4.85563
15 45 10.7592 -8.04639
15 46 3.73623 8.69304
15 47 3.94415 0.995949
15 48 3.30565 3.92554
15 49 -0.927184 -0.960991
15 50 8.6724 4.80572
15 51 4.74414 3.2941
15 52 4.91896 -0.0402933
15 53 10.1503 0.241274
15 54 -0.181796 1.59718
15 55 0.811789 -0.781059
15 56 0.689511 2.14131
15 57 1.24271 0.796964
15 58 1.67157 3.56983
15 59 -0.127172 -0.11835
15 60 -2.07383 0.0511158
15 61 -2.60942 -0.533182
15 62 0.441308 0.30914
15 63 2.72151 -0.38013
15 64 -3.92723 -0.696981
15 66 0.331283 0.15184
16 33 2.40451 1.24662
16 34 -1.33051 3.5355
16 35 4.30882 3.17927
16 36 18.4909 0.319385
16 37 8.39505 -6.8041
16 38 -3.88143 -2.1723
16 39 2.51031 -0.829498
16 40 6.52719 -3.33684
16 41 6.05882 -2.9187
16 42 1.21042 6.72317
16 43 6.76468 -1.24776
16 44 -1.87286 2.52583
16 45 3.31327 6.13893
16 46 1.68568 1.42891
16 47 4.07353 3.53826
16 48 -3.77938 2.42277
16 49 7.83993 2.79549
16 50 10.4155 5.82754
16 51 17.3896 -3.69211
16 52 6.95857 4.00367
16 53 0.390025 4.69337
16 54 -3.25764 0.213505
16 55 3.34283 2.85728
16 56 0.885945 -0.481742
16 57 -2.10977 1.41164
16 58 -0.113877 1.55163
16 59 -2.83644 -1.22531
16 60 0.021176 -1.00192
16 61 -1.97969 1.18344
16 62 0.65648 0.414812
16 63 -0.064431 1.36056
16 64 1.64517 0.66676
16 65 0.495484 -0.578969
16 66 0.227094 -0.0406997
17 33 -1.74433 -5.36475
17 34 13.4031 3.10321
17 35 -1.37997 -1.95491
17 36 6.15534 7.30111
17 37 7.5312 -2.33917
17 38 5.58372 4.48832
17 39 3.26494 2.59035
17 40 1.37867 -0.511722
17 41 15.5839 3.40941
17 42 6.63741 6.22365
17 43 8.99107 4.92475
17 44 8.65971 6.60404
17 45 4.60091 1.75567
17 46 2.61047 -2.64088
17 47 8.47453 9.53813
17 48 -0.982448 4.66601
17 49 11.0103 5.50017
17 50 -2.57876 0.384737
17 51 3.18675 -1.10477
17 52 4.71483 -0.505139
17 53 6.96459 7.33857
17 54 -1.48926 5.77654
17 55 4.78738 4.5517
17 56 -1.5259 1.06837
17 57 2.02885 0.0552989
17 58 2.4479 -0.608333
17 59 -0.00970152 0.331628
17 60 -0.504146 1.62482
17 61 2.30887 -0.948357
17 62 0.455344 -0.515368
17 64 0.0335535 -0.0162754
17 65 -0.530314 0.49999
17 66 -0.756472 0.323469
18 33 3.95617 -4.52637
18 34 2.29133 -0.0339603
18 35 5.89405 4.19728
18 36 9.43205 0.85412
18 37 9.49822 -1.02529
18 38 6.16124 3.31914
18 39 7.85167 2.85241
18 40 -3.07054 2.06031
18 41 3.24263 -0.160428
18 42 11.0303 -0.359941
18 43 6.96771 0.291675
18 44 1.92109 5.48371
18 45 5.24683 1.21444
18 46 0.7005 -1.76445
18 47 12.9985 -1.82956
18 48 10.0006 1.17578
18 49 4.65782 3.17727
18 50 0.581773 3.22331
18 51 10.0032 -0.621906
18 52 -4.31376 4.06367
18 53 2.35264 3.55188
18 54 2.75239 5.74272
18 55 4.49311 1.98674
18 56 4.54379 6.05839
18 57 1.88493 -0.076024
18 58 -0.742971 -0.326385
18 59 4.26368 2.20503
18 60 -2.28291 0.725482
18 61 -0.127303 0.280236
18 62 -0.179994 2.31141
18 63 -0.141154 0.656588
18 64 0.531347 -1.26041
18 65 -0.568778 -0.483878
18 66 0.0372559 -0.165295
19 33 4.10112 -4.16793
19 34 2.41529 -1.92144
19 35 11.2882 1.7972
19 36 0.421986 -5.9236
19 37 6.55479 -3.71196
19 38 6.55459 2.33574
19 39 7.64937 -5.10708
19 40 8.66312 0.954448
19 41 10.0686 2.44024
19 42 8.80464 8.71685
19 43 8.6569 0.50789
19 44 7.72026 1.72795
19 45 -1.09643 4.85533
19 46 4.36983 7.24007
19 47 2.7598 -2.39175
19 48 3.44037 -1.31802
19 49 9.21373 2.78141
19 50 1.67644 -1.49085
19 51 7.31823 4.39195
19 52 4.08855 2.75017
19 53 1.63268 0.290142
19 54 3.47049 3.35357
19 55 2.68308 1.50528
19 56 3.1304 5.05955
19 57 1.75358 -0.00290378
19 58 -0.143839 -2.44851
19 59 -1.14546 2.24415
19 60 -0.4584 0.541865
19 61 -0.782228 0.647917
19 62 -0.37166 0.139487
19 63 0.0918385 0.126309
19 64 -0.436031 -1.14121
19 65 -1.69986 0.883869
19 66 0.364998 0.0411115
20 33 -0.0262874 -3.22815
20 34 6.11474 -4.3013
20 35 7.71369 -1.87958
20 36 3.89939 0.392181
20 37 6.54931 -1.32836
20 38 8.00689 -0.066836
20 39 17.7057 1.75014
20 40 -0.00637347 2.94803
20 41 -1.52691 -4.53936
20 42 -0.37802 -1.50664
20 43 4.60532 -0.674522
20 44 5.03148 4.21862
20 45 -1.46288 1.47415
20 46 7.45358 5.65383
20 47 2.63134 0.684609
20 48 9.49109 -3.01116
20 49 4.29344 -0.120579
20 50 10.7599 -1.86001
20 51 6.73292 2.14826
20 52 0.863146 -2.1852
20 53 11.2228 0.324237
20 54 4.69515 4.56833
20 55 2.76978 -1.44304
20 56 1.00141 2.23219
20 57 -0.700673 0.703608
20 58 -0.21046 -0.257877
20 59 1.41043 2.16433
20 60 1.24641 1.0874
20 61 2.02886 2.02477
20 62 1.33927 0.100956
20 63 0.781493 0.324503
20 64 -2.19654 0.320068
20 65 -0.0921816 -0.0968366
20 66 -0.124461 -0.0510258
21 33 4.7822 -4.57439
21 34 5.09374 -1.73579
21 35 -0.71997 -2.56735
21 36 1.13663 -0.378735
21 37 9.4332 -3.41507
21 38 6.25247 -0.970656
21 39 2.85414 3.97569
21 40 5.92446 -0.663439
21 41 13.5849 0.557527
21 42 5.31237 4.90492
21 43 -3.83081 -3.84962
21 44 13.3346 1.45695
21 45 5.46271 -0.453445
21 46 3.88096 -1.38059
21 47 7.82902 2.72033
21 48 12.431 -5.8842
21 49 5.69038 -5.51866
21 50 0.768342 -2.11875
21 51 4.01116 5.04707
21 52 6.45368 0.116428
21 53 2.338 3.14365
21 54 2.46119 6.02761
21 55 1.12608 2.70816
21 56 2.25446 1.80451
21 57 -1.79458 4.23654
21 58 1.1166 -1.87023
21 59 0.396679 -1.88136
21 60 -2.34461 0.14621
21 61 1.76001 1.05791
21 62 3.02931 -0.253311
21 63 -1.01402 -0.294544
21 64 -0.880767 0.0903805
21 65 2.16299 0.929138
21 66 -0.10577 -0.309802
22 33 3.36995 -2.77745
22 34 6.6158 -3.88035
22 35 5.43324 -11.7641
22 36 -1.63067 -2.15409
22 37 6.60686 2.91177
22 38 3.20105 5.58421
22 39 11.1133 4.17874
22 40 7.97564 0.158926
22 41 15.945 3.72385
22 42 10.6145 3.69163
22 43 9.99928 2.81759
22 44 5.27546 0.47449
22 45 3.23061 1.05528
22 46 14.2511 2.28561
22 47 8.301 3.11267
22 48 7.24485 1.46185
22 49 11.7884 -5.06485
22 50 7.17844 3.02139
22 51 6.79429 2.44054
22 52 1.95333 2.43583
22 53 6.40668 -5.95254
22 54 4.85177 -0.19334
22 55 -0.666858 1.52682
22 56 -1.2902 6.0762
22 57 1.03325 2.01282
22 58 1.09055 0.620693
22 59 -0.506764 1.8813
22 60 -1.13571 -1.07059
22 61 -1.64444 0.839407
22 62 0.909884 0.270808
22 63 -1.13798 0.309895
22 64 0.586635 0.775825
22 65 0.0362893 1.53858
22 66 0.0755477 0.160497
23 33 2.35048 -1.24456
23 34 6.00317 -1.67982
23 35 8.04396 3.10458
23 36 7.17204 -1.74392
23 37 15.4621 -0.147582
23 38 10.6514 -2.14768
23 39 2.38445 -1.24564
23 40 5.06571 -2.0718
23 41 -2.5381 1.64808
23 42 12.7632 -4.02423
23 43 3.37058 3.03514
23 44 3.23319 1.86477
23 45 9.33061 1.11884
23 46 8.54834 -7.12996
23 47 -4.57278 1.17864
23 48 9.71974 0.238033
23 49 -3.13932 2.11095
23 50 5.04028 6.30374
23 51 -2.04812 1.38147
23 52 4.74876 -0.64864
23 53 5.84223 -3.55319
23 54 -5.176 6.23346
23 55 -0.405636 0.805792
23 56 5.3015 1.34219
23 57 0.564007 -0.621458
23 58 1.19801 0.430422
23 59 -2.79756 -0.113319
23 60 0.412142 -0.263431
23 61 0.246557 0.158529
23 62 -0.889365 -0.0571092
23 63 -3.43707 -0.122743
23 64 -0.378436 -0.237242
23 65 0.281654 0.320746
23 66 -0.344539 0.155596
24 33 4.17921 -0.76363
24 34 13.0795 0.448725
24 35 1.59491 1.63772
24 36 4.94999 2.79341
24 37 4.65534 2.74333
24 38 6.44945 -3.14709
24 39 4.05619 -2.93518
24 40 6.41992 -6.71158
24 41 7.02796 0.888382
24 42 3.61139 4.35733
24 43 9.12176 -1.22126
24 44 7.53468 0.587902
24 45 6.06724 -1.24177
24 46 -0.944873 -0.584585
24 47 8.53746 1.42719
24 48 13.221 1.94158
24 49 2.87935 3.90548
24 50 5.6374 3.49268
24 51 10.8577 0.692614
24 52 -0.0728745 -0.204929
24 53 1.42957 -1.279
24 54 -0.446437 1.90166
24 55 0.770656 1.91761
24 56 -0.275963 -0.947457
24 57 2.36743 2.27092
24 58 0.317879 3.11874
24 59 -0.231271 3.07442
24 60 2.61037 0.0436661
24 61 0.184809 -0.0570692
24 62 -0.341339 -0.258745
24 63 -2.1785 0.755838
24 64 -2.75829 1.31239
24 65 0.598375 0.230129
24 66 0.0966528 0.00418189
25 33 2.15362 0.510832
25 34 7.67991 -0.952928
25 35 3.90991 -2.6701
25 36 11.4074 5.84917
25 37 3.71434 0.162248
25 38 -0.74309 2.4828
25 39 5.64197 -1.40498
25 40 5.01995 1.58001
25 41 -1.42345 3.9077
25 42 8.75546 0.833065
25 43 0.22947 -2.08752
25 44 6.60758 3.19753
25 45 5.99504 -1.81261
25 46 3.97435 -3.29285
25 47 7.47253 -2.32622
25 48 9.32595 -1.76792
25 49 0.654295 6.93481
25 50 3.67278 1.55994
25 51 1.45752 -0.745199
25 52 9.30042 0.801678
25 53 0.239711 -0.78166
25 54 3.7282 0.252222
25 55 -2.24777 1.3668
25 56 2.58481 -0.835531
25 57 -0.647537 -0.721995
25 58 1.18717 4.68656
25 59 -0.9234 4.13085
25 60 2.3482 4.75196
25 61 -0.920732 -1.10867
25 62 0.759257 -0.0513842
25 63 0.938977 0.632366
25 64 -1.45288 -0.584249
25 65 -0.421976 0.402205
25 66 -0.339614 0.209808
26 33 3.19876 -1.94572
26 34 6.3357 -1.19614
26 35 0.961496 3.97489
26 36 4.70853 -1.18745
26 37 10.5737 -0.594214
26 38 10.0435 1.54919
26 39 3.34656 4.17378
26 40 3.26272 4.44717
26 41 9.40177 -2.35622
26 42 7.27998 3.87698
26 43 8.96433 -0.595602
26 44 3.56675 2.08964
26 45 8.18965 2.79763
26 46 8.91344 2.57327
26 47 3.78603 -0.316114
26 48 5.16503 2.01196
26 49 4.04466 -1.56194
26 50 2.34127 -0.163662
26 51 6.95174 -2.19425
26 52 9.23363 1.20501
26 53 -3.67462 2.92577
26 54 8.98738 3.36212
26 55 2.90409 1.29275
26 56 3.2014 2.30584
26 57 5.7357 -0.939234
26 58 0.13377 2.63624
26 59 1.74884 1.1958
26 60 -0.570532 1.84148
26 61 -1.08459 0.686047
26 62 -2.1052 0.0158968
26 63 0.0103187 0.168211
26 64 0.766061 0.469523
26 65 -0.0147512 0.244114
26 66 0.295536 0.0065231
27 33 4.01002 -2.28516
27 34 4.0569 3.59549
27 35 4.24048 -0.926233
27 36 9.44276 -4.19766
27 37 3.54935 -1.46579
27 38 -3.55557 -5.55365
27 39 7.99275 -6.12119
27 40 9.81612 -4.53302
27 41 16.9827 -1.01211
27 42 8.50229 -1.28186
27 43 6.73723 -1.66744
27 44 7.0875 -5.90312
27 45 11.8105 1.48483
27 46 1.66385 -0.0306481
27 47 3.97351 -0.905833
27 48 6.2459 -0.115574
27 49 -0.224527 -3.23383
27 50 -0.402647 -0.0154874
27 51 5.91658 -2.42643
27 52 10.6464 -1.2673
27 53 -0.00939573 3.1772
27 54 2.42816 8.83736
27 55 4.88848 -0.0292647
27 56 3.69627 0.12303
27 57 0.0484644 -0.541928
27 58 -2.88324 1.55807
27 59 -0.165074 0.558212
27 60 0.989487 1.78864
27 61 -3.52084 1.09228
27 62 -1.28891 0.147337
27 63 0.00333865 1.66774
27 64 1.44771 0.846428
27 65 0.502295 -0.976834
27 66 -0.792407 -0.518729
28 33 2.10837 -1.52695
28 34 1.65943 -2.5483
28 35 4.56952 1.82289
28 36 4.08773 0.761537
28 37 0.789251 3.72122
28 38 9.29253 1.248
28 39 4.00609 -7.7658
28 40 -0.309018 -6.19388
28 41 2.74861 0.199791
28 42 4.37849 -0.70217
28 43 4.25528 0.232491
28 44 6.60275 2.66008
28 45 11.6826 1.59199
28 46 3.863 -1.94578
28 47 -3.62864 2.99814
28 48 0.112715 -1.089
28 49 5.47175 -3.11467
28 50 5.82738 6.1835
28 51 2.39549 1.27109
28 52 5.28887 4.63514
28 53 4.22077 5.27752
28 54 6.87058 3.83238
28 55 0.165223 3.86237
28 56 -0.957151 -0.203646
28 57 4.34728 0.68933
28 58 -3.27525 -0.0185554
28 59 0.186152 1.38645
28 60 1.2493 1.99775
28 61 -0.334621 0.911404
28 62 -0.993094 1.31735
28 63 -1.29255 0.519059
28 64 -1.20048 -0.0801283
28 65 -0.608822 0.765213
28 66 0.760851 0.493869
29 33 3.85945 -2.3945
29 34 4.6416 -4.1106
29 35 5.32616 -5.02154
29 36 1.679 -3.39667
29 37 7.03082 3.17189
29 38 6.56556 -1.483
29 39 4.79189 -0.0369029
29 40 4.66272 1.89741
29 41 9.06007 0.291921
29 42 1.35351 4.39351
29 43 -0.13828 -0.959832
29 44 4.98704 -0.204551
29 45 14.7317 11.5589
29 46 -4.59872 2.24569
29 47 3.55609 -0.96453
29 48 5.6057 -2.77454
29 49 5.98528 6.83512
29 50 3.25715 -2.45647
29 51 3.10031 1.49493
29 52 -1.43132 -0.869282
29 53 -5.32697 5.19985
29 54 2.79417 1.98513
29 55 5.39571 5.79099
29 56 2.8184 1.61959
29 57 -3.0307 1.51849
29 58 0.0507227 1.07736
29 59 -0.917883 -0.919322
29 60 2.76431 -1.20771
29 61 -2.44414 -0.724299
29 62 0.415072 0.0591595
29 63 0.3675 1.79376
29 64 -0.99614 0.00645333
29 65 0.978765 0.983114
29 66 0.258399 0.0660718
30 33 0.591495 0.180126
30 34 5.65826 -3.78632
30 35 6.8901 -5.12914
30 36 7.22757 0.367424
30 37 1.35387 -0.380557
30 38 6.12669 -4.53016
30 39 9.12486 0.00140237
30 40 -7.53913 -0.531524
30 41 8.97658 1.23842
30 42 3.19084 -2.21705
30 43 8.6552 0.273847
30 44 7.82297 -1.90267
30 45 9.70572 6.78427
30 46 4.30525 -5.33032
30 47 4.44275 -1.19031
30 48 8.72454 -3.04611
30 49 -2.49096 4.8784
30 50 -4.07775 1.69574
30 51 5.63562 0.582816
30 52 4.35788 0.954945
30 53 3.72491 7.96082
30 54 -4.54002 0.0840765
30 55 -8.16265 4.41633
30 56 0.496398 1.52245
30 57 2.14101 -0.463051
30 58 0.361419 1.26697
30 59 0.976571 -0.845152
30 60 1.04893 0.944436
30 61 0.0687726 -0.989234
30 62 -0.0242332 -1.43975
30 63 -1.09834 -1.28469
30 64 -1.20855 0.241831
30 65 1.38256 0.437798
30 66 -0.339582 1.57058
31 33 3.11233 -0.447926
31 34 1.0563 -0.0432577
31 35 2.72803 0.763718
31 36 6.57028 -4.96394
31 37 1.11671 -1.47838
31 38 3.60278 0.511247
31 39 0.214269 -3.03589
31 40 -2.364 -2.90466
31 41 1.09412 -1.26231
31 42 11.8658 2.31477
31 43 5.48634 -1.17725
31 44 7.12393 -6.69978
31 45 3.27131 1.44402
31 46 8.15462 0.356474
31 47 11.0746 -1.36713
31 48 13.1681 -4.02818
31 49 -0.473458 3.52813
31 50 6.17415 0.242334
31 51 0.436885 0.492326
31 52 6.45763 2.74645
31 53 0.377178 -0.142939
31 54 4.09979 1.63732
31 55 5.39314 1.0468
31 56 2.38359 6.70298
31 57 0.867594 0.744111
31 58 1.94118 0.734971
31 59 0.781178 1.48597
31 60 1.55106 1.00389
31 61 0.314101 -0.0757546
31 62 0.131012 -0.0912202
31 63 0.0538934 -1.34773
31 64 0.784539 0.15069
31 65 -0.414636 -1.13145
31 66 0.362373 -0.577801
32 33 5.77232 -0.0629341
32 34 1.37583 3.50766
32 35 2.52657 0.289708
32 36 2.72137 1.64349
32 37 0.59927 -0.6687
32 38 7.39745 1.86376
32 39 4.60979 2.1474
32 40 3.49982 -5.5588
32 41 7.19563 -7.26372
32 42 5.33277 1.10503
32 43 4.33796 1.42004
32 44 3.4219 2.66623
32 45 -0.404116 -0.351357
32 46 19.9244 -5.47239
32 47 8.42066 -5.86183
32 48 0.835707 2.40195
32 49 7.72265 -1.41635
32 50 -0.355017 -4.37323
32 51 4.75518 -2.46996
32 52 3.43283 2.23057
32 53 -0.348128 1.83783
32 54 -1.44687 2.81067
32 55 5.78012 -0.919582
32 56 -0.193083 -1.11439
32 57 3.58077 1.77301
32 58 0.584763 -0.290983
32 59 4.60465 2.79251
32 60 4.07657 1.16748
32 61 -1.46252 0.340529
32 62 -0.164052 -0.593821
32 63 -0.184514 1.70675
32 64 -1.21713 1.24621
32 65 -0.382348 -0.0348104
32 66 -0.125407 0.021525
33 33 0.0113246 -3.69409
33 34 -2.3181 0.235821
33 35 8.73271 -2.69156
33 36 9.87206 -1.01602
33 37 7.79837 -1.08516
33 38 14.8776 -0.760691
33 39 4.92779 0.303385
33 40 7.36024 2.43907
33 41 9.06543 -2.04532
33 42 6.75601 -0.699484
33 43 10.635 -1.35508
33 44 0.593634 -0.303215
33 45 7.66846 -5.31392
33 46 -7.59756 -0.00109851
33 47 4.00096 -2.93538
33 48 6.04483 -0.247446
33 49 3.07974 -3.59004
33 50 3.29866 -0.662237
33 51 1.6828 1.05936
33 52 5.48938 5.50799
33 53 2.26945 -2.17872
33 54 2.43113 -4.49277
33 55 -0.971015 -1.37917
33 56 3.10771 1.82766
33 57 2.70932 3.63948
33 58 -0.250535 2.44144
33 59 -3.09896 1.57872
33 60 -0.269157 2.42577
33 61 1.4446 1.53565
33 62 0.776619 0.513105
33 63 0.138464 2.42667
33 64 0.0783529 1.68343
33 65 0.364003 0.761694
33 66 1.29039 1.05007
34 33 4.10623 -1.2336
34 34 6.43207 -5.88363
34 35 8.22318 -0.0790118
34 36 2.81842 0.294642
34 37 -0.373581 0.118063
34 38 5.37543 1.44546
34 39 7.8357 1.72761
34 40 -2.36481 4.46877
34 41 4.73014 -1.028
34 42 5.85557 3.72648
34 43 6.41351 2.51452
34 44 11.0658 -1.0329
34 45 5.09925 -1.65062
34 46 2.9861 0.934014
34 47 1.63185 3.53936
34 48 2.78021 -2.84715
34 49 7.30229 7.30787
34 50 3.33528 -0.77029
34 51 4.25501 1.61241
34 52 9.55126 0.721972
34 53 0.645084 3.18959
34 54 2.02719 0.284516
34 55 -2.43643 4.22518
34 56 0.85476 2.11618
34 57 3.11989 2.49877
34 58 -0.195726 0.968902
34 59 -2.29619 -2.38928
34 60 -0.193615 2.33189
34 61 2.69112 -0.98919
34 62 2.43863 1.34143
34 63 0.927225 -1.20743
34 64 1.21334 1.67726
34 65 -0.86501 0.138755
34 66 1.22268 0.435467
35 33 2.54701 -3.78789
35 34 1.28959 -4.49881
35 35 4.73321 -0.0129078
35 36 -1.00059 -2.28161
35 37 2.2195 -0.168123
35 38 5.47805 4.04636
35 39 6.92948 0.739267
35 40 3.55228 0.138976
35 41 8.22165 0.756746
35 42 8.76228 -1.22783
35 43 4.60185 2.7859
35 44 3.68353 3.00547
35 45 5.09172 -1.37696
35 46 6.33903 0.619931
35 47 -1.11389 -0.855603
35 48 7.36426 2.51423
35 49 11.6482 0.723004
35 50 -0.250832 6.26214
35 51 6.61803 2.06717
35 52 12.3247 0.0724613
35 53 3.28897 4.63409
35 54 0.255034 2.96527
35 55 -1.09579 1.25098
35 56 1.21689 1.1728
35 57 4.32939 -1.25538
35 58 4.84045 -0.0392403
35 59 1.75189 -1.74228
35 60 -1.39644 0.691852
35 61 -1.41979 1.33158
35 62 2.65922 -2.80707
35 63 -0.772847 0.0383019
35 64 0.161003 0.705047
35 65 3.68298 0.0759317
35 66 0.40496 -0.158268
36 33 2.95686 0.358633
36 34 2.99648 -2.63547
36 35 9.0973 -4.28654
36 36 8.71037 -4.16053
36 37 12.9813 1.16054
36 38 7.26878 -0.44979
36 39 1.3432 0.813114
36 40 2.78414 -4.29901
36 41 2.05768 0.381622
36 42 8.08076 1.66166
36 43 7.03401 6.38536
36 44 -3.24126 -3.43388
36 45 1.21985 -2.83121
36 46 4.29191 1.18679
36 47 0.534683 -0.44176
36 48 5.66322 -2.80755
36 49 0.103385 -4.56444
36 50 2.18973 2.85037
36 51 2.5508 2.37279
36 52 8.52225 4.30889
36 53 -0.921803 0.782468
36 54 6.21746 1.34458
36 55 2.75687 -0.496105
36 56 1.95914 -0.00338479
36 57 4.10317 -0.536735
36 58 -0.962226 2.65346
36 59 1.997 -1.69092
36 60 0.588827 -1.75678
36 61 1.73085 0.335342
36 62 -1.88636 1.57427
36 63 0.534718 0.420783
36 64 0.103711 1.61553
36 65 0.499541 0.00142497
36 66 -0.0389263 -0.367667
37 33 3.18086 -2.24103
37 34 2.90294 -2.42392
37 35 7.05723 -3.53247
37 36 5.52594 0.191324
37 37 2.14651 -0.462275
37 38 7.75327 -2.75032
37 39 1.77059 0.588428
37 40 8.34797 0.843033
37 41 -7.79988 -2.1873
37 42 5.5116 7.07947
37 43 8.91818 1.46204
37 44 3.08385 2.7201
37 45 3.13274 -1.48406
37 46 5.56559 -3.00604
37 47 3.04545 0.177734
37 48 1.16467 4.0808
37 49 6.91816 0.393192
37 50 -4.37858 4.57632
37 51 -0.311448 1.86269
37 52 5.91613 1.75417
37 53 4.85812 3.04293
37 54 3.81444 3.12195
37 55 2.31631 3.59952
37 56 -1.93369 -0.357877
37 57 0.608521 -0.642469
37 58 3.88278 3.6765
37 59 -1.22687 -0.0707176
37 60 2.21833 -0.199219
37 61 -0.467486 2.17411
37 62 2.46875 3.2914
37 63 -2.78981 0.283967
37 64 0.689751 1.53346
37 65 -0.199066 0.548309
37 66 0.928743 0.570908
38 33 3.29403 -2.80272
38 34 0.897896 -5.47508
38 35 8.7993 0.433474
38 36 5.60018 -0.732124
38 37 4.40503 -0.973572
38 38 2.43692 -4.59933
38 39 -4.07032 2.26752
38 40 6.13784 -0.0856602
38 41 4.95676 -6.02724
38 42 2.20347 -0.0507553
38 43 10.1468 -4.14968
38 44 3.8182 4.38701
38 45 5.80949 4.10332
38 46 4.26495 -1.84165
38 47 11.9024 -1.14428
38 48 7.00265 0.277717
38 49 8.11612 -0.872102
38 50 5.91329 1.95054
38 51 11.741 0.661105
38 52 2.33421 0.543712
38 53 3.66277 -0.710662
38 54 6.35996 4.24712
38 55 0.210568 -3.96059
38 56 0.578039 0.406935
38 57 0.94007 0.778959
38 58 -0.732827 -0.361416
38 59 -0.0549466 1.08592
38 60 0.28564 0.725141
38 61 2.17634 -0.392264
38 62 -0.329123 1.38681
38 63 0.68942 0.662306
38 64 1.15624 0.576474
38 65 -0.520763 -0.628318
38 66 -0.591098 0.907267
39 33 5.20031 -1.97111
39 34 2.9671 -0.124464
39 35 6.61517 1.52585
39 36 -2.1627 -0.716567
39 37 3.38852 2.93954
39 38 3.28052 -0.628798
39 39 1.2623 -5.41977
39 40 8.01215 2.11008
39 41 0.526829 0.115441
39 42 10.6374 4.62772
39 43 7.58245 -2.31597
39 44 5.54101 1.87735
39 45 -0.172712 1.50502
39 46 6.46051 0.74106
39 47 -2.40732 -5.77933
39 48 0.896904 1.19796
39 49 5.75822 2.02919
39 50 8.1679 -0.409421
39 51 8.71579 2.00401
39 52 -0.905861 -0.40442
39 53 5.54898 0.295845
39 54 3.4789 -3.00815
39 55 4.17376 -1.28967
39 56 0.315263 2.44436
39 57 3.21781 0.508917
39 58 -0.413229 2.09712
39 59 -0.472321 0.76218
39 60 1.65968 0.119128
39 61 -1.01557 1.04269
39 62 1.64707 -0.516154
39 63 1.63628 0.865607
39 64 1.55483 -0.0228977
39 65 0.668831 0.455374
39 66 -0.301299 -0.190919
40 33 7.93591 0.0130372
40 34 2.44941 0.0828281
40 35 6.27589 -3.19732
40 36 7.72261 0.461599
40 37 2.99999 -0.255419
40 38 3.25217 -2.06246
40 39 3.87887 -1.29124
40 40 5.86541 -4.49122
40 41 5.73632 -3.91962
40 42 6.18028 3.79818
40 43 -2.41709 2.66132
40 44 4.24998 2.05988
40 45 -0.0345549 2.35222
40 46 9.45067 4.00553
40 47 6.46125 0.480241
40 48 6.12273 4.34353
40 49 11.6992 -0.436713
40 50 7.81959 1.26934
40 51 2.94961 5.06349
40 52 0.792319 3.26892
40 53 2.73977 0.32075
40 54 2.67235 0.297678
40 55 0.835787 0.373659
40 56 0.0926726 4.71108
40 57 -0.250409 1.17319
40 58 3.13448 0.402583
40 59 2.0432 0.402115
40 60 1.30249 -0.222792
40 61 0.76485 -0.265388
40 62 2.67306 -2.57973
40 63 0.497755 1.88388
40 64 -1.27808 2.60731
40 65 -0.955405 -1.02362
40 66 0.870524 0.854659
41 33 2.07344 -1.5426
41 34 6.6971 0.17513
41 35 5.33686 -2.51721
41 36 -2.68671 0.0843993
41 37 9.38967 0.12457
41 38 8.48485 -4.62081
41 39 4.13242 -5.93528
41 40 7.8014 -0.665713
41 41 2.6482 -2.78101
41 42 3.5434 7.05938
41 43 3.30212 2.53805
41 44 3.00223 1.58716
41 45 3.65006 -0.387623
41 46 6.48632 0.670512
41 47 4.66789 -1.55953
41 48 1.44556 4.45795
41 49 0.563834 -0.650666
41 50 5.67244 0.609581
41 51 4.95157 -0.359907
41 52 3.98875 -0.320805
41 53 4.90651 4.88851
41 54 2.95503 1.16346
41 55 2.80082 1.88178
41 56 -3.04961 -1.14362
41 57 3.27848 1.36233
41 58 1.09957 0.772637
41 59 -1.46334 -0.785872
41 60 -1.37966 3.97701
41 61 -1.134 0.825539
41 62 -0.958582 0.569275
41 63 2.23548 0.680816
41 64 2.92962 1.62121
41 65 0.375399 0.626117
41 66 0.159724 -0.000694853
42 33 2.3574 -0.668187
42 34 3.18468 0.562361
42 35 4.65852 0.730237
42 36 3.22065 -0.956651
42 37 7.73636 0.911753
42 38 4.2781 -4.03228
42 39 -1.33528 6.50673
42 40 3.00715 -2.9796
42 41 8.42835 0.126495
42 42 2.64406 -2.36653
42 43 5.21757 0.761637
42 44 6.00382 -0.148441
42 45 2.53882 1.66821
42 46 12.3905 1.99919
42 47 7.41539 -0.26699
42 48 7.36725 2.75419
42 49 -2.44294 6.88627
42 50 4.40931 2.50739
42 51 0.303154 1.75779
42 52 1.50606 -1.4166
42 53 2.04536 4.57048
42 54 -2.14131 -1.85566
42 55 4.69164 0.500976
42 56 -4.72736 0.760132
42 57 7.39598 0.646844
42 58 -0.647455 0.676803
42 59 1.87918 1.14411
42 60 -0.0238716 -0.840169
42 61 0.250214 0.672018
42 62 -0.314439 -0.148324
42 63 1.7453 -1.81007
42 64 1.45607 1.21803
42 65 0.00952971 0.370147
42 66 0.185284 0.435836
43 33 3.54727 -1.67951
43 34 0.979362 -0.261595
43 35 4.88382 -5.67576
43 36 2.48253 -5.6431
43 37 1.15852 -0.510061
43 38 5.90147 -1.83724
43 39 5.60814 0.887747
43 40 4.93584 2.22656
43 41 4.09831 1.71644
43 42 0.237029 -3.03799
43 43 6.72481 -0.963998
43 44 5.58256 0.582701
43 45 1.59534 0.941695
43 46 9.37737 4.97913
43 47 8.35499 5.47789
43 48 2.47786 4.10987
43 49 -0.354752 3.64616
43 50 7.01833 2.85484
43 51 3.56827 3.2279
43 52 5.42278 0.972565
43 53 5.12704 2.7623
43 54 -0.415385 3.10382
43 55 4.97847 1.87757
43 56 1.42952 1.66004
43 57 2.46024 2.71752
43 58 0.536497 0.713489
43 59 2.35006 2.78424
43 60 4.13821 0.444172
43 61 2.33911 0.73373
43 62 1.08418 1.59631
43 63 -0.780054 1.7764
43 64 -1.01028 0.382108
43 65 -1.86285 -0.475519
43 66 -0.886163 0.404264
44 33 2.01716 -2.42319
44 34 4.29028 2.0273
44 35 4.16755 -1.04073
44 36 0.932094 -0.604799
44 37 1.75213 4.5965
44 38 1.3426 0.804226
44 39 1.65521 -3.99742
44 40 2.70012 -0.543968
44 41 -2.68243 2.13435
44 42 4.36803 2.76525
44 43 3.82042 -1.25664
44 44 4.3359 4.24548
44 45 7.74858 4.94667
44 46 4.61817 4.36905
44 47 6.44293 -4.31916
44 48 -0.0221272 0.700972
44 49 -1.8327 -0.330838
44 50 4.00357 8.59584
44 51 0.51295 2.59508
44 52 5.30132 2.20398
44 53 9.98467 -2.55664
44 54 5.70347 3.18598
44 55 0.312871 0.430338
44 56 0.825 2.97285
44 57 2.38283 2.76089
44 58 0.771597 2.97353
44 59 -1.12044 -0.814654
44 60 -1.84396 0.0282713
44 61 0.502858 1.43849
44 62 -0.267807 1.75984
44 63 -1.66077 0.937105
44 64 -0.536291 1.56083
44 65 -0.944922 1.00002
44 66 -0.617346 1.15205
45 33 2.75036 0.234778
45 34 3.53615 -0.356783
45 35 4.98542 -5.23293
45 36 7.52675 -0.380164
45 37 0.986428 -1.54743
45 38 1.23899 -2.46724
45 39 3.28388 -3.86199
45 40 8.27807 -2.06041
45 41 4.13105 0.9674
45 42 4.13901 0.132553
45 43 1.95005 0.506352
45 44 5.15432 2.72904
45 45 13.0467 2.49877
45 46 0.226892 4.59134
45 47 -2.86312 4.90923
45 48 0.101087 -4.53456
45 49 -2.49241 -1.08439
45 50 1.98633 0.402015
45 51 1.99502 -5.27685
45 52 6.95231 -1.23969
45 53 -1.94711 2.40456
45 54 2.74871 1.71758
45 55 1.59655 0.250195
45 56 0.248635 0.735324
45 57 1.85979 1.02448
45 58 -2.28071 1.20512
45 59 0.82072 0.756388
45 60 1.65498 1.17476
45 61 0.800043 0.442208
45 62 -0.0707311 1.57593
45 63 -0.0267253 1.65011
45 64 -0.223991 -0.948222
45 65 1.61187 -0.0662351
45 66 0.773189 0.160372
46 33 3.66757 -0.82223
46 34 4.8464 -1.49049
46 35 -0.693616 -0.195821
46 36 0.412515 -5.52677
46 37 5.98125 0.978791
46 38 0.222442 -1.80549
46 39 7.60993 3.8165
46 40 5.26298 2.65899
46 41 -3.9164 -1.14724
46 42 4.83898 -2.11013
46 43 -1.6466 3.34931
46 44 0.0571951 2.46014
46 45 0.677681 -0.756375
46 46 8.45757 -2.77832
46 47 -1.32114 -0.49412
46 48 0.655272 -1.00738
46 49 6.02221 1.00367
46 50 -0.926344 1.07345
46 51 3.03258 1.78559
46 52 4.12597 0.752848
46 53 -2.44033 -2.82027
46 54 1.49537 -1.94043
46 55 2.6227 0.45646
46 56 -2.3316 2.21837
46 57 2.83833 3.59808
46 58 0.458174 1.6956
46 59 0.688586 -1.11252
46 60 0.927585 -0.561405
46 61 2.6919 0.699607
46 62 -0.591561 0.663624
46 63 -1.22655 -0.364489
46 64 0.424891 1.52668
46 65 0.0755954 0.582872
46 66 1.43677 -0.63419
47 33 2.22424 -1.77613
47 34 4.12801 -2.54375
47 35 2.25016 3.18447
47 36 3.55685 -1.53869
47 37 1.18525 0.899325
47 38 4.89359 -4.21206
47 39 3.55699 4.50699
47 40 4.02763 2.56601
47 41 2.61253 -0.849844
47 42 4.86572 0.818336
47 43 4.31387 -3.67726
47 44 1.76427 4.28269
47 45 3.44889 0.848605
47 46 5.054 0.788982
47 47 4.26618 0.566915
47 48 4.23671 0.284643
47 49 6.2197 4.56907
47 50 3.64356 4.81989
47 51 7.38984 0.890807
47 52 3.22867 3.94587
47 53 3.14291 -2.90292
47 54 2.46212 -2.50902
47 55 -1.29568 4.88036
47 56 0.257971 0.265615
47 57 1.41254 3.32371
47 58 -1.33948 0.744616
47 59 -0.538937 1.02617
47 60 2.70069 1.33841
47 61 2.31414 0.291089
47 62 0.929536 0.231613
47 63 -0.551421 -0.0631458
47 64 0.895018 1.90401
47 65 -2.27782 2.33616
47 66 0.745209 0.819983
48 33 4.01812 -2.52011
48 34 2.42333 -2.0857
48 35 -0.393337 2.64888
48 36 3.71867 3.32548
48 37 -0.52298 -1.66117
48 38 3.03643 1.72954
48 39 3.29835 1.66879
48 40 5.44732 -1.98635
48 41 4.14243 -0.645799
48 42 3.44085 0.314242
48 43 -1.89036 0.173601
48 44 1.57189 1.67002
48 45 3.60913 -0.133998
48 46 4.31781 -0.850211
48 47 2.06134 2.53192
48 48 3.09593 2.61068
48 49 -3.67171 7.35449
48 50 4.71219 1.13418
48 51 -0.0255992 1.34231
48 52 3.41973 -0.476678
48 53 1.45687 3.52367
48 54 -1.58611 1.37818
48 55 -0.998521 0.722049
48 56 -1.26977 0.306151
48 57 3.00894 -2.12397
48 58 -0.814413 0.810754
48 59 0.746519 -0.980553
48 60 1.06353 0.673216
48 61 0.698092 1.18192
48 62 3.7404 -2.01188
48 63 0.827555 -0.636745
48 64 0.508884 0.626499
48 65 0.866033 -0.388819
48 66 -0.729076 -0.209739
49 33 5.53287 -1.80112
49 34 8.43126 -2.57274
49 35 4.41805 -0.383215
49 36 2.83605 0.242549
49 37 6.19996 -0.213154
49 38 5.1889 -1.11338
49 39 8.09926 1.37094
49 40 6.44563 2.86745
49 41 5.73333 -1.26595
49 42 11.3953 -6.455
49 43 4.66756 1.81324
49 44 7.06561 2.45002
49 45 8.05505 -1.78909
49 46 4.45216 2.581
49 47 1.56648 0.395291
49 48 2.47887 1.70354
49 49 4.82078 2.07422
49 50 5.29231 -2.03951
49 51 -3.21691 1.11252
49 52 1.29511 0.482276
49 53 3.72244 1.65308
49 54 -1.0933 0.7061
49 55 0.478278 0.0589298
49 56 0.586045 -0.94512
49 57 -0.56166 -3.16822
49 58 1.23039 1.88528
49 59 5.57511 1.97686
49 60 -2.73722 1.61833
49 61 0.64344 0.74719
49 62 -1.23953 -0.00202184
49 63 -0.497052 2.93976
49 64 2.40249 1.25351
49 65 -2.87701 0.365883
49 66 -0.309563 2.15525
50 33 -0.0134465 0.0750161
50 34 -1.3409 -6.03574
50 35 6.00999 -0.51174
50 36 0.419728 -1.58756
50 37 8.49283 -8.34396
50 38 5.34162 0.692017
50 39 3.95827 -2.69524
50 40 6.08693 -2.48977
50 41 10.7174 -6.23644
50 42 9.19155 -1.45468
50 43 2.02954 1.26835
50 44 5.23034 -0.961805
50 45 4.72488 0.280984
50 46 -0.653822 3.39556
50 47 5.6102 -0.223917
50 48 9.47489 -1.002
50 49 0.922732 -0.925751
50 50 3.6059 0.681481
50 51 -1.30459 1.33189
50 52 4.02735 -0.213534
50 53 5.8724 1.76962
50 54 3.49714 2.61174
50 55 -0.627675 1.93662
50 56 5.30774 0.832314
50 57 2.91331 0.341072
50 58 0.960584 0.653343
50 59 2.71984 0.0639491
50 60 1.75822 0.890088
50 61 1.26794 1.47937
50 62 0.504811 -0.820372
50 63 -2.39678 0.978762
50 64 1.72233 0.701563
50 65 -2.65973 1.19943
50 66 1.67739 1.06346
51 33 -0.0037821 -0.422774
51 34 1.84752 2.0657
51 35 5.09018 -0.232598
51 36 6.81736 0.712879
51 37 1.25076 -0.675189
51 38 2.11544 1.85414
51 39 5.2747 2.21705
51 40 2.48034 0.0851823
51 41 6.94295 -2.82758
51 42 5.28714 2.87464
51 43 2.19146 -4.95339
51 44 3.69642 0.0102169
51 45 3.55081 5.69013
51 46 1.59162 -3.35313
51 47 4.20286 2.97463
51 48 6.79974 -1.35999
51 49 0.552157 1.85096
51 50 0.00316207 0.313138
51 51 -1.24799 -0.555718
51 52 7.30777 -0.556829
51 53 2.2074 -1.65241
51 54 2.84313 2.26815
51 55 4.26635 2.40324
51 56 3.13361 -0.12465
51 57 -0.206945 1.24223
51 58 -3.49336 -0.614139
51 59 3.26137 3.339
51 60 0.180843 -1.56777
51 61 -2.73718 -1.83352
51 62 0.896917 0.00965851
51 63 1.7315 -0.220856
51 64 2.6847 1.25791
51 65 -1.3349 0.822806
51 66 0.898914 0.865178
52 33 -1.45938 -2.36329
52 34 1.92261 -0.219
52 35 1.74482 -3.68643
52 36 2.67769 -1.26472
52 37 1.37196 0.118276
52 38 6.39815 1.28151
52 39 1.53135 0.159604
52 40 2.82883 -1.48702
52 41 -0.501686 0.126367
52 42 10.3897 -11.9704
52 43 7.396 0.337165
52 44 1.23696 -0.852891
52 45 10.3485 -4.8222
52 46 2.519 3.03751
52 47 3.17564 -0.758049
52 48 -2.42359 2.46064
52 49 5.22614 0.0170811
52 50 2.14236 0.164535
52 51 6.364 -0.143129
52 52 2.93287 2.89404
52 53 2.50999 -0.131047
52 54 0.147854 3.01865
52 55 -1.13189 0.722427
52 56 -0.78718 2.11082
52 57 1.28186 3.23558
52 58 -0.0560696 1.00366
52 59 -0.244214 1.01848
52 60 1.13334 1.92732
52 61 0.891929 -0.630719
52 62 -2.31836 0.460469
52 63 0.608532 1.21914
52 64 -0.430209 -0.0439869
52 65 0.0559607 2.02811
52 66 1.00425 -0.101004
53 33 -0.0315367 0.521597
53 34 3.49985 -1.27003
53 35 2.9376 -2.6592
53 36 -0.226854 -1.49994
53 37 -2.775 -4.95537
53 38 13.3574 1.78837
53 39 5.17485 0.389027
53 40 4.64533 2.73271
53 41 1.68159 -3.80931
53 42 6.27922 0.360936
53 43 -1.31343 0.953896
53 44 -2.31077 1.06576
53 45 7.26536 0.931312
53 46 6.14867 1.78253
53 47 0.379702 0.143334
53 48 6.62482 0.108779
53 49 6.02413 2.16567
53 50 10.6456 -0.268501
53 51 6.28489 3.38474
53 52 1.62416 0.952232
53 53 1.52923 0.843846
53 54 6.38756 -4.01135
53 55 3.57092 -2.10464
53 56 0.329583 0.557743
53 57 2.41756 1.77158
53 58 0.000202209 1.14751
53 59 2.24068 -0.665834
53 60 1.29277 -1.21066
53 61 -0.94422 0.419633
53 62 0.243923 -0.985689
53 63 1.39072 1.58512
53 64 0.0468025 0.638695
53 65 0.371107 3.46861
53 66 0.776462 -1.11598
54 33 2.62798 -0.99601
54 34 4.68525 1.37004
54 35 -2.65381 -0.980541
54 36 2.72979 0.962262
54 37 5.58315 -4.66163
54 38 -2.03016 1.29794
54 39 -2.13688 1.80873
54 40 -0.783942 -1.77839
54 41 0.578723 1.39864
54 42 2.41922 -0.892666
54 43 -0.10976 2.3649
54 44 4.41792 -2.86562
54 45 1.04263 0.65771
54 46 3.34891 -1.55041
54 47 8.53029 -2.19367
54 48 6.01646 0.978612
54 49 0.758846 -0.667105
54 50 1.79444 -0.683245
54 51 2.21879 4.14976
54 52 2.57141 -2.90708
54 53 5.96267 -0.00727483
54 54 -1.04038 1.90615
54 55 -3.00767 1.3739
54 56 0.527248 0.960016
54 57 0.00465888 -2.12319
54 58 -0.822121 2.09466
54 59 6.24856 -0.170642
54 60 -2.05285 0.0358678
54 61 2.9716 -0.283045
54 62 3.06112 1.3724
54 63 -1.03565 -1.95278
54 64 -1.07999 -0.1279
54 65 3.9475 0.906005
54 66 0.55434 1.06404
55 33 2.73958 0.343399
55 34 1.85635 -0.473081
55 35 4.57534 -1.20151
55 36 -1.70605 1.51139
55 37 6.70794 6.62243
55 38 3.37965 1.44316
55 39 5.79574 -2.52848
55 40 2.45464 -3.8036
55 41 6.74752 3.46131
55 42 5.21969 -0.942425
55 43 -0.631974 1.09545
55 44 -0.049387 -0.0483767
55 45 3.71546 -5.25602
55 46 9.45908 -4.15415
55 47 5.75419 -0.945182
55 48 3.08955 -0.890193
55 49 -0.507915 0.0542842
55 50 6.25679 0.988992
55 51 3.32734 -1.47789
55 52 4.41811 0.11627
55 53 2.43138 -0.481571
55 54 -1.99045 0.437665
55 55 -0.898886 -1.60198
55 56 1.60384 0.46325
55 57 -0.130674 1.74749
55 58 -1.41402 -1.11764
55 59 4.38905 -1.2729
55 60 4.01611 -2.76103
55 61 -0.14087 2.5293
55 62 -0.0782038 1.30214
55 63 0.0920219 2.29154
55 64 -1.7917 0.135603
55 65 1.99233 0.573133
55 66 2.92607 0.515039
56 33 3.86187 0.723197
56 34 -1.93325 -0.487154
56 35 5.60723 1.12604
56 36 -1.01067 4.48684
56 37 2.45919 -0.925837
56 38 6.85754 0.429956
56 39 3.39749 -4.22665
56 40 1.39854 -0.117753
56 41 3.48131 -0.964437
56 42 5.86099 0.802154
56 43 1.57526 -1.75235
56 44 3.61092 0.985392
56 45 2.1987 -0.23196
56 46 6.54402 -0.401205
56 47 6.02906 -1.39201
56 48 1.3252 -1.62742
56 49 8.02164 -0.567862
56 50 5.41006 -5.03913
56 51 4.15443 3.12694
56 52 2.64255 0.567591
56 53 7.6537 -0.195835
56 54 1.72022 0.269442
56 55 6.61386 2.02397
56 56 4.8839 1.93254
56 57 2.13877 3.20967
56 58 2.78645 1.83232
56 59 -0.664581 0.253496
56 60 -1.82634 0.41022
56 61 -1.3016 1.20017
56 62 -0.643504 0.802472
56 63 -0.360633 -0.311962
56 64 -0.667935 0.0811825
56 65 -0.855893 0.00166501
56 66 0.526248 0.0227885
57 33 1.61536 -0.812792
57 34 2.63759 1.23559
57 35 2.80796 -1.03873
57 36 6.05064 -5.76154
57 37 5.51849 -1.0562
57 38 5.10747 2.68924
57 39 2.65649 3.44133
57 40 1.8044 1.09798
57 41 6.86091 4.68849
57 42 3.85805 -2.5893
57 43 4.72911 1.96708
57 44 -1.43044 -1.18433
57 45 5.72613 6.23289
57 46 2.19538 0.251903
57 47 4.04474 -1.39616
57 48 0.197701 0.48922
57 49 5.60604 2.01287
57 50 4.20319 -1.30017
57 51 1.366 2.7994
57 52 -3.2103 2.35253
57 53 0.236634 -0.913784
57 54 1.25258 -0.499585
57 55 5.00965 0.332713
57 56 6.86933 0.322045
57 57 2.62576 0.752733
57 58 0.53093 3.10891
57 59 1.83114 -0.673832
57 60 2.00134 0.126502
57 61 -0.907446 1.31035
57 62 -0.91761 -0.399075
57 63 1.77895 0.301814
57 64 0.763801 0.0364784
57 65 -0.138429 0.073125
57 66 1.26024 -0.427647
58 33 1.06712 1.57993
58 34 -1.31927 -1.60986
58 35 -2.15179 -1.39723
58 36 5.41908 -2.11145
58 37 2.48513 1.24535
58 38 0.842508 0.384964
58 39 0.394303 1.35668
58 40 5.86796 1.76633
58 41 2.70254 4.17145
58 42 8.1712 2.34115
58 43 6.83993 0.827051
58 44 2.71506 -1.56015
58 45 3.99011 0.371003
58 46 2.7245 -0.740335
58 47 2.83155 -0.744775
58 48 1.82383 -0.0590685
58 49 5.0131 2.67454
58 50 4.05997 -3.12311
58 51 3.50738 1.40531
58 52 2.17798 3.05804
58 53 1.11247 5.20551
58 54 4.56477 3.71687
58 55 4.5837 2.48584
58 56 3.10139 2.04925
58 57 4.0343 0.0485408
58 58 0.67119 -2.0433
58 59 1.53547 1.08545
58 60 -0.469335 -0.897939
58 61 -0.118228 0.0664962
58 62 2.03484 3.26581
58 63 2.78279 0.266794
58 64 -0.354275 0.204053
58 65 1.57339 1.32588
58 66 0.198492 -0.359786
59 33 -0.209284 0.40365
59 34 3.31982 -1.56819
59 35 4.91955 0.489549
59 36 3.05783 0.480191
59 37 3.72004 -0.747461
59 38 0.744069 -3.43965
59 39 5.23093 -0.307399
59 40 3.16765 -1.89128
59 41 4.64197 -2.83074
59 42 2.04577 -3.31936
59 43 -1.76052 2.63689
59 44 3.37093 -0.0768823
59 45 -0.215027 -3.8145
59 46 0.445881 -1.92468
59 47 0.986718 0.244856
59 48 4.95497 -2.11166
59 49 5.32886 2.52888
59 50 2.48121 -0.482504
59 51 -0.358429 -0.800493
59 52 -1.24357 -2.51991
59 53 0.784895 4.37828
59 54 4.19123 -0.394999
59 55 -2.32246 -0.464866
59 56 -0.17213 5.29183
59 57 -0.195794 2.38237
59 58 2.55331 1.59752
59 59 1.44323 1.09313
59 60 -0.997452 -0.647582
59 61 1.64834 0.263344
59 62 -0.787874 4.29257
59 63 0.449678 0.181504
59 64 0.0859618 0.0228556
59 65 0.409527 -0.594132
59 66 1.12299 0.59159
60 33 -0.347572 -1.26387
60 34 3.36724 1.5628
60 35 1.19939 -0.284354
60 36 5.42016 0.467836
60 37 0.410217 -4.02678
60 38 -1.52992 4.12381
60 39 3.49881 -0.782611
60 40 6.1893 -0.665562
60 41 1.57617 -1.0666
60 42 6.09969 -2.70373
60 43 3.68617 1.6784
60 44 5.46124 1.01642
60 45 4.18134 -0.0765784
60 46 6.46881 -1.79658
60 47 -0.578635 0.539039
60 48 2.65485 0.361381
60 49 3.35198 -2.58487
60 50 5.32313 0.719212
60 51 -1.81654 0.0705308
60 52 3.92721 -0.312728
60 53 -5.36075 -0.42087
60 54 1.05199 -0.832892
60 55 6.89331 -0.530855
60 56 3.00268 3.22247
60 57 -4.37466 -3.04127
60 58 2.05569 0.904753
60 59 -0.288353 2.32255
60 60 -0.377939 -0.949522
60 61 -0.267111 0.373283
60 62 1.75989 1.55381
60 63 1.48924 2.68984
60 64 -0.468851 -0.918291
60 65 0.65328 -0.70295
60 66 0.306455 1.08902
61 33 0.0189637 1.12713
61 34 5.01301 -2.92352
61 35 2.69879 -1.07511
61 36 3.21424 2.39736
61 37 8.01028 -5.87226
61 38 -3.14122 0.811855
61 39 5.92156 2.42566
61 40 0.0331417 0.56438
61 41 2.26269 -1.19342
61 42 5.20307 -2.20478
61 43 2.37118 -0.81396
61 44 6.55541 3.25799
61 45 1.88077 0.934529
61 46 5.31431 -3.18629
61 47 -0.178889 6.73001
61 48 2.32855 4.08545
61 49 0.0793774 -2.37012
61 50 1.25254 3.90009
61 51 3.11503 1.55449
61 52 0.337262 2.18628
61 53 3.67507 3.68791
61 54 4.4406 -1.20688
61 55 3.18188 -1.52933
61 56 -0.282565 -0.228468
61 57 4.25497 1.02963
61 58 -1.90337 1.59715
61 59 -1.27969 1.6119
61 60 2.17182 2.79048
61 61 1.10463 2.2897
61 62 1.25088 0.883461
61 63 3.0709 1.43297
61 64 0.927426 -0.0988071
61 65 -0.540906 1.60258
61 66 1.58764 1.20859
62 33 4.21388 -0.106574
62 34 8.73245 -2.70085
62 35 6.07702 -1.5827
62 36 4.34153 1.57172
62 37 4.44986 -2.37675
62 38 1.63019 -1.28518
62 39 2.81363 -0.0407365
62 40 4.92433 0.839081
62 41 3.08746 -2.03896
62 42 2.96183 -1.46352
62 43 -2.66878 -0.00483392
62 44 5.01455 1.05331
62 45 4.36572 0.150385
62 46 0.307112 2.04647
62 47 6.4678 2.84551
62 48 2.61529 -2.11182
62 49 3.54908 2.27711
62 50 1.21626 1.0845
62 51 0.40995 2.07921
62 52 2.13383 0.312853
62 53 4.03321 0.655713
62 54 3.43178 6.20728
62 55 -2.68294 1.52776
62 56 0.0593974 1.98135
62 57 -1.07404 -1.47459
62 58 3.51921 -0.0691505
62 59 0.233338 1.5561
62 60 0.791972 1.22191
62 61 -2.57124 -0.509113
62 62 1.28612 0.113607
62 63 -1.0418 0.934395
62 64 0.275273 0.732059
62 65 1.3948 0.440258
62 66 0.975665 0.879138
63 33 2.90329 -1.32828
63 34 1.81144 0.216329
63 35 1.84361 0.265823
63 36 4.47962 -0.474007
63 37 4.36033 -1.02345
63 38 1.90548 0.849232
63 39 3.77889 -1.17511
63 40 4.07831 -0.00504254
63 41 6.78858 -0.685954
63 42 4.82719 2.19215
63 43 5.37823 -0.225398
63 44 2.74756 -3.70709
63 45 2.6864 0.151771
63 46 -0.381542 2.50044
63 47 1.87487 -1.76779
63 48 7.9169 1.72203
63 49 5.56712 2.721
63 50 4.20431 0.912995
63 51 4.93257 1.15455
63 52 2.95249 -0.330724
63 53 5.25018 -0.255338
63 54 1.34706 0.138314
63 55 7.12509 1.69994
63 56 4.18766 1.34339
63 57 -2.24524 1.84852
63 58 2.97931 4.9407
63 59 2.93286 0.259153
63 60 0.955827 0.840787
63 61 0.24622 -0.410876
63 62 -1.24856 -0.750568
63 63 0.230236 -0.0422858
63 64 -0.258329 0.595061
63 65 -0.743361 -0.534351
63 66 -0.613325 0.563047
64 33 3.71667 -0.439988
64 34 -0.635697 -1.9045
64 35 0.514487 -4.09303
64 36 2.33844 -4.57553
64 37 0.715155 -0.401086
64 38 6.17212 3.90361
64 39 4.54624 -1.94988
64 40 -1.31267 -2.69634
64 41 9.05563 0.676817
64 42 0.664292 1.7966
64 43 2.97016 -2.05207
64 44 4.09801 1.74374
64 45 4.64532 -1.24943
64 46 3.96925 2.23206
64 47 1.63289 0.824001
64 48 4.24487 5.66166
64 49 4.04248 0.673576
64 50 -0.0127568 -2.71704
64 51 3.28167 2.34883
64 52 3.51449 2.1329
64 53 2.49406 0.504485
64 54 0.821482 0.644049
64 55 3.17789 1.91771
64 56 3.04512 1.57653
64 57 -1.37441 -0.0709815
64 58 0.860952 1.24428
64 59 3.75896 0.156425
64 60 1.35675 1.56941
64 61 2.3696 1.74076
64 62 0.597778 0.990803
64 63 0.0744176 -0.383296
64 64 -0.503298 1.16556
64 65 -0.211006 -0.434009
64 66 0.606259 -0.131088
65 33 1.63152 -3.04176
65 34 0.83988 -2.65448
65 35 1.89659 -1.68398
65 36 4.98147 -1.09695
65 37 3.87493 0.627882
65 38 5.19787 -1.157
65 39 6.23511 -0.905731
65 40 4.51391 -3.14475
65 41 6.90057 -1.77331
65 42 5.50571 0.521836
65 43 3.47133 -2.04686
65 44 5.02762 1.15272
65 45 5.15099 -0.933255
65 46 3.62985 1.23076
65 47 3.86918 1.86707
65 48 4.65449 0.116562
65 49 5.94389 0.178067
65 50 2.88942 -0.772829
65 51 3.0304 -0.557687
65 52 5.29612 0.0482967
65 53 2.86445 0.428077
65 54 -1.60999 0.661527
65 55 0.653499 0.546162
65 56 2.59541 -2.91724
65 57 -0.130791 0.960792
65 58 2.42171 1.0197
65 59 2.64046 -1.64295
65 60 3.56093 2.25093
65 61 1.17242 1.31665
65 62 1.20082 0.672785
65 63 1.06612 0.360362
65 64 0.665934 0.195228
65 65 1.14458 0.440505
65 66 0.303691 0.282902
66 33 1.59692 -2.36766
66 34 4.22168 -1.41577
66 35 6.56019 -1.07642
66 36 5.21536 -2.00724
66 37 2.86371 -0.698356
66 38 3.68159 -1.65012
66 39 5.14897 -0.11087
66 40 5.80638 -2.08929
66 41 5.09123 -2.21884
66 42 2.99879 -0.880949
66 43 5.23154 0.697785
66 44 7.58015 0.480021
66 45 5.51935 -1.55168
66 46 5.58166 1.49202
66 47 5.66386 1.19385
66 48 5.00708 2.29604
66 49 4.45082 1.911
66 50 4.74164 0.659616
66 51 3.97075 0.286888
66 52 3.02795 1.55227
66 53 4.62759 0.579407
66 54 0.741066 1.6715
66 55 4.54326 0.34527
66 56 1.37441 0.408543
66 57 1.73172 2.2922
66 58 2.13683 0.52214
66 59 2.61181 1.4714
66 60 2.55212 1.27772
66 61 2.03255 -0.194994
66 62 0.374597 0.566407
66 63 1.40285 0.602534
66 64 0.550829 0.498362
66 65 1.25101 -0.127763
66 66 0.716354 0.190033
67 33 0.198794 -0.00453754
67 34 0.533696 -0.206272
67 35 0.793226 -0.0351903
67 36 0.659948 -0.0822618
67 37 0.605819 -0.414487
67 38 0.547539 -0.231896
67 39 0.863001 -0.234936
67 40 0.626014 -0.0781366
67 41 0.747557 -0.101011
67 42 0.431571 -0.110313
67 43 0.623529 0.0368435
67 44 1.03459 -0.105748
67 45 0.643126 -0.258291
67 46 0.475082 0.245261
67 47 0.765793 -0.0248578
67 48 0.520581 0.145705
67 49 0.633629 -0.0214715
67 50 0.422852 -0.0586598
67 51 0.73866 -0.0240531
67 52 0.486978 -0.00406801
67 53 0.517391 0.10015
67 54 0.548129 0.289864
67 55 0.560322 0.107322
67 56 0.137982 -0.00632557
67 57 0.374657 0.0409149
67 58 0.482896 0.180432
67 59 0.241178 0.115711
67 60 0.324266 0.130078
67 61 0.273363 0.168004
67 62 0.130967 0.0556319
67 63 0.274933 0.106747
67 64 0.370842 0.104631
67 65 0.127376 -0.00876962
67 66 0.0930674 -0.0756648
