0 34 -0.000179241 0.000369784
0 45 0.000234619 -5.27854e-05
0 51 0.000264201 -5.10354e-05
0 60 -0.000124658 -0.000452923
1 36 0.000320524 -0.000162762
1 37 0.000244715 -0.000271142
1 38 -0.000136441 7.22538e-06
1 40 4.35467e-05 2.4352e-05
1 41 0.000378332 1.43486e-05
1 42 -0.000106355 -4.6885e-05
1 43 0.000203514 0.000464705
1 44 0.000232388 8.04072e-07
1 46 0.000366236 0.000240576
1 48 0.000233774 0.00041081
1 52 -0.000164265 8.85571e-05
2 34 -0.000313 0.000140054
2 35 -7.43038e-05 0.000384847
2 37 -0.000949925 0.000283803
2 39 -5.08765e-05 3.00619e-06
2 40 -0.000111218 1.31346e-05
2 46 0.000140385 1.15473e-05
2 48 -8.04856e-05 -5.68286e-05
2 51 -0.000293731 6.63701e-05
2 56 -0.00028517 -0.000321417
2 62 -8.06315e-06 2.34914e-05
3 34 -0.000360468 -7.29166e-05
3 35 2.97951e-05 1.24443e-05
3 36 -0.0001579 2.46987e-05
3 37 0.000472083 4.65637e-06
3 38 6.85269e-05 -5.52051e-06
3 39 0.00029428 0.000290582
3 40 4.15565e-06 4.9577e-06
3 41 1.01005e-05 1.06198e-05
3 44 -8.28176e-05 2.38237e-05
3 45 -4.63458e-05 -0.00017825
3 47 0.000258696 0.000346706
3 48 -0.000172359 7.08523e-05
3 49 -6.00838e-05 -4.62863e-05
3 51 -0.00032973 -2.7425e-05
3 56 -5.33878e-06 3.04031e-05
3 59 -3.17291e-06 1.04491e-05
4 33 6.07095e-05 -0.00040725
4 34 -0.000197427 0.000101574
4 35 -0.000257994 7.32643e-05
4 36 -0.000154295 -4.12857e-05
4 38 0.000407942 0.000283607
4 39 -0.000152572 -1.37949e-05
4 40 -0.000576037 -0.000383097
4 41 -1.63358e-05 3.79829e-06
4 42 -5.70848e-05 -0.000106331
4 43 0.000189511 0.000275301
4 44 0.000328448 -9.6463e-05
4 45 -0.000106467 0.000119541
4 46 0.000936566 -0.000122788
4 47 0.000174477 -0.000150747
4 48 -0.000383533 -0.000284554
4 49 -5.70789e-05 -1.74384e-05
4 50 0.000298897 -3.94814e-05
4 51 5.46666e-05 -0.000179987
4 52 5.38381e-05 -1.11695e-06
4 54 0.000220111 0.000259678
4 55 0.000270236 0.000235944
4 57 -0.000351916 0.000276808
4 65 3.94902e-06 4.96852e-05
5 34 0.000452764 -0.000170065
5 35 0.00016598 0.000329082
5 36 0.000940459 -6.26392e-06
5 38 -8.23929e-05 -4.91547e-05
5 39 -0.000218211 -0.000340052
5 40 -0.000130479 0.000137746
5 41 -0.000129673 -0.000133715
5 42 0.000278418 -1.25442e-05
5 43 -0.000252433 0.000561865
5 44 3.4601e-05 0.00043575
5 46 -2.1232e-06 -3.92869e-06
5 47 0.000569976 -0.000496179
5 49 -0.000196119 0.000397362
5 50 -0.000380296 0.000236822
5 51 -3.46777e-05 5.0229e-05
5 53 -0.000340001 0.000538585
5 59 0.000358856 0.000151706
6 33 -0.000187912 3.86006e-05
6 34 0.000389876 0.00013842
6 35 -0.000175368 -0.000181473
6 36 -0.000827167 2.42345e-05
6 37 0.000173244 -0.000151882
6 38 -6.96453e-05 -0.000145661
6 39 -0.000510242 8.50763e-05
6 40 -0.000306584 0.000588764
6 41 -0.000104368 -1.67446e-05
6 42 -0.000774794 0.000467513
6 43 -0.000506009 -7.3114e-05
6 44 0.000273381 0.00105452
6 45 0.000259916 -0.00012696
6 46 0.000434365 -0.000163532
6 47 0.000312495 7.43018e-05
6 48 0.00041368 -6.66444e-05
6 49 0.000155244 1.9214e-05
6 50 0.000144169 0.000254022
6 51 0.000527532 -0.000128017
6 52 0.000285634 9.90374e-05
6 55 -0.000242987 0.000100774
6 56 5.55074e-05 0.000152762
6 60 -3.25362e-05 1.48698e-05
7 34 0.000399833 -0.000268045
7 35 0.000396597 -0.000537848
7 36 -0.000540719 -9.07638e-05
7 37 0.000211889 0.000196734
7 38 0.000272295 0.00057017
7 39 4.80596e-05 -0.00012736
7 40 0.000510033 -0.00030841
7 41 0.00024701 5.11734e-05
7 42 0.00054994 3.83924e-05
7 43 0.000672135 0.000461922
7 44 0.000331035 -0.000212931
7 45 -0.000210664 0.000161996
7 47 0.000580249 0.000149875
7 48 0.000175029 -0.000105859
7 49 -5.87273e-05 2.38427e-05
7 50 0.000276545 -0.000401551
7 51 4.82343e-05 5.22988e-05
7 52 -0.000179447 6.86714e-05
7 53 -0.00016862 0.000112025
7 54 -0.000281593 0.000664314
7 57 -0.000147908 0.000168977
7 60 -1.60797e-05 -1.69539e-06
7 61 0.000167919 -0.000110321
8 33 0.000165173 -0.000283439
8 34 6.21135e-05 2.44028e-05
8 35 9.02128e-05 -2.41556e-05
8 36 0.000864726 -0.000312233
8 37 0.00100777 0.000143033
8 38 0.000332027 -0.000105901
8 39 0.000309876 -0.000555529
8 40 0.000643593 -7.76813e-05
8 41 0.000214128 4.19858e-05
8 42 0.000174814 -4.57717e-06
8 43 -6.79515e-06 -3.64767e-05
8 44 0.000103695 0.000140968
8 45 -0.000223156 7.63582e-05
8 46 -0.000306134 0.000232798
8 47 0.000387972 8.46414e-05
8 48 0.000196563 -0.000113503
8 49 0.000389105 0.000567872
8 50 0.000294148 -0.000173809
8 51 0.000233621 0.000272054
8 52 0.00044526 6.77234e-07
8 53 0.000377098 5.54651e-05
8 54 0.000295749 -0.000107215
8 55 0.000434793 -0.000235726
8 56 9.0066e-06 0.00015744
8 57 -5.39428e-05 0.000156956
8 58 1.47097e-05 3.70016e-06
8 66 -6.84142e-05 -0.00023618
9 35 -0.000678644 0.000548715
9 36 -0.000944387 0.000287675
9 37 0.000446108 0.000196734
9 38 5.91349e-05 -1.57768e-05
9 40 -0.000177163 -0.000222788
9 41 9.65181e-05 -0.000118
9 42 -0.000287837 -0.000267568
9 43 0.000666506 9.75748e-05
9 44 0.000690355 -0.000516706
9 45 -2.7564e-05 0.000170535
9 46 -0.000472648 -0.000129939
9 47 -9.47822e-05 -0.000308896
9 48 0.000313014 6.16713e-05
9 49 0.000432413 0.00010389
9 50 -0.000124395 0.000107616
9 51 3.22711e-06 0.00062758
9 52 0.000160927 0.000385064
9 54 -0.000175398 -0.000173978
9 56 7.37915e-05 -0.000333236
9 57 0.000185194 4.91869e-05
9 58 0.000404033 -0.000157138
9 59 4.86617e-05 4.94651e-05
9 60 0.000236572 0.000523019
9 65 -4.25511e-05 0.000187197
10 33 0.000153927 -2.88619e-05
10 35 0.000666061 8.58439e-05
10 36 0.000301654 7.78202e-06
10 37 0.000535547 0.000694168
10 38 0.000101883 0.000265059
10 39 0.000382158 0.000307075
10 40 0.000255309 8.25803e-06
10 41 7.58149e-05 -4.71705e-05
10 42 -9.40159e-05 -9.86526e-05
10 43 0.000130713 -0.000412427
10 44 -0.000193548 0.000340022
10 45 -0.000408083 -5.88931e-05
10 46 0.000455982 0.000298944
10 47 0.000398192 0.000252481
10 48 0.000306955 0.000385645
10 50 -0.000139019 0.000757325
10 51 0.000126111 -2.78985e-06
10 52 9.44228e-06 -0.000315068
10 53 0.000232477 -3.20404e-05
10 54 1.63874e-05 3.94268e-06
10 55 7.90404e-05 -4.88328e-05
10 57 -0.000184846 4.47713e-05
11 33 0.000223647 -0.000168069
11 34 0.000152333 -7.24385e-05
11 35 0.000503802 0.000580374
11 36 0.000337818 0.000192609
11 37 2.26956e-05 0.000179974
11 38 7.30865e-05 -0.00049101
11 39 -0.000505096 -1.3852e-05
11 40 0.00013743 0.000339311
11 41 -0.00139 -0.000890904
11 42 0.000378531 -3.17195e-05
11 43 0.000336638 0.000188708
11 44 0.000242185 0.000245378
11 45 0.000838112 -0.000669217
11 46 -0.000286946 -0.000128961
11 47 -7.26027e-05 0.000221085
11 48 -0.000226797 -0.000333006
11 49 -0.000313291 -0.000197691
11 50 -0.000375112 -0.000517958
11 52 3.04337e-05 -6.70223e-05
11 53 -0.000410474 -0.000197624
11 54 -1.58374e-05 5.66377e-06
11 56 3.61493e-05 0.000250745
11 58 0.000155994 -0.0001514
11 59 5.59394e-05 -3.30335e-05
11 60 9.40993e-05 -6.90796e-05
11 64 -0.000305137 -0.000154687
12 33 0.000284619 -2.04001e-06
12 34 0.00040661 -0.000415854
12 35 -9.05657e-07 -4.20492e-05
12 36 0.000105234 -0.000354485
12 37 0.000398114 -0.000107748
12 38 0.000108044 0.000519075
12 39 0.000578321 -0.000685673
12 40 0.0004467 0.000261284
12 41 0.000182597 3.22954e-05
12 42 0.000103298 0.000653144
12 44 0.00126494 7.80515e-05
12 45 -7.94652e-05 -0.000346644
12 46 -0.000255998 -0.000139622
12 47 -7.46513e-05 -0.000319639
12 48 0.000474072 0.000156569
12 49 0.000289512 0.000261135
12 50 0.000507658 8.10763e-05
12 51 0.000706064 -0.00049043
12 52 0.000534444 3.31033e-05
12 54 0.000145157 0.000214313
12 55 -2.48761e-05 -3.73433e-05
12 56 -8.82942e-05 -0.000241803
12 58 -0.000459647 0.000363167
12 60 0.000367826 -5.49026e-05
12 64 -0.000148195 0.000208553
12 65 -0.000274853 1.41224e-05
13 33 -4.38952e-05 -0.00029216
13 34 -0.000200416 -6.9225e-05
13 35 0.000402548 -0.00050942
13 36 -9.28643e-05 0.000152911
13 37 -5.79804e-05 -0.000443654
13 38 -4.71588e-05 -0.000119014
13 39 8.50711e-05 -8.78372e-06
13 40 3.24494e-05 -8.80941e-05
13 41 -0.000181035 0.000121983
13 42 0.000322159 -0.000258615
13 43 -0.000545227 7.9322e-05
13 44 -0.000409954 -2.26175e-05
13 45 6.87314e-06 -3.83135e-05
13 46 4.0994e-05 -2.81897e-05
13 47 0.000300483 0.000578832
13 48 0.000518557 -0.00042282
13 49 -0.000127232 8.1963e-05
13 50 -0.00016388 -0.000374927
13 51 0.000261727 3.25413e-05
13 52 0.000286352 0.000219929
13 54 -7.64187e-05 6.00877e-06
13 56 -2.0015e-05 5.43659e-05
13 57 2.06265e-05 6.5616e-05
13 65 2.76813e-05 0.000264259
14 34 -0.000229656 -0.000151668
14 35 2.25658e-05 -0.000244572
14 36 0.000121052 7.91162e-05
14 37 -0.000320597 -0.000448688
14 38 0.000470575 -0.000596257
14 39 7.92899e-05 -6.90067e-05
14 40 0.000299688 0.00034743
14 41 6.97091e-05 0.000429111
14 42 4.2622e-05 0.000212672
14 43 0.000135911 0.000133415
14 44 -0.000189193 -0.000214877
14 45 -8.43985e-05 -0.0006141
14 46 -6.50425e-05 -0.000123636
14 47 -0.000224218 -0.000163532
14 48 -0.000383581 0.000193418
14 49 0.000100882 0.000428781
14 50 -1.99744e-05 6.9786e-05
14 51 0.00036157 0.000158299
14 52 0.000155176 0.000340269
14 53 0.00038449 0.000225377
14 54 -0.000167118 -0.000150043
14 55 0.000141057 8.47768e-05
14 56 0.000226873 -0.000131748
14 57 0.000148566 -0.000165834
14 58 -0.000382563 -0.000320976
14 60 -0.000433523 7.63426e-05
14 61 -9.16364e-05 -0.000101324
14 64 -0.00041273 0.000105688
15 34 -4.68394e-05 0.000428831
15 35 0.000158971 0.000128334
15 36 0.00030807 0.000114481
15 37 -0.000231907 -0.000872964
15 38 0.000263375 0.000231354
15 39 0.000195918 -4.07999e-05
15 40 0.000483666 0.000487695
15 41 -7.29192e-05 -0.000387058
15 42 -0.000101367 0.000469714
15 43 0.00138172 0.000460942
15 44 -0.000257743 0.000371837
15 45 5.04727e-05 3.68557e-05
15 46 0.000124854 -7.95412e-05
15 47 -0.000311536 0.000220378
15 48 -4.70896e-05 0.000295802
15 49 0.000401779 0.000738398
15 51 0.000305268 0.0002379
15 52 -0.000454779 6.61073e-05
15 53 -0.00058283 0.000453698
15 54 0.000237677 0.000732677
15 55 5.58612e-05 0.000430505
15 56 -0.00038967 3.54853e-05
15 57 4.35287e-05 0.000176457
15 58 0.00033465 0.000167034
15 59 7.21323e-05 0.000118598
15 61 -8.66494e-06 -5.69084e-06
15 62 -8.54272e-05 -3.35422e-05
16 33 -0.000443573 -0.000100713
16 34 0.000100984 4.11651e-05
16 35 7.52352e-05 9.87661e-05
16 36 0.000448022 8.98228e-05
16 37 -0.000109185 -8.1351e-05
16 38 4.15976e-05 3.61323e-05
16 39 0.000366026 -3.42949e-05
16 40 0.000259573 -0.000152037
16 41 2.80223e-05 -0.00012471
16 42 0.000383881 -0.000124883
16 43 0.000234012 -9.64046e-05
16 44 0.000254434 0.000396695
16 45 -0.000158861 -0.000136857
16 46 0.000158602 -2.24355e-05
16 47 0.000475388 0.000177633
16 48 -0.000307822 -5.16274e-05
16 49 -1.32722e-05 -8.78073e-06
16 50 0.000664964 0.000111908
16 51 -1.01011e-05 0.000116326
16 52 -0.000236146 0.000231909
16 53 0.000303167 0.000396366
16 55 -0.000258093 0.000354423
16 57 -0.000376899 -0.000324763
16 59 0.000257754 0.00027865
16 60 0.000265548 -7.25276e-05
16 61 -0.000132058 9.89401e-05
16 62 0.000404843 -0.000100408
16 65 -5.71291e-05 0.000486412
17 33 0.000198602 -0.000218667
17 34 0.000317176 -6.33231e-05
17 35 0.000339154 -7.40407e-05
17 36 -0.000220574 0.000143102
17 37 8.47142e-05 -2.94926e-05
17 38 0.000713963 -7.93313e-05
17 40 0.00103183 0.000678565
17 41 -4.2059e-05 5.93892e-06
17 43 0.000606794 0.000194083
17 44 -9.31213e-05 -3.94199e-05
17 45 -6.45254e-05 1.57307e-05
17 46 0.00033449 0.000426749
17 47 -0.000693458 -0.000541155
17 48 -0.000254781 0.000217383
17 49 0.000105573 -6.94186e-05
17 50 -0.000459996 0.000121625
17 51 -0.000292779 0.000151032
17 52 0.000287722 0.000146984
17 53 3.95715e-05 -6.20829e-05
17 54 0.000335367 -7.00471e-05
17 56 -0.000390357 0.000171698
17 58 4.35125e-05 4.09213e-05
17 60 -0.000341158 -0.000172997
18 33 0.000674559 -0.00023667
18 34 0.000121149 -8.58488e-05
18 35 9.42364e-05 6.58018e-05
18 36 -0.000277161 -0.000287786
18 37 0.000138856 4.81025e-05
18 38 -0.000314573 0.000302815
18 39 0.000424643 0.000411732
18 40 -3.1786e-05 0.000130075
18 41 0.000791192 0.000261997
18 42 -0.000129979 3.14146e-05
18 43 -0.000476751 0.000116806
18 44 -0.000361759 -0.000282783
18 45 -0.000646536 0.000504382
18 46 0.000760108 0.000452426
18 47 0.000390362 0.000172557
18 48 0.000824952 0.000292729
18 49 0.000795592 -0.000435925
18 50 -0.000181319 0.000438803
18 51 0.000131727 -5.36673e-05
18 52 0.000142651 0.000308332
18 53 0.000429697 0.000292047
18 54 0.000171226 -0.00019999
18 55 -0.000261531 0.000601164
18 57 -9.48246e-05 8.96739e-05
18 61 8.10372e-05 -8.20688e-05
18 62 0.000208664 0.000355525
18 63 5.42421e-05 -0.000134653
19 33 -0.000150048 -2.09639e-05
19 34 3.42116e-05 -0.000152558
19 35 -8.91857e-05 0.000145978
19 36 0.000505837 -2.59462e-05
19 37 7.37102e-05 -0.000975903
19 38 0.000945397 -0.000361687
19 40 8.90777e-05 1.75064e-05
19 41 -9.84938e-05 -0.000146037
19 42 -5.45173e-05 -0.000248886
19 43 0.000503621 2.75354e-05
19 44 -3.49271e-05 0.000194252
19 45 -0.000453497 -8.25902e-05
19 46 0.000415606 -0.000315954
19 47 3.81486e-05 -0.000160071
19 48 -0.000240723 -0.000243021
19 49 0.000457769 0.000225298
19 51 -0.000172373 -0.000120581
19 52 -0.000585713 -0.000202755
19 53 0.000539156 4.87969e-05
19 54 0.000201151 0.000292701
19 55 1.33399e-06 -0.000236955
19 56 4.758e-05 1.87475e-05
19 57 -0.000140461 0.000197198
19 59 0.000299554 5.18452e-05
19 62 8.54393e-05 3.82327e-05
19 64 -8.56753e-06 3.43022e-05
20 33 0.000672284 0.00013174
20 34 -7.59706e-05 6.85616e-05
20 35 5.10986e-05 -1.06102e-05
20 36 0.000105969 -7.0875e-05
20 37 8.52339e-05 -0.000176118
20 38 -0.000431272 -0.000388013
20 39 -5.63989e-05 2.7504e-05
20 40 -0.000164784 0.00029407
20 41 0.00018961 -8.13392e-05
20 42 0.000100384 0.000404043
20 43 -0.00101028 5.53914e-05
20 44 -0.000501491 0.000250013
20 45 -0.000488683 6.19483e-05
20 46 4.69477e-05 -2.67478e-05
20 47 0.000192414 -0.00019942
20 48 0.000142936 -0.000310019
20 49 -0.000232164 0.000169921
20 50 0.000170122 -0.00025494
20 51 -0.00042149 -0.000114906
20 52 0.00120928 2.48786e-06
20 54 0.000280858 0.000448196
20 60 0.000436896 -0.000119061
20 61 -0.000455111 0.000112263
20 62 5.88135e-05 -1.44284e-06
20 63 8.08085e-05 0.000103863
21 33 0.000126935 3.12037e-05
21 34 0.000138342 0.00023703
21 35 0.000213102 5.47726e-05
21 36 0.000745182 9.65321e-05
21 37 0.000552579 0.000258267
21 38 0.000919089 -0.000193946
21 39 -0.000195708 0.000330313
21 40 -0.000385223 1.00652e-05
21 41 1.99169e-05 -8.02777e-05
21 42 0.000276388 -0.000176985
21 43 0.000659374 0.000256227
21 44 0.000601816 -8.67572e-05
21 45 0.000823333 0.000232453
21 46 -0.000281171 0.000471731
21 47 0.000656875 -0.000116533
21 48 -0.000281003 3.18465e-05
21 49 0.000385861 -0.000230614
21 50 0.000824906 1.98802e-05
21 51 -6.82689e-05 -1.0768e-05
21 52 0.000185486 0.000259959
21 53 0.0003376 0.00028509
21 54 0.000709182 0.000728638
21 57 -0.000368377 0.000108925
21 58 0.000364624 8.57053e-05
21 59 -0.000205165 -0.000188005
21 60 -0.00039063 -6.17131e-05
21 61 -0.000164178 -8.31017e-05
21 62 0.000115439 -0.00027461
22 34 2.89961e-05 0.000230133
22 35 -0.000981018 0.000245991
22 36 0.000265473 0.000247194
22 37 -0.000174339 -0.000205059
22 38 0.000638747 8.60211e-05
22 39 0.00119629 0.000144158
22 40 0.000467348 0.000300013
22 41 0.000347222 0.0003872
22 42 0.00021032 5.48159e-06
22 43 0.000668785 0.000218849
22 44 4.49132e-05 -9.12957e-05
22 45 8.84847e-05 6.24979e-05
22 46 0.000345239 -0.000141467
22 48 0.000520685 -0.00013201
22 49 0.000140542 -1.16852e-05
22 50 -4.93743e-05 -0.000379801
22 51 -0.000505211 0.000172857
22 52 -0.000394023 -0.000145973
22 53 -0.000225738 0.000605281
22 54 6.04174e-05 7.54984e-06
22 55 0.000353892 -0.000308882
22 56 9.53201e-06 0.000779639
22 58 -8.6996e-05 -0.000135082
22 60 0.000165358 -6.71273e-05
22 61 0.000305595 2.84067e-05
22 62 6.03292e-05 2.36372e-06
22 63 0.000334938 0.000132844
23 36 0.000371166 -0.000180244
23 38 -2.51667e-06 -0.000687302
23 39 9.88803e-05 -0.000256232
23 40 0.000308979 -0.000176548
23 41 -0.00043747 -0.000311155
23 42 0.00050011 0.000237311
23 43 -0.000436677 -0.000469726
23 44 0.0010939 -9.74677e-05
23 45 -0.000142232 -8.29403e-05
23 46 0.000548394 0.000291675
23 47 8.916e-05 -0.000250959
23 48 0.000362146 0.000190273
23 49 0.000392539 -0.000402409
23 50 0.00044295 -5.33749e-05
23 51 -0.000131537 -8.04631e-05
23 52 -0.000259414 0.000645234
23 53 0.000331125 7.34064e-05
23 54 9.12007e-05 0.000257233
23 55 -0.000230703 -7.27724e-06
23 56 7.60113e-05 8.89636e-05
23 58 -0.000172155 -0.000205398
23 61 -0.000250325 7.36806e-05
23 62 4.0457e-05 3.31136e-05
23 65 7.90323e-05 0.000485903
23 66 0.000102334 0.000130786
24 34 0.000604045 -0.000362116
24 36 0.000206897 0.000193522
24 37 0.00030323 -1.58507e-05
24 38 0.000460326 -4.91115e-05
24 40 0.000114779 -0.000159215
24 41 0.000875804 0.000276744
24 42 4.40159e-05 0.000195441
24 43 -6.94978e-05 -4.44757e-05
24 44 -0.000151026 0.000164659
24 45 0.000264277 0.000108927
24 46 0.000609424 -0.000400945
24 47 0.000116033 -7.02436e-06
24 48 0.000202681 0.00047708
24 49 0.000286631 -0.000117868
24 50 2.72041e-05 0.000333567
24 51 -0.000211388 0.000364069
24 52 -0.000153153 0.000354099
24 53 0.000582702 0.000246865
24 54 -0.000159085 0.000325491
24 55 0.000107213 8.46632e-05
24 56 0.000178654 0.000185429
24 57 0.000428507 -0.000165194
24 58 -0.000660606 2.84117e-05
24 59 6.11272e-05 0.000363282
24 61 0.000176603 0.000165401
24 63 6.52714e-05 0.000141944
24 64 7.9293e-05 -4.94007e-05
24 65 4.85997e-05 0.000204876
25 33 -2.07493e-05 -3.0105e-05
25 34 -0.000105542 -8.27778e-05
25 35 -0.000355907 -0.000290835
25 36 2.82623e-05 -9.62039e-05
25 37 -6.91657e-05 0.000360155
25 38 0.000412548 4.00408e-06
25 39 0.000409026 5.37672e-05
25 40 -0.000117919 -0.00023482
25 41 0.000634054 -7.67498e-05
25 42 -0.000326458 -5.71839e-06
25 43 -2.89323e-05 0.0003266
25 44 0.000545702 0.000400298
25 45 0.000117269 0.000160483
25 46 0.000347837 -0.000242041
25 47 -5.70673e-05 -0.000114265
25 48 9.73848e-05 0.00012949
25 49 0.000380685 6.47429e-05
25 50 0.000565009 9.30613e-05
25 51 0.000869561 4.56854e-05
25 52 -0.000252749 3.5017e-05
25 53 -0.000162904 8.34683e-05
25 54 0.000518013 0.000320862
25 55 0.000639385 0.000658029
25 56 3.20923e-05 1.24842e-05
25 57 0.000363973 -0.000161995
25 58 -0.000299935 -0.000310759
25 59 0.00014356 6.12034e-05
25 60 0.000155223 -3.24446e-05
25 61 0.000206307 -2.89059e-05
25 64 0.000217298 0.000163223
26 33 0.000351479 -4.4859e-05
26 34 0.000486882 -0.000114333
26 35 -6.71102e-05 0.000313543
26 36 -0.000394212 9.75093e-05
26 37 0.000163668 5.47898e-05
26 38 0.00083809 0.000234942
26 39 6.34308e-05 0.000621532
26 40 -7.97063e-05 -0.000108775
26 41 0.000653575 0.0003616
26 42 -0.000186758 6.93558e-05
26 43 -0.000210694 -0.000218553
26 44 0.000937648 -0.000123618
26 45 0.000185665 0.000277051
26 47 0.000886346 0.000619896
26 48 0.00052102 -0.000337828
26 49 0.000235453 -7.76865e-05
26 50 -0.000708805 0.000384847
26 51 0.00063782 0.000502981
26 53 0.000367473 -0.000116493
26 54 0.000122283 -0.00024427
26 55 3.96927e-05 2.90354e-05
26 56 -0.000150772 0.000293688
26 58 -0.000447649 4.78309e-05
26 60 -0.000191202 0.000173518
26 61 -4.27827e-05 6.1006e-05
26 66 7.62121e-05 3.19022e-05
27 34 0.000153688 -0.000176923
27 35 0.000284907 -0.000170056
27 36 -3.38388e-05 -0.000104101
27 37 2.35782e-05 -2.98676e-05
27 39 7.70151e-05 -6.6997e-05
27 40 0.000348411 -0.000139457
27 41 2.82811e-05 -0.000219627
27 42 0.000572107 -0.000204259
27 43 0.000264078 -0.000373404
27 44 0.000412749 -0.000220917
27 45 0.000205544 0.000162561
27 46 4.82135e-06 -1.73883e-05
27 47 0.000442808 0.00102079
27 48 0.000587059 -0.000216915
27 49 5.97475e-05 0.000150677
27 50 0.000635693 0.00023402
27 51 0.000312452 -0.000108088
27 52 0.00051179 1.71914e-05
27 53 4.03022e-05 7.97827e-05
27 54 -1.93573e-05 0.00057711
27 55 0.000235029 -4.3276e-06
27 56 0.00018761 5.21062e-05
27 57 -0.000211324 -0.000146448
27 58 3.6376e-05 1.98055e-05
27 59 0.000220342 5.51101e-05
27 60 -0.000442161 5.2e-05
27 61 0.000147089 0.000235933
28 33 -0.000351437 0.000212699
28 34 -0.000216989 -0.00011429
28 35 -0.000332935 0.000183421
28 36 0.000459757 -2.809e-05
28 37 2.5512e-05 -1.39833e-05
28 38 -0.000124442 -0.000180743
28 39 0.000319666 0.000222773
28 40 0.000345106 6.44424e-05
28 42 0.000386494 -0.000136556
28 43 0.00057923 -0.000156914
28 45 0.00036906 0.000382334
28 46 0.000604753 -1.88551e-06
28 47 0.000363938 0.000148661
28 48 0.000273764 -0.000316219
28 49 0.000155775 0.000237638
28 50 0.00050708 -1.37001e-05
28 51 -2.13291e-05 -9.11339e-05
28 52 0.000912319 5.33754e-05
28 54 6.05654e-05 1.35062e-05
28 56 -0.000123344 0.000210722
28 57 7.24247e-05 0.000192954
28 58 -0.000186903 0.000139547
28 60 -0.000178516 6.27285e-05
28 63 -0.000233034 -0.00013055
28 64 2.08474e-05 -2.3417e-05
29 33 0.000266598 0.000351476
29 34 -0.000250781 0.000366248
29 35 -0.000200193 -0.000183139
29 37 -0.000297132 -0.000171102
29 38 0.000643314 -5.65671e-05
29 39 -0.000397646 -0.000139794
29 40 -0.0001495 -0.00026252
29 41 8.57117e-05 0.000375771
29 42 0.00014256 -2.21075e-05
29 43 -8.24112e-05 -8.03566e-05
29 44 -1.77657e-05 0.000619589
29 45 7.50396e-05 -0.000111432
29 46 -2.70623e-05 1.17384e-05
29 47 7.58309e-05 -7.48502e-05
29 48 6.64921e-05 3.8559e-05
29 49 0.00019957 0.000236651
29 50 -0.000214397 0.000115499
29 51 -9.53482e-05 -3.37197e-05
29 52 0.000747643 0.000143612
29 53 4.16733e-05 -0.000341367
29 54 -0.000241299 0.000153411
29 56 -0.000103254 -9.7975e-05
29 58 -8.23093e-05 0.00018488
29 59 -0.000332461 -0.000186427
29 61 0.000366036 -0.000122003
29 62 9.4278e-05 3.25622e-05
29 65 -1.60984e-05 4.14803e-05
29 66 -0.000245243 0.000160982
30 33 0.000420728 0.000205069
30 35 0.00079027 -0.000892534
30 36 0.000278172 0.000365927
30 37 0.000204983 0.000113393
30 38 -7.63967e-05 -0.000195194
30 39 -8.2915e-05 0.000219465
30 40 0.000628904 -7.43433e-05
30 41 0.000488369 -0.000144429
30 42 0.000473006 -0.000407075
30 43 0.000737868 -0.000177468
30 44 -0.000424911 0.000182316
30 45 -0.000217732 7.32948e-05
30 46 0.000240557 3.97978e-05
30 47 0.000906188 -0.000172653
30 48 0.000476551 0.000312489
30 50 0.000141367 4.71784e-05
30 51 -0.000211837 7.40945e-05
30 52 0.00026236 8.75087e-05
30 53 9.89019e-05 0.000185631
30 54 -0.000193648 8.42326e-05
30 55 0.000405894 -1.38293e-05
30 56 5.48816e-05 1.44162e-05
30 58 -0.000203947 0.0003773
30 63 -0.000259759 0.000259232
31 33 0.000126069 3.81063e-05
31 35 0.000268335 -0.000512779
31 36 0.000107361 -4.74194e-05
31 37 0.000761732 0.000504151
31 38 9.48572e-05 0.000113398
31 39 0.000511412 0.000110835
31 40 -0.000171071 8.69094e-05
31 41 2.26775e-05 0.000159641
31 42 0.000432236 0.000274158
31 43 5.15778e-05 0.000148826
31 44 0.000495275 -0.000377971
31 45 -0.000229978 3.18687e-05
31 46 -0.000293273 -0.00011402
31 47 0.000437833 0.000182767
31 48 0.00126134 -0.000365033
31 49 0.000118432 -0.000603829
31 50 0.000366521 -0.000268253
31 51 0.000325656 0.000142809
31 52 0.000675244 0.000476876
31 53 0.000925832 -0.000239669
31 54 0.000187991 -0.00028541
31 55 -0.00020475 0.000326139
31 57 3.4805e-05 5.61416e-05
31 58 0.000140168 -9.33843e-06
31 60 0.00044147 0.00012877
31 62 -0.000251981 8.69273e-05
31 64 0.000352902 -2.46562e-05
31 65 9.44311e-05 0.000152948
32 33 -0.000318211 2.50072e-05
32 34 0.000115482 -6.64434e-05
32 36 0.000187742 -0.000257734
32 37 -7.35127e-05 0.000175937
32 38 -0.000347194 0.000112594
32 39 0.000575384 -0.000117591
32 40 -0.000291646 -0.000697099
32 41 -0.000223079 -9.33486e-05
32 42 0.000527578 -0.000230516
32 43 0.000202684 -0.000503742
32 44 0.000234181 -8.42992e-05
32 45 0.000378657 0.000465525
32 46 0.000112528 0.000641971
32 47 0.000120339 5.48194e-07
32 48 -0.00119966 0.000153847
32 49 -0.000148762 5.50859e-05
32 50 -0.000308527 -0.000370558
32 51 -0.000500147 -0.000413297
32 52 0.000367595 0.000208298
32 53 -6.98601e-05 0.000210666
32 54 -7.06066e-05 0.000104743
32 55 0.000564114 0.00060802
32 56 0.000307172 -0.000329795
32 57 0.000571592 -0.000113142
32 58 -3.75054e-06 0.000247338
32 63 4.37117e-05 0.000162517
32 64 0.00034705 0.000297174
33 33 -0.000128025 -4.83903e-05
33 35 0.000467805 0.000159179
33 36 0.000621004 6.91281e-05
33 37 8.37834e-06 -0.000547792
33 38 -6.86383e-06 0.000280298
33 40 0.000812158 -0.000327767
33 41 0.000107659 7.769e-05
33 42 -0.000648873 0.000446737
33 43 0.000354582 0.000454884
33 44 9.73126e-05 -2.92919e-05
33 45 0.000703305 -4.25847e-05
33 46 -3.09869e-05 -0.000453189
33 47 0.000123111 -0.000139006
33 49 0.000124228 -0.000243015
33 50 8.39511e-05 2.04078e-05
33 51 -0.0003434 -0.000558863
33 52 -0.000275646 -0.000129061
33 53 0.000224276 0.000378141
33 54 -0.000585587 0.000250342
33 55 -0.000186027 4.36488e-05
33 56 0.000310448 8.7837e-06
33 57 -7.50758e-05 0.000102855
33 60 0.00024747 6.3198e-05
34 33 0.000101458 -2.73213e-05
34 34 3.34554e-06 -9.60809e-07
34 36 0.00062536 -2.42742e-05
34 37 -3.65232e-05 -0.000444988
34 38 4.52522e-05 -0.000219158
34 39 -0.000622802 0.000319658
34 40 -0.000157154 0.000431254
34 41 0.000994966 -0.00032719
34 43 0.000107659 7.6761e-05
34 44 0.00148173 -0.000570448
34 45 0.000143019 -0.000163627
34 46 -0.000162788 -2.89361e-05
34 47 -5.67342e-05 -0.000164943
34 48 0.000110507 -0.000170266
34 49 -2.15297e-05 0.000226125
34 50 5.39725e-05 0.000107237
34 51 0.000262459 0.000171319
34 52 -0.000260378 0.000699553
34 53 2.91132e-05 0.000526945
34 54 -4.90724e-05 0.000100531
34 56 -0.000319881 0.000276118
34 57 -2.39124e-06 9.55138e-05
34 58 -0.000323789 0.000129148
34 59 -6.6719e-05 0.000323363
34 60 5.14106e-05 3.0821e-05
35 34 0.000522559 -0.000391675
35 35 -2.23142e-06 1.9065e-06
35 36 0.000478202 -0.000373366
35 37 0.000114532 -5.42016e-05
35 38 0.000397981 -0.000265474
35 39 -4.02654e-05 -0.000684809
35 40 0.000174329 2.08016e-06
35 41 0.00058494 -0.000531713
35 42 0.00103666 0.000123081
35 43 0.000161586 -5.45002e-05
35 44 4.04858e-05 0.000386735
35 45 -0.000468334 -0.000895129
35 46 -0.000808229 0.000344107
35 47 0.000196838 -0.000167777
35 48 0.000219669 8.81277e-05
35 49 0.000313076 -0.000240275
35 50 0.00117383 -4.25172e-06
35 51 0.000257402 -0.000274866
35 52 0.000457329 0.000273439
35 53 0.000205791 0.000142384
35 54 0.00046939 6.24106e-05
35 55 0.000217048 -0.00037604
35 56 0.000172249 -3.59088e-05
35 57 0.000483741 0.000113665
35 58 5.9156e-05 7.90833e-06
35 59 0.00010739 -5.73137e-05
35 61 -0.000235935 3.28573e-05
35 65 -0.000139818 0.000168829
36 33 -0.00066157 0.000282279
36 34 -6.25026e-05 3.3166e-05
36 35 0.000123784 8.85564e-05
36 36 0.000207161 -0.000103684
36 37 0.00014536 -0.000152062
36 38 0.000261979 -0.000159974
36 39 -0.000229169 -4.97996e-05
36 40 -0.000409459 -0.000119965
36 41 7.08288e-05 2.87728e-05
36 42 0.00120373 7.6404e-05
36 44 0.000455016 4.16466e-05
36 45 -0.000628871 3.94107e-05
36 46 0.00125355 0.000262367
36 47 0.000423877 -0.000331592
36 48 0.000232647 -0.000134831
36 49 0.000188683 0.000243706
36 50 1.86261e-05 3.17323e-05
36 51 0.000420651 -0.000258228
36 52 0.000166223 0.000245213
36 53 -0.000173282 -0.000419068
36 54 -0.000337142 0.00032568
36 55 0.000167284 2.77002e-05
36 56 7.38703e-05 -4.26514e-05
36 57 1.15263e-05 1.10671e-05
36 58 0.000193394 -9.38427e-05
36 59 -8.81073e-05 5.18616e-05
36 60 4.42427e-07 2.91262e-07
36 61 0.000186398 -0.000168632
36 62 2.86844e-05 9.06032e-05
36 65 0.000249834 0.000143773
37 34 -8.31825e-06 -8.91179e-05
37 35 0.000266616 -0.000151701
37 36 -0.000131801 -0.000169675
37 37 0.000634962 0.000482893
37 38 0.000437866 -7.75819e-05
37 39 -0.000160274 -7.39332e-05
37 40 0.00048923 -7.3547e-05
37 41 3.0164e-05 9.13555e-05
37 42 0.000189008 -0.000191838
37 43 0.000653683 0.000302554
37 44 5.06971e-06 0.000114622
37 45 0.000371258 0.000306364
37 46 -0.000326255 -2.295e-05
37 47 -0.000120377 -0.000146553
37 48 0.000598169 -6.56944e-05
37 49 -0.000403489 0.00027291
37 50 5.39925e-05 -3.77075e-06
37 51 0.000423928 -6.1386e-06
37 52 -7.00654e-05 -0.000202572
37 53 0.00101428 0.000638464
37 54 0.000293742 -0.000315233
37 56 0.000839332 1.79997e-05
37 57 0.000113426 0.000139103
37 58 -0.000293172 7.69931e-05
37 61 8.34422e-05 0.000323556
37 62 -0.000267275 6.13799e-06
37 63 -0.000159739 9.02034e-05
37 66 5.33766e-05 0.000141094
38 34 0.000431858 4.20725e-05
38 35 0.000213551 7.93577e-05
38 36 0.00077609 -0.000296513
38 37 0.000684844 -0.000132057
38 38 -3.63013e-05 -3.40677e-05
38 39 0.000837946 0.000268763
38 40 -0.000480765 7.6132e-06
38 41 0.000343782 5.53089e-05
38 42 0.00123377 0.000220804
38 43 7.42163e-05 -0.000775197
38 44 0.000818549 5.21375e-06
38 45 0.000208183 0.000705339
38 46 -0.000333559 0.000373229
38 47 9.22848e-05 7.30164e-05
38 48 0.000617262 0.00054929
38 49 0.000477489 5.70421e-05
38 50 -8.56149e-05 -8.10635e-05
38 51 0.000456643 4.9361e-05
38 52 0.000182272 8.39036e-05
38 54 0.000522584 -2.02952e-05
38 55 0.000252785 5.66536e-05
38 58 0.000331439 7.68247e-05
38 59 0.000493605 -4.32186e-05
38 61 -0.000123633 0.000383048
38 63 0.000226307 0.000130038
39 33 0.0001215 7.24176e-05
39 35 0.000808713 -0.000467713
39 36 0.000546333 -0.00043493
39 37 0.000529183 1.38686e-05
39 38 0.000129731 1.09782e-05
39 39 0.000107106 0.000723811
39 40 0.000950015 -0.000273756
39 41 -0.000641005 -0.000306866
39 42 0.000359999 -3.63077e-05
39 43 0.000100629 -2.90826e-05
39 44 0.000325561 -0.000340242
39 45 7.97195e-05 -7.7966e-05
39 46 0.000543589 -0.000432525
39 47 0.000118159 0.000408809
39 48 0.000388877 6.70655e-05
39 49 -6.4722e-06 -0.000503573
39 50 -0.000298311 -0.000423246
39 51 0.000407111 -3.43167e-05
39 52 0.000147089 -4.18811e-06
39 53 0.000704417 0.000571194
39 54 0.000261336 0.000196907
39 55 -3.15859e-05 -1.52736e-05
39 56 0.000335485 0.000165288
39 57 0.000221798 0.000193388
39 58 0.000793861 0.000375213
39 59 0.000352604 0.000171056
39 60 5.76495e-05 2.62406e-05
39 61 0.000357529 8.07685e-05
39 62 -2.29753e-05 0.00010765
39 63 6.88078e-05 -9.35177e-05
40 33 0.000169813 5.82392e-05
40 36 -0.000411323 -0.000358732
40 37 0.00122468 -0.000114957
40 38 1.00225e-05 -3.23739e-06
40 39 0.000564353 0.000270579
40 40 0.000234164 0.000103892
40 41 0.000534541 3.97353e-05
40 42 -0.000383897 -0.000403374
40 43 -0.000307221 6.94858e-05
40 44 0.000421786 -8.86561e-05
40 45 1.72069e-05 0.00014503
40 46 0.000382711 6.77626e-05
40 47 0.000338434 0.000386551
40 48 0.000181168 -0.000344519
40 49 -0.00046636 0.00017933
40 50 -3.44499e-05 -0.000450147
40 51 0.000427626 6.36347e-05
40 52 2.92967e-05 4.30066e-05
40 53 -0.000317591 -5.67622e-05
40 54 -0.000451101 0.000388077
40 55 6.36112e-07 4.06317e-05
40 56 -0.000113548 0.000203629
40 57 0.000147743 -0.000106459
40 58 2.81451e-05 6.72049e-06
40 59 -0.00016938 7.06314e-05
40 61 -0.00022452 0.000113273
40 62 4.38201e-05 -6.39592e-05
40 63 -0.000199223 -3.27401e-05
40 64 0.00012491 0.00035125
40 65 0.000383627 -1.49962e-06
40 66 -9.65263e-05 1.44492e-05
41 34 -0.000188388 -3.22435e-05
41 38 0.000614932 -0.000234821
41 39 -7.69667e-05 -8.77853e-06
41 40 0.000117448 -7.91558e-05
41 41 0.000821242 2.36788e-05
41 42 0.000234893 -9.03587e-05
41 43 -4.54871e-05 -1.70155e-05
41 44 -0.000234268 -0.000157639
41 45 -3.98084e-05 0.000129969
41 46 0.000248074 0.000224408
41 47 0.000506077 -0.000331457
41 48 0.000190195 0.000706188
41 49 0.000779172 -1.74655e-05
41 50 0.000661455 -0.000189248
41 51 0.000494939 -0.000119829
41 52 0.000138056 -0.000106547
41 53 0.000315585 -9.51255e-05
41 54 0.000100658 2.1676e-05
41 55 -0.000956689 0.000554582
41 56 -0.000183326 9.62209e-05
41 57 0.000193306 0.000153623
41 58 -0.000191371 0.000371965
41 59 0.000212389 0.00035619
41 61 -2.42328e-05 -2.13943e-05
41 66 0.000405067 -0.000138238
42 33 0.00047556 6.79168e-06
42 34 5.3054e-05 -0.000589204
42 35 -7.91871e-05 3.88477e-05
42 37 -0.00046503 -0.000697559
42 38 0.000616644 4.28614e-05
42 39 0.000323404 0.000366803
42 42 -0.000486964 -3.34354e-06
42 43 -0.000290025 -0.000367833
42 44 -1.32968e-06 -0.00050446
42 45 0.000404322 0.00102489
42 46 0.000183333 3.76816e-05
42 47 0.000526879 0.00014121
42 48 2.24113e-05 4.27125e-05
42 49 -0.000433395 0.0002485
42 50 0.000323431 -0.000415999
42 51 1.20619e-05 -9.64694e-07
42 52 -0.00020875 0.000267587
42 53 -7.39022e-05 -0.000268144
42 54 0.000870356 0.000379582
42 56 -0.000293941 -2.1929e-05
42 57 6.15811e-05 0.00045122
42 58 0.000235974 5.23827e-05
42 59 6.12264e-07 1.68559e-06
42 60 -0.000278271 -3.86298e-05
42 61 0.00024248 -0.000246172
42 65 -0.000132054 9.55103e-05
43 34 -7.56974e-05 0.000230566
43 35 -0.000263511 -0.000177674
43 36 5.74234e-05 -0.000198799
43 37 -0.000265422 -0.000577679
43 38 0.00104533 -0.000609069
43 39 3.82737e-05 -0.000110919
43 40 0.00115579 -0.000193186
43 41 -5.4988e-05 0.000683536
43 43 -0.000390245 -0.00013473
43 45 -0.000183523 0.000135186
43 46 -0.000450769 8.53759e-05
43 47 -1.86964e-05 -0.000441273
43 48 0.000203569 2.45005e-05
43 49 0.000190502 0.000225198
43 50 -0.000194131 5.27021e-05
43 51 5.70688e-05 0.000468893
43 52 0.000500424 -0.000380283
43 53 5.21221e-05 3.33926e-05
43 54 6.00928e-05 5.23972e-05
43 55 0.000141245 -0.000305613
43 56 0.000190588 -4.16493e-05
43 57 -0.000241177 0.000111505
43 59 -0.000207016 -0.000116947
43 60 -0.000156931 -0.000234697
43 61 0.000308504 -8.56941e-05
43 62 -0.000384625 0.000158762
43 63 -0.000397433 -0.000268887
43 64 0.000426504 1.9989e-05
43 65 0.000250247 0.000309643
44 33 0.000237796 6.4191e-06
44 34 0.000234272 3.87523e-05
44 35 -0.000180871 2.33897e-05
44 36 -0.000331076 -5.94861e-05
44 37 -9.48543e-05 -0.000319795
44 38 0.000151099 0.000309805
44 39 4.98555e-05 -3.31272e-05
44 40 -0.000131109 4.18259e-06
44 41 1.41431e-05 0.000394954
44 42 -0.000147628 0.000226736
44 43 0.00012913 0.000256917
44 44 -0.000423183 -0.000185061
44 46 0.000590392 0.000456657
44 47 -6.8061e-05 -0.00052374
44 48 0.000659919 -0.000155585
44 49 -0.000237892 4.7266e-05
44 50 0.000445192 -0.000138298
44 52 0.00020513 0.000390845
44 53 0.00015603 -1.22382e-06
44 54 0.000115311 1.76302e-05
44 55 2.6294e-05 2.29293e-05
44 58 -0.000208865 0.000339366
44 60 0.000147184 -0.00043354
44 63 -6.01078e-05 0.000102614
44 65 -4.51047e-05 0.000422663
45 34 3.03696e-06 0.000377721
45 35 -0.000213959 0.000204211
45 36 2.62673e-05 -0.000372661
45 37 -3.95253e-05 -0.000233583
45 38 0.000257357 0.00021858
45 39 0.000775815 -7.002e-05
45 40 -2.55095e-05 2.65661e-05
45 41 7.24704e-05 0.000254002
45 42 -0.000245269 0.000155928
45 43 0.000603165 -0.000140054
45 44 0.000316499 0.000904839
45 45 0.000296076 -0.000118344
45 46 0.000216123 0.000172424
45 47 0.000499782 -0.000200504
45 48 -0.000361203 2.99259e-05
45 49 -0.000575575 0.000195565
45 50 0.000437489 0.000415789
45 51 0.000205279 0.000211139
45 52 0.000538322 0.000211338
45 53 -0.000680033 6.66829e-05
45 54 8.85957e-05 -0.000105849
45 55 0.000429211 -9.02849e-05
45 56 -1.61397e-05 0.00019659
45 57 0.000577827 0.000509333
45 58 0.000489654 0.000102162
45 60 -0.000354182 0.000245253
45 61 0.000312068 -2.15368e-05
45 63 -7.98416e-05 0.000367698
45 64 0.000770518 -7.56947e-05
46 33 -6.56763e-05 -0.000144732
46 34 0.000380456 -0.000186352
46 35 -6.7018e-05 -8.35885e-05
46 36 0.000330922 -0.000368229
46 37 0.00041897 -0.000162507
46 38 0.000627174 7.8421e-05
46 40 0.000453083 -0.000466986
46 41 0.000445694 -6.59438e-05
46 42 0.000252301 0.000178616
46 43 0.000532486 0.000120474
46 45 0.000713591 -0.000214502
46 46 -0.000127344 0.000359853
46 47 0.000112692 -0.000472463
46 48 0.000653835 -6.05612e-06
46 49 0.000696643 0.000122582
46 50 0.00030963 0.00068031
46 51 0.000278412 -3.16808e-05
46 52 0.000227212 0.000166801
46 53 -0.000290626 0.00033563
46 54 -0.000164633 0.000271848
46 55 -6.04357e-05 -0.000223382
46 57 -8.42444e-06 -0.000206354
46 60 0.000226114 0.000172695
46 63 0.000121513 0.000120312
46 65 0.000122747 0.000115504
47 34 0.000209877 -0.000156485
47 35 0.000149155 -6.95135e-05
47 36 0.000354931 0.000198027
47 37 0.000378775 -0.000583317
47 38 4.30493e-06 3.14256e-06
47 39 3.53233e-05 -0.000268443
47 40 0.000462769 0.000127892
47 41 -0.00045423 -0.000512552
47 42 -0.000290164 8.24599e-05
47 43 8.22322e-05 -1.77114e-05
47 44 6.0299e-05 -0.000180172
47 45 -0.000176784 0.000156333
47 46 -4.7779e-05 -0.000146871
47 47 0.000147225 3.2047e-05
47 48 0.000494886 0.000313292
47 49 -0.000455799 -3.76938e-05
47 50 0.000617523 0.00058029
47 51 0.000834768 0.000281527
47 52 -0.000253987 0.000180073
47 53 0.000247502 -8.58459e-05
47 54 0.00075307 1.2724e-05
47 55 0.000118884 6.99906e-05
47 56 -9.41148e-05 7.69696e-05
47 57 9.22424e-05 3.06879e-05
47 59 0.000208901 4.28553e-05
47 61 -2.40705e-05 -5.35493e-06
47 62 0.000308138 -0.00010769
47 63 0.000303398 0.000238678
47 64 -0.000137849 6.81289e-05
48 33 -0.000214029 0.000197464
48 34 0.00040829 6.61252e-05
48 35 0.00031544 0.000353729
48 36 0.000233006 -0.000677038
48 37 -0.000233432 -9.13589e-06
48 38 4.1702e-05 -2.02535e-05
48 39 0.000224364 -0.000499556
48 40 -0.000304116 0.000277382
48 41 2.98491e-05 0.000276283
48 42 -0.00014857 -0.000101075
48 43 0.000407441 0.000172213
48 44 0.00039783 -0.000137663
48 45 -0.000780895 -2.97492e-05
48 46 0.000945565 -6.7384e-05
48 47 -2.15266e-05 0.00032564
48 48 -0.000392197 -0.000192708
48 49 7.45787e-05 -6.49221e-05
48 50 -0.000135956 0.000354477
48 51 0.000766867 -0.000139421
48 53 -0.000135232 -6.7051e-05
48 55 0.000572825 -8.63155e-05
48 56 0.000277312 -9.74645e-05
48 57 0.000598331 -5.27711e-05
48 58 2.41771e-05 1.61695e-05
48 59 0.00024312 9.96216e-05
48 60 0.000457741 -0.000160871
49 33 0.000250289 -0.000355691
49 34 -8.64805e-05 -0.000259939
49 35 -0.000393657 -0.000124387
49 36 0.000243942 -0.000674613
49 37 0.000208706 6.66059e-05
49 38 0.000318925 0.00011478
49 39 0.000395841 0.00026318
49 41 0.000403286 -0.00017266
49 42 0.000500584 -0.000176002
49 43 9.77403e-05 0.000251771
49 44 0.00069139 -0.000208368
49 46 -2.73762e-05 0.000324609
49 47 0.000110704 4.74745e-05
49 48 0.000150198 -9.80147e-05
49 49 0.000478822 -0.00035395
49 50 -0.000200408 4.20336e-06
49 51 0.000135151 7.02892e-05
49 52 -5.78623e-05 -8.73456e-05
49 53 0.000214887 0.000215952
49 54 9.44364e-05 0.000293496
49 55 2.35135e-05 0.000260689
49 56 -0.000458186 0.000374993
49 57 0.000111606 0.000230441
49 58 0.000207393 4.8297e-05
49 59 8.13239e-05 4.83544e-05
49 60 8.64365e-05 -2.83678e-05
49 61 0.000138004 0.000302126
49 62 -5.55632e-05 -0.000432496
49 65 0.000344868 6.64676e-05
50 33 0.000235302 1.82997e-05
50 34 0.000196868 -0.00015154
50 35 0.000362633 -0.000386087
50 37 -0.000147012 -0.000477734
50 38 0.000675698 -0.000249853
50 39 0.000652999 -0.000448971
50 40 -0.000457534 5.7416e-06
50 41 -0.000125812 5.0603e-05
50 42 4.52899e-05 0.000114815
50 43 0.000583912 -0.000527911
50 44 -0.000735087 0.000120104
50 45 3.90174e-05 1.61023e-05
50 46 0.000393664 0.000138024
50 47 5.87891e-05 0.000125098
50 48 0.00117803 0.0005265
50 49 0.000174334 9.32285e-05
50 51 0.000438242 -0.000194479
50 52 -5.52383e-05 0.000259741
50 53 -0.000371937 0.00024751
50 54 0.000363726 0.000310246
50 55 6.24056e-05 0.000314338
50 56 0.000978812 -0.000188114
50 57 0.000310631 -0.000348661
50 58 -4.48399e-07 -5.21576e-06
50 59 0.000203937 -0.000177883
50 62 8.53178e-05 -5.76532e-05
51 34 2.25361e-05 -1.86217e-06
51 35 0.000883916 -1.12072e-05
51 36 -7.71396e-05 8.86516e-05
51 37 -0.000241976 3.37351e-05
51 38 -3.9351e-05 -0.000222705
51 39 0.000532074 -0.000139787
51 40 0.000810527 0.000300797
51 41 0.000439826 -8.04983e-06
51 42 7.91302e-05 -1.52428e-05
51 43 0.000468693 0.000411362
51 44 0.000599331 -0.00012094
51 45 0.000461472 0.000920688
51 46 -0.0007175 0.000572848
51 47 0.000181799 -0.000389282
51 48 -0.000723163 -0.000116702
51 49 -5.23916e-05 9.10602e-05
51 50 -1.8331e-05 -0.000553698
51 51 0.000140833 0.000181447
51 52 0.000201251 0.000296235
51 53 0.000485706 -0.000346163
51 55 5.64483e-07 -0.000170125
51 57 0.000309855 8.14553e-05
51 58 0.000403704 3.90924e-06
51 60 4.13353e-05 -6.14571e-06
51 61 -7.09218e-06 -2.6568e-05
51 62 0.000299474 0.000187359
51 63 0.000110146 0.0002078
51 64 -8.49848e-05 0.000145571
51 65 4.17799e-05 9.24381e-05
52 34 0.000111333 -4.31565e-06
52 35 -0.000880274 -0.000389019
52 36 0.000168815 -0.000146316
52 37 -0.000161771 -0.000149616
52 38 0.000633347 -0.000103908
52 39 0.000407846 0.000157374
52 40 -0.000133058 -0.000521805
52 42 0.000528749 5.38987e-05
52 43 -0.000382858 0.000168432
52 44 0.000152994 -0.000108286
52 45 0.000401938 -0.000463157
52 47 -0.000497274 7.10438e-05
52 48 0.000115922 0.000101848
52 49 0.000438165 -7.94167e-05
52 50 -0.000411279 -0.000192217
52 51 0.000546977 0.000109709
52 52 0.000460469 0.000186713
52 53 0.000370755 -0.000199118
52 55 0.000812528 0.000320778
52 56 0.000529352 -0.000268143
52 57 0.000272801 -0.00019797
52 58 0.000274552 9.16013e-05
52 59 5.50851e-06 -9.74854e-05
52 60 -5.99967e-06 3.95042e-05
52 63 0.000147844 9.65554e-05
52 65 9.57949e-05 0.000282928
53 33 0.000308002 -0.00028018
53 36 -0.000178584 -0.000565169
53 37 0.000411233 -0.000216203
53 38 0.000188116 -0.00033701
53 40 -9.00777e-05 0.00088487
53 41 0.0005236 0.000135039
53 42 -0.000127454 0.000291794
53 43 -0.000403199 0.000158263
53 44 -0.000150415 -8.2602e-05
53 45 6.3423e-05 -8.06891e-06
53 46 0.000287114 9.08837e-05
53 47 7.91929e-05 0.000275955
53 48 0.000263354 -0.000258056
53 49 -0.00036582 -0.000318131
53 50 0.000385187 -7.85211e-05
53 51 0.000109551 -3.77087e-05
53 52 0.000411189 -0.000120966
53 53 0.00038416 0.000437272
53 54 0.000144582 -7.57196e-05
53 56 0.000274277 0.000238185
53 57 -0.000680402 -0.000148573
53 59 -0.000191057 -0.000324801
53 62 0.00011278 -8.23373e-05
53 63 -0.000204316 -0.000168784
53 64 -0.000422535 -0.000176515
53 65 9.49027e-05 -1.14896e-05
54 34 6.84394e-05 2.39076e-05
54 35 -4.54183e-05 -2.72694e-05
54 36 0.000214085 6.07123e-05
54 37 7.55177e-05 2.21682e-05
54 38 0.000115368 0.000255448
54 39 -8.84324e-05 0.000183849
54 40 3.90336e-05 -3.60872e-05
54 41 -0.000262796 5.6051e-05
54 42 0.000107524 6.67032e-05
54 43 0.000123517 6.9083e-05
54 44 0.000459018 0.0006391
54 45 -0.000162183 -0.000311536
54 46 -3.81602e-06 -5.12396e-05
54 47 0.000175368 -0.000194088
54 48 0.000146449 -6.97979e-05
54 49 0.000310536 -5.83507e-05
54 50 0.000252206 -8.65917e-05
54 51 9.91961e-05 -0.000229147
54 52 0.000566465 -0.000237616
54 53 0.000390137 0.000255887
54 55 3.20939e-05 -3.63461e-05
54 56 0.000129798 0.000259235
54 58 0.000189257 -7.38609e-06
54 59 0.000416148 0.000127318
54 60 0.000611519 -7.4049e-05
54 61 0.000245218 0.000254612
54 62 1.42143e-05 3.25e-05
55 33 -0.000158284 0.000239336
55 34 0.00064708 -0.000348108
55 36 0.000248727 -0.000359583
55 37 -4.09732e-05 6.56839e-05
55 38 1.38159e-05 -2.2307e-07
55 39 0.000171603 0.000359985
55 40 7.1238e-05 1.23384e-05
55 41 0.000291787 -0.000272396
55 42 0.000533337 -0.0002442
55 43 0.000442516 0.000316515
55 44 0.000525004 -0.000355697
55 45 8.7917e-05 5.81962e-05
55 46 -0.000140515 -0.000352077
55 47 1.18879e-06 2.32696e-08
55 48 0.000620505 0.000334291
55 49 1.78408e-05 3.06476e-05
55 50 6.44223e-05 -4.79537e-06
55 51 0.000755425 -6.64675e-05
55 52 4.77688e-05 0.00029975
55 53 -0.000187163 -7.7958e-06
55 54 0.000380594 0.000272028
55 55 -0.000207415 2.87929e-05
55 56 -0.00018748 2.4664e-05
55 58 3.17131e-05 3.27459e-05
55 59 -0.000299385 -0.000234232
55 60 -0.000343477 -0.000104186
55 62 1.62729e-05 9.03916e-05
56 33 0.000242001 0.00039738
56 35 1.96418e-05 -0.000188616
56 37 3.99407e-05 -2.9194e-05
56 38 -0.000221429 0.0002706
56 39 0.000238132 -0.000724669
56 40 -8.82815e-05 -0.000850583
56 41 -0.000169798 -0.000292014
56 42 0.000638657 0.000218355
56 43 0.000440998 0.000151051
56 44 0.000964756 -7.26471e-05
56 45 0.000802423 -0.000263512
56 46 0.000356787 0.000246575
56 47 0.00106408 -3.61897e-05
56 49 0.000371165 -0.000120764
56 50 0.00143285 0.000720285
56 51 -0.000144106 0.000122355
56 52 0.000492066 0.000476753
56 53 5.34081e-05 2.42137e-05
56 54 0.000149757 0.000315687
56 55 0.000144904 0.000216865
56 56 0.000196714 -0.000157932
56 57 0.000149773 0.000113492
56 58 0.000654133 3.79906e-06
56 59 0.000108857 -0.000156356
56 61 0.000293403 8.52598e-05
56 62 -0.000272791 -1.96946e-05
56 64 0.000124908 7.93838e-05
57 36 0.0001567 -6.20639e-05
57 37 0.000249944 -0.000612596
57 38 0.000108123 3.24872e-05
57 40 -0.000313428 -0.000353522
57 41 0.000259071 0.000205383
57 42 0.000641063 -0.000386142
57 43 -0.000229102 0.000238663
57 44 0.000268621 3.49214e-05
57 45 -0.000208498 -7.74505e-05
57 46 0.000273289 -6.09879e-05
57 47 0.000343958 0.00065923
57 48 -3.86081e-05 0.000112082
57 49 0.000261756 3.45445e-05
57 50 -0.000283196 -0.000169367
57 52 0.000585792 -0.000167976
57 53 -0.000133493 2.1295e-06
57 54 0.000117517 -0.000102312
57 56 0.00040113 0.000501334
57 57 -7.86525e-05 -9.05276e-05
57 64 0.000286189 -0.000151502
57 65 -0.000125265 -0.000156564
58 33 -0.000464468 -0.000182745
58 34 0.00024505 -2.28112e-05
58 36 0.00072789 0.000101578
58 37 0.000157477 1.97995e-05
58 38 0.000255304 -0.000161687
58 39 3.42269e-05 -4.79531e-05
58 40 -0.000367706 0.000297962
58 41 -0.000107966 0.00023644
58 42 -0.000572059 -1.70166e-05
58 43 0.000101952 -6.36586e-06
58 44 3.67557e-05 -3.27852e-05
58 45 -0.000582149 -0.000156518
58 47 -0.000425884 0.000470101
58 48 -8.24579e-05 0.000514308
58 49 0.000440144 -5.27005e-06
58 50 -5.37123e-05 9.70663e-05
58 51 -0.000226202 0.000417383
58 52 -0.000376422 -4.54557e-05
58 53 0.000179595 9.36897e-05
58 54 0.000265269 0.000354694
58 55 0.000409579 5.59677e-05
58 56 0.000907271 -6.63026e-05
58 57 -7.13173e-05 -1.03085e-05
58 58 -4.31332e-05 -0.000104953
58 60 -0.000153698 8.56028e-05
58 62 5.75142e-05 -4.47443e-06
58 63 -0.000365944 0.000151641
58 65 1.76424e-07 1.60246e-07
59 34 0.000247276 -9.93781e-05
59 35 6.56694e-05 -0.000501655
59 36 0.00050524 -5.96321e-05
59 38 0.00031549 0.000213315
59 40 0.000184249 7.35486e-05
59 41 -1.86108e-05 -0.000139603
59 42 0.000669881 -0.000470861
59 43 0.000230498 -3.72785e-05
59 44 0.000249785 0.000113647
59 45 0.000402276 -3.8355e-05
59 46 -0.000331463 -0.000338711
59 47 -0.000158549 -0.000197772
59 48 0.000630125 0.000691508
59 49 0.00046503 0.000232053
59 50 -0.000327714 -4.74023e-05
59 51 0.000348699 1.26053e-05
59 52 3.96595e-05 7.21873e-05
59 53 -0.000486788 0.000569689
59 54 -0.000266782 0.000223128
59 55 0.000631034 7.30549e-05
59 57 0.000221074 -0.000356831
59 59 -7.84403e-05 0.000317664
59 62 -0.000413592 0.000289646
59 63 4.53894e-05 6.70224e-05
60 35 -5.98534e-05 0.000137201
60 36 -0.000191527 -0.000312317
60 38 8.53904e-05 -0.000221227
60 39 0.000288735 0.000162216
60 41 9.55252e-05 -0.000319699
60 42 0.000264753 9.79441e-05
60 43 -0.000101669 -0.000232627
60 44 -0.000316133 9.74107e-05
60 45 0.000223125 0.000167579
60 46 1.08754e-05 0.000110344
60 47 1.5885e-05 0.000104643
60 48 0.00012057 -0.000296184
60 49 -0.000154658 -8.52639e-05
60 50 0.000295863 -0.000154754
60 51 0.000295844 7.09075e-05
60 52 0.000425553 -0.000178372
60 53 -0.000554255 0.000105631
60 55 -0.00059322 -0.000300014
60 56 7.64981e-05 0.000183108
60 58 -0.00016148 -7.99024e-05
60 59 0.000133902 0.000218284
60 61 8.59528e-06 1.06644e-05
61 33 0.000585051 -0.000165245
61 35 0.000234036 6.05285e-06
61 36 -0.000165045 0.000140711
61 37 -4.92896e-05 0.00017888
61 38 0.00016915 -0.000410648
61 39 -0.000111253 5.58524e-05
61 40 -3.29066e-06 0.000370818
61 41 0.000516074 -0.000234931
61 42 0.000731999 -0.000329716
61 43 -0.000260426 -0.000181325
61 44 0.000221342 0.000214056
61 45 -0.000213972 0.000189975
61 46 -9.47222e-05 -0.000288283
61 47 0.000645514 -0.000151762
61 48 0.000436171 0.000209203
61 49 0.000349708 9.14214e-05
61 50 0.000333765 0.000301088
61 51 -9.91373e-05 -4.50751e-05
61 52 2.56905e-05 0.000444836
61 53 0.00046455 6.78356e-05
61 54 8.91471e-05 5.1139e-06
61 55 0.000242062 0.000553933
61 57 0.000431437 -5.62846e-05
61 59 0.000288249 3.80208e-05
61 60 9.20206e-05 0.000356653
61 64 0.000460263 -0.000190781
61 65 0.000114888 -7.87469e-06
61 66 0.000121451 -1.21448e-05
62 34 0.000169936 0.000102837
62 35 0.000171814 -0.000288462
62 36 -0.000489747 -0.000327258
62 37 0.000456198 -0.00067494
62 38 -2.3319e-05 8.9672e-06
62 40 8.6288e-05 -1.49198e-05
62 41 0.000484792 -0.000232243
62 42 0.000875512 2.46654e-07
62 43 -0.00012101 5.16459e-05
62 44 0.000358392 -8.29666e-05
62 45 0.000112018 0.000206219
62 46 0.000271449 0.000106262
62 47 -0.00013598 -0.000140721
62 48 -0.000210112 7.34914e-05
62 49 0.000987914 0.000180005
62 50 3.64493e-05 -3.37713e-05
62 51 -0.000708227 0.000240655
62 52 0.000673936 0.000437727
62 53 2.98923e-05 6.79918e-06
62 54 0.000300792 -0.000118147
62 56 -0.000353478 0.000211087
62 57 0.000470451 1.56649e-05
62 58 5.37956e-05 -5.26493e-05
62 59 -0.000200862 -0.000305101
62 60 0.00025173 6.40468e-05
62 61 7.55939e-06 -3.34487e-05
63 34 0.000372284 8.74374e-05
63 37 0.000321452 5.82084e-05
63 38 0.000313294 0.00030644
63 39 0.000382103 0.000204637
63 40 -0.000453747 0.00017391
63 41 0.000170566 0.000184548
63 42 -0.000716402 -0.000409783
63 43 0.000286163 -0.000177575
63 45 0.000104365 3.36665e-05
63 46 0.000663941 5.98376e-05
63 47 0.000324556 1.67915e-06
63 48 -0.000208621 -7.34033e-05
63 49 -0.000369955 -0.000318553
63 50 4.45224e-05 -0.000146028
63 51 0.000232712 0.000289637
63 52 0.000140371 4.3958e-05
63 53 0.00017815 0.000133913
63 54 0.000183092 -0.000199757
63 55 0.000436223 -8.18622e-05
63 56 0.000310695 -0.00024348
63 57 0.000562744 0.000229775
63 59 -0.000166438 0.00044584
63 60 9.91748e-05 -7.46058e-05
63 61 0.000105883 -2.55259e-05
63 62 -0.000215238 3.52944e-05
64 33 0.000102881 -0.00018516
64 35 4.03093e-05 -7.30765e-05
64 36 2.37637e-05 -0.000113572
64 37 -0.00034912 -0.000196718
64 38 0.000591073 -0.000236717
64 39 -5.35704e-05 0.000223589
64 40 0.000411639 0.000120042
64 41 -0.000123127 7.66801e-05
64 42 -0.000361226 0.000156129
64 43 0.000237452 -4.57839e-05
64 44 4.70832e-05 0.000240092
64 45 0.000430496 0.000100468
64 47 0.000351066 0.00103545
64 48 -5.24124e-05 -0.000325225
64 49 0.00037897 0.000247614
64 50 -0.000606694 -0.000101704
64 51 0.000173647 0.000276577
64 52 0.000200781 -0.000119578
64 53 0.00033973 -0.000179111
64 54 0.00043113 -0.000113644
64 56 0.000280121 8.50366e-07
64 57 -3.22706e-05 -2.64162e-05
64 58 -0.000379541 -0.00022403
64 59 -5.52037e-05 5.28437e-05
64 61 0.000397133 -0.000110549
64 63 0.000498181 5.93387e-05
65 34 0.000238555 -7.81934e-05
65 35 0.000177051 0.000123902
65 36 6.74506e-05 2.9802e-06
65 37 0.000172813 -0.000138797
65 38 2.29425e-05 -0.000209373
65 39 9.69047e-06 -9.06245e-07
65 40 0.000306819 -0.000172403
65 41 0.000559517 -0.000353107
65 42 0.000166833 -3.14791e-06
65 43 -1.63406e-05 1.10993e-05
65 44 2.45734e-05 -9.43208e-05
65 45 0.000120754 -3.40271e-05
65 46 0.000150891 -4.7504e-05
65 47 0.000134217 6.35152e-05
65 48 -0.000236057 0.000306935
65 49 -0.000164841 1.69522e-05
65 50 -6.09409e-05 -3.26752e-05
65 51 2.17342e-05 -5.80034e-05
65 52 -0.000110585 0.000213149
65 53 0.000508295 -2.18937e-06
65 54 8.33487e-05 -0.000496255
65 55 0.000454578 6.05928e-05
65 56 -8.51937e-05 0.000375811
65 57 5.24646e-06 3.00043e-05
65 59 0.00060249 -5.81685e-05
65 62 7.05171e-05 0.000181648
65 64 0.000102799 5.45331e-05
66 35 0.000496643 1.10855e-05
66 36 0.000471406 0.000151398
66 38 0.000310357 -0.000503868
66 39 0.000139972 -1.01952e-05
66 40 0.000238762 -0.000150149
66 41 0.000246297 7.97855e-05
66 42 0.000460746 7.43633e-05
66 43 0.000153217 0.000137443
66 44 0.000114099 0.000230917
66 45 0.000237975 0.000128899
66 46 -0.000417107 9.58613e-05
66 48 0.000645303 9.35446e-05
66 49 0.000236034 0.000273145
66 50 0.000319766 -0.000106852
66 51 -0.00010205 9.78821e-05
66 52 6.67216e-05 -8.83286e-06
66 53 -7.81917e-05 0.000400506
66 54 -3.33859e-05 0.000271296
66 55 0.000614295 -5.42436e-05
66 56 4.68001e-05 1.30874e-05
66 58 6.57598e-05 2.10838e-05
66 59 0.000198866 -0.000170225
66 63 2.93689e-05 -1.01376e-05
66 65 0.000179215 0.000434344
67 36 0.000422126 -8.46814e-05
