0 33 -12.4445 6278.79
0 34 55.3408 10782.7
0 35 -3.78395 10764.9
0 36 26.798 10649.4
0 37 -12.5499 10568.7
0 38 39.1197 10669.4
0 39 -9.20635 10694
0 40 79.7727 10644.3
0 41 72.5637 10301.6
0 42 36.8916 9938.83
0 43 121.682 9547.62
0 44 64.9976 9328.74
0 45 63.4601 8974.93
0 46 53.1043 8764.54
0 47 33.608 8487.88
0 48 59.9315 8366.07
0 49 36.8685 8115.4
0 50 4.92255 8083.57
0 51 49.8538 8240.3
0 52 28.7849 8769.7
0 53 70.1899 11209.3
0 54 83.7327 10510.7
0 57 -4.32902 1.595
1 33 -15.8181 17846.1
1 34 62.1014 30732.1
1 35 324.061 31028.5
1 36 57.2435 31188.6
1 37 213.179 31270
1 38 138.842 31056.1
1 39 199.357 30520.4
1 40 330.473 30524.1
1 41 350.027 30309.5
1 42 282.663 29468.6
1 43 381.99 28861.7
1 44 389.773 27924.2
1 45 465.082 27831.6
1 46 252.444 27348.8
1 47 527.594 26614.1
1 48 499.781 25422
1 49 433.603 24213.1
1 50 508.96 23738.1
1 51 399.398 24142.7
1 52 359.044 25782.4
1 53 664.975 32411
1 54 661.817 29028.3
1 55 -1.46252 92.9649
2 33 83.2974 28062.6
2 34 583.234 47636.9
2 35 539.596 48341.2
2 36 494.997 48819.2
2 37 705.562 47979.1
2 38 744.03 47752.1
2 39 561.764 47223.7
2 40 635.241 46981.7
2 41 891.653 46781.8
2 42 1010.38 46602.2
2 43 835.686 45865.3
2 44 1027.22 44740.1
2 45 819.288 43341.8
2 46 840.509 42205.2
2 47 851.799 39917.8
2 48 915.848 39936.2
2 49 1122.48 40254.9
2 50 1103.94 39363.3
2 51 906.69 40263.2
2 52 1220.46 42330.1
2 53 1731.92 53582.6
2 54 1512.63 49089
2 55 -1.91139 185.44
2 56 -10.0385 18.2366
3 33 208.461 34544.2
3 34 814.262 58970.1
3 35 1151.59 59232.6
3 36 1036.81 59683.5
3 37 815.852 59766.6
3 38 1227.95 60507.5
3 39 1171.64 60219.7
3 40 957.091 59521
3 41 1227.85 59145.6
3 42 1713.55 58372.6
3 43 1513.28 57264.6
3 44 1643.82 56352.4
3 45 1690.62 55527.7
3 46 1797.06 54753.7
3 47 1683.32 54176.8
3 48 1842 53006.5
3 49 1863.05 51985.1
3 50 1900.62 52166
3 51 2065.43 52922.3
3 52 2018.86 56783.7
3 53 3209.66 70965.5
3 54 2891.35 65856.9
3 55 -4.85908 231.751
3 56 -9.65894 9.60462
3 57 -5.27341 1.84521
3 60 -19.5597 14.8189
3 64 -2.46628 5.98857
4 33 525.072 39177.6
4 34 1288.93 67094.6
4 35 1793.43 68466.9
4 36 1604.9 68367.7
4 37 1546.89 68801.1
4 38 1685.11 68392.6
4 39 1665.59 68063.9
4 40 1879.12 67790.2
4 41 1702.87 67161.8
4 42 2009.24 66839.5
4 43 2038.3 66147.5
4 44 2582.68 65091.6
4 45 2639.69 64088.3
4 46 2554.04 63747.7
4 47 2643.6 61639.7
4 48 2752 59780.1
4 49 2560.63 60237.8
4 50 2636.52 61458.3
4 51 2878.83 64074
4 52 3557.83 68254
4 53 4565.73 87128.4
4 54 3895.22 80561
4 55 11.8568 248.638
4 56 10.2021 17.1539
4 57 -5.13376 1.28589
4 58 -5.81385 1.47092
4 60 -6.93235 5.54296
4 64 7.72262 2.02398
5 33 670.584 39814.4
5 34 1300.15 68936.6
5 35 1868.95 70033.4
5 36 2496.45 70804.4
5 37 1970.19 70820.4
5 38 2459.38 71065.8
5 39 2058.77 71843.8
5 40 2342.28 71735.8
5 41 2393.02 71242.2
5 42 2883.09 70912.2
5 43 2899.07 70178.1
5 44 3296.29 69427.7
5 45 2982.52 68415.3
5 46 3744.95 68077.5
5 47 3545.33 67764.5
5 48 3640.46 67722.1
5 49 3614.93 67555.8
5 50 3837.08 67878.4
5 51 4266.68 70287.2
5 52 4708.77 76103.5
5 53 6412.71 99974.9
5 54 5815.14 90104.8
5 55 -8.29576 149.717
5 60 -0.0596387 1.13163
5 62 0.181338 4.63849
5 63 0.770836 0.871432
5 64 2.41133 0.652801
5 65 5.10974 1.29739
6 33 543.447 39158.2
6 34 1822.64 67603.1
6 35 2263.03 68851.6
6 36 2555.85 69543.5
6 37 2600.19 70137.1
6 38 2883.02 69891.4
6 39 2931.92 70448.2
6 40 3237.28 70260.9
6 41 3308.86 71031.9
6 42 3496.79 70613.9
6 43 3704.03 69985.9
6 44 3843.83 69678.6
6 45 4187.97 69809.4
6 46 4373.37 68881.5
6 47 4416.51 69136.5
6 48 4396.02 69363.7
6 49 4792.32 70589.1
6 50 4653.04 72574.2
6 51 5273.17 75932.8
6 52 5861.08 83096.8
6 53 8190.75 105576
6 54 6696.39 94715.4
6 55 31.1423 365.272
6 60 5.6978 3.03899
6 62 -9.39363 10.6394
6 63 25.3667 18.335
6 65 8.93953 1.7112
7 33 501.41 35827.6
7 34 1655.97 61280.2
7 35 2410.42 62567.4
7 36 2790.68 63474.8
7 37 2954.35 64037.1
7 38 3335.95 63827.6
7 39 3276.84 63944
7 40 3158.8 64158.2
7 41 3509.04 65156.4
7 42 4160.24 66957.3
7 43 3979.26 66721.7
7 44 4310.25 66932
7 45 4767.97 67453.3
7 46 4969.86 68689.9
7 47 5322.1 69687.8
7 48 4867.17 69634.2
7 49 5320.78 71077.3
7 50 5721.11 73416.2
7 51 6032.83 77489.2
7 52 7372.04 86393.6
7 53 10165.7 114056
7 54 9441.4 101162
7 55 18.1185 257.072
7 57 3.01106 9.50718
7 60 13.342 8.25213
7 61 2.62164 0.90534
7 62 -3.7707 4.62815
7 65 10.8144 1.19633
8 33 432.917 30344.1
8 34 1819.69 52212.3
8 35 2826.39 53874.7
8 36 3332.92 54680.3
8 37 3287.33 55166
8 38 3590.8 56145.6
8 39 3726.44 56309.1
8 40 3737.42 56646.2
8 41 3952.14 57099.7
8 42 4233.02 58506
8 43 4553.84 59880.1
8 44 4680.46 60946.1
8 45 4867.12 62504.8
8 46 4857.24 63600.9
8 47 5679.6 65982
8 48 5959.75 68196.3
8 49 6173.74 70585.2
8 50 6374.76 72926.3
8 51 6931.31 77481.9
8 52 8353 85461.5
8 53 12063.9 115435
8 54 10381.7 104132
8 55 48.5654 419.447
8 56 12.2617 10.6981
8 57 -3.35176 20.2357
8 61 3.53196 6.45287
8 63 4.35275 0.680465
9 33 712.729 25261.7
9 34 2178.51 43609.2
9 35 2955.01 44287.1
9 36 3059.45 45514.8
9 37 3437.45 46418.7
9 38 3704.27 46842.4
9 39 3730.91 47936.6
9 40 3757.68 48437
9 41 3983.06 49371
9 42 4668.66 50304.2
9 43 4340.75 51307.9
9 44 4757.69 52773.8
9 45 5087.52 54884.6
9 46 5240.96 56452.3
9 47 5721.62 57609.6
9 48 6333.61 60344.5
9 49 6285.82 63752.4
9 50 7104.99 67892.8
9 51 7945.25 73500.6
9 52 8971.73 84003.7
9 53 12532.3 113340
9 54 10567.4 103730
9 55 36.3832 286.658
9 56 -1.93877 5.10181
9 57 -7.01768 11.1893
9 58 -6.73979 6.47376
9 59 -3.60338 3.94724
9 60 -3.33351 0.980073
9 61 6.01627 6.3587
9 66 1.88241 1.84422
10 33 606.097 19330.5
10 34 2075.79 33957.4
10 35 2730.79 34793
10 36 3022.13 35954.4
10 37 3251.36 37020.9
10 38 3569.69 38241.7
10 39 3780.01 38558.7
10 40 3766.07 38589.1
10 41 4134.85 39974.1
10 42 4488.65 41749.5
10 43 4778.03 42911.4
10 44 4497.15 43943.5
10 45 5220.43 46349.3
10 46 5333.88 48202.7
10 47 5848.75 51462.1
10 48 6103.24 53174.7
10 49 6601.72 57630.8
10 50 6983.55 62192
10 51 8046.67 69907
10 52 9355.68 80419.3
10 53 13608.3 110845
10 54 11270.9 97388.6
10 55 21.9858 293.652
10 56 -2.71525 16.8558
10 57 -3.36335 6.53978
10 58 -3.93182 3.39376
10 61 8.29638 4.86335
10 64 -11.687 0.760641
10 66 9.14369 9.83558
11 33 504.217 14662.3
11 34 1875.13 25838.8
11 35 2683.03 26910.1
11 36 3235.94 28264.3
11 37 3100.93 28381.1
11 38 3614.3 29379.8
11 39 3899.86 30428.5
11 40 3739.21 31590
11 41 3867.94 31771.8
11 42 4040.86 33234.3
11 43 4623.32 34505.2
11 44 4782.8 36745.2
11 45 4822.82 38932.6
11 46 5065.3 41557.9
11 47 5325.35 45061.6
11 48 5932.35 48063.6
11 49 6414.91 51819.9
11 50 6987.18 56839.3
11 51 7680.82 62461.2
11 52 9394.61 73861.6
11 53 14418.2 105173
11 54 12135.2 94762.5
11 55 27.194 264.078
11 56 5.69869 5.26324
11 57 -0.324333 7.28401
11 58 -10.307 14.5192
11 61 -3.158 3.70399
11 63 -2.24562 3.45798
11 64 -34.1294 14.5498
11 66 10.5695 11.5313
12 33 440.734 10635.7
12 34 1613.66 19160.9
12 35 2444.66 19879
12 36 2814.42 20607.3
12 37 2996.99 21131.4
12 38 3362.76 21694.6
12 39 3469.5 22441.5
12 40 3743.6 23630.8
12 41 3720.36 24410.7
12 42 3560.68 26020.1
12 43 4199.7 27887.9
12 44 4132.67 28218.1
12 45 4157.56 31017.4
12 46 4730.73 34545.1
12 47 5269.9 37176.2
12 48 5720.47 40574
12 49 6093.45 44957.9
12 50 6718.4 49911.5
12 51 7839.31 57159.2
12 52 9150.19 66723.1
12 53 14500.6 96790
12 54 12089.4 88024.9
12 55 50.7453 229.215
12 56 2.89612 6.7301
12 57 4.39961 13.8921
12 58 -4.14595 4.11405
12 59 -7.71892 0.621772
12 60 -0.48517 0.608304
12 61 -0.788752 0.951074
12 62 24.7438 13.9787
12 64 -1.55347 3.12768
12 66 -2.69971 2.44921
13 33 473.684 7119.65
13 34 1503.5 12804.8
13 35 2137.49 13631.9
13 36 2717.74 14815.8
13 37 3018.27 15355.7
13 38 3071.36 15987.6
13 39 3130.08 16637.4
13 40 3279.97 17717
13 41 3461.59 18589.6
13 42 3243.9 18793.4
13 43 3882.03 21576.4
13 44 3844.14 23920.7
13 45 4128.9 25148.6
13 46 4318.16 26608.2
13 47 4820.16 29447.2
13 48 5149.15 33208.4
13 49 5586.1 37945.6
13 50 6396.82 43710.9
13 51 7385.6 49604.1
13 52 9008.13 60945.6
13 53 13982.7 87310.9
13 54 12018.7 79240.6
13 55 23.6529 167.548
13 56 -0.28692 0.619218
13 58 -0.475597 29.8397
13 59 -9.21509 -4.0477
13 60 2.5044 -3.48397
13 63 -0.87279 1.71024
13 64 -1.05107 2.03368
13 66 -5.24946 12.4391
14 33 306.412 5129.6
14 34 1309.48 9270.7
14 35 2058.77 10040
14 36 2440.6 10575.8
14 37 2665.05 11142.8
14 38 3020.95 11600.7
14 39 2869.9 11925.6
14 40 3202.47 12597.6
14 41 3212.84 13342.7
14 42 3005.15 14343.1
14 43 3341.64 15522.5
14 44 3550.33 16647.3
14 45 3619.92 18920.2
14 46 3825.31 21317.4
14 47 4144.09 23842.5
14 48 4618.16 27441.3
14 49 4838.66 30579.2
14 50 5616.65 35678.9
14 51 7092.82 42835.3
14 52 8595.67 53352.3
14 53 13844.5 80185.9
14 54 10851.1 70154.7
14 55 22.764 179.702
14 57 -2.61127 3.67986
14 58 -3.51707 3.51422
14 59 4.54308 1.29223
14 63 -1.5225 2.96567
14 66 -7.10772 9.29574
15 33 335.224 3181.46
15 34 1182.36 5765.26
15 35 1706.73 6526.28
15 36 2268.13 7241.84
15 37 2476.82 7629.96
15 38 2736.16 8291.83
15 39 2859.12 9078.77
15 40 2768.81 9507.38
15 41 3066.27 10176.6
15 42 2836.62 10810.9
15 43 2820.11 11931.9
15 44 3149.23 13530.8
15 45 3309 14735.6
15 46 3495.88 16691.9
15 47 3864.55 18861.8
15 48 3936.78 21241.7
15 49 4609.35 25561.4
15 50 5082.74 29491.7
15 51 6333.18 36096.8
15 52 7909.76 45210.7
15 53 13241.2 71496
15 54 10283.1 60796.1
15 55 26.66 169.695
15 56 -8.57855 4.6699
15 57 5.17853 1.62513
15 58 -10.7022 5.27977
15 59 2.90164 0.791855
15 61 -6.63643 -1.04526
15 62 -8.25874 6.97911
15 63 -6.03006 2.10846
15 65 0.257331 10.8362
15 66 -3.15716 2.86831
16 33 193.54 1991.62
16 34 973.742 3799.94
16 35 1521.73 4331.54
16 36 2014.95 4973.99
16 37 2201.05 5546
16 38 2528.13 6049.71
16 39 2491.36 6427.83
16 40 2605.07 7100.96
16 41 2682.14 7284.61
16 42 2568.09 7778.6
16 43 2527.22 8850.59
16 44 2991.24 10269.4
16 45 3079.98 11646.6
16 46 3142.64 12502.8
16 47 3475 14510
16 48 3443.65 16136.1
16 49 3988.86 19183.3
16 50 4753.42 23911
16 51 5497.18 29346.8
16 52 7301.75 39043.2
16 53 11867.3 60708.2
16 54 9759.94 52296.8
16 55 7.09702 110.922
16 56 -6.41435 4.96
16 57 -2.99774 3.0969
16 58 -0.729006 0.739981
16 59 2.96927 0.863933
16 60 0.584964 -6.51026
16 63 -0.584067 1.06291
16 64 -10.2464 2.91364
16 66 -2.22741 2.72873
17 33 189.177 1122.88
17 34 847.069 2175.51
17 35 1325.71 2743.28
17 36 1818.22 3288.85
17 37 2031.6 3638.61
17 38 2341.23 4285.24
17 39 2343.4 4498.5
17 40 2471.27 5348.85
17 41 2613.29 5718.05
17 42 2195.44 5601.75
17 43 2314.73 6354.76
17 44 2442.59 7177.42
17 45 2682.26 8712.72
17 46 2851.18 10194.5
17 47 3048.26 11521.8
17 48 3166.5 13283.1
17 49 3520.61 15746.3
17 50 4145.7 19087.2
17 51 4937.71 23635.9
17 52 6337.5 31417.4
17 53 10907.1 52263.1
17 54 8745.52 45172.5
17 55 -10.9745 80.8569
17 56 1.33131 1.51753
17 57 0.0425516 -0.856506
17 59 2.6858 0.719957
17 62 -11.4736 5.52845
17 64 1.9183 1.96192
17 65 -5.53864 7.233
18 33 113.78 629.664
18 34 697.964 1289.42
18 35 1117.35 1728.49
18 36 1732.38 2295.48
18 37 1841.75 2640.64
18 38 1966.07 3116.49
18 39 2101.27 3459.72
18 40 2252.52 3983.49
18 41 2379.03 4394.32
18 42 2090.67 4319.44
18 43 2260.31 5011.63
18 44 2244.52 5739.36
18 45 2366.51 6513.04
18 46 2494.89 7557.25
18 47 2703.15 9218.86
18 48 2761.79 10669.6
18 49 2922.25 12961
18 50 3552.61 16046.7
18 51 4396.7 19946.5
18 52 5471.86 25703.3
18 53 9657.79 42956
18 54 7624.6 36691.1
18 55 15.7644 48.1848
18 56 -6.58669 9.96221
18 57 1.95895 7.87583
18 58 -4.64782 2.79369
18 59 2.8576 0.726328
18 60 -4.31365 -1.57473
18 64 4.41819 3.52158
18 66 9.59609 5.82716
19 33 122.395 355.542
19 34 520.459 785.472
19 35 1034.64 1216.67
19 36 1370.29 1655.1
19 37 1534.35 1995.81
19 38 1867.16 2461.13
19 39 2033.57 2974.26
19 40 2033.41 3133.43
19 41 2311.72 3635.66
19 42 2025.84 3642.98
19 43 2174.3 4127.46
19 44 2120.33 4618.22
19 45 2101.96 4880.38
19 46 2292.5 5930.53
19 47 2426.47 6999.78
19 48 2358.34 8120.56
19 49 2622.43 10311.1
19 50 3265.99 13045.8
19 51 3779.61 16502.9
19 52 4930.97 22078
19 53 8554.37 36477.2
19 54 6437.78 29679.4
19 55 4.09294 1.24755
19 56 2.98269 5.75462
19 57 -4.43751 4.69058
19 58 -4.9184 0.644604
19 59 2.99968 0.77579
19 60 4.61628 -0.135373
19 61 5.29924 7.24813
19 62 14.1435 -14.8981
19 64 6.4624 3.58545
19 65 -7.11209 32.6095
20 33 120.84 178.6
20 34 372.095 473.534
20 35 812.279 804.498
20 36 1250.29 1211.48
20 37 1445.44 1604.16
20 38 1651.01 1862.05
20 39 1898.88 2347.8
20 40 1909.72 2521.5
20 41 2125.94 3160.61
20 42 1955.16 3052.15
20 43 1803.59 3159.25
20 44 1964.46 3675.88
20 45 1813.03 3926.65
20 46 2035.23 4598.05
20 47 1980.16 5260.51
20 48 2154.16 6652.54
20 49 2206.13 7516.02
20 50 2654.81 9934.79
20 51 3218.57 13210
20 52 4206.15 17952.1
20 53 7656.51 31317
20 54 5198.95 24125.5
20 55 4.36933 61.1258
20 56 21.6032 -8.2462
20 57 3.29592 4.21975
20 58 4.5885 3.25418
20 59 1.51181 7.3839
20 61 -4.92538 1.62884
20 64 6.79475 4.02033
20 65 11.1358 7.55334
21 33 76.5233 133.568
21 34 303.486 348.849
21 35 677.074 592.633
21 36 1070.29 998.599
21 37 1273.45 1327.28
21 38 1495.11 1625.96
21 39 1764.03 2114.27
21 40 1835.1 2271.54
21 41 1838.04 2527.71
21 42 1885.51 2785.74
21 43 1745.44 2902.19
21 44 1748.87 3017.73
21 45 1521.29 2995.26
21 46 1715.02 3741.59
21 47 1865.45 4430.22
21 48 1834.85 5118.48
21 49 2035.4 6406.55
21 50 2277.28 7821.39
21 51 2753.75 10445.8
21 52 3632.57 14800.9
21 53 6441.29 25379.3
21 54 4419.84 19500.2
21 55 0.550082 5.31065
21 56 -7.28677 -0.819793
21 57 9.73409 8.04374
21 58 -2.04335 -4.98645
21 59 13.6456 21.0624
21 60 -1.44292 20.8962
21 64 21.2899 -2.22098
21 65 7.99379 12.5903
22 33 66.3607 82.4768
22 34 235.484 185.64
22 35 623.647 444.237
22 36 968.443 754.531
22 37 1264.62 1130.54
22 38 1308.45 1425.66
22 39 1674.76 1821.19
22 40 1788.93 2232.53
22 41 1744.45 2172.43
22 42 1791.87 2392.48
22 43 1674.19 2564.27
22 44 1692.9 2818.72
22 45 1493.76 2805.47
22 46 1499.92 2965.35
22 47 1627.61 3614.89
22 48 1731.53 4541.47
22 49 1772.92 5062.08
22 50 1997.68 6195.16
22 51 2319.21 8329.57
22 52 3178.83 11924.4
22 53 5564.66 21865.8
22 54 3572.57 15316.8
22 55 3.71689 19.2678
22 57 -0.577096 8.92491
22 59 3.59584 0.824432
22 60 7.59226 9.42298
22 61 -7.60903 24.8
22 62 18.3098 3.3377
22 64 11.0037 3.16429
22 65 10.0629 12.8631
22 66 3.84579 3.84322
23 33 57.2374 29.0999
23 34 229.142 73.1375
23 35 510.872 308.268
23 36 845.961 572.448
23 37 1056.98 888.664
23 38 1261.51 1143.9
23 39 1458.06 1542.96
23 40 1639.73 1972.48
23 41 1598.53 1913.01
23 42 1701.15 2219.64
23 43 1452.42 2041.34
23 44 1619.34 2487.92
23 45 1442.21 2612.59
23 46 1424.82 2736.53
23 47 1524.15 2897.75
23 48 1447.65 3389.57
23 49 1681.92 4461.78
23 50 1770.99 5230.94
23 51 1981.31 6364.63
23 52 2651.52 9344.89
23 53 4857.69 17644.1
23 54 3047.77 12054.7
23 55 5.41026 23.0147
23 56 -2.28435 2.22285
23 57 0.25706 32.4626
23 58 10.6791 8.30817
23 59 15.1094 2.88476
23 60 0.092148 1.73155
23 61 -9.40364 -0.705498
23 62 2.71336 3.07101
23 65 13.2136 11.0961
23 66 4.94819 0.630212
24 33 36.4489 17.213
24 34 220.402 74.6119
24 35 431.684 261.6
24 36 740.706 509.269
24 37 991.428 727.546
24 38 1222.99 1139.08
24 39 1373.19 1375.47
24 40 1447.16 1666.95
24 41 1571.34 1848.38
24 42 1647.93 2020.51
24 43 1355.49 1873.63
24 44 1396.46 2109.08
24 45 1481.27 2400.84
24 46 1186.1 2224.66
24 47 1360.62 2509.76
24 48 1339.84 2885.29
24 49 1481.78 3539.4
24 50 1448.35 4166.88
24 51 1757.04 5500.31
24 52 2271.33 7435.52
24 53 4189.99 13821.5
24 54 2482.46 9257.76
24 55 2.87867 38.3055
24 56 6.25166 4.74148
24 57 -1.96762 1.15607
24 58 7.98788 6.48355
24 59 4.54575 -3.1701
24 60 1.79282 2.22217
24 61 -2.9428 8.10414
24 62 12.1862 4.9566
24 64 -4.13235 5.73894
24 65 0.382122 0.492644
24 66 4.14281 5.14338
25 33 53.0462 -0.260778
25 34 175.902 46.4642
25 35 320.462 164.47
25 36 673.394 441.623
25 37 906.239 687.431
25 38 1131.03 1011.35
25 39 1336.68 1354.8
25 40 1248.1 1440.35
25 41 1395.9 1665.32
25 42 1585.12 1879.74
25 43 1368.26 1807.99
25 44 1274.82 1805.75
25 45 1293.75 2076.74
25 46 1269.06 2087.41
25 47 1339.57 2311.35
25 48 1107.4 2230.89
25 49 1171.64 2619.89
25 50 1352.93 3354.81
25 51 1638.9 4758.63
25 52 1826.32 5913.57
25 53 3475.22 11346.9
25 54 2046.26 7002.49
25 55 8.08996 4.23879
25 56 11.9001 -4.18389
25 57 -5.29011 0.308321
25 58 3.82746 4.80558
25 59 6.8743 5.5125
25 60 4.29107 -4.17191
25 61 -2.85362 5.44802
25 62 6.67983 6.63619
25 63 -14.2787 25.5128
25 64 -3.94235 2.68198
25 66 8.99547 11.2351
26 33 32.988 0.721708
26 34 179.731 33.6459
26 35 303.288 139.506
26 36 582.613 346.481
26 37 845.729 638.04
26 38 934.002 857.868
26 39 1092.53 1103.11
26 40 1078.56 1276.96
26 41 1295.82 1523.09
26 42 1346.41 1642.96
26 43 1254.32 1709.38
26 44 1195.18 1770.97
26 45 1189.75 1763.79
26 46 1161.94 2017.32
26 47 1142.86 2021.04
26 48 1163.02 2108.17
26 49 1083.62 2355.6
26 50 1182.69 3022.93
26 51 1328.42 3705.13
26 52 1631.7 5073.84
26 53 2904.19 9406.87
26 54 1467.03 5496.19
26 55 5.54095 17.5923
26 56 -10.6915 17.1709
26 57 -0.286684 0.744915
26 58 0.461369 0.577376
26 59 7.94048 6.36306
26 60 3.45749 0.730806
26 61 -8.47042 13.1853
26 62 -0.107905 0.229117
26 63 1.18884 22.7816
26 66 5.33865 6.24573
27 33 28.6104 2.11985
27 34 176.215 26.6178
27 35 265.12 110.434
27 36 564.541 325.988
27 37 709.589 487.67
27 38 797.886 745.279
27 39 1010.24 960.186
27 40 1108.3 1242.52
27 41 1194.13 1350.74
27 42 1266.82 1552.46
27 43 1159.92 1592.36
27 44 1144.67 1715.98
27 45 1166.23 1709.84
27 46 1124.75 1843.99
27 47 1074.3 1789.21
27 48 974.819 1849.32
27 49 952.091 1889.7
27 50 974.751 2335.57
27 51 1049.84 2844.11
27 52 1471.04 4307.19
27 53 2481.17 7509.42
27 54 1188.24 4188.55
27 55 1.02713 -0.251842
27 56 0.0172695 16.1687
27 57 -4.00284 -3.54914
27 58 8.49328 10.409
27 59 -2.02343 19.3598
27 60 0.997676 5.60114
27 62 3.03784 -3.73858
27 63 11.1189 21.8475
27 64 -5.33459 -14.8088
27 66 9.3279 -5.80899
28 33 29.9196 -0.601691
28 34 109.266 21.7623
28 35 253.656 110.666
28 36 502.32 275.771
28 37 655.232 467.861
28 38 701.839 642.122
28 39 1012.33 971.985
28 40 1042.09 1196.72
28 41 1140.45 1267.94
28 42 1215.36 1462.6
28 43 1128.93 1560.32
28 44 1074.1 1456.72
28 45 1056.72 1483.02
28 46 977.159 1623.81
28 47 1115.54 1726.29
28 48 939.209 1724.81
28 49 918.763 1776.73
28 50 881.746 1961.43
28 51 949.34 2348.39
28 52 1206.74 3336.4
28 53 2127.27 6044.13
28 54 913.618 3062.15
28 55 3.48995 6.09784
28 56 15.1115 4.74403
28 57 21.5651 0.858193
28 58 1.56682 2.10681
28 59 -5.54817 18.0404
28 60 4.95614 3.09691
28 61 3.11923 8.05541
28 63 11.7843 9.88554
28 64 14.9008 3.36827
28 65 5.46549 4.18973
29 33 12.7431 -2.5669
29 34 69.4975 11.8722
29 35 217.866 72.5037
29 36 399.765 205.895
29 37 584.17 415.116
29 38 701.134 600.423
29 39 911.968 819.283
29 40 933.203 970.765
29 41 1087.43 1197.61
29 42 1003.62 1179.35
29 43 1182.72 1532.9
29 44 1110.6 1507.83
29 45 1014.98 1395.79
29 46 956.474 1427.28
29 47 952.057 1617
29 48 839.967 1480.82
29 49 912.782 1650.66
29 50 855.833 1643.46
29 51 744.271 1775.71
29 52 976.211 2684.04
29 53 1704.52 4895.35
29 54 660.394 2074.68
29 55 10.9662 8.14547
29 56 11.3371 0.429518
29 57 14.5316 4.31934
29 58 2.62964 3.6002
29 59 -11.7166 13.9653
29 60 4.82326 1.02098
29 61 5.71575 15.7587
29 64 8.98204 -3.54193
29 65 -3.8365 -4.61346
29 66 0.0320962 0.0312238
30 33 27.0786 4.08632
30 34 72.4098 10.4552
30 35 189.238 61.7986
30 36 386.238 184.955
30 37 527.027 342.782
30 38 633.547 526.479
30 39 829.744 710.652
30 40 854.124 832.954
30 41 964.996 1038.93
30 42 936.916 1099.82
30 43 1176.89 1435.63
30 44 1130.45 1511.35
30 45 1017.85 1338.22
30 46 821.639 1186.99
30 47 899.496 1494.84
30 48 836.197 1431.64
30 49 839.256 1409.84
30 50 692.37 1338.95
30 51 684.543 1715.93
30 52 769.065 2043.19
30 53 1436.56 4154.29
30 54 510.342 1745.2
30 55 13.0185 12.1044
30 56 16.4965 25.1032
30 57 -2.11685 12.831
30 58 5.12953 10.323
30 59 -2.1255 19.546
30 60 -6.94253 22.778
30 61 7.20629 16.2918
30 63 -0.135414 0.664429
30 64 14.1502 12.8211
30 65 1.4218 8.67162
31 33 13.4987 -8.07095
31 34 56.5995 6.94946
31 35 152.371 60.0235
31 36 325.361 167.799
31 37 399.191 251.184
31 38 540.366 401.635
31 39 694.083 638.232
31 40 780.969 724.252
31 41 939.498 983.55
31 42 941.839 1008.43
31 43 1045.93 1319.2
31 44 920.498 1238.22
31 45 913.222 1245.57
31 46 814.565 1177.38
31 47 926.908 1406.29
31 48 795.417 1380.13
31 49 680.235 1175.03
31 50 637.49 1191.39
31 51 533.771 1215.88
31 52 697.63 1800.28
31 53 1087.18 3235.83
31 54 323.969 1088.02
31 55 0.100416 -3.9205
31 56 15.1804 8.74383
31 57 24.1282 -4.19779
31 58 3.03179 10.044
31 59 5.99861 2.80394
31 60 5.61103 13.2622
31 61 -18.6889 7.12045
31 63 -5.51563 -0.283167
31 65 13.4406 40.0214
32 33 28.7883 -6.42807
32 34 50.125 3.16984
32 35 161.728 69.5468
32 36 331.273 150.141
32 37 407.688 236.072
32 38 541.159 404.609
32 39 614.24 556.898
32 40 743.43 708.725
32 41 839.246 839.769
32 42 819.993 951.957
32 43 922.727 1210.83
32 44 947.523 1325.81
32 45 829.373 1074.92
32 46 775.429 1094.46
32 47 739.706 1090.24
32 48 810.423 1285.83
32 49 596.376 1207.09
32 50 591.306 1151.97
32 51 537.291 1215.17
32 52 592.428 1377.11
32 53 924.651 2442.09
32 54 199.111 679.469
32 55 7.57639 -1.15351
32 56 15.9993 18.7089
32 57 4.50097 6.14994
32 58 -13.65 15.1262
32 59 6.22609 8.41651
32 60 22.6875 10.3939
32 61 13.8448 14.222
32 62 2.45797 4.14966
32 64 -3.29109 3.80206
32 65 -1.95029 2.24898
33 33 16.5403 -0.0866546
33 34 56.8329 3.87302
33 35 163.334 60.3732
33 36 241.635 123.772
33 37 401.494 240.218
33 38 423.22 313.267
33 39 559.176 489.482
33 40 684.908 680.852
33 41 684.073 699.815
33 42 752.237 848.28
33 43 817.793 1069.01
33 44 919.478 1224.53
33 45 813.31 1074.95
33 46 756.158 1026.98
33 47 664.537 953.213
33 48 759.367 1224.41
33 49 621.697 1121.21
33 50 515.856 953.972
33 51 423.652 904.8
33 52 612.391 1335.44
33 53 725.247 1865.53
33 54 146.83 508.048
33 55 5.42771 0.46662
33 56 12.3533 0.337836
33 57 -1.33845 7.39455
33 58 -11.5032 14.9235
33 59 7.79566 11.6964
33 60 2.27011 0.623246
33 61 8.28483 5.01974
33 62 8.72682 13.0112
33 64 -4.11068 4.44443
34 33 6.537 -1.17357
34 34 39.7052 0.734569
34 35 105.167 36.497
34 36 262.335 138.471
34 37 368.646 200.726
34 38 364.611 278.878
34 39 578.89 478.352
34 40 589.644 543.492
34 41 656.806 746.091
34 42 696.116 734.269
34 43 751.785 924.851
34 44 777.516 1016.87
34 45 779.469 1052.49
34 46 694.968 939.572
34 47 580.432 836.908
34 48 662.416 1061.81
34 49 532.392 932.95
34 50 470.722 932.835
34 51 440.696 903.818
34 52 405.417 924.636
34 53 548.477 1459
34 54 149.379 398.409
34 55 15.8344 -1.93352
34 56 5.072 -0.975315
34 57 -17.7494 -3.60117
34 58 -16.0509 9.65999
34 59 17.568 16.9089
34 60 6.81225 2.43884
34 61 10.8041 6.81291
34 62 -31.6531 2.412
34 63 12.9246 9.33675
34 64 -3.85579 4.23142
34 66 -5.60439 -1.71502
35 33 8.82751 -8.19122
35 34 32.8764 -1.18561
35 35 104.774 31.4453
35 36 171.435 72.2178
35 37 405.221 219.882
35 38 316.059 230.754
35 39 515.675 436.262
35 40 562.586 503.973
35 41 617.266 633.052
35 42 684.574 765.16
35 43 677.794 748.214
35 44 733.854 954.082
35 45 718.715 1008.65
35 46 645.424 904.725
35 47 560.886 875.571
35 48 601.906 924.53
35 49 465.325 857.613
35 50 488.046 912.874
35 51 397.478 835.577
35 52 395.354 846.172
35 53 441.526 1111.05
35 54 79.841 239.692
35 55 17.1173 1.27095
35 56 8.52346 0.555604
35 57 -6.39328 3.69286
35 58 -8.04918 2.88658
35 59 23.9495 23.7253
35 60 14.0852 5.42546
35 61 16.9487 10.2234
35 62 -13.1559 0.227538
35 63 7.58883 6.18632
35 64 2.73575 16.69
35 65 5.76172 11.4264
35 66 9.32555 30.4183
36 33 11.3493 -3.28233
36 34 37.4861 -3.03702
36 35 106.278 27.7457
36 36 128.984 61.4287
36 37 326.188 197.856
36 38 224.431 174.769
36 39 423.521 346.11
36 40 523.866 502.951
36 41 578.114 575.488
36 42 644.785 712.568
36 43 605.145 711.984
36 44 662.166 789.737
36 45 612.995 850.324
36 46 616.383 893.982
36 47 515.182 753.005
36 48 547.419 838.853
36 49 455.164 796.917
36 50 454.935 718.476
36 51 406.509 772.257
36 52 409.621 900.556
36 53 345.261 789.337
36 54 70.4877 135.167
36 55 37.4987 16.1651
36 56 -1.67674 6.45058
36 57 1.25116 -2.84266
36 59 3.48949 3.46822
36 60 27.6043 27.0182
36 61 16.4322 10.3799
36 62 3.3144 2.20294
36 63 -23.1532 28.2957
36 64 2.20714 19.4985
36 65 13.6845 15.9453
36 66 4.2585 -3.1274
37 33 20.7869 -6.60422
37 34 39.3128 -1.261
37 35 65.9919 15.5173
37 36 152.138 62.1781
37 37 251.121 123.174
37 38 288.537 192.176
37 39 393.772 320.687
37 40 437.788 386.856
37 41 536.286 509.393
37 42 558.449 643.306
37 43 494.187 585.627
37 44 666.502 756.335
37 45 595.666 835.492
37 46 596.093 802.239
37 47 505.047 705.834
37 48 430.199 642.862
37 49 384.73 616.737
37 50 406.387 675.177
37 51 289.449 579.627
37 52 285.28 674.688
37 53 369.377 933.873
37 54 46.7172 88.6612
37 55 19.0705 30.1065
37 56 4.20549 2.44335
37 57 -13.0678 1.99156
37 59 0.377283 0.379325
37 60 20.2973 6.57261
37 61 16.2546 39.9273
37 62 4.35602 6.05889
37 63 6.93205 -6.20687
37 64 -1.22102 2.48352
37 65 7.70929 13.754
37 66 5.53725 26.5597
38 33 6.26366 -2.35394
38 34 14.2216 -5.36711
38 35 61.2677 13.0473
38 36 150.596 59.6456
38 37 162.754 84.443
38 38 241.625 142.409
38 39 381.05 306.63
38 40 366.373 324.69
38 41 506.216 467.426
38 42 456.79 490.984
38 43 485.585 577.082
38 44 575.882 632.634
38 45 528.883 670.598
38 46 584.912 815.608
38 47 428.443 637.215
38 48 413.765 726.566
38 49 372.28 603.319
38 50 327.258 561.307
38 51 227.364 408.372
38 52 287.717 537.58
38 53 294.046 725.415
38 54 32.2051 54.0009
38 55 -6.90765 -14.6343
38 56 9.45592 10.6679
38 57 6.14342 -12.9619
38 58 -2.0539 -11.4899
38 60 -0.0700466 5.9045
38 61 10.9927 9.33725
38 62 6.15345 20.7803
38 63 1.46314 0.936286
38 64 -4.0839 1.6843
38 65 5.94428 9.87019
38 66 -3.99207 4.61931
39 33 4.18669 -3.05396
39 34 9.62871 -0.264402
39 35 73.1491 14.7199
39 36 123.816 31.5249
39 37 156.466 75.1721
39 38 229.68 145.717
39 39 301.311 215.195
39 40 404.046 345.699
39 41 444.197 412.416
39 42 440.027 472.39
39 43 451 541.194
39 44 547.962 644.523
39 45 482.109 621.983
39 46 563.768 756.645
39 47 386.726 613.787
39 48 334.546 539.714
39 49 368.85 631.029
39 50 260.528 506.146
39 51 248.485 414.863
39 52 255.377 487.563
39 53 302.32 686.787
39 54 31.7358 118.808
39 55 23.6408 14.6054
39 56 19.313 1.91684
39 57 16.2563 13.7375
39 58 6.11681 2.11419
39 59 5.65814 -2.49113
39 60 -5.6885 5.47877
39 61 0.937669 2.08929
39 62 3.50872 43.8749
39 64 3.96194 2.7371
39 65 7.39998 10.8673
39 66 4.32756 7.68127
40 33 9.80466 7.7764
40 34 2.57567 -5.73486
40 35 93.5007 14.3278
40 36 116.868 39.2758
40 37 173.623 80.6409
40 38 202.122 121.249
40 39 297.74 231.763
40 40 372.008 311.767
40 41 451.246 364.06
40 42 360.403 347.222
40 43 401.884 486.672
40 44 484.523 593.887
40 45 484.067 605.086
40 46 468.281 670.508
40 47 439.747 605.176
40 48 312.162 511.542
40 49 406.144 562.305
40 50 240.593 421.849
40 51 207.22 370.946
40 52 168.105 319.009
40 53 167.854 416.523
40 54 38.4631 102.274
40 56 -8.26666 4.6937
40 57 5.30444 5.9894
40 58 1.43593 2.22218
40 59 5.57957 -0.639989
40 60 15.2048 6.57671
40 61 3.69062 -3.88877
40 62 11.2969 13.9903
40 63 3.82046 2.60961
40 64 9.24358 6.66074
40 65 2.41221 3.41357
40 66 4.67965 20.6223
41 33 3.19343 -1.56699
41 34 6.85162 -0.897194
41 35 59.4381 8.78564
41 36 109.667 27.3409
41 37 136.977 66.8226
41 38 196.087 132.181
41 39 251.665 179.064
41 40 369.489 300.748
41 41 396.53 318.445
41 42 397.75 380.207
41 43 382.312 449.47
41 44 395.805 456.026
41 45 441.708 548.972
41 46 372.948 482.68
41 47 462.675 659.891
41 48 319.275 490.914
41 49 383.32 514.221
41 50 245.752 442.812
41 51 199.264 336.9
41 52 166.728 323.34
41 53 145.066 312.181
41 54 -2.0987 58.1367
41 55 -4.09845 -3.4579
41 56 4.35695 -1.29562
41 57 3.84386 4.39178
41 58 -0.0441759 9.40106
41 60 12.9301 -3.29472
41 62 3.96246 6.57031
41 63 -13.6364 16.2005
41 64 5.26665 4.10259
41 65 -2.82659 18.8376
41 66 2.93744 4.26132
42 33 4.08047 -2.18567
42 34 2.77679 -0.364783
42 35 41.1089 7.00101
42 36 113.234 28.21
42 37 165.473 66.4832
42 38 196.058 124.074
42 39 203.557 146.803
42 40 354.474 295.224
42 41 372.269 308.594
42 42 366.758 369.7
42 43 398.118 411.645
42 44 298.361 387.053
42 45 413.385 507.96
42 46 350.229 447.626
42 47 364.286 529.89
42 48 336.016 492.394
42 49 297.191 433.665
42 50 188.817 390.152
42 51 166.485 320.094
42 52 159.194 360.055
42 53 78.5652 232.734
42 54 3.43508 17.4794
42 55 -10.4951 14.5562
42 56 3.5634 12.0157
42 57 16.2208 13.5039
42 58 -5.99956 19.0277
42 59 3.57115 3.49224
42 60 12.333 3.74986
42 61 -6.09536 1.12859
42 62 4.99856 4.59508
42 63 2.40157 4.40863
42 64 7.38066 6.05427
42 66 10.0456 16.8293
43 33 3.56565 -1.93719
43 34 9.26847 -4.14802
43 35 18.5504 8.90722
43 36 72.2725 17.0714
43 37 119.188 55.3447
43 38 187.7 124.44
43 39 143.429 119.056
43 40 318.855 251.755
43 41 307.607 283.917
43 42 339.23 313.781
43 43 386.103 428.681
43 44 328.893 405.514
43 45 363.445 435.667
43 46 221.9 408.598
43 47 321.013 473.897
43 48 323.232 492.794
43 49 289.005 407.115
43 50 155.471 268.105
43 51 158.202 366.338
43 52 208.902 346.514
43 53 85.2701 242.718
43 54 12.5676 25.295
43 55 -0.112321 11.9851
43 56 2.84911 3.71994
43 57 4.7374 4.30866
43 58 3.19353 15.2971
43 59 1.67631 2.42836
43 60 0.66723 -4.4756
43 61 -9.5309 1.13952
43 62 14.8369 -3.57144
43 63 14.8778 25.9153
43 64 8.5294 7.31069
43 65 0.254447 3.28926
44 33 0.100752 -0.056078
44 34 15.7399 -1.32981
44 35 22.1755 5.34655
44 36 75.3115 16.155
44 37 93.7476 35.6739
44 38 166.601 102.268
44 39 150.633 125.673
44 40 280.252 241.134
44 41 260.068 247.669
44 42 294.449 267.921
44 43 356.865 387.345
44 44 312.393 365.649
44 45 363.938 406.972
44 46 238.978 332.957
44 47 300.791 429.684
44 48 292.247 408.747
44 49 282.45 413.187
44 50 134.272 192.77
44 51 108.87 257.008
44 52 169.431 378.808
44 53 79.3962 216.148
44 54 -12.3444 19.9682
44 55 -0.516414 17.4912
44 56 5.0955 -1.34938
44 57 0.244117 2.12529
44 58 2.36477 19.0121
44 59 2.24835 5.08791
44 60 -3.95595 4.68814
44 61 12.201 2.04934
44 62 16.373 -4.77256
44 63 7.83964 5.31098
44 64 -8.2775 -0.936847
45 34 2.19343 -0.128848
45 35 18.8299 5.55159
45 36 61.8659 4.45955
45 37 73.2953 33.4318
45 38 134.025 79.585
45 39 143.7 100.396
45 40 223.346 189.918
45 41 260.458 232.189
45 42 259.276 254.136
45 43 270.474 298.814
45 44 359.83 358.415
45 45 327.759 400.681
45 46 231.665 317.81
45 47 268.449 367.863
45 48 325.797 461.826
45 49 213.67 305.872
45 50 109.586 178.436
45 51 87.1967 162.119
45 52 160.702 299.907
45 53 55.6076 126.133
45 54 -7.69462 14.2975
45 55 -0.498779 7.9645
45 56 6.90571 5.67534
45 57 -22.1711 5.37695
45 58 26.5309 27.0673
45 59 0.0691066 26.0357
45 61 4.47021 4.37598
45 64 2.61729 5.48914
46 34 1.98001 -0.0934339
46 35 21.3513 3.19877
46 36 53.2828 4.79854
46 37 92.544 43.6518
46 38 156.005 70.4289
46 39 119.001 76.4082
46 40 135.182 109.871
46 41 250.833 219.901
46 42 222.028 214.582
46 43 268.25 295.463
46 44 254.96 252.462
46 45 313.461 350.08
46 46 207.235 240.709
46 47 258.83 319.245
46 48 245.639 310.568
46 49 200.484 281.002
46 50 159.856 236.958
46 51 55.5087 120.471
46 52 120.781 272.398
46 53 64.9109 179.565
46 54 4.10425 26.7525
46 56 31.0279 22.6609
46 57 -6.00674 9.57518
46 58 8.59095 2.3084
46 59 5.45257 13.8049
46 60 6.90676 0.206962
46 61 -0.595502 -2.82613
46 62 4.7961 -3.78383
46 63 1.00313 -1.24545
46 64 3.22621 6.11538
47 33 10.897 6.57861
47 34 1.89018 -0.102963
47 35 18.5436 2.07683
47 36 20.2583 -3.8518
47 37 78.7803 28.9151
47 38 139.756 77.0734
47 39 151.944 88.5246
47 40 123.365 92.6698
47 41 227.547 204.575
47 42 199.005 176.628
47 43 197.885 217.436
47 44 262.505 274.079
47 45 248.298 307.199
47 46 173.859 225.425
47 47 212.343 271.846
47 48 226.514 299.184
47 49 148.3 302.223
47 50 142.739 210.271
47 51 56.4739 111.741
47 52 92.7269 171.672
47 53 46.1915 174.544
47 54 -4.81666 14.4178
47 56 13.4489 -0.0375543
47 57 -1.20039 18.9625
47 58 8.26049 18.8605
47 59 -12.0579 -5.08675
47 60 10.7116 3.18303
47 61 5.33695 8.29693
47 62 -1.70792 8.25849
47 63 -9.22025 14.4987
47 64 -0.716812 7.73181
47 65 -0.0445357 8.03267
47 66 -1.3664 6.66369
48 34 3.78985 -5.54407
48 35 31.0274 2.01601
48 36 28.0142 1.79992
48 37 62.8523 25.1974
48 38 107.855 59.3175
48 39 130.416 94.0201
48 40 120.545 83.8706
48 41 172.805 122.221
48 42 198.286 184.495
48 43 166.422 166.697
48 44 274.093 281.756
48 45 181.009 194.355
48 46 195.168 259.317
48 47 187.774 240.476
48 48 178.353 208.96
48 49 142.37 219.144
48 50 84.0252 160.617
48 51 62.8488 110.679
48 52 40.2056 73.3424
48 53 48.1713 120.324
48 54 5.97029 5.97835
48 55 -11.2186 0.188776
48 56 5.82442 -0.515411
48 57 16.8692 19.7613
48 58 2.13932 10.6895
48 59 3.82162 6.0557
48 60 10.4612 12.8269
48 61 20.7782 17.8204
48 63 12.6246 -0.909656
48 65 4.27939 3.29605
49 34 2.58106 -0.104409
49 35 15.1466 -3.41816
49 36 37.1167 9.13269
49 37 65.9733 20.8389
49 38 79.5587 42.8304
49 39 75.7825 56.0521
49 40 140.16 89.2572
49 41 170.908 125.127
49 42 214.263 196.871
49 43 178.853 174.752
49 44 218.294 233.61
49 45 162.275 187.175
49 46 222.339 288.184
49 47 142.825 207.915
49 48 170.124 191.943
49 49 154.266 185.741
49 50 129.241 218.232
49 51 104.416 183.502
49 52 23.0726 84.5568
49 53 10.9706 74.8589
49 54 -0.0288461 4.72076
49 56 2.61141 25.4705
49 57 -2.80505 46.9294
49 58 3.75299 11.2893
49 59 8.05917 14.2937
49 60 1.91743 3.02809
49 61 10.4955 11.7225
49 64 6.49336 1.78523
50 33 0.721037 -0.035099
50 34 -6.69605 5.70823
50 35 6.14147 -3.50409
50 36 23.9863 5.20489
50 37 104.115 33.9909
50 38 78.3174 40.6776
50 39 62.8449 37.6738
50 40 150.29 130.484
50 41 137.709 115.379
50 42 185.367 188.164
50 43 132.464 157.471
50 44 234.019 249.177
50 45 170.817 213.1
50 46 187.859 244.942
50 47 171.825 165.447
50 48 174.923 230.142
50 49 120.793 178.252
50 50 105.745 159.821
50 51 91.4616 138.969
50 52 26.9006 45.4293
50 53 -3.96435 19.06
50 54 -1.76383 8.52623
50 55 1.93071 14.8164
50 56 -6.92129 10.6863
50 57 -3.65732 -9.90462
50 58 7.5859 7.50178
50 59 3.0243 4.27585
50 60 2.33728 3.53929
50 62 -2.1311 5.30424
50 63 -5.47201 12.9739
50 64 4.61724 0.135439
50 65 -5.02405 -7.42599
50 66 5.93289 0.988656
51 33 1.82257 -0.110531
51 35 15.0524 14.9738
51 36 34.5631 7.70059
51 37 36.4551 3.39186
51 38 78.5853 44.2614
51 39 85.2761 53.0253
51 40 144.407 92.0673
51 41 165.377 100.966
51 42 104.734 125.85
51 43 157.812 142.429
51 44 171.504 190.013
51 45 156.688 187.695
51 46 174.481 212.866
51 47 166.484 176.698
51 48 140.465 189.145
51 49 107.479 152.283
51 50 115.677 177.936
51 51 76.9276 136.715
51 52 44.9342 66.8211
51 53 -0.678951 25.8026
51 55 18.1896 1.84585
51 56 12.5735 -1.5021
51 57 19.4381 1.54814
51 58 -3.26427 19.0011
51 59 5.05772 -5.56172
51 60 9.04045 -11.0776
51 61 10.7795 5.90709
51 62 3.89188 1.28886
51 63 -1.02354 -4.28044
51 64 2.91156 0.136124
52 33 2.53772 -0.148405
52 35 3.43294 4.32244
52 36 28.3107 7.8111
52 37 25.5355 8.54988
52 38 64.4447 30.7324
52 39 67.4957 34.3075
52 40 103.065 50.5149
52 41 141.35 101.74
52 42 121.827 103.646
52 43 147.446 147.69
52 44 226.024 233.949
52 45 170.794 185.117
52 46 142.475 153.906
52 47 125.219 186.188
52 48 121.389 140.34
52 49 102.926 223.406
52 50 89.5439 165.848
52 51 47.7253 87.9264
52 52 44.3725 95.549
52 53 8.41563 9.959
52 54 -1.96767 5.67306
52 55 16.4625 2.43707
52 56 25.2116 0.541299
52 57 2.27599 2.57536
52 58 5.99196 15.7061
52 59 4.89665 7.56726
52 60 -10.2078 8.42659
52 61 16.458 15.5669
52 62 -0.489908 -3.40902
52 64 8.64225 0.751771
53 33 1.50025 -0.0780201
53 34 -1.26788 5.82216
53 35 6.62659 0.481857
53 36 39.9596 8.42046
53 37 23.1876 11.2383
53 38 63.2909 63.1575
53 39 56.7679 18.461
53 40 65.799 42.1786
53 41 124.965 75.6372
53 42 150.876 108.282
53 43 127.25 125.529
53 44 212.692 175.259
53 45 165.981 165.49
53 46 142.607 181.894
53 47 109.602 160.96
53 48 127.36 150.094
53 49 152.14 227.014
53 50 78.3478 116.355
53 51 30.9981 86.3163
53 52 44.8492 80.382
53 53 6.99068 3.95329
53 54 31.7242 4.58298
53 55 24.7649 0.39912
53 56 9.63455 10.1018
53 57 7.17677 3.11598
53 58 -3.19609 8.2547
53 59 16.6046 16.6918
53 60 -2.59673 22.9775
53 61 13.745 11.5247
53 62 5.36713 4.91245
53 63 5.39758 -2.77287
53 64 15.5081 0.246692
53 65 6.35689 7.97086
54 33 2.82 -0.205944
54 35 8.21467 -0.0805394
54 36 38.5165 3.51562
54 37 25.6678 9.28623
54 38 44.7388 20.18
54 39 77.47 40.0662
54 40 64.7144 47.4204
54 41 94.9483 86.8009
54 42 131.943 95.7669
54 43 99.2789 124.353
54 44 198.021 157.876
54 45 141.38 158.39
54 46 150.287 185.805
54 47 156.806 210.778
54 48 105.472 146.815
54 49 116.22 114.105
54 50 60.593 88.1738
54 51 58.6542 89.8943
54 52 39.8188 51.3887
54 53 3.59752 6.15638
54 55 11.4997 19.2183
54 58 -2.82243 6.92452
54 59 2.37966 14.6971
54 60 -5.70278 13.6561
54 61 18.0998 10.0109
54 62 10.299 10.8266
54 63 4.1764 1.69314
54 64 7.50471 -1.70534
54 65 -15.7244 6.75146
55 33 1.52356 -0.119119
55 35 7.3626 0.545487
55 36 39.5069 8.66617
55 37 28.2717 5.56312
55 38 47.3163 24.5902
55 39 103.579 58.3884
55 40 44.7608 31.2727
55 41 84.5962 64.1508
55 42 118.913 76.6047
55 43 94.1637 100.886
55 44 114.491 125.428
55 45 143.207 145.553
55 46 160.786 179.534
55 47 113.397 144.993
55 48 102.657 126.033
55 49 77.0306 94.0474
55 50 23.1899 36.3307
55 51 31.4026 49.4169
55 52 25.0311 31.8898
55 53 5.06588 6.06013
55 54 -0.18755 0.509482
55 55 1.26034 16.819
55 56 10.2663 8.38001
55 57 -3.235 2.20857
55 58 0.243193 6.32505
55 59 -28.4601 -15.7101
55 60 2.5428 2.2249
55 61 8.13108 -2.93987
55 62 -3.64648 9.23907
55 63 4.79766 4.12409
55 64 6.25786 -0.524918
55 65 -3.74631 5.14584
56 33 3.15793 -0.188212
56 34 -4.61101 3.9586
56 35 13.4598 1.00737
56 36 28.3595 2.51979
56 37 27.8348 8.52815
56 38 60.5127 25.448
56 39 39.1534 23.5866
56 40 53.7517 35.0154
56 41 47.8426 37.2898
56 42 106.168 81.5663
56 43 110.306 78.2986
56 44 112.816 101.624
56 45 120.408 116.203
56 46 149.501 137.111
56 47 69.2463 99.2735
56 48 66.9719 129.754
56 49 84.9371 131.202
56 50 38.4707 54.9763
56 51 19.8117 23.5458
56 52 21.4107 19.4198
56 53 -6.27885 5.86195
56 54 0.463228 20.6903
56 55 20.7806 21.8782
56 56 12.8205 16.6264
56 58 1.87408 6.04112
56 59 -9.50952 -0.852612
56 60 -17.354 2.82455
56 61 10.4903 0.416115
56 62 -2.7051 3.25363
56 63 20.1796 16.319
56 64 5.77606 -2.84903
56 65 -5.30595 -0.810889
56 66 5.62639 0.168099
57 33 2.32659 -0.169098
57 35 3.41175 -0.665824
57 36 9.79594 -3.78028
57 37 24.3967 5.85642
57 38 54.3471 30.8905
57 39 31.93 15.2347
57 40 41.8186 28.2038
57 41 88.9619 53.9345
57 42 86.6003 56.7954
57 43 108.692 86.1442
57 44 83.4667 72.0487
57 45 94.1278 108.933
57 46 101.113 132.094
57 47 60.2312 71.7226
57 48 48.3433 100.238
57 49 78.8076 105.693
57 50 44.569 74.7383
57 51 32.4316 43.3362
57 52 4.75032 30.1017
57 53 -6.35584 -5.14704
57 54 -0.668087 17.906
57 55 8.07733 5.23823
57 56 30.7199 23.8194
57 57 3.22373 6.51082
57 58 -6.46621 5.66903
57 59 -12.5986 -5.88657
57 60 1.84964 21.2199
57 62 5.17457 7.90909
57 63 11.9644 6.38698
57 64 20.308 0.503799
57 65 4.39197 -1.77054
57 66 4.70026 -3.46788
58 33 2.37523 -0.211032
58 35 1.22826 -0.218206
58 36 27.1 5.33984
58 37 28.1259 1.84833
58 38 30.1027 20.7411
58 39 37.5937 21.6639
58 40 37.0698 13.9737
58 41 54.8255 40.1522
58 42 62.9668 52.0348
58 43 54.2257 20.9209
58 44 71.8022 86.8951
58 45 99.833 82.5893
58 46 94.5978 84.5634
58 47 46.24 49.9546
58 48 51.7115 79.1305
58 49 50.9215 56.4587
58 50 21.2705 26.6318
58 51 33.3367 55.7848
58 52 22.5688 16.7313
58 53 -5.91964 -0.659106
58 54 -8.96029 22.1834
58 55 -0.621751 5.80984
58 56 6.7869 9.78392
58 57 1.3777 12.7489
58 58 -12.8071 34.6915
58 59 4.09839 7.35601
58 60 -0.926092 3.86313
58 61 -12.9145 1.87193
58 62 4.37897 6.28037
58 63 5.24551 0.641227
58 64 -4.0427 3.44332
58 65 4.62089 2.41088
59 33 2.77426 -0.274414
59 35 3.98427 -0.693669
59 36 19.7723 0.309217
59 37 23.6182 -0.996632
59 38 30.4601 13.1707
59 39 39.5656 22.9607
59 40 40.9929 19.2405
59 41 49.4372 35.4643
59 42 68.9315 54.8481
59 43 35.4381 35.0144
59 44 95.9706 71.4937
59 45 143.049 140.93
59 46 77.0798 81.4212
59 47 84.416 97.1711
59 48 74.4279 92.9839
59 49 30.1 81.4568
59 50 21.9407 34.1935
59 51 12.7131 18.3151
59 52 22.8228 2.80609
59 53 7.17146 2.37708
59 54 4.39847 2.00515
59 55 10.2463 19.6923
59 56 9.56823 14.643
59 57 6.87814 14.7005
59 58 7.70902 17.3494
59 59 2.11267 0.927868
59 60 -1.94758 5.06421
59 61 -3.64535 -2.05949
59 62 2.33803 3.20641
59 63 3.07484 4.09717
59 64 1.87112 5.07302
60 33 2.83263 -0.776226
60 35 2.94759 -0.481454
60 36 20.8404 -1.47912
60 37 38.6869 -4.77856
60 38 19.7537 6.83773
60 39 27.7373 19.4508
60 40 29.6648 18.4935
60 41 55.6531 42.3753
60 42 72.4005 56.9401
60 43 42.7358 40.3692
60 44 63.537 55.348
60 45 61.5783 66.4839
60 46 76.6779 64.4142
60 47 115.57 85.5764
60 48 52.0393 61.6894
60 49 70.9666 54.8206
60 50 35.9296 52.901
60 51 13.393 31.4585
60 52 15.2182 5.86157
60 53 22.9148 5.10909
60 54 -12.3748 13.4215
60 55 6.63541 5.59389
60 56 16.3726 13.4561
60 57 18.7245 1.70869
60 58 3.8037 -2.70667
60 59 -1.82135 -2.48884
60 60 -1.09528 8.93475
60 61 4.64956 1.80546
60 63 10.5714 17.1932
60 64 2.52212 4.31264
60 65 1.84264 5.51503
60 66 7.81814 5.22202
61 33 3.31794 -0.452581
61 35 4.52962 4.75207
61 36 9.66996 0.731348
61 37 25.1895 -1.98401
61 38 5.99952 12.9552
61 39 32.7728 26.9578
61 40 35.6564 19.5063
61 41 26.3003 23.5332
61 42 48.0102 35.2494
61 43 30.8648 19.41
61 44 59.9265 52.4389
61 45 65.3622 60.9474
61 46 77.8941 51.0459
61 47 68.1084 59.2837
61 48 27.7925 36.1631
61 49 29.1894 41.5471
61 50 2.86572 6.57068
61 51 13.7662 13.2
61 52 -0.135987 10.5672
61 53 26.3911 -3.5213
61 54 18.7941 18.195
61 55 5.61191 4.90595
61 56 13.552 7.35394
61 57 -2.64683 2.13051
61 58 8.70327 7.80296
61 59 -4.6386 4.49271
61 60 17.2066 17.5463
61 61 1.78781 10.4713
61 62 -3.10773 -4.09351
61 64 -8.45274 -2.24357
61 65 8.56903 -2.75921
61 66 2.57131 5.16186
62 33 5.15313 -5.49512
62 35 1.96146 -0.61231
62 36 7.98672 0.537341
62 37 15.901 -0.456006
62 38 39.2002 9.01533
62 39 19.9075 19.2335
62 40 36.095 26.7802
62 41 34.2603 18.8084
62 42 54.9307 26.8587
62 43 30.6159 24.7283
62 44 65.4841 69.7727
62 45 58.5189 62.9908
62 46 66.284 53.855
62 47 55.0465 52.0587
62 48 13.1655 16.3234
62 49 31.576 46.7462
62 50 21.5093 21.7734
62 51 10.9155 14.4808
62 52 9.45576 28.6228
62 53 17.3588 6.8408
62 54 19.2664 7.98675
62 55 24.6025 0.841631
62 56 30.628 7.30614
62 57 11.7625 3.09844
62 58 -8.59867 5.75575
62 60 24.3635 24.5275
62 61 -6.42238 15.3392
62 62 -13.7812 13.952
62 63 -1.60685 22.8415
62 64 -3.8285 18.1701
62 65 3.86837 -4.50676
62 66 1.99871 7.47073
63 33 6.95581 -3.08244
63 35 7.73515 -2.18341
63 36 17.3718 -7.11539
63 37 12.3587 -2.33655
63 38 11.9209 5.06555
63 39 17.5675 4.79036
63 40 42.5014 40.4727
63 41 23.344 12.7318
63 42 22.8838 16.528
63 43 40.2981 27.2545
63 44 54.531 43.8818
63 45 57.3019 56.7873
63 46 36.3104 34.92
63 47 46.3697 45.6373
63 48 41.638 25.3543
63 49 27.2772 33.9256
63 50 30.8194 45.7295
63 51 -13.0633 2.72106
63 52 5.09895 6.66383
63 53 24.7166 11.7432
63 54 11.4823 7.41242
63 55 44.7858 0.123373
63 56 10.1016 3.00675
63 57 0.754623 0.420006
63 59 16.1115 -12.8634
63 60 14.9956 28.9322
63 61 10.2842 31.8858
63 63 4.11053 7.00703
63 64 8.10766 30.1719
63 65 2.80503 9.93569
63 66 11.4077 11.324
64 33 4.10296 -0.819993
64 35 -0.152284 -2.14802
64 36 21.5062 -6.58138
64 37 20.6709 -7.97953
64 38 14.5436 5.82034
64 39 22.1403 7.69758
64 40 24.6322 8.15666
64 41 20.4514 25.0287
64 42 24.4742 19.6224
64 43 36.2276 26.8157
64 44 54.1777 38.404
64 45 45.9648 46.1613
64 46 23.261 16.5397
64 47 77.4993 43.6452
64 48 40.0661 33.1485
64 49 22.7226 25.7235
64 50 20.1494 19.7077
64 51 13.8597 26.9217
64 52 21.4605 26.6496
64 53 28.7459 4.82372
64 54 21.5554 15.4996
64 55 15.4158 -1.80561
64 56 5.71059 -2.50564
64 57 20.3475 6.33776
64 59 3.10798 23.3408
64 60 -5.72827 10.123
64 61 10.834 11.5919
64 63 27.8831 -0.686765
64 64 6.19593 8.95895
65 33 2.94603 -0.337804
65 35 9.79531 -3.73809
65 36 13.2873 -0.437681
65 37 2.67195 0.464573
65 38 16.5188 6.45861
65 39 38.3208 10.7517
65 40 41.7119 19.7028
65 41 18.634 5.19911
65 42 24.1505 20.9456
65 43 17.1334 9.84717
65 44 75.2344 47.464
65 45 16.0765 24.2932
65 46 64.3698 60.4323
65 47 24.5502 11.7132
65 48 64.6949 101.161
65 49 31.5212 41.9862
65 50 -1.86794 15.1749
65 51 37.1277 25.1271
65 52 12.9284 20.0284
65 53 9.80382 5.9673
65 54 2.38965 4.55386
65 56 11.3139 0.345551
65 57 5.94207 6.10546
65 58 2.53662 0.696252
65 59 5.30641 6.76596
65 60 0.810001 8.08269
65 61 -6.84806 -0.503102
65 62 25.1403 21.5536
65 63 7.11692 4.68374
65 64 17.3913 -2.32872
65 65 1.96694 10.7677
66 33 3.54907 -0.366288
66 34 5.74372 -2.28919
66 35 15.841 -2.92175
66 36 19.7348 -4.54157
66 37 3.47349 0.463436
66 38 27.315 8.7783
66 39 24.3916 -4.23383
66 40 18.0416 9.28258
66 41 16.6528 14.5174
66 42 26.0913 23.0858
66 43 30.0062 24.8866
66 44 38.8858 18.3396
66 45 21.9009 21.4795
66 46 38.9183 29.9596
66 47 9.7809 6.80848
66 48 41.8257 28.3394
66 49 18.4546 26.6834
66 50 21.9007 14.3873
66 51 11.6118 34.5208
66 52 -4.99938 19.2786
66 53 9.87625 9.04323
66 54 1.99818 2.15769
66 55 0.423196 0.518426
66 56 6.90018 -0.929829
66 57 7.15514 6.96174
66 58 5.2211 2.09745
66 59 -0.986906 6.63445
66 60 3.90219 6.37135
66 61 0.168313 0.438208
66 62 4.26021 6.88736
66 63 0.0316102 0.0740064
66 64 16.2433 14.2
66 65 7.01255 9.59708
67 33 0.22131 -0.0215779
67 35 0.216517 -0.0453673
67 36 2.20751 -0.312648
67 37 2.13811 0.0730312
67 38 2.18703 0.879947
67 39 0.0946504 0.0717031
67 40 0.396671 0.223174
67 41 0.56743 0.558319
67 42 1.90051 0.924899
67 43 3.49409 1.06012
67 44 1.75419 0.504056
67 45 2.57139 2.21849
67 46 1.09393 0.793116
67 47 1.7678 1.50651
67 48 1.70013 1.46141
67 49 0.811081 0.799242
67 50 1.43147 0.782413
67 51 0.135937 0.295029
67 52 0.295937 2.12984
67 53 0.58052 0.334317
67 54 0.990117 0.373516
67 55 0.0683503 0.0413034
67 56 0.168411 -0.107802
67 57 1.05453 0.75004
67 58 0.173966 -0.0980837
67 59 0.163139 0.00358614
67 60 0.194895 0.0655945
67 61 -0.295766 0.996189
67 62 0.0219214 -0.019888
67 65 0.390523 0.57324
