0 33 -2.6787 3.73476
0 34 3.09857 2.60537
0 35 1.45874 0.461659
0 36 -2.07599 3.49361
0 37 -2.26794 0.194097
0 38 -0.495096 0.471668
0 39 -2.30953 1.77999
0 40 1.00499 0.440577
0 41 0.857741 -0.147459
0 42 -0.882595 1.62105
0 43 -0.835997 1.12423
0 47 -0.165463 0.10458
0 48 0.263568 0.207554
1 33 -0.669792 14.1801
1 34 2.20417 4.7706
1 35 -1.10042 2.49685
1 36 2.77404 8.70555
1 37 -1.67257 3.21376
1 38 -0.871938 1.77405
1 39 -0.88497 2.12279
1 40 3.72844 3.36754
1 41 5.78909 2.46139
1 42 2.28211 0.985765
1 43 -3.01384 2.42085
1 44 0.0465225 -0.0445821
1 45 0.0518925 0.651687
1 47 -0.518769 -0.274234
1 48 0.621932 0.516607
1 49 0.155685 -0.00184005
1 51 0.999094 0.72467
1 56 -0.140945 0.0141408
1 59 -0.15605 -0.101051
2 33 3.47599 15.7897
2 34 -7.28625 2.92796
2 35 7.24899 7.82368
2 36 -1.0556 4.37915
2 37 -8.12939 10.5298
2 38 1.84717 5.61255
2 39 1.96519 5.98331
2 40 3.26792 1.93094
2 41 -2.70617 5.05914
2 42 5.00479 3.31255
2 43 -1.13597 -1.98547
2 44 1.01206 1.25865
2 45 -0.158461 -0.810442
2 47 -0.282523 -0.00144038
2 48 0.0808698 -0.296366
2 49 0.482525 -0.0859164
2 54 -0.123819 0.00887923
2 57 -1.01047 0.817579
2 61 0.0894464 -0.138023
3 33 8.82477 17.9205
3 34 -3.03724 8.56667
3 35 0.106335 10.1276
3 36 -4.16459 8.55243
3 37 7.33324 0.415235
3 38 5.6165 7.81782
3 39 7.67068 -1.36368
3 40 6.35976 7.32398
3 41 -7.58072 4.06977
3 42 -5.74286 2.52416
3 43 3.92269 2.0274
3 44 1.13771 1.20807
3 45 -0.909509 0.855801
3 46 0.0839442 0.0158101
3 47 -0.661925 1.51179
3 48 0.205235 0.00704821
3 49 -0.697617 -0.126419
3 50 0.390094 -0.0988607
3 52 0.144562 0.0400745
3 57 -0.972255 0.789641
3 60 0.528908 -0.0837168
4 33 3.32753 25.1164
4 34 -9.17822 3.9901
4 35 -2.03323 22.0735
4 36 1.60889 10.1096
4 37 -1.02289 9.78622
4 38 -6.74652 6.81353
4 39 -7.82568 3.51408
4 40 3.47886 6.56663
4 41 6.28301 3.78001
4 42 -1.55762 0.0104941
4 43 3.27579 2.48614
4 44 0.658472 1.14622
4 45 -0.369606 0.744768
4 46 0.272898 0.648354
4 47 0.487456 -0.642108
4 48 0.326048 -0.30565
4 49 0.00150792 -0.286936
4 50 -1.97438 1.01666
4 52 -0.911022 -0.223742
4 53 -0.0821091 0.0874443
4 54 -1.58607 -1.26958
4 57 -0.349679 0.303672
4 60 0.00660167 0.00273363
4 63 -0.0614205 0.06513
5 33 3.38064 32.0851
5 34 4.61315 5.51524
5 35 7.1276 13.9899
5 36 -0.403766 8.79794
5 37 5.60038 12.5182
5 38 -8.18088 7.70625
5 39 -8.44932 7.38472
5 40 3.88487 2.00474
5 41 0.912548 4.5653
5 42 -2.31878 9.21501
5 43 1.10172 1.25236
5 44 0.567461 0.00946869
5 45 -0.555896 2.23515
5 46 1.55167 0.56984
5 47 -0.142903 -0.0282939
5 48 -0.872024 0.234459
5 49 -0.252394 0.328676
5 50 -0.264912 0.219744
5 51 1.47779 0.392765
5 52 -0.548718 0.507545
5 54 -0.019857 0.05954
5 60 -1.28467 0.158259
5 62 -0.0110818 -0.0200843
5 66 -0.102437 -0.481505
6 33 1.05632 32.5523
6 34 2.39887 9.44943
6 35 0.296902 14.2522
6 36 5.6446 12.7407
6 37 9.81912 18.3681
6 38 -3.5519 12.9236
6 39 7.10634 4.90736
6 40 -8.52706 2.5095
6 41 2.66117 6.64527
6 42 0.430909 2.54481
6 43 7.55574 0.495404
6 44 -0.780561 1.06443
6 45 -0.220041 -0.886342
6 46 -0.295399 0.266333
6 47 0.307126 -0.764157
6 48 1.63104 -0.67799
6 49 0.854818 1.23534
6 50 -0.155876 -0.0678909
6 51 -0.494988 0.250856
6 52 1.36151 0.296336
6 54 0.0489843 0.0332782
6 57 0.058839 0.0440874
6 60 0.0954579 -0.063564
6 61 0.0589563 -0.534367
6 66 -0.139198 0.0353632
7 33 12.1534 34.5135
7 34 2.56822 20.3298
7 35 5.49732 6.59915
7 36 10.2077 16.0251
7 37 13.546 13.3521
7 38 3.13017 8.67508
7 39 6.53397 9.80658
7 40 4.58817 6.32184
7 41 7.36818 3.94509
7 42 -3.78994 6.37308
7 43 -3.10105 3.67551
7 44 1.04786 1.21097
7 45 -0.595326 0.536168
7 46 -1.29883 1.06096
7 47 0.502402 0.635293
7 48 -0.0110977 -0.0264049
7 49 -0.490524 0.306165
7 50 0.0604566 0.20577
7 51 -0.0220387 0.0383171
7 52 1.41539 1.69648
7 54 0.256376 0.19228
7 56 -0.185429 -0.0521124
7 57 -0.0290963 -0.00437825
7 60 -0.705185 -0.603353
7 65 -0.216728 -0.0276412
8 33 4.67313 33.8765
8 34 8.59493 14.3098
8 35 8.20857 12.0406
8 36 -0.388948 14.2968
8 37 1.61648 16.3866
8 38 -1.66891 10.4135
8 39 -1.48361 11.1584
8 40 11.7036 8.82189
8 41 4.26263 15.1871
8 42 -3.82033 1.82622
8 43 -0.379482 6.20975
8 44 3.93682 -0.930724
8 45 -1.02841 1.99423
8 46 -0.165199 -0.248532
8 47 -0.449875 -0.260817
8 48 0.461462 -0.68517
8 49 -0.504234 -0.867512
8 50 -2.49836 2.78421
8 51 0.792749 -0.671817
8 52 1.28029 -0.594314
8 55 0.354481 0.592702
8 62 0.165003 -0.0217726
8 63 0.300588 0.122414
9 33 12.2291 33.0406
9 34 15.3834 23.4031
9 35 8.77667 14.1294
9 36 0.763853 11.3042
9 37 3.02071 15.3279
9 38 2.4927 3.01258
9 39 0.966285 8.45302
9 40 3.0974 10.3589
9 41 2.09841 5.28999
9 42 -5.178 7.09267
9 43 -1.73386 3.5914
9 44 1.82833 4.93404
9 45 2.28916 -0.0361344
9 46 0.612506 -0.71799
9 47 -1.45228 0.227471
9 48 -1.27162 0.198476
9 49 0.0882957 -0.577184
9 50 -0.00341953 0.166518
9 51 -0.631169 -0.352047
9 52 -0.273229 -0.130706
9 53 0.0164569 0.00568552
9 54 -0.157541 0.279005
9 55 -0.27999 -0.128825
9 58 -0.823713 0.321205
9 62 0.653182 0.251685
9 63 0.384403 -0.790951
9 64 0.229554 -0.0599186
9 65 0.391025 0.127453
9 66 -0.368509 0.0128188
10 33 2.32232 29.2316
10 34 5.5175 15.9105
10 35 -8.57153 7.84796
10 36 9.38315 17.7211
10 37 9.2618 6.75905
10 38 13.9614 7.9235
10 39 9.48517 6.26795
10 40 -0.166562 10.8177
10 41 8.32967 5.96607
10 42 3.60163 4.29551
10 43 -0.0337315 3.12485
10 44 -1.08778 5.85519
10 45 1.29724 1.57286
10 46 -1.16404 -0.211498
10 47 -0.296726 -1.70817
10 48 1.53198 -0.0217846
10 49 -1.6441 0.279725
10 50 0.00814415 -0.625327
10 51 1.22943 0.882031
10 52 0.532379 -1.15662
10 53 -1.85417 0.131079
10 54 0.332876 -0.00220329
10 55 -0.212166 -0.125744
10 58 0.423335 -0.198046
10 59 0.197979 1.10913
10 62 0.185657 -0.0298
10 63 0.648188 0.258284
10 64 0.1264 -0.141034
10 65 1.44373 0.807857
11 33 -2.46224 32.403
11 34 0.450185 7.78634
11 35 9.5059 12.668
11 36 4.75783 5.60237
11 37 13.6705 15.6349
11 38 8.16618 3.66598
11 39 9.88618 6.64788
11 40 11.2068 6.78935
11 41 -8.24989 0.152434
11 42 0.7639 4.51255
11 43 2.85677 -2.8907
11 44 -0.450372 -0.430307
11 45 3.67133 -0.00985449
11 46 -3.80874 1.17442
11 47 -0.614808 -0.825307
11 48 0.283835 0.240661
11 49 1.10671 -0.392657
11 50 0.0257477 -0.530495
11 51 -0.533329 -0.383319
11 52 -0.244892 0.33295
11 53 -0.813488 0.0465964
11 54 0.00206925 0.273435
11 55 0.203431 -0.392743
11 56 0.0577034 0.193212
11 57 -0.0423414 -0.742084
11 58 0.208538 0.717081
11 59 -0.0789876 -0.209369
11 65 -0.105641 -0.228395
12 33 -1.21551 23.6741
12 34 -0.769873 8.51939
12 35 4.91683 10.8701
12 36 3.24542 7.02687
12 37 8.68807 2.82578
12 38 8.18075 9.00358
12 39 1.16361 4.65078
12 40 18.3047 0.0881721
12 41 6.03713 0.740255
12 42 5.09414 3.06993
12 43 4.58773 1.98729
12 44 -0.286307 4.58934
12 45 1.79049 5.06721
12 46 -0.962475 -2.30151
12 47 -2.04506 2.16023
12 48 -0.0927351 0.311607
12 49 -0.0610651 1.19168
12 50 0.418543 -0.284853
12 51 -1.19127 0.240678
12 52 -1.25782 -0.362845
12 53 1.39907 -0.218283
12 55 0.275436 0.231812
12 56 -0.638423 0.126991
12 57 0.0833162 0.0599071
12 58 0.613451 0.149223
12 59 -0.369116 0.172515
12 60 -0.242506 0.614998
12 63 0.30034 0.258616
12 65 -0.00285713 0.0494538
13 33 0.78504 15.8869
13 34 -0.374439 4.13198
13 35 5.19237 8.92232
13 36 19.4168 7.97879
13 37 10.94 5.15607
13 38 5.27364 3.05332
13 39 8.86649 3.05049
13 40 6.90613 4.51606
13 41 1.34208 4.02906
13 42 11.8314 4.62706
13 43 2.8655 2.74314
13 44 3.91309 5.92535
13 45 3.07901 1.33665
13 46 -1.63387 0.15304
13 47 -2.02441 -1.48249
13 48 -1.44452 0.178468
13 49 -1.5525 0.999854
13 50 1.69788 -0.0935084
13 51 0.369985 -0.655563
13 52 1.31438 -0.433105
13 53 -0.520282 0.343438
13 54 1.23858 -0.801352
13 55 -1.53276 -1.33695
13 56 0.138363 0.163867
13 57 -0.090176 -0.061674
13 59 0.727211 0.239047
13 60 0.257511 1.02783
13 61 0.292313 -0.158933
13 62 -0.732754 -0.9976
13 64 -0.0656305 0.0753888
13 65 -0.0739503 -0.20111
14 33 6.21636 14.8907
14 34 -3.20091 3.44741
14 35 1.31737 5.32846
14 36 5.10805 4.18854
14 37 5.88624 0.262195
14 38 8.08052 8.98431
14 39 4.31149 2.31415
14 40 7.48769 11.8726
14 41 6.72229 4.01966
14 42 -6.43653 4.99078
14 43 0.541309 0.014633
14 44 4.66725 7.38047
14 45 1.27555 2.57963
14 46 0.534694 0.0150863
14 47 1.3727 -1.51517
14 48 0.633328 -0.742315
14 49 -0.599634 0.647111
14 50 0.679214 0.0805339
14 51 1.09307 0.549973
14 52 2.31485 0.476627
14 53 0.020165 -0.0132188
14 54 -1.25531 -0.0849336
14 55 -0.687771 -0.144515
14 56 0.194099 0.850972
14 57 -0.510891 0.00243607
14 61 -1.42603 -0.550171
14 62 -0.997846 -0.859123
14 63 0.947242 -0.725548
14 65 -0.16025 0.182259
15 33 1.95583 9.69723
15 34 8.68936 1.68104
15 35 9.43005 5.86666
15 36 12.929 4.28563
15 37 12.66 7.32239
15 38 5.79644 1.16436
15 39 5.08096 7.03276
15 40 -2.6195 3.5846
15 41 9.39384 0.611071
15 42 4.95003 8.44293
15 43 3.44488 6.81933
15 44 1.8184 2.84009
15 45 4.4961 1.5842
15 46 0.81961 1.90271
15 47 -0.260898 2.37105
15 48 -0.515407 0.367594
15 49 0.3476 -0.168923
15 50 -0.112246 0.950969
15 51 1.37774 0.115263
15 52 0.56007 -0.000242225
15 53 -0.537975 0.333533
15 54 -0.755639 0.14644
15 55 -0.0816918 0.414545
15 56 0.0953373 -0.503167
15 58 0.268162 -0.74723
15 59 1.14429 0.424524
15 61 0.0576895 -0.28186
15 62 -0.01749 0.00382884
16 33 8.42631 3.8421
16 34 8.52896 1.04505
16 35 5.62859 4.43027
16 36 3.68441 -6.13521
16 37 7.39208 0.749706
16 38 4.37971 2.0164
16 39 3.96998 7.54027
16 40 14.3487 5.70178
16 41 0.704891 5.96114
16 42 5.17045 2.42956
16 43 4.37548 2.14452
16 44 -1.64462 -0.065836
16 45 -0.847471 -0.780175
16 46 -1.29075 0.300355
16 47 0.526557 -0.343799
16 48 -0.496352 0.897503
16 49 0.100799 1.19263
16 50 -0.0621091 0.912274
16 51 -1.76403 2.7357
16 52 0.741661 0.565109
16 53 -0.129623 0.10091
16 54 0.701246 -0.106353
16 55 0.0518086 0.0487693
16 56 0.102594 -0.0397987
16 57 -0.18707 -0.00896773
16 59 0.522891 0.297626
16 61 0.354605 0.574376
16 62 -0.893746 -0.172025
16 64 0.253213 -0.0158926
17 33 4.72094 10.4809
17 34 3.24615 -3.34091
17 35 5.68076 0.751425
17 36 6.5131 1.12905
17 37 -3.04869 3.11475
17 38 7.80646 -2.30219
17 39 11.9883 -0.555107
17 40 9.52823 4.29563
17 41 6.00505 6.32416
17 42 3.24707 0.0251762
17 43 5.52273 -0.750692
17 44 3.82255 -2.42511
17 45 -0.53232 -0.383162
17 46 0.7994 0.970979
17 47 0.820156 -0.413367
17 48 0.459728 0.968117
17 49 -0.29789 -1.20907
17 50 0.305808 0.197594
17 51 0.931275 1.60163
17 52 -0.560754 -0.20771
17 53 0.585248 0.333017
17 54 0.618838 -0.561355
17 55 -0.643211 -0.0447784
17 56 -0.265569 0.180474
17 57 0.381253 -0.293677
17 59 1.02032 0.960086
17 61 0.18581 -0.153715
17 62 -1.35404 0.922224
17 63 0.184606 0.0399371
17 64 -0.105512 0.0776184
18 33 2.41472 3.11826
18 34 6.96974 1.71708
18 35 9.06346 3.51011
18 36 2.43734 3.5929
18 37 20.1458 9.1667
18 38 7.79073 5.68004
18 39 4.96247 9.55177
18 40 5.87786 2.79992
18 41 9.54172 1.25739
18 42 4.50537 1.40939
18 43 -1.92265 0.302149
18 44 3.73577 2.46648
18 45 -0.564981 1.68886
18 46 2.38324 1.14286
18 47 -0.268739 -0.104598
18 48 -0.303755 0.640738
18 49 -0.0915471 0.723541
18 50 0.202172 -0.0203095
18 51 0.0177713 0.234053
18 53 -0.479185 -0.915029
18 54 1.05376 0.299617
18 55 -0.816751 -0.314533
18 57 0.595947 0.564811
18 58 0.469051 -0.365275
18 59 0.760498 -0.1881
18 61 0.176681 0.0283017
18 62 -0.697496 0.210639
18 63 0.340861 -0.285888
19 33 1.76442 5.38237
19 34 4.39891 -0.976279
19 35 -1.31322 -0.0619398
19 36 5.43677 -1.31929
19 37 -0.217908 6.16699
19 38 4.51583 2.15609
19 39 -1.01382 1.13784
19 40 9.25249 -5.36686
19 41 6.84538 -0.336301
19 42 1.62611 1.78548
19 43 4.05013 2.25942
19 44 2.78188 1.79163
19 45 3.05796 2.66365
19 46 0.801486 1.72997
19 47 0.725017 0.497104
19 48 -0.941718 1.31922
19 49 0.734594 0.791721
19 50 0.190907 1.17069
19 51 -0.217695 -0.0456004
19 52 0.898385 -0.113856
19 56 0.0468155 0.0609591
19 57 0.563924 0.265877
19 58 1.04243 -0.260707
19 59 1.6304 0.356164
19 60 0.102746 -0.681129
19 62 0.346243 -0.0457421
19 65 -0.123612 0.00611391
20 33 0.821032 -0.219454
20 34 3.05182 0.549114
20 35 2.67691 0.0897036
20 36 4.04703 3.69117
20 37 9.80915 3.01827
20 38 5.1901 -2.27787
20 39 -4.19111 -0.856543
20 40 10.9481 -3.07392
20 41 1.28977 3.02997
20 42 4.53927 2.67037
20 43 -0.0228752 0.598572
20 44 2.43606 5.1115
20 45 1.02815 3.29293
20 46 -0.489908 3.19226
20 47 2.66176 1.28384
20 48 0.960318 -0.233708
20 49 0.944727 0.112296
20 50 0.0912623 0.0096362
20 51 -2.02982 0.767128
20 52 -1.44486 1.08287
20 53 0.423437 0.206656
20 54 0.417861 0.168651
20 55 0.541013 0.896984
20 56 -0.107844 -0.745286
20 57 -1.20076 -0.118919
20 59 0.660395 -0.235854
20 60 -0.00375323 0.00404367
20 61 -0.529041 -0.812865
20 63 1.0147 -0.882964
20 64 -0.585728 0.246797
21 33 -2.72031 0.516987
21 34 7.20791 1.81208
21 35 10.8946 1.84303
21 36 4.13785 2.95896
21 37 16.7014 -1.15151
21 38 2.86585 0.256309
21 39 2.16702 3.8671
21 40 10.9458 3.11217
21 41 0.260096 2.34638
21 42 2.65711 -1.08723
21 43 0.403001 2.26132
21 44 -0.430211 0.234974
21 45 -0.479701 -1.06392
21 46 5.13586 0.945432
21 47 -0.817942 1.381
21 48 5.04537 1.42247
21 49 1.05299 0.997757
21 50 0.166509 2.77946
21 51 1.36743 1.64508
21 52 -1.01837 0.466196
21 53 -1.04749 0.252832
21 54 0.092727 0.11788
21 55 0.787971 0.939595
21 56 -0.0229799 0.0100284
21 57 -0.781532 1.44127
21 59 0.434138 0.729597
21 60 0.118353 -0.0201396
21 61 -0.596795 0.863562
21 62 0.574575 0.101352
21 63 -0.263258 -0.354766
21 64 -0.65572 0.307113
22 33 2.01958 -0.103318
22 34 14.2144 0.358395
22 35 7.62435 -2.79696
22 36 -6.2259 2.33514
22 37 0.224342 6.08767
22 38 6.26505 3.23792
22 39 2.60341 4.0499
22 40 5.0873 4.18963
22 41 -0.54689 -3.84885
22 42 1.13844 -0.875658
22 43 5.4467 1.00348
22 44 2.81153 1.4119
22 45 2.67382 1.70021
22 46 -0.020482 -0.919905
22 47 -1.06332 -0.866566
22 48 -0.395396 1.17686
22 49 -1.13784 0.121146
22 50 1.20992 0.220857
22 51 0.440408 0.86882
22 52 0.137643 -0.0216691
22 53 0.810331 -0.0927898
22 54 -1.08449 0.34809
22 55 0.235957 -0.0580755
22 56 0.662719 -0.590156
22 57 0.0373327 0.126892
22 58 -0.310042 0.773237
22 59 -0.28122 -0.452916
22 60 -1.18933 1.05793
22 61 -0.479372 1.2005
22 62 0.609479 0.158599
22 64 -0.385453 0.310626
22 66 0.101449 -0.0356401
23 33 7.18543 -4.06867
23 34 -1.47769 4.85197
23 35 -2.63968 3.61524
23 36 2.78051 -3.03316
23 37 0.248615 -3.61682
23 38 11.3573 4.36385
23 39 1.71082 -0.938053
23 40 4.08151 5.03452
23 41 4.793 2.72913
23 42 6.16388 -3.07519
23 43 4.67923 -1.40408
23 44 3.39096 2.91857
23 45 2.50822 1.94423
23 46 0.0744972 0.81742
23 47 2.28417 4.31617
23 48 1.89953 -0.0802923
23 49 0.713252 0.0132052
23 50 0.466724 1.0118
23 51 0.19451 -0.253664
23 52 -0.281584 0.436795
23 53 0.603413 0.210606
23 54 0.0392108 0.0824751
23 55 -0.113251 -0.000608256
23 56 -0.220551 -0.326559
23 57 0.764984 -0.539683
23 58 0.147413 0.0999152
23 59 -0.0124065 0.113368
23 60 -1.07148 -0.735033
23 61 -0.350081 0.713688
23 62 -0.569706 -0.236803
23 64 -0.102494 0.328542
23 65 0.460076 0.551694
24 33 1.9696 -1.31542
24 34 4.01128 -2.04244
24 35 1.71834 -0.286059
24 36 5.38474 0.839029
24 37 3.98685 1.95369
24 38 5.59318 2.44855
24 39 1.64006 0.812702
24 40 7.17155 5.26086
24 41 0.779498 3.36373
24 42 -2.4578 1.29265
24 43 4.2999 6.65197
24 44 3.92251 1.95712
24 45 3.44116 2.78326
24 46 -2.26337 3.90443
24 47 2.15113 2.10514
24 48 0.435763 0.885362
24 49 1.93535 -0.187478
24 50 0.658691 1.14948
24 51 0.982385 -0.16729
24 52 1.26208 0.000403416
24 53 -0.721482 0.329208
24 54 -0.0160988 0.846766
24 55 -0.271775 1.01757
24 56 -1.48802 -0.917748
24 57 -0.0989852 0.0208014
24 58 -0.0115722 0.0629366
24 59 0.504907 0.454717
24 61 -0.616829 0.166895
24 62 1.10586 0.401351
24 63 0.717037 0.814164
24 64 0.0586742 -0.423564
24 65 -0.0585813 0.0679071
25 33 1.58971 -0.240535
25 34 1.66249 0.362581
25 35 4.95949 -5.60773
25 36 -1.7228 -0.214267
25 37 5.7311 -3.87755
25 38 19.7271 6.24159
25 39 0.537494 -0.947303
25 40 1.33169 1.04593
25 41 6.01067 -2.37111
25 42 1.12257 1.53693
25 43 1.67257 1.51592
25 44 1.8833 0.0797945
25 45 3.0382 1.02229
25 46 3.04211 0.242014
25 47 1.86396 -0.501748
25 48 1.0282 -0.662262
25 49 0.130641 1.51236
25 50 -0.133665 0.042256
25 51 1.48147 -0.238602
25 52 2.008 1.08527
25 53 1.00236 0.0612145
25 54 -1.21595 0.421589
25 55 0.853327 -0.328263
25 56 2.14876 0.351823
25 57 -0.026886 0.0346036
25 58 -0.131158 -0.0445629
25 59 -0.752452 0.282116
25 61 0.57154 0.422622
25 62 -0.228344 0.651092
25 63 0.278142 -0.918325
25 64 0.239299 -0.0374665
26 33 4.95062 -1.88913
26 34 3.69476 -0.399377
26 35 5.36565 -1.63855
26 36 5.20261 1.73394
26 37 8.82518 1.09923
26 38 1.4464 1.32552
26 39 -1.67304 0.644024
26 40 0.469288 1.04808
26 41 3.8041 -2.20782
26 42 -0.560679 -2.4722
26 43 3.76744 -0.0748608
26 44 1.14079 1.48357
26 45 4.05584 1.74218
26 46 0.0578172 1.93401
26 47 -0.0951327 -0.389683
26 48 1.26298 1.85043
26 49 -0.597706 0.928395
26 50 4.18618 -0.774697
26 51 -1.30222 0.609367
26 52 -1.5946 1.35844
26 53 1.51752 -0.89443
26 54 -0.63551 -0.0436798
26 55 -0.00438724 0.00796067
26 56 -0.0892755 0.342997
26 57 1.04826 -0.580818
26 59 0.222716 -0.17332
26 60 0.356287 0.636246
26 61 -1.13221 -0.736904
26 62 0.0462854 0.0317797
26 63 0.191695 -0.0435097
26 64 1.30577 -0.259468
27 33 7.7605 0.10352
27 34 2.56532 -5.65065
27 35 1.93595 0.138937
27 36 11.401 1.33926
27 37 5.78001 -0.993744
27 38 2.97031 -5.65255
27 39 3.04539 -4.25538
27 40 0.52214 0.122471
27 41 5.44688 2.01982
27 42 6.89983 4.58305
27 43 7.56837 4.13543
27 44 0.504532 3.56763
27 45 2.68326 -1.04558
27 46 1.22951 0.222764
27 47 3.37448 1.58338
27 48 -0.616358 -0.954686
27 49 0.672339 1.03594
27 50 -1.96199 1.66652
27 51 0.34767 0.207093
27 52 1.23724 -0.508741
27 53 0.441484 0.602771
27 54 2.31791 -0.181337
27 55 1.26177 0.399041
27 56 -0.711424 1.05855
27 57 -0.759616 1.06946
27 58 0.0322417 0.0677166
27 60 -0.090217 -0.573771
27 61 -1.35503 0.284838
27 63 -0.48337 -0.348648
27 64 -0.962956 -0.970962
28 33 1.0905 -3.76666
28 34 -0.178644 -1.59232
28 35 6.25847 -1.55142
28 36 9.11274 3.71782
28 37 3.11159 3.85952
28 38 8.90381 4.23859
28 39 3.24849 -1.48066
28 40 -0.361717 3.61741
28 41 4.73388 3.55162
28 42 0.503785 -0.195801
28 43 6.87715 -0.858036
28 44 5.7242 2.66958
28 45 -1.44906 1.69597
28 46 -1.14875 1.1356
28 47 1.01346 -0.919187
28 48 0.52174 -2.79856
28 49 -3.04466 1.64092
28 50 -0.353716 0.386607
28 51 -0.630351 1.22572
28 52 0.64176 -0.592935
28 53 0.420536 0.415158
28 54 0.997445 0.763433
28 55 2.08571 1.06008
28 56 0.0770311 0.305872
28 57 0.0962984 -0.248156
28 58 0.0231356 0.0265632
28 60 0.570785 0.892433
28 61 -0.171198 -0.0972744
28 62 0.343704 -0.247271
28 63 -0.780864 0.590085
28 64 0.0902393 -0.28784
28 65 0.235152 0.0238504
29 33 4.37099 -2.54549
29 34 2.11348 -4.33414
29 35 4.91265 0.430902
29 36 3.61453 1.83572
29 37 2.17468 -1.3818
29 38 6.38846 1.52524
29 39 7.83877 -3.48687
29 40 5.31778 1.73981
29 41 9.96937 7.081
29 42 1.07683 -1.08651
29 43 3.68521 -1.17821
29 44 2.06459 8.06656
29 45 -2.29409 0.53638
29 46 -5.57826 1.35034
29 47 -2.2669 -0.865975
29 48 -1.77385 1.82485
29 49 1.09206 1.29095
29 50 0.998653 -0.412599
29 51 0.51361 0.221156
29 52 -0.177711 0.162295
29 53 0.41069 -0.267791
29 54 1.10429 0.421813
29 55 2.3703 1.03788
29 56 0.10139 0.0965596
29 57 -0.484522 -0.291483
29 58 -1.09679 0.24078
29 59 0.323818 0.456583
29 61 -0.236012 0.116083
29 64 0.312077 0.117645
29 65 -0.0137224 0.02573
29 66 0.0434727 0.0986341
30 33 3.50197 0.142812
30 34 4.54382 1.071
30 35 -2.49252 2.80406
30 36 -0.408097 -4.49085
30 37 7.9049 1.36925
30 38 9.99295 1.55849
30 39 5.69816 1.02991
30 40 5.69542 -2.24827
30 41 8.15045 2.39428
30 42 4.642 0.889508
30 43 3.09328 4.25011
30 44 0.716762 -3.22808
30 45 -0.998351 0.0652888
30 46 0.364625 -0.46071
30 47 0.821724 -2.79868
30 48 0.108071 -0.252524
30 49 0.384328 0.782106
30 50 -0.207556 -0.411
30 51 0.908444 0.672026
30 52 0.356676 0.459639
30 53 0.800804 0.483488
30 54 1.44357 -0.224278
30 55 -0.85218 0.832563
30 56 -0.251235 -0.0690823
30 57 0.143592 -1.04393
30 58 0.086651 -0.0600067
30 59 0.922444 -0.0607876
30 60 -0.0690758 0.0550427
30 61 0.511319 -0.0669585
30 63 0.761361 0.371303
30 64 0.00740123 0.0181581
30 65 0.24497 0.0223253
30 66 -0.198191 0.113267
31 33 0.0923739 -2.17715
31 34 5.01568 2.33568
31 35 4.55883 -2.40053
31 36 6.27305 -0.259185
31 37 13.0385 1.22376
31 38 8.05945 -1.37317
31 39 4.71387 6.36692
31 40 2.49313 -0.920257
31 41 5.09619 -2.83921
31 42 4.91266 6.7017
31 43 3.63196 0.839353
31 44 2.05903 3.39789
31 45 3.52905 1.60356
31 46 2.83969 0.345183
31 47 -0.56964 1.29338
31 48 2.53608 0.0420802
31 49 -1.21354 0.28222
31 50 -0.140582 -0.159559
31 51 -0.214336 0.621682
31 52 0.498991 -0.0168978
31 53 -1.48952 2.52711
31 54 -0.335823 -1.28392
31 55 0.159147 0.125104
31 56 0.579443 1.13027
31 57 -0.244892 0.846535
31 58 -1.07636 -0.00505933
31 59 -0.214772 -0.109843
31 60 0.0262447 -0.00741595
31 61 -1.06851 0.099529
31 62 -0.25395 0.761916
31 65 0.0603545 0.178202
31 66 0.083635 0.828496
32 33 4.5552 -1.54225
32 34 4.34311 -3.3175
32 35 4.51441 -4.23547
32 36 7.70385 2.45388
32 37 17.4734 4.70603
32 38 7.20362 -1.21767
32 39 12.0383 0.856694
32 40 4.44316 0.775857
32 41 6.03514 -0.792695
32 42 3.60483 -1.64334
32 43 -0.1877 2.1638
32 44 -3.08167 -1.61786
32 45 2.48463 1.14823
32 46 -0.799286 0.947947
32 47 -2.8859 -1.46723
32 48 1.00173 -0.0961971
32 49 0.200362 -0.940591
32 50 0.717869 -1.20362
32 51 1.07855 3.85198
32 52 -3.98507 1.83459
32 53 0.0340604 -0.0761142
32 54 -0.99171 1.2636
32 55 -1.90211 -0.0055022
32 56 -0.065207 -0.087296
32 57 0.247764 -0.30008
32 58 0.174695 -0.0853419
32 59 1.12134 0.450135
32 60 0.455251 -1.71096
32 61 0.50826 0.900587
32 62 0.225499 0.114839
32 63 0.277085 -0.0640292
32 64 0.0614161 -0.104865
32 66 0.711842 0.553623
33 33 2.65727 0.210964
33 34 2.5399 0.241724
33 35 4.30178 1.79507
33 36 1.59424 -0.213895
33 37 -0.374133 1.31295
33 38 8.09146 -1.29796
33 39 9.33553 -1.72681
33 40 7.31216 1.62566
33 41 1.26277 -1.77753
33 42 3.69826 0.97594
33 43 5.19389 4.42749
33 44 1.71379 1.28422
33 45 0.802544 2.9102
33 46 0.826713 -1.01774
33 47 -0.184572 2.50949
33 48 1.06761 1.49942
33 49 -0.414486 0.743861
33 50 1.38696 0.906984
33 51 -0.675445 -0.946711
33 52 -0.60947 1.78473
33 53 1.2184 0.319785
33 54 0.0216278 0.314033
33 55 -1.10439 0.207432
33 56 -0.0495034 -0.197422
33 57 -0.156178 -0.207037
33 58 0.116355 0.0724019
33 59 0.573518 -0.0401738
33 60 -1.04558 0.363554
33 61 0.252764 0.510661
33 62 0.404065 0.10646
33 63 1.46581 0.257017
33 64 -0.00804324 -0.122516
33 65 -0.0486869 0.0157117
34 33 1.00419 1.30922
34 34 5.771 -0.393946
34 35 3.34443 -2.14108
34 36 1.0238 2.90366
34 37 2.80301 0.580084
34 38 -4.98754 -2.15828
34 39 3.36941 -4.36158
34 40 7.08696 3.01504
34 41 -1.41658 -0.992495
34 42 1.40206 2.80833
34 43 4.78606 0.42933
34 44 4.43974 1.08909
34 45 2.19673 3.34147
34 46 1.85669 -0.241392
34 47 -1.01407 -0.669517
34 48 -0.0560923 -0.296329
34 49 -0.951015 0.741341
34 50 0.727165 -0.856695
34 51 1.90462 -1.19168
34 52 1.70007 -0.24545
34 53 0.515793 1.02358
34 54 1.79145 -0.833291
34 55 -0.430113 -0.177666
34 56 -0.568764 -1.33601
34 57 -0.177645 0.447852
34 59 1.00488 0.0807693
34 60 -0.860536 0.299418
34 61 0.349427 0.251386
34 62 -0.284878 0.156068
34 63 -0.279975 0.23269
34 64 -0.993867 2.37957
35 33 3.17142 0.837769
35 34 3.9342 -3.22523
35 35 2.55039 -0.254059
35 36 4.40504 -2.72334
35 37 2.11 1.86634
35 38 1.12214 1.82364
35 39 9.68262 1.20692
35 40 3.8337 -1.1197
35 41 -2.46079 -1.10962
35 42 0.0808925 1.39025
35 43 4.5795 1.47959
35 44 7.15173 7.05221
35 45 1.36537 -0.352252
35 46 -0.10817 1.59736
35 47 0.65663 1.19358
35 48 0.220156 -1.52292
35 49 -1.35383 -0.656556
35 50 2.56547 -1.48252
35 51 -1.41778 0.173657
35 52 -0.780996 0.245832
35 53 0.884052 -0.333343
35 54 -0.37609 -0.075252
35 55 1.59604 0.479818
35 56 -1.15384 1.12422
35 57 -0.810736 1.08792
35 58 0.295062 0.151879
35 59 -1.58839 -0.108077
35 60 -0.179453 0.101956
35 61 0.301712 0.191742
35 62 0.18548 0.0212223
35 64 -0.0841491 0.329252
35 65 0.127664 0.0928009
35 66 0.019603 0.0247404
36 33 2.5988 -1.61838
36 34 0.229797 -2.6751
36 35 1.43686 0.852469
36 36 3.51963 -2.73478
36 37 2.86803 -0.275342
36 38 7.76251 -1.37092
36 39 3.17704 -3.19989
36 40 0.985764 -6.4563
36 41 7.55654 0.706542
36 42 1.85421 1.26833
36 43 -0.623722 -1.58931
36 44 1.84747 1.00487
36 45 2.11511 -1.95309
36 46 -1.84137 3.12315
36 47 -1.49081 1.33028
36 48 -0.134541 -1.81848
36 49 -1.04481 1.03607
36 50 0.465524 1.0536
36 51 0.123265 0.0389886
36 52 -0.702371 -0.325345
36 53 3.58973 0.697109
36 54 -0.952269 -0.647183
36 55 -0.128366 1.30729
36 56 1.9424 1.99362
36 57 1.05382 -0.129456
36 58 0.231078 0.158988
36 59 0.685924 -0.138336
36 60 0.572463 -0.843039
36 61 -0.12861 0.00797034
36 62 -0.274861 0.508178
36 63 0.527012 -0.168831
36 64 0.548961 0.142949
36 65 -0.268956 -0.458716
36 66 -0.0571307 0.0114958
37 33 3.58452 0.981789
37 34 0.835436 -3.99983
37 35 1.58664 -0.136875
37 36 7.90716 1.75901
37 37 3.7231 -0.546109
37 38 -0.436654 3.74992
37 39 1.32537 3.66806
37 40 10.2335 -3.47688
37 41 3.53526 -4.59195
37 42 -0.788877 -2.4712
37 43 -1.39465 1.08085
37 44 4.0885 0.31487
37 45 2.3838 0.505829
37 46 1.6421 0.287069
37 47 1.2017 0.210249
37 48 1.32559 -0.243722
37 49 -1.20029 0.108428
37 50 0.899397 0.883915
37 51 2.11614 0.914173
37 52 -0.634244 0.848176
37 53 0.288139 -0.600893
37 54 -3.92198 -0.818108
37 55 0.751764 0.350068
37 56 -1.23061 0.934234
37 57 0.469177 0.457179
37 58 1.01218 -0.448188
37 59 0.1816 0.39038
37 60 -0.540804 0.140126
37 61 0.176233 0.266214
37 62 1.37813 0.45126
37 64 0.0614512 -0.129803
38 33 6.17636 -1.69247
38 34 -0.218788 -1.78114
38 35 2.33113 -1.05683
38 36 5.37222 -6.84824
38 37 8.5336 0.447647
38 38 -0.429463 -4.25384
38 39 2.57524 -1.17552
38 40 8.25487 -2.89637
38 41 2.25078 1.85906
38 42 5.88128 0.718462
38 43 0.810806 -0.00368041
38 44 0.809448 -1.28534
38 45 0.819876 1.40035
38 46 0.903768 2.54499
38 47 2.97313 -0.505595
38 48 -0.691143 0.734555
38 49 2.45554 0.337535
38 50 2.16225 0.611438
38 51 0.525399 -0.040238
38 52 0.862811 -1.55577
38 53 0.300511 0.50084
38 54 -1.75625 -0.151873
38 55 -1.57333 0.0586902
38 56 0.929516 0.406476
38 57 -0.223779 0.135843
38 58 -0.774406 0.509371
38 59 -0.704281 -0.0717138
38 60 -0.184639 -0.118835
38 61 -0.487108 -0.445741
38 62 -0.173049 0.253336
38 63 0.311203 1.3261
38 64 0.136348 0.216711
39 33 2.50142 0.47567
39 34 -1.60695 0.550875
39 35 1.01006 -2.66168
39 36 -1.20017 -3.47902
39 37 8.22643 -2.70882
39 38 1.56512 -1.63771
39 39 5.65208 0.467458
39 40 2.15974 -6.01874
39 41 4.93166 -0.390513
39 42 5.21928 0.452988
39 43 3.41048 0.638562
39 44 4.54066 -3.35751
39 45 -0.480539 1.11548
39 46 -1.586 2.90548
39 47 4.8544 -0.124727
39 48 -2.13964 -1.20196
39 49 -1.01948 3.40036
39 50 0.0663534 -0.45814
39 51 1.36808 -0.139908
39 52 -0.227894 -0.191343
39 53 1.01898 0.844845
39 54 0.363173 0.714898
39 55 -0.136998 -0.607331
39 56 0.172908 0.0241301
39 57 0.238153 0.439223
39 58 2.1874 1.49842
39 60 -0.245343 -0.617346
39 61 -0.142221 -0.00811315
39 62 -0.126968 0.446465
39 63 -0.262799 0.375773
39 64 0.911485 0.839728
39 65 0.0124128 0.0467742
40 33 1.65438 -1.30004
40 34 2.01807 1.23621
40 35 7.28849 -0.945326
40 36 0.0817253 2.54039
40 37 4.26891 3.17837
40 38 3.82042 -4.53822
40 39 5.40161 -1.85402
40 40 -2.20453 -0.720607
40 41 9.50862 1.58327
40 42 0.647591 1.25978
40 43 5.60914 -0.581701
40 44 0.80806 6.08112
40 45 3.62722 0.791807
40 46 2.34941 2.93505
40 47 -1.87593 -2.98059
40 48 1.35626 1.88943
40 49 -1.03944 3.3859
40 50 0.201128 3.4367
40 51 0.350113 1.09676
40 52 0.452635 1.21384
40 53 -0.0799445 0.829114
40 54 -0.05836 -0.679249
40 55 0.954156 2.30982
40 56 -1.31758 0.514389
40 57 0.487929 0.361932
40 58 -0.829664 1.00044
40 59 0.671805 0.251891
40 60 -0.104767 0.126562
40 61 -0.321542 0.261148
40 62 -0.708568 1.88481
40 63 -0.247468 0.696793
40 64 -0.184532 -0.228065
40 65 -0.330652 -1.16951
41 33 3.10467 -2.1207
41 34 7.13109 1.0748
41 35 2.66462 -2.81537
41 36 0.131156 -1.98
41 37 1.76673 -2.79585
41 38 -1.3372 0.59664
41 39 4.34416 -3.19855
41 40 6.63084 -0.338874
41 41 8.48994 1.31514
41 42 2.16864 -2.15799
41 43 2.27439 2.53585
41 44 2.05287 -0.642607
41 45 3.96554 -3.03079
41 46 -0.712042 0.136358
41 47 0.852313 0.274956
41 48 -1.51252 2.01786
41 49 2.0193 0.375485
41 50 0.353922 2.60326
41 51 1.50373 -0.790522
41 52 1.95265 1.17731
41 53 1.51755 0.150139
41 54 1.61482 1.9476
41 55 0.385427 1.80011
41 56 0.647102 -0.0604182
41 57 -0.668739 0.332105
41 58 -2.51056 -0.917706
41 59 0.324406 0.0473285
41 60 -1.23205 -0.21271
41 62 -0.00703321 -0.163024
41 63 -0.0480488 0.0224478
41 64 -0.823758 -0.689576
41 65 0.210975 0.0346776
42 33 0.597397 -0.447074
42 34 7.66427 4.274
42 35 2.66295 2.68367
42 36 3.35373 -0.629319
42 37 -1.12882 -5.26456
42 38 1.21884 -2.98494
42 39 -2.16821 0.793623
42 40 1.6808 4.84362
42 41 6.52867 4.31761
42 42 0.131023 1.92096
42 43 6.16565 3.85014
42 44 8.34722 1.42633
42 45 1.7326 -1.37351
42 46 0.107333 2.14865
42 47 1.25083 -0.575485
42 48 0.0434554 0.787649
42 49 -1.6586 -1.96548
42 50 0.924817 -1.32447
42 51 -0.795421 0.028657
42 52 -1.19312 2.04784
42 53 0.0998208 0.923704
42 54 -0.255392 -0.186037
42 55 -0.927667 -0.272615
42 57 -1.73131 0.575254
42 58 -0.0541778 0.00812079
42 59 0.269499 -0.6109
42 60 0.619119 0.407858
42 61 0.479836 0.203511
42 63 -0.331053 0.151525
42 64 -1.5541 0.22709
43 33 3.6172 -0.879279
43 34 -0.770691 -0.992242
43 35 3.03157 -0.405027
43 36 8.12866 -2.3763
43 37 4.8203 -2.74475
43 38 7.99184 -1.84525
43 39 1.96432 0.141809
43 40 0.378681 -0.892693
43 41 5.59481 1.81974
43 42 4.68956 2.28784
43 43 4.39813 2.51824
43 44 4.77689 0.58938
43 45 -2.72987 -0.583082
43 46 1.27112 0.0613763
43 47 0.715298 -0.494814
43 48 0.47434 -0.0783597
43 49 2.69446 -0.745232
43 50 1.82078 -0.225141
43 51 0.669701 -0.53607
43 52 0.206483 -0.166
43 53 -0.687243 1.02722
43 54 0.413833 0.189936
43 55 0.528526 -0.341126
43 56 0.275349 0.0224497
43 57 0.783118 -0.4799
43 58 1.34803 0.422233
43 59 -0.0473978 0.138607
43 60 0.839547 1.3136
43 61 0.374669 -0.00312324
43 62 -0.374601 -0.617805
43 63 1.53655 -0.633886
43 64 -0.826533 -0.870664
43 65 0.342718 -0.05151
43 66 0.0293542 0.361509
44 33 2.26184 0.320829
44 34 -0.180132 -1.5993
44 35 0.838719 2.50804
44 36 2.91136 -2.68298
44 37 4.41441 2.33525
44 38 5.35432 -1.71003
44 39 3.35997 -3.36054
44 40 1.30013 1.24294
44 41 -1.03251 -3.22297
44 42 3.37007 3.74707
44 43 -1.81973 4.8373
44 44 2.12551 -3.52789
44 45 0.447683 1.33209
44 46 4.006 3.29256
44 47 0.748019 -0.896923
44 48 2.22091 0.37777
44 49 0.249752 0.00141298
44 50 -1.72246 0.285376
44 51 0.673247 -0.661555
44 52 -0.337283 1.90117
44 53 2.48143 1.11254
44 54 1.82261 -0.635435
44 55 0.676816 -1.30796
44 56 0.36606 0.521383
44 57 0.774663 0.414294
44 58 -1.46756 1.16536
44 59 -0.00274832 -0.00140985
44 60 0.15733 0.384046
44 61 0.279004 0.148924
44 63 0.16108 0.159311
44 64 -0.537063 0.248117
44 65 0.857542 -0.687898
44 66 0.103738 -0.0207707
45 33 3.45468 -1.08201
45 34 1.59617 -1.75464
45 35 -2.9594 1.67028
45 36 5.90398 -3.61687
45 37 3.11948 0.0804221
45 38 10.8457 -0.691234
45 39 3.88962 1.40318
45 40 6.46572 -1.48013
45 41 0.233797 2.86171
45 42 8.18041 1.16732
45 43 7.2468 2.2989
45 44 3.11642 -0.0528682
45 45 3.85539 -3.80322
45 46 -0.281701 0.638778
45 47 -4.52535 0.302104
45 48 4.04007 1.48929
45 49 1.25791 0.0305247
45 50 1.67257 2.84388
45 51 1.37996 0.524827
45 52 -1.45525 0.138886
45 53 0.230974 1.09881
45 54 -0.283455 0.304043
45 55 0.362271 0.237892
45 56 1.01928 0.27983
45 57 -2.23507 1.34119
45 58 0.236003 -0.504858
45 59 0.0424443 -0.214204
45 60 2.44125 -0.945242
45 61 0.910196 -0.358872
45 62 0.241734 0.144934
45 63 -0.436512 0.760246
45 64 -0.757141 -0.263066
45 65 0.122782 0.0407219
45 66 0.0183509 0.0181418
46 33 4.32758 -0.287449
46 34 3.66229 1.25012
46 35 4.25208 -0.111431
46 36 -0.518413 1.2642
46 37 3.60096 -0.610297
46 38 3.18546 -1.60671
46 39 6.70005 -0.901416
46 40 0.538142 1.64218
46 41 5.54052 -1.85208
46 42 3.71203 2.19019
46 43 2.70969 2.21956
46 44 0.149082 2.99804
46 45 0.863125 1.49441
46 46 1.02086 1.48466
46 47 4.88309 2.12371
46 48 -1.27174 -1.18405
46 49 2.14474 0.740017
46 50 -0.4491 -0.238496
46 51 2.1608 -0.300176
46 52 -0.225723 0.49178
46 53 0.390722 -0.115755
46 54 -0.901031 1.81607
46 55 1.23323 0.655906
46 56 -0.311535 -0.0899309
46 57 -0.00607628 -0.242831
46 58 -0.860203 1.43146
46 59 0.955199 0.448531
46 60 -0.457969 -0.187324
46 61 -1.34531 0.85542
46 63 0.04208 0.52563
46 64 -0.0775751 0.365882
47 33 2.99721 0.908424
47 34 3.0677 2.10448
47 35 0.869846 3.14207
47 36 2.58161 -0.900065
47 37 4.77197 0.837256
47 38 0.33103 1.33112
47 39 4.21201 2.21414
47 40 1.5442 2.52806
47 41 3.83183 1.13513
47 42 3.05358 -1.48407
47 43 7.22294 2.82473
47 44 -2.34567 2.20208
47 45 0.511904 2.1873
47 46 1.91447 -0.499823
47 47 2.27316 0.614228
47 48 0.906554 0.497715
47 49 5.70996 1.84593
47 50 4.53247 2.33026
47 51 -0.743802 -0.695572
47 52 -0.064282 0.388865
47 53 3.15156 1.40202
47 54 0.795314 0.285044
47 55 0.179004 -0.362286
47 57 0.0519148 -0.258659
47 58 1.39963 -0.239092
47 59 0.98464 0.929246
47 60 -0.537841 0.628457
47 61 0.891241 0.580033
47 62 0.961156 0.599369
47 63 -0.280739 -0.681013
47 64 0.0984356 -0.159843
47 65 0.23223 0.144645
47 66 0.288798 0.151808
48 33 6.19373 1.66218
48 34 1.35435 -0.0456766
48 35 2.39135 0.8921
48 36 -2.12924 -0.608706
48 37 9.88278 0.368623
48 38 -1.05756 -2.29088
48 39 -1.80415 0.364838
48 40 4.80454 -2.25075
48 41 2.23802 4.89843
48 42 4.53293 -0.338678
48 43 5.69694 2.98392
48 44 3.38272 1.07363
48 45 0.0580635 0.459516
48 46 2.01623 0.284282
48 47 0.321723 0.689828
48 48 1.76643 -0.278321
48 49 -1.11492 0.280726
48 50 0.279865 0.814843
48 51 0.748481 -1.14236
48 52 0.899632 1.79739
48 53 1.11495 -0.973788
48 54 2.24706 0.246288
48 55 0.154819 1.09272
48 56 -0.494099 -0.42742
48 57 -0.482111 0.361013
48 58 -0.532608 1.86235
48 59 -1.6286 0.942039
48 60 0.485106 0.310312
48 61 0.0382903 -0.00763835
48 62 -0.655686 -0.557853
48 63 -0.730808 0.408813
48 64 -0.0190666 0.118549
48 65 -0.600183 -0.147089
48 66 0.521392 0.0450221
49 33 4.05022 0.733379
49 34 -0.936913 -5.89983
49 35 -1.09184 -1.0592
49 36 1.92289 0.963139
49 37 4.4975 0.652178
49 38 5.41528 1.0734
49 39 5.9645 0.176894
49 40 1.68977 1.44854
49 41 1.88713 -1.10871
49 42 3.3171 6.15294
49 43 0.556981 2.26709
49 44 0.381582 -0.650491
49 45 1.06396 0.23388
49 46 5.09256 1.54336
49 47 0.502366 -0.440849
49 48 0.752327 -0.162603
49 49 1.44549 2.2867
49 50 0.759579 -0.98819
49 51 1.00269 0.508291
49 52 -1.59625 1.11902
49 53 -0.363655 2.35507
49 54 1.23099 0.814823
49 55 0.871729 -0.162842
49 56 -0.493189 -0.272681
49 57 0.503876 0.306642
49 58 -0.447798 0.554617
49 59 0.00422655 -0.0137909
49 60 -0.0606249 0.00868281
49 61 -0.0519343 0.373695
49 62 0.230436 -1.48067
49 63 -0.0555475 -0.0841398
49 64 0.0567384 0.157145
49 65 0.124705 0.172395
50 33 0.511567 0.941623
50 34 4.6328 -0.442657
50 35 1.27901 0.256108
50 36 4.83617 -1.83747
50 37 4.30099 -0.569193
50 38 3.83675 -1.55061
50 39 5.91014 2.30554
50 40 4.038 2.86064
50 41 -0.447276 0.502841
50 42 0.613547 -2.30857
50 43 2.09932 2.51995
50 44 2.34391 0.181681
50 45 -0.510163 1.63362
50 46 4.24773 -0.337503
50 47 0.285632 0.0658127
50 48 -0.742056 0.503024
50 49 -0.914899 0.489482
50 50 0.949714 3.47779
50 51 -2.76536 -1.41906
50 52 -0.72121 1.95803
50 53 -0.179349 -0.339545
50 54 0.0743825 -0.331643
50 55 0.429363 0.685464
50 56 -0.745215 0.715463
50 57 -0.437981 0.284314
50 58 0.473844 -0.0948156
50 59 0.0171243 -0.0190211
50 60 0.322576 -0.297474
50 61 1.36959 0.175235
50 62 -0.0598401 -0.0366783
50 63 0.815885 -1.0555
50 64 -0.657447 0.379563
50 65 2.05811 0.154044
50 66 -0.0732203 0.0917693
51 33 1.23906 0.422833
51 34 2.2084 0.365005
51 35 -2.6683 -0.129632
51 36 4.06221 -2.03494
51 37 1.36784 -3.21713
51 38 2.4138 4.73273
51 39 -1.91292 -4.86361
51 40 6.4182 1.37398
51 41 4.1946 3.38802
51 42 3.21028 1.27486
51 43 1.60499 0.556981
51 44 4.3938 3.01051
51 45 1.90947 0.83211
51 46 1.33155 1.07553
51 47 -1.88054 -0.0645005
51 48 -0.418717 -0.82522
51 49 -0.502483 1.02859
51 50 -2.93374 -1.17405
51 51 0.337159 -0.594701
51 52 -0.766485 0.624389
51 53 0.666754 0.708678
51 54 1.44302 0.481746
51 55 0.450615 -1.10421
51 56 0.530974 0.333205
51 57 0.342301 -0.69131
51 58 -0.0718358 0.189588
51 59 0.172809 0.0596344
51 60 2.48543 -1.40234
51 61 0.122794 0.0870587
51 62 0.98692 0.434097
51 63 -0.0396521 0.0356547
51 65 -0.606336 0.822505
51 66 -0.052872 0.100913
52 33 1.42722 0.204771
52 34 3.68826 -2.50808
52 35 1.83641 -1.46104
52 36 3.91257 0.704029
52 37 2.55574 4.91636
52 38 -2.64963 1.55397
52 39 4.73732 -3.37229
52 40 1.70989 2.11159
52 41 2.38002 -0.602703
52 42 5.13035 -0.294109
52 43 7.0949 -2.4254
52 44 2.61317 2.30188
52 45 -1.2097 -0.0707826
52 46 2.01286 0.334389
52 47 1.01675 -0.393412
52 48 -0.613157 -0.376596
52 49 -0.626465 0.76514
52 50 5.15006 -1.2229
52 51 -0.173886 -1.42009
52 52 -0.936936 -0.727422
52 53 -0.0649561 -0.109498
52 54 2.50518 1.17795
52 55 1.10046 -0.358157
52 56 0.229512 0.98825
52 57 -0.726189 0.102933
52 58 0.309892 0.086961
52 59 -0.589082 0.957507
52 60 -0.00856851 -0.439492
52 61 -0.481239 -0.604448
52 62 0.945908 -0.249641
52 63 0.214637 0.0396865
52 64 0.475778 -0.270023
52 65 0.0943227 -0.116642
52 66 0.638333 -0.112311
53 33 1.56018 0.209449
53 34 4.85141 3.18376
53 35 -0.0990388 -3.75288
53 36 -1.07571 4.26666
53 37 -2.27652 1.68658
53 38 5.99902 0.0487875
53 39 7.41905 0.667524
53 40 2.24666 1.1904
53 41 -2.22559 1.44398
53 42 2.75948 1.00036
53 43 -4.72946 -0.519913
53 44 0.322764 0.399933
53 45 6.83591 0.148695
53 46 0.66419 0.510831
53 47 2.39356 1.08157
53 48 1.67122 -0.542602
53 49 2.51097 0.486679
53 50 2.40803 -1.43046
53 51 -0.662266 0.00146357
53 52 2.71599 0.156875
53 53 0.578773 -0.520385
53 54 0.740712 1.85535
53 55 0.123568 -1.49503
53 56 -0.282888 0.0723641
53 57 0.606627 0.329843
53 58 -0.231599 0.0278214
53 59 1.12808 -0.0121518
53 60 0.107533 0.0307525
53 61 -1.04496 0.372832
53 62 0.444959 1.30768
53 63 -0.0868836 0.0585317
53 64 -0.113186 0.840242
53 65 0.448653 -0.861087
54 33 1.37883 0.0107881
54 34 2.28098 -0.645712
54 35 0.642114 -1.38742
54 36 -0.352609 -2.60853
54 37 3.45433 -2.3927
54 38 13.0143 -1.52695
54 39 0.201187 2.40076
54 40 4.82098 4.51655
54 41 2.77859 2.15306
54 42 0.125594 1.62794
54 43 8.56091 2.62473
54 44 4.00263 -0.323525
54 45 0.0529837 0.631274
54 46 0.533203 0.523297
54 47 -0.234446 -1.39168
54 48 1.2684 -0.0635908
54 49 2.57172 -0.326607
54 50 0.346719 -0.285713
54 51 1.19994 1.00655
54 52 1.60465 0.466813
54 53 0.436973 0.473291
54 54 -0.364147 1.57014
54 55 -0.110422 -0.0455266
54 56 1.36745 0.372937
54 57 1.41722 -1.81726
54 58 -0.213805 0.566247
54 59 -1.34546 0.889347
54 60 -0.880834 1.44717
54 61 -2.0785 0.722379
54 62 0.293765 0.0206107
54 63 0.0428112 -0.107835
54 64 -0.0444442 0.0370999
54 65 -0.0499923 0.0172119
55 33 2.44683 0.582803
55 34 1.9559 -3.96144
55 35 1.24237 -0.703063
55 36 4.7351 3.71776
55 37 8.82848 -0.464297
55 38 3.05044 1.39998
55 39 1.51805 0.0758191
55 40 5.2665 -0.201697
55 41 3.54051 -0.258257
55 42 2.4135 1.28688
55 43 0.766134 0.0417433
55 44 2.34024 1.55411
55 45 3.65311 1.79757
55 46 0.988534 0.921487
55 47 2.37437 -0.684496
55 48 1.43146 0.0719657
55 49 1.12334 0.0852537
55 50 1.61423 -2.67094
55 51 -1.10985 0.48578
55 52 -1.7192 -0.115446
55 53 -0.00866703 -0.0450599
55 54 2.843 -1.40353
55 55 -0.119256 -0.233416
55 56 -0.695044 0.722318
55 57 -0.0893298 0.271377
55 58 0.167886 0.0619367
55 59 0.17 -0.138046
55 60 -0.197379 -0.58482
55 61 -0.61282 -0.367795
55 62 1.02059 -0.150054
55 63 0.783805 0.32563
55 64 -0.319451 0.166037
55 66 0.0527558 -0.0792561
56 33 2.49864 -0.438361
56 34 0.713843 -0.554167
56 35 3.85978 2.10325
56 36 1.31626 1.32599
56 37 1.39289 1.65722
56 38 0.0125163 1.07471
56 39 4.26187 1.35991
56 40 0.826652 1.42676
56 41 2.25288 2.40218
56 42 2.64555 -1.44372
56 43 1.98942 1.3964
56 44 0.0791368 2.08053
56 45 4.86118 1.95952
56 46 -0.17371 0.470976
56 47 2.69935 -0.828778
56 48 -1.43765 -2.48672
56 49 1.74777 -1.78495
56 50 -0.207227 -1.15288
56 51 0.776893 0.747972
56 52 0.007807 -0.0444479
56 53 0.582177 3.1051
56 54 -0.25441 1.26961
56 55 -0.153786 0.214963
56 56 1.60221 1.00297
56 57 1.84611 -0.107807
56 58 -0.219047 0.514794
56 59 0.380531 -0.0250104
56 60 -0.0521889 -0.563919
56 61 0.474524 0.0928586
56 62 0.975717 0.135272
56 63 -0.541534 -1.18556
56 64 -0.0858497 -0.217867
56 66 0.0878743 -0.0299056
57 33 2.87768 1.14802
57 34 2.23066 -2.04706
57 35 -0.577424 -1.0788
57 36 -5.12036 3.33248
57 37 5.62146 0.484142
57 38 1.08943 -2.22374
57 39 -1.33808 -3.39652
57 40 3.01738 1.39696
57 41 0.025754 1.0805
57 42 0.213627 -0.581079
57 43 4.38917 0.372398
57 44 3.73565 1.41863
57 45 -2.25547 0.147029
57 46 0.34968 1.84143
57 47 1.86163 1.53618
57 48 0.196699 2.16536
57 49 3.0451 2.07206
57 50 -0.448804 -0.15765
57 51 0.878496 2.10469
57 52 -1.4173 -1.89154
57 53 1.04392 -0.211083
57 54 0.545814 -0.646224
57 55 2.10548 -0.988274
57 56 -0.115812 0.491542
57 57 -0.333926 -1.12933
57 58 0.732028 0.959998
57 59 0.895704 -0.0150526
57 60 -0.923955 -0.0456597
57 61 -0.29389 0.293366
57 62 0.223897 0.0302762
57 63 1.00935 -0.301772
57 64 -0.244735 -0.18043
57 66 -0.387028 0.506564
58 33 1.80809 -1.65675
58 34 -0.931581 -0.180719
58 35 2.02181 1.73389
58 36 1.65622 -0.808151
58 37 0.0291152 0.767089
58 38 2.36155 2.04312
58 39 3.61647 0.882897
58 40 5.29185 -0.357215
58 41 -2.0837 -0.470694
58 42 1.8568 1.13052
58 43 -3.37839 2.72574
58 44 2.24747 3.15105
58 45 -0.392456 1.1824
58 46 1.74153 0.0857918
58 47 3.27706 1.47153
58 48 0.114682 -0.427494
58 49 1.15827 -1.93621
58 50 1.53887 1.64286
58 51 0.0597453 0.909306
58 52 2.60667 0.644226
58 53 0.536047 -0.349026
58 54 0.0323551 -0.0900163
58 55 0.777038 0.732091
58 56 0.28332 0.15337
58 57 0.327624 0.254006
58 58 -1.07226 -0.0800354
58 59 0.134137 -0.292097
58 60 1.69882 -1.24396
58 61 0.604359 -0.348666
58 62 -0.0830642 -0.375156
58 63 0.99718 -0.0440635
58 64 -1.56836 -0.0130178
58 65 -0.045751 -0.00744876
58 66 0.0160356 0.0176173
59 33 1.96591 0.952988
59 34 2.06652 1.00741
59 35 -0.510721 -1.21029
59 36 4.92144 -2.23866
59 37 1.52223 -1.41165
59 38 2.84813 -1.72418
59 39 1.05192 -1.62453
59 40 5.35279 -3.82782
59 41 2.2939 1.20048
59 42 2.06423 2.04334
59 43 1.8648 0.24067
59 44 -0.23569 1.80103
59 45 1.39523 0.867893
59 46 1.08144 -1.59279
59 47 2.54364 -1.84663
59 48 1.67273 0.448249
59 49 2.17261 0.471028
59 50 -1.48385 -0.203028
59 51 0.600072 0.441881
59 52 1.05599 0.410489
59 53 -0.578989 2.12927
59 54 1.11536 -0.583797
59 55 -0.533776 -0.395861
59 56 0.759543 0.376652
59 57 -0.0904573 -0.314257
59 58 1.65542 0.00706476
59 59 0.133452 0.555658
59 60 0.483075 -1.68881
59 61 0.19159 -0.0150654
59 62 1.10817 0.245887
59 65 0.780719 0.0598923
60 33 2.90077 -0.96519
60 34 1.82418 -1.55947
60 35 -2.5611 0.596693
60 36 -1.17324 -1.49312
60 37 5.48801 -0.0144081
60 38 7.6775 -2.9576
60 39 0.88817 -1.0287
60 40 5.79451 1.36583
60 41 0.23793 0.569993
60 42 -0.169749 -0.766257
60 43 -1.29256 -0.46429
60 44 1.28134 1.68671
60 45 -0.241405 0.16076
60 46 -0.9591 -0.38104
60 47 -0.0762383 -0.248924
60 48 1.86925 0.337474
60 49 3.91941 -1.99656e-05
60 50 0.847724 1.13308
60 51 1.09279 1.44321
60 52 -0.101704 -0.0140536
60 53 -2.64168 -0.29799
60 54 -1.4941 0.952142
60 55 0.0471083 0.347981
60 56 -0.109517 0.885899
60 57 0.653784 0.416635
60 58 0.499689 0.635213
60 60 -0.138294 0.0529944
60 61 1.12841 0.0730106
60 62 0.63363 -0.101216
60 65 0.440332 0.0150841
60 66 0.354257 0.40542
61 33 0.324551 0.741013
61 34 5.62864 0.489115
61 35 4.81458 0.488779
61 36 2.83283 0.805528
61 37 2.16147 0.0966908
61 38 -1.80259 2.49332
61 39 2.21773 -0.0988248
61 40 -0.410025 -0.126324
61 41 5.67059 1.61652
61 42 0.494876 0.917546
61 43 -2.01704 -1.44133
61 44 -1.14278 1.19951
61 45 2.41829 0.813411
61 46 0.2671 0.456643
61 47 1.89334 -0.180108
61 48 0.920538 1.10542
61 49 1.10189 2.61021
61 50 0.707985 0.14533
61 51 -0.0560404 2.74284
61 52 -0.238564 -0.553874
61 53 0.0874904 0.0546092
61 54 -0.19505 -0.0351218
61 55 -0.499143 0.0846334
61 56 -1.27791 -0.0438312
61 57 0.702721 1.56558
61 58 -1.42038 0.990359
61 59 -0.0183309 -0.273266
61 60 0.155243 0.0189551
61 61 -0.160387 -0.183651
61 63 1.60861 0.624661
61 64 0.0301489 -0.00949088
61 65 0.329433 -1.14524
61 66 0.102117 0.424121
62 33 3.54981 -0.95229
62 34 3.19415 0.613112
62 35 3.16097 -3.67097
62 36 1.59391 -2.59426
62 37 3.64678 0.178913
62 38 1.70354 0.293919
62 39 4.49446 0.552011
62 40 3.25529 0.432484
62 41 2.50139 -0.64491
62 42 0.726311 -0.348429
62 43 -3.76524 0.358907
62 44 2.94216 1.66304
62 45 4.3361 -1.1138
62 46 -1.68624 1.86717
62 47 -0.211523 1.94936
62 48 -0.949206 -0.606466
62 49 1.77471 -0.397203
62 50 0.916724 -0.213058
62 51 -0.932644 -0.466102
62 52 3.25126 -0.399955
62 53 0.0513388 -0.310203
62 54 -1.60712 0.354248
62 55 1.63339 -0.105795
62 56 -0.0937848 0.520146
62 57 -0.110087 -0.146134
62 58 -0.148763 -0.194246
62 59 -0.596079 0.437664
62 60 0.497339 0.466105
62 61 0.556071 0.340911
62 63 0.900987 0.344572
62 64 0.231197 0.194632
62 65 1.02383 0.327553
63 33 2.8052 -0.714908
63 34 3.321 3.29072
63 35 6.71643 0.20097
63 36 1.44584 1.13293
63 37 2.05264 1.87767
63 38 6.0038 0.733412
63 39 4.53772 2.32142
63 40 -0.746689 3.28362
63 41 4.62812 2.75976
63 42 0.544415 -1.54044
63 43 -0.358461 1.07331
63 44 0.873729 1.04572
63 45 2.14928 1.9184
63 46 0.00631318 1.67503
63 47 1.82926 2.35208
63 48 2.54677 -0.824444
63 49 -0.306198 0.0226359
63 50 1.68131 -0.0155082
63 51 1.25759 -0.650487
63 52 1.87515 0.581362
63 53 2.45404 0.487612
63 54 -0.469346 0.259939
63 55 0.376914 -0.00878094
63 56 -1.18266 0.674204
63 57 -2.57994 0.266678
63 58 0.178687 0.270868
63 59 0.4838 0.147156
63 60 0.146748 0.24015
63 61 0.921635 -0.067936
63 62 0.793481 -0.25851
63 63 0.0619787 -0.442126
63 64 -0.110931 -0.0383714
63 65 0.678196 -0.183222
63 66 0.0398876 0.0552189
64 33 1.82524 -0.769078
64 34 0.211897 0.153106
64 35 3.51097 -0.588744
64 36 2.7882 0.391759
64 37 2.59128 -1.5412
64 38 4.0448 0.205428
64 39 2.56823 1.02174
64 40 2.19063 2.61065
64 41 2.89021 0.838545
64 42 2.67861 -1.4026
64 43 -0.653853 1.14521
64 44 -2.27361 -1.64504
64 45 1.54829 2.35299
64 46 0.673585 -0.825823
64 47 3.3289 1.8931
64 48 3.1958 0.413798
64 49 2.27336 -0.19384
64 50 1.40778 0.227533
64 51 -0.514416 0.0545468
64 52 0.0370996 0.646756
64 53 1.47337 -0.183274
64 54 0.331245 0.0164672
64 55 2.2275 2.07922
64 56 -0.0226809 0.594528
64 57 0.463373 0.385296
64 58 0.633223 1.32463
64 59 -0.244053 -0.836986
64 60 0.158989 -0.337668
64 61 0.420328 0.322529
64 62 0.355466 0.618335
64 63 0.0365919 0.00342304
64 64 0.0300498 0.12261
65 33 3.73067 -0.970015
65 34 1.99016 -1.56095
65 35 6.30403 1.26601
65 36 2.77032 0.344693
65 37 2.62908 -2.50554
65 38 3.39424 0.431275
65 39 0.736615 0.195233
65 40 1.26518 0.332831
65 41 4.59193 4.48634
65 42 5.49452 -0.19167
65 43 3.14548 0.437621
65 44 2.56575 -1.69935
65 45 0.488871 0.969597
65 46 1.07699 1.50989
65 47 0.666251 2.24779
65 48 1.34282 0.849568
65 49 2.12438 2.092
65 50 0.141736 0.328846
65 51 0.894223 0.39267
65 52 -0.527591 0.494505
65 53 1.90528 1.87025
65 54 0.0762222 -0.0690112
65 55 0.441967 0.52034
65 56 -0.0837533 1.17267
65 57 -0.114842 0.0417128
65 58 0.901736 0.315403
65 60 0.0486877 -0.559983
65 61 0.353672 0.216023
65 62 -0.413673 0.701152
65 63 0.297791 -0.00397436
65 64 -0.9467 0.247889
65 65 0.342694 0.0377447
65 66 -0.358934 0.0780981
66 33 2.21335 -0.0561835
66 34 2.16066 -0.0266242
66 35 4.87592 -0.744419
66 36 3.3518 -0.493566
66 37 3.55342 -0.909736
66 38 5.32167 -0.98198
66 39 1.63279 0.111811
66 40 4.06091 0.79092
66 41 2.96055 1.53811
66 42 2.63675 1.51588
66 43 3.69453 0.98266
66 44 1.88838 1.25621
66 45 2.57562 0.413202
66 46 3.2646 1.57249
66 47 0.366561 0.309354
66 48 1.39978 1.22467
66 49 1.16767 1.04175
66 50 0.512333 0.580838
66 51 0.936149 1.7935
66 52 1.01543 0.752737
66 53 1.20936 0.214776
66 54 1.02719 0.882726
66 55 0.408524 0.290553
66 56 0.813311 0.562671
66 57 0.209481 0.872966
66 58 0.502148 -0.240597
66 59 0.400056 0.297346
66 60 -0.0372376 -0.968241
66 61 0.982228 -0.325021
66 62 -0.172617 -0.284257
66 63 0.0238685 0.0833659
66 64 0.905515 -0.301165
66 65 -0.00179487 0.0793087
66 66 0.263852 -0.00516807
67 33 0.11143 0.0286814
67 34 0.0104769 -0.0080664
67 35 0.0561187 -0.0533328
67 36 0.0994581 0.0745547
67 37 0.112835 -0.00105158
67 38 0.266527 -0.0188042
67 39 0.129655 0.0235113
67 40 0.148612 0.0236269
67 41 0.231155 0.0843826
67 42 0.0943379 0.0549093
67 43 0.183116 0.044071
67 44 0.106738 0.0324416
67 45 0.171338 0.0161958
67 46 0.133203 -0.00276725
67 47 0.0570483 0.013703
67 48 0.0642775 0.0590512
67 49 0.027457 0.0358064
67 50 0.0335182 0.0338011
67 51 0.0831373 0.0636008
67 52 0.0116302 0.000994096
67 53 0.0521778 0.00622494
67 54 0.0134517 0.00408353
67 55 0.0598333 0.0317054
67 56 0.043163 0.00618582
67 57 0.0121727 0.00828066
67 58 0.0234382 0.0136157
67 59 0.0255554 0.0303949
67 60 -0.00815195 0.00323199
67 61 0.0242669 -0.00869139
67 62 0.0138139 -0.00419688
67 64 0.00649035 0.000304769
67 65 -0.0131889 0.0475029
67 66 -0.00982962 -0.0153583
