0 33 0.11259 2.88122
0 34 -0.397803 0.302114
0 35 -1.05207 -1.10951
0 36 0.00716028 1.39995
0 37 -0.171491 0.49598
0 38 0.671424 0.124816
0 42 0.0150195 0.0144698
0 45 0.230434 0.261823
1 33 -0.734551 4.76122
1 34 -0.904427 2.36406
1 35 0.216627 1.9223
1 36 -5.61653 -0.468062
1 37 1.75066 0.572252
1 38 -0.815442 0.819677
1 39 0.884763 0.666272
1 40 -0.356693 1.43524
1 41 -1.00633 -0.295174
1 43 -0.00988709 -0.00449072
1 45 0.126166 -0.114616
1 59 -0.303367 0.143982
2 33 0.253884 8.63064
2 34 -4.28603 2.26822
2 35 1.19957 2.69333
2 36 4.03656 1.89834
2 37 -8.96809 -0.88012
2 38 0.0917452 0.000583227
2 39 -1.34778 0.740549
2 40 -0.503464 0.13305
2 41 -0.119863 0.672592
2 43 0.74757 0.977697
2 45 0.273225 0.620309
2 46 -0.112782 -0.253322
2 48 -0.0808434 0.147134
2 50 0.0332348 -0.0434261
3 33 0.23089 12.5897
3 34 2.1951 2.62673
3 35 1.18262 -3.0529
3 36 -1.63861 0.284672
3 37 -0.215258 3.69837
3 38 -1.78414 -0.438629
3 39 -2.11593 -0.901356
3 40 0.402809 0.349329
3 41 -1.35836 2.67053
3 43 0.114704 -0.0450724
3 44 1.57275 0.843187
3 46 0.0885115 -0.292981
3 47 0.619671 0.520924
3 51 0.0139506 0.0051095
3 52 0.168149 0.106937
3 54 -0.0663771 0.0374585
3 58 0.647437 0.437512
4 33 -0.311713 11.0036
4 34 1.96701 1.95655
4 35 -2.23846 1.02094
4 36 -6.23264 3.92947
4 37 1.52692 1.55445
4 38 2.06802 0.0790173
4 39 -1.7176 -0.34169
4 40 -1.58888 0.0325412
4 41 -0.208873 0.121452
4 42 -0.281685 -0.799065
4 43 0.187382 0.172789
4 46 -0.49184 -0.142596
4 47 0.473725 -0.243578
4 50 0.0353438 0.00273068
4 52 -1.46642 0.22236
5 33 -5.40194 14.5599
5 34 -2.27484 7.94205
5 35 -1.08959 7.13449
5 36 -2.21445 -0.67289
5 37 6.61211 -0.821072
5 38 -0.495216 0.473304
5 39 0.245504 -0.336221
5 40 -1.89214 -0.0739629
5 41 0.259012 0.174704
5 42 0.450957 0.152278
5 43 -0.684947 -0.414189
5 44 -0.534405 1.11063
5 46 -0.040209 -0.0182372
5 48 0.0322884 0.081402
5 50 1.17912 -0.275245
5 56 0.150797 0.0831352
6 33 0.580152 15.8954
6 34 8.63982 2.37546
6 35 0.712445 -0.117156
6 36 2.04838 1.3955
6 37 3.51431 2.35324
6 38 -1.56369 3.54893
6 39 -0.600545 1.1316
6 40 0.0495081 0.585926
6 41 1.1243 0.548611
6 42 -0.382759 -0.0989397
6 43 -0.0254188 0.00645094
6 45 0.807174 0.323617
6 46 -0.172574 0.157099
6 47 -0.0417806 -0.0520287
6 51 -0.989787 -0.678556
6 52 -0.012143 -0.0230409
6 55 0.00891402 0.0439492
6 56 -0.0838649 0.821666
7 33 3.13356 19.5685
7 34 -2.18569 5.46755
7 35 -6.89084 9.75448
7 36 -5.6704 1.94607
7 37 -2.36254 3.07109
7 38 -2.75294 1.24708
7 39 1.25046 1.13865
7 40 -2.46525 -0.416622
7 41 -0.38738 0.350648
7 42 -0.0974888 0.018016
7 44 -0.475126 -0.857627
7 45 0.211138 -0.107719
7 47 -0.217933 0.0322722
7 49 0.408409 0.217362
7 50 -0.0462413 0.00717681
7 52 0.167107 0.0829057
7 53 -0.512312 -0.56236
7 56 -0.0344362 -0.0264476
8 33 1.78026 18.3077
8 34 4.74768 -5.76577
8 35 0.916103 5.11146
8 36 3.1385 7.37054
8 37 4.73862 5.29728
8 38 3.10513 0.916472
8 39 -0.16019 -0.597609
8 40 1.5873 0.841678
8 41 -1.1163 -0.427358
8 42 0.0613909 -0.0851177
8 45 -0.180307 -0.153037
8 46 0.85969 0.635487
8 47 0.115326 -0.243413
8 48 0.0123529 0.201325
8 49 -0.26881 -0.0457197
8 51 -0.276171 -0.14358
8 52 1.12415 -0.00323887
8 59 0.023119 0.0166036
9 33 -0.0156124 23.1482
9 34 5.05242 5.41064
9 35 4.35259 3.85897
9 36 5.00085 -1.14665
9 37 -4.51763 6.87044
9 38 -1.16754 -0.479181
9 39 -0.468779 0.981658
9 40 -1.5353 1.13968
9 41 -0.0378091 2.73781
9 42 0.723903 -0.599462
9 43 -0.698074 0.237901
9 44 -0.0272303 0.0412079
9 45 -0.0850306 0.107903
9 46 1.48062 1.39357
9 48 -0.291256 0.037939
9 50 1.40993 0.917712
9 51 0.147502 0.078249
9 52 0.178607 0.0844912
9 59 0.656862 -0.185444
9 65 -0.21488 0.167727
10 33 3.0592 20.6406
10 34 -3.21349 4.0943
10 35 2.68947 4.26692
10 36 6.26387 7.69721
10 37 -2.47546 6.09291
10 38 3.45211 -0.0289371
10 39 1.90008 2.61959
10 40 1.01331 0.874352
10 41 -1.48568 0.286934
10 42 1.00561 0.255008
10 43 0.238037 0.0900597
10 44 0.0387682 0.0538322
10 45 0.381367 0.00371917
10 46 0.258774 -0.228533
10 47 -0.0515888 0.139907
10 50 0.545922 -0.221113
10 54 2.26844 1.53667
10 55 -0.0447508 0.0298095
10 56 -0.0558547 0.0104972
10 59 -0.94979 0.128275
10 65 -1.06657 -0.404966
11 33 1.70048 18.2112
11 34 11.5262 10.841
11 35 1.86078 8.73972
11 36 12.2277 3.48115
11 37 -2.43079 2.54975
11 38 -0.286127 2.69416
11 39 0.458101 1.20381
11 40 0.982379 0.750249
11 41 0.387021 -0.506877
11 42 -0.0156477 -0.361694
11 43 0.896241 0.653044
11 44 -0.547605 0.528948
11 45 -0.305354 0.0194737
11 46 0.867113 -1.14267
11 47 0.00131843 -2.59726e-05
11 48 0.938117 0.151132
11 51 0.0731894 -0.166026
11 54 0.320894 0.00531676
12 33 6.95885 19.1541
12 34 7.46977 0.000690677
12 35 -4.14006 7.21018
12 36 -1.13578 -0.591766
12 37 3.22118 2.44491
12 38 5.58186 2.45513
12 39 3.49157 0.23062
12 40 -2.06515 -0.253298
12 41 0.104351 1.37664
12 42 -1.47396 0.0576887
12 43 0.173469 0.259742
12 44 0.656066 -0.964475
12 45 -0.239328 -0.311531
12 46 -0.418494 0.489475
12 47 -0.21348 0.341255
12 48 1.91137 -0.46578
12 49 -0.351211 0.787759
12 50 1.46356 -2.01297
12 52 0.61273 0.551806
12 54 -0.822428 -0.0236469
12 55 0.207961 0.0446713
12 57 0.402465 0.584437
12 61 -0.268846 0.118788
12 66 -0.062719 0.403403
13 33 1.33769 19.1487
13 34 5.74165 2.53663
13 35 -0.542556 1.23879
13 36 2.06703 5.83324
13 37 3.67603 1.77557
13 38 -1.91799 0.969248
13 39 0.626909 1.31333
13 40 -0.185759 0.681342
13 41 0.392153 0.0282524
13 42 0.215645 0.12348
13 43 0.266106 0.0468412
13 44 -0.866872 0.268922
13 45 1.15524 -0.295721
13 47 -0.0267486 -0.0362311
13 48 -0.549792 0.466109
13 49 -0.0436288 0.0434433
13 51 -0.267514 -0.0910993
13 52 -0.0745121 0.127525
13 53 0.0662807 0.0227338
13 54 0.337709 0.181843
13 59 -0.705541 0.472461
14 33 2.16677 16.7619
14 34 5.8866 4.76954
14 35 12.1074 0.794092
14 36 -2.73825 7.49446
14 37 -2.95125 1.09156
14 38 2.00575 1.93866
14 39 -0.56419 -0.182377
14 40 0.501816 2.09581
14 41 -0.385339 -0.0287493
14 42 -0.317539 1.39805
14 43 0.0662031 1.67661
14 44 1.06795 1.87656
14 45 0.0308749 0.613506
14 46 -0.879105 0.841733
14 47 -0.381899 -0.140583
14 48 2.55102 0.925908
14 49 -0.670773 0.170465
14 50 0.524619 0.267524
14 52 -0.782359 1.0082
14 56 0.659646 -1.62126
14 57 0.278006 -1.0421
14 59 -0.524722 0.363022
14 60 -1.1102 -0.4682
15 33 2.63729 15.4092
15 34 -1.14759 2.02739
15 35 11.0925 -2.37466
15 36 0.333857 2.90988
15 37 -5.01749 0.513654
15 38 -4.71389 1.87994
15 39 -0.0815919 1.95225
15 40 -0.494777 -1.49862
15 41 -0.485871 -0.753444
15 42 0.999683 1.452
15 43 -0.459517 0.185787
15 44 -1.24168 0.960402
15 45 0.333091 -0.199525
15 46 0.197254 0.0157098
15 47 -0.771804 1.41474
15 48 -0.103183 0.407766
15 49 0.025136 0.0365321
15 52 -0.916584 -0.301026
15 53 0.342851 -0.27575
15 54 -0.168497 -0.0635391
15 57 0.178419 0.0918094
16 33 4.39669 13.2956
16 34 1.92304 0.968631
16 35 3.98521 -3.34363
16 36 -0.777356 3.40244
16 37 0.697146 4.46906
16 38 5.65144 -0.800342
16 39 1.36259 0.568028
16 40 1.35403 -1.40305
16 41 -1.05874 -0.114599
16 42 -0.776978 -0.420406
16 43 0.209242 -0.38371
16 44 0.0236796 0.370707
16 45 -1.93737 0.221379
16 46 0.23595 0.0604395
16 47 0.399117 0.148822
16 48 -0.0276877 0.0302313
16 50 0.770384 -0.193496
16 51 -0.93248 -0.923911
16 52 0.289505 -0.314606
16 53 -0.0909145 -0.334396
16 55 -0.0428547 -0.0157538
16 57 0.174393 0.0713649
17 33 5.13996 16.2072
17 34 7.79653 4.83363
17 35 0.479509 2.24216
17 36 8.17258 -0.623528
17 37 2.13876 0.911167
17 38 2.67593 1.7863
17 39 1.21082 -0.263227
17 40 -5.10143 -2.15938
17 41 -1.93324 1.03788
17 42 -0.0340781 0.554234
17 43 1.39181 1.124
17 44 1.04383 -0.0447549
17 45 -0.428149 0.505877
17 46 -0.0758295 0.0168919
17 47 0.109803 0.0309081
17 48 -0.0514145 -0.139658
17 49 0.367134 1.195
17 50 0.913075 0.127766
17 51 -0.514904 0.420822
17 52 0.156289 0.080217
17 53 -1.37148 0.293975
17 55 0.0327872 -0.00336971
17 57 0.550984 -0.0917942
18 33 5.97451 14.6564
18 34 10.079 5.62667
18 35 11.9432 -2.94122
18 36 -0.0277842 5.71189
18 37 5.06699 4.02355
18 38 5.72312 1.72055
18 39 3.47173 1.86281
18 40 3.4993 0.76954
18 41 1.68991 0.319151
18 42 1.9665 1.31972
18 43 -0.069036 0.0879466
18 44 0.573381 0.09929
18 45 0.889766 0.875342
18 46 -0.35505 0.43485
18 47 -0.238477 0.157292
18 48 0.809081 0.108586
18 49 -0.328386 0.925708
18 50 0.607272 1.75183
18 51 0.565331 -0.490964
18 52 0.240141 -0.23283
18 53 -0.503701 0.700581
18 54 1.49638 -0.928035
18 55 0.751746 -0.996895
18 56 -0.137217 0.289941
18 57 -0.780804 0.0578877
18 59 -0.593869 -0.649604
18 60 -0.358456 0.0996062
18 61 -0.0432296 -0.0799582
18 66 -0.0641141 0.0106606
19 33 -0.557614 11.1603
19 34 -2.0017 -0.533196
19 35 2.44927 1.43729
19 36 4.32548 5.47268
19 37 2.09376 4.21891
19 38 1.48239 -0.371818
19 39 -4.34692 2.87758
19 40 -1.75591 -0.885732
19 41 0.139875 1.08399
19 42 -0.97888 -1.60855
19 43 0.588802 -0.15379
19 44 0.605295 -0.569629
19 45 -0.0599936 0.07655
19 46 0.0982843 0.597601
19 47 -0.0665075 1.90681
19 48 0.804475 0.264538
19 49 0.036897 -0.428104
19 50 0.644767 0.234281
19 51 -0.0220626 0.173209
19 52 0.178661 -0.0403878
19 53 0.355863 0.122851
19 55 -0.540337 0.112454
19 56 -0.274128 -0.0102531
19 57 -0.113155 0.0681291
19 59 -0.424005 0.305011
19 60 0.0776404 0.131712
19 65 0.166392 0.484771
20 33 5.42987 9.67144
20 34 14.2952 0.124552
20 35 4.73224 4.47803
20 36 6.01031 5.82526
20 37 4.6433 2.62083
20 38 1.82405 4.80787
20 39 0.207707 4.43478
20 40 -0.74109 1.01936
20 41 0.423508 0.65499
20 42 -0.655956 0.922428
20 43 0.462425 0.152312
20 44 0.708889 0.469407
20 45 0.353202 0.404051
20 46 2.69648 -0.212502
20 47 -0.00871639 0.91727
20 48 -0.246714 0.220096
20 49 -1.9303 0.483604
20 50 0.606096 0.567649
20 51 -0.0925262 0.0116302
20 54 0.166629 -0.000826667
20 55 0.00373102 0.0047188
20 57 0.0202485 0.447766
21 33 3.09183 10.0044
21 34 1.27083 3.87115
21 35 2.68868 -1.39562
21 36 3.22913 2.99879
21 37 5.55954 0.285484
21 38 1.14917 2.2311
21 39 1.39908 1.60495
21 40 0.641603 0.533493
21 41 1.15109 0.0421714
21 42 4.92825 1.11056
21 43 -0.550665 0.877991
21 44 0.212571 0.327079
21 45 0.0137356 0.00484556
21 46 -2.29813 0.122854
21 47 0.346091 -0.115642
21 48 -0.567557 -0.164155
21 49 0.116926 -0.0274848
21 50 0.212801 0.275784
21 51 -0.152186 0.0885457
21 52 0.891221 0.245711
21 53 -0.117657 0.00192312
21 54 -0.933056 -0.110553
21 56 0.171918 0.246808
21 58 -0.124032 0.275476
21 60 -0.0207972 -0.0405284
22 33 -1.13987 6.84499
22 34 -0.316259 0.782587
22 35 7.85731 -2.19658
22 36 8.26636 1.02375
22 37 2.88846 -1.45024
22 38 4.84559 2.21014
22 39 2.38289 4.31058
22 40 0.554694 2.02222
22 41 0.244196 0.206024
22 42 1.42984 2.20187
22 43 0.513172 1.13557
22 44 0.036381 0.0824103
22 45 -0.384203 -0.196689
22 46 0.626618 0.617876
22 47 -0.367655 0.133792
22 48 0.125328 0.376015
22 49 0.0552505 0.0324158
22 50 1.84683 1.57987
22 51 0.169982 0.520987
22 53 -0.0229635 -0.0137312
22 59 0.10832 -0.0991871
23 33 8.56904 4.4201
23 34 9.66231 1.7285
23 35 6.17573 2.14538
23 36 2.39298 0.687259
23 37 4.55989 0.392526
23 38 -2.82093 -1.27719
23 39 -0.410607 3.59575
23 40 -1.04646 1.40455
23 41 -0.287232 -0.0530042
23 42 -0.333993 0.399975
23 43 0.652771 1.71114
23 44 0.193838 0.32574
23 45 -0.0380405 0.427141
23 46 0.254917 0.369412
23 48 0.113138 -0.0870236
23 49 0.0416031 -0.0798053
23 50 0.797016 0.0431627
23 51 -0.0398408 0.0227405
23 55 2.21527 0.173845
23 56 0.499533 0.047469
23 59 -0.529719 -0.098235
23 61 0.113888 0.0272037
24 33 4.85264 3.59999
24 34 6.75982 -2.76234
24 35 0.416589 -1.53322
24 36 2.12542 0.454516
24 37 1.88032 0.395998
24 38 0.680706 1.06578
24 39 2.49227 4.63833
24 40 1.45626 -0.0135753
24 41 3.77325 -0.906872
24 42 1.06745 1.07601
24 43 -1.73813 -1.14532
24 44 -0.0499414 0.237741
24 45 -0.464326 0.445555
24 46 0.0214677 0.749434
24 47 -1.14694 -0.0726049
24 48 -0.301434 0.412673
24 49 -0.134494 0.388361
24 50 -0.0191549 0.0058796
24 51 0.340099 -0.139452
24 53 -0.0728464 -0.225795
24 54 0.595557 0.119516
24 55 0.615056 0.0901055
24 56 0.979082 0.516578
24 59 0.330769 -0.813698
25 33 4.43457 4.71757
25 34 -3.50851 0.954327
25 35 4.68662 -3.957
25 36 3.08706 3.5051
25 37 3.47675 4.81125
25 38 6.78442 -0.626488
25 39 1.96375 -1.31967
25 40 1.0411 -0.0829663
25 41 2.57171 0.996474
25 42 -0.857494 1.09852
25 43 3.10484 0.783301
25 44 0.574437 0.866804
25 45 -0.564826 -0.449528
25 46 -0.151652 0.11708
25 47 -0.524723 -0.873958
25 48 0.441089 1.47025
25 49 0.0343054 0.0530806
25 50 -0.824172 0.369049
25 51 -0.424377 0.165385
25 52 -0.110205 -0.234621
25 53 -0.344481 -0.0426702
25 54 -0.0473962 -0.00307593
25 56 0.430507 1.57138
25 57 0.0125 0.0421385
25 59 0.75501 0.391578
25 60 0.0119104 0.0254109
26 33 4.9723 0.734156
26 34 3.91766 1.15023
26 35 11.2579 1.74485
26 36 2.72347 0.382099
26 37 3.29854 2.05674
26 38 0.763382 -0.831002
26 39 -1.16812 3.36449
26 40 -0.0971439 4.04346
26 41 6.59943 -1.60353
26 42 -0.40013 -0.215088
26 43 2.28088 1.46379
26 44 -0.462556 0.238906
26 45 -1.5371 0.00473874
26 46 -1.14731 -0.158634
26 47 1.85925 0.0409054
26 48 -1.03321 0.614315
26 49 0.380462 0.92171
26 50 -0.879722 -0.762014
26 51 0.102492 0.0352392
26 52 -0.38612 0.0533344
26 53 -0.137122 0.0227968
26 55 -0.0272498 0.0270915
26 56 0.290707 -0.332422
26 57 -0.0402139 0.00772354
26 60 0.553627 -0.473136
26 61 0.074482 -0.0234598
26 62 -0.947456 0.704035
26 66 0.964089 -0.315924
27 33 -0.5851 5.64767
27 34 6.96358 -0.966611
27 35 8.02155 -1.07255
27 36 0.666711 -2.25888
27 37 6.61952 -0.591306
27 38 -2.06421 -1.62881
27 39 0.982558 1.9377
27 40 1.36291 4.16796
27 41 1.88632 0.568254
27 42 -0.197006 0.913025
27 43 2.10349 1.92169
27 44 0.334315 -1.0387
27 45 0.475961 0.0176448
27 46 -0.47166 0.47979
27 47 -0.308989 -0.0785338
27 48 -0.427701 0.372835
27 49 0.05253 -0.22059
27 50 -0.52867 -0.433806
27 51 -0.673531 -0.297259
27 53 0.982277 -1.20994
27 54 -0.0688257 -0.936936
27 56 -0.0749132 0.0280185
27 59 0.109164 0.049395
27 65 -0.176159 -0.309007
27 66 -0.361671 0.752959
28 33 6.12545 0.650669
28 34 6.26593 3.97668
28 35 3.9891 -1.84614
28 36 3.33893 1.97225
28 37 1.90757 1.29388
28 38 1.232 3.44308
28 39 4.014 2.3704
28 40 2.4816 1.10856
28 41 1.6567 -1.16955
28 42 1.41782 -0.0401766
28 43 0.0664153 0.999197
28 44 1.20526 1.56233
28 45 -0.27945 0.737881
28 46 0.326462 0.82186
28 47 1.84388 -0.450299
28 48 -0.477245 0.345096
28 49 0.300513 0.142335
28 51 1.49038 0.428273
28 53 0.538982 0.369193
28 55 -0.186548 -0.121823
28 56 0.0128975 0.0498547
28 57 0.0476776 -0.0649606
28 58 -0.0484326 -0.0455017
28 61 0.473386 0.9439
28 64 0.81115 0.191858
29 33 4.33426 -1.02548
29 34 4.50703 0.526206
29 35 2.21646 1.35567
29 36 6.94577 0.457705
29 37 7.42188 -1.5278
29 38 -0.10095 2.17696
29 39 -0.712046 2.2616
29 40 1.84571 3.65066
29 41 0.783255 -0.0503288
29 42 0.0791287 0.473984
29 43 -0.0979089 0.0960774
29 44 -0.55661 -1.31061
29 45 0.375435 0.145134
29 46 1.50707 -1.39652
29 47 -1.00444 -0.783507
29 48 -0.923032 -0.0146472
29 49 0.336185 0.0293657
29 50 0.568549 1.57839
29 51 1.36548 -0.414024
29 52 -0.0610141 0.0272482
29 53 -0.653549 -0.166027
29 54 1.71101 -0.0101495
29 55 -0.880698 0.223166
29 56 0.0216701 0.00197449
29 57 -1.02876 -0.379329
29 59 -0.643389 -0.0312069
29 60 -0.163237 -0.105812
29 61 0.0525367 -0.0479927
29 63 -0.0133438 0.000987164
30 33 3.02566 1.13626
30 34 1.84313 0.890364
30 35 2.8517 -1.43409
30 36 -7.27426 -1.57825
30 37 -0.791369 -0.982151
30 38 6.39075 5.57514
30 39 5.52515 2.63494
30 40 0.912545 1.20868
30 41 1.71816 -0.143962
30 42 -0.914005 -0.0640534
30 43 2.24768 -0.433933
30 44 -0.824036 -0.673271
30 45 -0.981682 1.24123
30 46 -0.993159 -0.624192
30 47 1.17703 -0.320685
30 48 0.0578852 0.0441612
30 49 0.0867672 0.0305536
30 50 -0.113106 0.0119443
30 52 -0.117239 0.112733
30 54 0.0138836 -1.23978
30 56 -0.0102897 0.0157841
30 58 -0.235092 0.00960112
30 59 -0.884095 0.167514
30 60 0.75503 0.753017
30 64 0.0197427 0.0232273
31 33 4.54716 1.09181
31 34 4.01825 -0.342651
31 35 3.11041 -2.60489
31 36 -5.59259 -0.614344
31 37 4.14734 1.03262
31 38 3.1477 -0.0162839
31 39 0.549182 2.11295
31 40 3.01708 3.29086
31 41 1.15455 0.711069
31 42 1.17652 1.91917
31 43 -1.76308 0.674323
31 44 -0.351065 0.61628
31 45 -0.610755 1.08199
31 47 0.242583 -0.251674
31 48 -0.141959 0.19673
31 49 0.424541 0.712311
31 50 0.567811 -1.31402
31 51 -0.0859371 0.100229
31 52 0.0393384 0.0226499
31 53 -0.146213 0.674914
31 54 0.25037 -0.161268
31 55 0.0523534 -0.0280391
31 57 0.228374 0.0389441
31 61 0.118596 -0.256983
31 63 0.121876 0.0430706
31 64 -0.206435 -0.4948
31 65 0.283348 -0.309212
32 33 1.69493 4.97408
32 34 0.552296 -3.88687
32 35 8.64556 1.85628
32 36 4.32289 -3.71775
32 37 2.06723 -2.30155
32 38 0.445658 0.472817
32 39 -2.0167 0.367274
32 40 -1.17832 1.43547
32 41 3.6724 2.44143
32 42 -1.21315 -0.100084
32 43 -0.716119 -0.39705
32 44 -1.19902 -1.26489
32 45 -0.429254 0.680677
32 46 1.42673 -0.0712771
32 47 2.67177 0.726145
32 48 -0.7852 1.62123
32 49 1.03804 0.893187
32 50 -0.686072 -0.407708
32 51 0.0406467 0.0179666
32 52 -2.04707 0.522231
32 53 -0.459845 -0.399251
32 54 -0.047567 -0.123173
32 55 1.12249 -0.267922
32 59 -0.026743 -0.118753
32 60 0.410129 -0.183165
32 61 -0.220329 0.067956
32 63 0.703151 -0.0148909
32 65 0.206401 0.172466
32 66 -0.121298 0.0637378
33 33 2.4196 1.06724
33 34 5.22459 -0.464353
33 35 -5.14647 -0.880852
33 36 2.45933 0.907619
33 37 3.46611 2.13196
33 38 -2.28107 0.289801
33 39 2.81458 0.683748
33 40 -1.73793 0.650073
33 41 2.47347 0.636462
33 42 1.43074 -0.64475
33 43 0.506656 0.0069232
33 44 0.162089 0.101059
33 45 0.559334 1.106
33 46 0.356109 -0.883667
33 47 1.33661 1.15261
33 48 0.86807 -0.700382
33 49 0.381585 0.801285
33 51 0.0607958 -0.0281785
33 52 1.25743 -0.277731
33 53 -0.904905 -0.800715
33 54 0.987557 0.432117
33 55 -0.250084 -0.124187
33 56 -0.277523 0.112125
33 62 -0.416683 0.0516929
33 63 -0.145038 -0.274583
33 64 0.247289 0.367818
34 33 2.27441 -0.229607
34 34 3.06465 1.012
34 35 -1.67412 0.368571
34 36 -1.18051 0.700021
34 37 -2.06565 3.42214
34 38 -2.08341 2.1871
34 39 1.44471 0.115683
34 40 -2.10608 1.7603
34 41 0.701974 1.31982
34 42 3.98717 -0.524496
34 43 0.598551 0.372007
34 44 0.512341 0.0991933
34 45 -0.549314 0.0867957
34 46 0.171113 0.0613607
34 47 -0.0279738 0.0339024
34 49 1.74428 0.344797
34 50 -0.137984 0.046498
34 51 -0.739794 0.488167
34 52 -0.462912 -0.334527
34 53 -0.0265638 -0.0130941
34 54 0.480215 -0.0457761
34 56 -1.29835 0.49751
34 57 -0.771193 0.270886
34 61 -0.0577775 -0.0428013
34 63 0.593384 0.266664
34 66 -0.0242047 0.0231058
35 33 2.81965 0.599001
35 34 2.2595 0.482558
35 35 -1.8289 -4.24942
35 36 6.5171 -0.828535
35 37 -0.820033 -0.789019
35 38 3.13024 1.63141
35 39 1.06376 1.06105
35 40 -0.788499 0.87759
35 41 -0.802645 3.71442
35 42 0.036827 2.05849
35 43 0.56185 -0.389308
35 44 2.87494 1.67148
35 45 -2.45497 1.06931
35 46 -0.0631821 1.43957
35 47 0.607958 -0.764221
35 48 0.242954 0.79122
35 50 -0.0434042 0.0266013
35 51 0.279834 -0.204262
35 52 2.35588 2.70056
35 53 -1.58784 -0.727386
35 54 0.408664 0.0294446
35 56 -0.915526 -0.474561
35 57 0.465478 -0.135679
35 58 -0.164691 -0.0434772
35 59 -0.497369 0.509454
35 60 0.0492111 -0.0320456
35 61 0.0198409 0.0137582
36 33 2.99855 -0.332458
36 34 2.39659 -0.767763
36 35 6.09958 2.88806
36 36 4.10412 1.41293
36 37 5.01626 0.384362
36 38 0.509469 -1.25251
36 39 2.54539 1.16234
36 40 4.62658 0.849594
36 41 1.38777 1.54621
36 42 1.23463 2.0596
36 43 -0.717518 -0.491752
36 44 1.74229 0.418468
36 45 -0.895854 0.0379015
36 46 2.03825 0.394984
36 47 -0.128938 -0.465138
36 48 0.490045 0.271348
36 49 0.0703587 0.258636
36 50 0.375116 -0.082737
36 52 1.49818 0.70164
36 53 0.184211 0.309242
36 54 0.735598 -0.298072
36 56 0.470376 0.204108
36 57 0.0923888 0.135271
36 59 -0.826393 0.0646321
36 61 -0.00604294 -0.000112577
36 62 0.251695 0.944257
37 33 0.510155 0.125498
37 34 3.80008 -0.500937
37 35 3.78599 3.54181
37 36 -0.562543 0.0767955
37 37 5.63341 2.26289
37 38 1.63598 1.25349
37 39 4.66998 -1.02831
37 40 0.306359 3.63642
37 41 0.433959 0.205853
37 42 3.526 0.451692
37 43 1.96107 0.093392
37 44 0.250909 0.324287
37 45 -1.017 0.947629
37 46 1.31968 -2.38999
37 47 1.96305 0.945998
37 48 0.432264 -0.244068
37 49 -0.0873065 0.148918
37 50 -0.473812 -0.738543
37 51 -0.637336 -0.112415
37 52 -0.354613 -0.181393
37 53 0.178335 0.0660326
37 54 -0.920381 0.0611747
37 55 0.179482 0.416764
37 56 0.0185928 0.306063
37 57 -0.00407685 -0.000451534
37 58 0.789505 -0.293678
37 61 0.00163362 -0.000279346
38 33 -0.067358 -0.736109
38 34 5.06283 1.43636
38 35 1.22325 -2.48009
38 36 -4.00248 1.11566
38 37 2.5261 -0.338574
38 38 0.578777 4.16954
38 39 -0.817059 0.0692778
38 40 3.13716 -3.1821
38 41 2.04621 0.658581
38 42 -1.14721 -2.83298
38 43 -0.52871 0.112723
38 44 -1.47725 1.51186
38 45 -0.137471 0.00125575
38 46 0.857032 -0.0578709
38 47 0.666394 -0.329555
38 48 0.85782 0.307306
38 49 1.23328 0.898995
38 50 0.00906478 -0.0466599
38 51 -0.734806 1.17865
38 52 0.576389 -0.00638866
38 53 1.8718 0.921372
38 54 0.000542618 -3.19603e-05
38 55 0.681199 0.110693
38 56 -0.144708 -0.328817
38 57 0.0311256 -0.215962
38 58 0.029085 -0.230231
38 59 -0.512224 0.690386
38 61 0.345067 -0.199202
38 62 0.98214 1.24105
38 65 -0.346674 0.688614
39 33 3.88102 1.02494
39 34 1.86398 -0.688012
39 35 2.90713 1.34863
39 36 3.63162 -0.617191
39 37 4.28948 2.40985
39 38 2.8174 2.20766
39 39 0.614992 -0.386968
39 40 2.65252 0.977564
39 41 2.08362 -0.158863
39 42 2.03421 2.71347
39 43 -0.358416 -0.583077
39 44 0.771755 -0.667837
39 45 0.0756431 -0.600182
39 46 -2.1288 0.620891
39 47 -0.593228 -0.159226
39 48 0.82037 0.4581
39 49 0.670632 0.620022
39 50 -0.0369761 -0.0688896
39 51 0.911738 0.26497
39 52 -0.963139 2.10262
39 55 0.225285 -0.318993
39 56 -0.768818 0.195276
39 58 -0.144807 -0.927593
39 60 -0.202381 -0.0726252
39 61 -0.222308 0.141528
39 62 0.117266 -0.189477
39 65 -0.100607 0.155746
40 33 0.893097 -1.32984
40 34 -2.43653 -4.52555
40 35 2.05797 3.25819
40 36 -0.133227 -1.36345
40 37 1.71158 -0.0107967
40 38 5.09149 0.12099
40 39 0.405029 2.41755
40 40 1.9241 -2.81941
40 41 4.07904 1.52282
40 42 2.49443 2.83265
40 43 2.18439 3.36135
40 44 -0.156832 0.372615
40 45 -0.629672 0.299213
40 46 -1.34271 -0.532125
40 47 -0.468338 0.532264
40 48 -0.16998 1.73154
40 49 1.25378 -0.0907194
40 50 1.34868 1.35387
40 51 -0.0713052 0.121609
40 52 0.946744 0.404216
40 53 -0.358421 0.263562
40 55 1.52486 -0.371311
40 56 0.0329048 0.0236164
40 57 -0.284577 0.149626
40 58 -1.01356 0.926972
40 59 -0.974274 -0.352425
40 62 0.0222092 -0.0757175
40 65 -0.424647 0.498437
41 33 2.2258 0.881724
41 34 1.74046 1.57117
41 35 6.75236 -0.572036
41 36 1.82515 2.15175
41 37 4.23319 -0.0692526
41 38 8.04202 1.41605
41 39 -2.07417 0.584445
41 40 -0.923255 2.76513
41 41 2.2329 -0.0214885
41 42 1.97446 2.01141
41 43 0.231062 1.28494
41 44 0.41 0.575984
41 45 -0.0173811 0.844625
41 46 -0.903892 0.897927
41 47 1.51855 1.94945
41 48 0.920427 0.0262081
41 49 0.396273 0.396602
41 50 1.58406 0.0808543
41 51 0.839874 0.430244
41 52 0.372632 0.487466
41 53 1.0092 0.484397
41 56 -0.364857 0.946
41 58 -1.136 -0.236552
41 60 0.0656513 0.0654072
41 62 0.0725731 0.0103945
41 63 0.0769268 0.0650324
41 65 0.208285 -0.899843
42 33 2.15695 0.423631
42 34 4.41051 0.618328
42 35 0.443533 0.312092
42 36 5.85817 -0.764165
42 37 2.37877 1.51155
42 38 0.968207 0.546456
42 39 3.66114 2.59718
42 40 1.71437 0.309088
42 41 -0.903919 1.95282
42 42 0.012998 -0.672501
42 43 -2.25553 0.649614
42 44 1.6948 0.675842
42 45 -0.537139 0.565237
42 46 -0.0777384 0.713468
42 47 1.09655 1.13556
42 48 -2.13807 0.851936
42 49 0.410704 0.282288
42 50 2.13067 0.910894
42 51 0.0606007 0.015405
42 52 -1.02567 0.806223
42 53 -0.338284 1.53128
42 55 0.00397145 -0.0735735
42 56 -0.00111734 0.00127441
42 57 -0.876295 0.560592
42 60 0.756558 0.572213
42 61 -0.134737 -0.0399815
42 64 -0.0493382 0.0244165
43 33 3.15276 1.01465
43 34 2.5172 -0.776313
43 35 4.56123 3.19433
43 36 3.56113 -1.48879
43 37 1.81012 2.49785
43 38 4.40718 -0.920159
43 39 3.9722 1.0249
43 40 0.444421 3.06297
43 41 0.354549 -0.445695
43 42 0.703178 -0.732633
43 43 0.166096 -0.160661
43 44 1.51405 0.545763
43 45 -1.14991 -0.568315
43 46 -0.187222 -0.0546619
43 47 0.329152 -0.2183
43 48 -0.217063 0.174637
43 49 -0.0111961 0.0143129
43 50 -0.0514655 -0.00399343
43 51 0.0221419 0.0730066
43 52 -0.81561 0.0267303
43 53 -0.374699 -0.728781
43 54 -0.0570762 -0.000863205
43 56 -0.0821541 0.131979
43 58 0.09171 0.00527545
43 63 -0.0645511 -0.144316
43 64 -0.0219702 0.112837
43 65 1.16109 0.349119
44 33 1.39159 -0.274808
44 34 3.05715 -3.2829
44 35 4.24425 -1.03267
44 36 1.71708 -1.49445
44 37 1.14475 0.163188
44 38 -0.955587 2.52447
44 39 3.06545 0.565091
44 40 -4.93311 0.930308
44 41 0.467656 -0.172023
44 42 -1.10429 1.20997
44 43 0.666204 -0.287269
44 44 0.507624 -0.452638
44 45 0.518035 0.518753
44 46 1.30482 0.846178
44 47 2.44443 0.534689
44 48 0.417685 0.440565
44 49 -0.393367 0.301123
44 50 -0.208483 1.39807
44 51 0.650096 -1.72892
44 52 0.116659 0.030549
44 53 -1.40825 -0.417168
44 54 -0.523634 -0.301504
44 56 0.0274882 0.0369047
44 57 -1.11316 0.693829
44 58 0.573369 0.455155
44 62 3.25281 -0.0197503
44 65 0.126908 0.229366
44 66 0.0646775 0.0339801
45 33 4.62095 0.0637096
45 34 0.354558 -1.88641
45 35 1.63473 -1.30642
45 36 4.32927 0.0787995
45 37 1.23255 1.6258
45 38 0.833851 1.55362
45 39 -1.23931 2.75441
45 40 -0.259405 2.25382
45 41 -0.651422 1.37582
45 42 0.491495 -0.00492186
45 43 0.64853 0.540067
45 44 0.841673 1.09235
45 45 0.854813 -0.00363976
45 46 0.0595043 0.184226
45 47 -0.151606 0.117941
45 48 0.652527 0.265398
45 49 0.0394304 0.0625116
45 50 -1.84716 0.233648
45 51 1.1378 1.09605
45 52 -0.200234 0.0701982
45 53 1.09937 -0.180863
45 54 0.498102 -0.494419
45 55 -0.182615 0.0515927
45 56 -1.54251 0.829064
45 57 -0.169937 0.344451
45 58 -1.09746 -0.0849503
45 61 0.0403245 -0.164754
45 63 0.0683382 0.0299987
46 33 3.3487 -0.357114
46 34 -0.956437 -0.462072
46 35 2.83886 1.82289
46 36 0.485755 -0.694154
46 37 -1.64658 -0.399435
46 38 0.457408 0.448765
46 39 -0.776134 -0.0478389
46 40 1.34091 2.82516
46 41 0.0369476 0.0855581
46 42 1.67913 0.168187
46 43 2.20955 3.34139
46 44 -0.213804 -0.259778
46 45 0.0189981 1.36365
46 46 2.19977 1.43418
46 47 1.26199 0.368376
46 48 0.10599 1.22345
46 49 -0.0328222 0.0183195
46 50 -0.643291 -0.381501
46 51 -0.0173831 0.00685382
46 52 1.0371 0.308935
46 53 2.44416 0.751126
46 54 0.145437 0.155151
46 55 -0.426187 0.00586033
46 57 0.74084 0.07783
46 60 1.11231 -0.283924
46 61 -0.417312 -0.580313
46 62 0.0526399 0.00337895
46 65 1.07618 -0.656545
47 33 4.24883 -1.08828
47 34 -0.396374 0.743449
47 35 -2.14354 -0.739487
47 36 -1.1826 -1.51234
47 37 3.63449 2.74997
47 38 1.50481 0.182414
47 39 -0.146287 -0.916766
47 40 0.585799 -0.546957
47 41 2.11252 0.0157787
47 42 0.278234 0.850435
47 43 -1.22864 3.12025
47 44 0.870216 -0.995425
47 45 -3.03615 -0.0570747
47 46 0.332621 0.592626
47 47 -0.141202 -0.454515
47 48 1.31585 1.5486
47 49 -1.19862 0.936069
47 51 1.24302 0.0286487
47 52 -0.00248984 0.00274855
47 54 -0.323863 0.489572
47 55 0.186424 0.00434414
47 57 0.087633 0.264129
47 65 -0.158737 0.119068
48 33 3.19081 2.86519
48 34 2.79803 0.910769
48 35 -0.106775 -0.260605
48 36 0.635504 0.521225
48 37 1.17581 -0.911251
48 38 -0.165166 1.62697
48 39 2.52062 -1.423
48 40 1.38335 0.794834
48 41 2.07772 1.60813
48 42 2.85474 -0.213319
48 43 -0.141051 1.79887
48 44 0.561646 -0.0360598
48 45 0.978535 0.57929
48 46 -0.291789 0.977796
48 47 1.10674 2.68092
48 48 0.03936 0.813264
48 49 0.122144 0.498529
48 50 0.936659 0.0684225
48 51 -0.286521 -1.26291
48 52 -0.604637 -0.553792
48 53 0.018231 -0.0032318
48 54 0.326253 -0.262584
48 55 -0.0572824 -0.154571
48 56 0.535638 -0.160831
48 57 0.813881 1.32524
49 33 2.37616 -1.22499
49 34 0.255614 -1.14506
49 35 0.694005 1.75849
49 36 0.579388 2.18318
49 37 -0.802172 2.95414
49 38 2.43508 2.04438
49 39 1.30798 0.0952628
49 40 1.22284 1.68677
49 41 -0.0829969 -2.68468
49 42 -0.405558 0.531725
49 43 0.869968 0.035194
49 44 0.100843 -0.100634
49 45 -0.173471 0.613972
49 46 1.13331 0.0661232
49 47 0.336274 0.0122822
49 48 -0.0240655 0.0691728
49 49 1.01541 0.480726
49 51 0.326168 0.400524
49 52 -0.216835 0.14124
49 54 0.129686 -0.743269
49 55 -0.920907 0.470062
49 56 0.705701 0.37082
49 57 0.0755237 -0.00916543
49 58 -0.00480568 0.31447
49 60 1.78715 -0.560605
49 61 1.1142 0.954019
50 33 -0.37722 0.811027
50 34 2.69094 -1.82229
50 35 5.36081 1.16312
50 36 -3.94837 -1.40946
50 37 3.2634 0.665459
50 38 1.6963 -0.274454
50 39 1.17178 2.7574
50 40 -0.723656 -0.301394
50 41 4.29918 1.25836
50 42 1.45203 -0.479801
50 43 1.24698 0.442314
50 44 0.348659 -0.551369
50 45 -0.27077 -0.212936
50 46 -0.0868777 0.859831
50 47 0.342615 -0.145588
50 48 -0.421089 -0.219946
50 49 -0.291233 0.544436
50 50 1.37518 -0.618639
50 52 0.763028 0.6219
50 55 -0.0560859 0.353661
50 56 1.15879 0.811344
50 57 0.114517 0.0811331
50 58 0.475105 0.104643
50 59 -0.819962 1.12218
50 61 -0.473622 0.211216
50 63 0.0463859 0.036434
50 64 -0.147266 0.0145468
51 33 2.85146 1.54922
51 34 -3.7664 -0.160476
51 35 2.98746 -1.35461
51 36 3.56203 -0.753128
51 37 2.08158 -3.40059
51 38 1.82473 -0.505019
51 39 -3.83844 -0.109694
51 40 3.65764 2.25952
51 41 -1.53193 0.925607
51 42 2.70633 -1.91661
51 43 2.95948 -1.46703
51 44 -0.460208 0.257489
51 45 0.0565886 0.233215
51 46 0.795145 0.849166
51 47 1.31063 -1.15208
51 48 -0.10366 0.495492
51 49 -0.14723 -0.0559784
51 50 -0.382274 0.392681
51 51 -0.0765014 0.570599
51 52 0.469068 0.242905
51 53 0.0570032 -0.0310645
51 54 -0.0999183 0.449355
51 55 0.049712 0.214835
51 56 0.647728 0.0978195
51 57 0.368193 0.136702
51 58 0.228189 0.130763
51 60 -0.203589 -0.0441692
51 61 -0.611603 0.210158
51 62 0.344335 -0.00694708
51 63 -0.0129779 0.0143766
51 64 -0.093531 -0.13388
51 66 0.0443147 -0.0289833
52 33 0.155429 0.674264
52 34 1.6828 -1.3899
52 35 2.15075 0.560968
52 36 -0.184143 0.906699
52 37 1.94137 -0.65849
52 38 2.16475 -0.363748
52 39 3.06157 0.183205
52 40 2.41052 0.85251
52 41 -0.60163 -0.146092
52 42 -0.476315 -0.586566
52 43 1.32641 0.103978
52 44 0.362921 0.818062
52 45 2.14131 1.68958
52 46 -0.471179 0.73561
52 47 -0.314301 -0.129426
52 48 -1.24603 -1.0451
52 50 -0.0240204 -0.512259
52 51 1.17372 -0.107021
52 53 0.121739 0.17324
52 54 0.403313 -0.198658
52 56 0.880236 -0.565734
52 57 0.0700374 0.0465294
52 58 -0.11049 0.229553
52 59 0.808539 0.286819
52 61 -0.433049 0.477175
52 62 -0.971848 0.228557
52 64 0.191053 0.146262
53 33 1.81032 -0.463561
53 34 2.96037 0.589947
53 35 -0.723213 -1.62646
53 36 5.68211 0.1225
53 37 2.13909 -0.118417
53 38 0.720737 0.325566
53 39 5.13469 -2.77222
53 40 -0.344389 1.97883
53 41 -0.113396 0.749821
53 42 0.778558 0.372557
53 43 -1.17373 2.29658
53 44 -0.213576 -0.0735513
53 45 0.0454207 1.03881
53 46 0.367555 0.241688
53 47 -0.228618 -1.40616
53 48 -0.72452 0.0745755
53 49 1.20113 0.186508
53 50 0.407241 -0.10827
53 51 0.0296613 0.0332273
53 53 0.299728 0.0662503
53 54 -0.345025 -0.023233
53 55 -0.0253818 -0.104996
53 56 -1.42058 -0.976581
53 57 -1.44215 -0.305775
53 61 1.23207 -0.120633
53 62 -0.0603183 0.134262
53 64 0.591888 0.329141
54 33 0.705008 -0.427655
54 34 3.71914 -0.445842
54 35 2.46055 0.318579
54 36 3.37198 0.248036
54 37 1.33495 0.891946
54 38 -0.975025 0.4516
54 39 -1.39168 -0.971286
54 40 2.15373 2.44912
54 41 -1.18925 0.405438
54 42 1.81093 1.03586
54 43 1.24697 0.0241385
54 44 0.947498 0.429449
54 45 1.62046 1.32135
54 46 0.0741027 0.48479
54 47 -0.234896 -0.544112
54 49 1.4132 0.272685
54 50 0.877465 -0.78324
54 51 -0.177202 0.0768564
54 52 0.242739 0.128707
54 53 -0.316861 -0.118915
54 54 -0.661126 0.175813
54 55 0.388505 -0.0288792
54 56 0.0221551 0.0453118
54 58 0.0981818 -0.0216855
54 60 -0.0595603 -0.0287238
54 62 -0.0758379 -0.0186651
55 33 0.731795 -0.336676
55 34 2.25455 2.79134
55 35 3.69758 1.76842
55 36 2.91297 0.578269
55 37 3.14627 0.203743
55 38 2.63155 -0.0124478
55 39 1.64189 0.312523
55 40 2.05014 0.464532
55 41 -0.744633 0.378083
55 42 -1.51222 -0.289004
55 43 0.870092 2.13949
55 44 -1.25937 -0.509605
55 45 0.48137 0.112626
55 46 0.292408 0.464001
55 47 0.119083 1.0474
55 48 0.373317 -1.1283
55 49 -0.134528 0.0623896
55 50 0.0438056 0.320126
55 51 -0.750758 0.00190249
55 52 -0.89125 1.42973
55 53 -0.633724 0.99832
55 54 0.903815 -0.290207
55 56 1.04859 0.103921
55 58 0.213157 0.174147
56 33 1.63926 0.105576
56 34 0.781009 -1.25812
56 35 0.676753 1.28958
56 36 0.716707 3.23157
56 37 -2.33668 0.529473
56 38 0.422014 -0.861105
56 39 -0.323943 -0.317073
56 40 0.843897 2.30212
56 41 -0.088874 0.433366
56 42 1.68541 -0.665259
56 43 -2.93164 1.00431
56 44 0.660487 0.261204
56 45 -1.25518 0.388575
56 46 0.800287 0.691546
56 47 1.28176 -0.219206
56 48 0.224226 0.0365575
56 49 -0.21961 -0.0487296
56 50 -0.054404 0.00519294
56 51 0.666078 -0.338081
56 52 -1.63425 0.199902
56 53 0.514258 0.318767
56 54 0.501518 1.58096
56 55 -0.052357 0.0229082
56 57 -0.146052 -0.165575
56 58 -0.546615 -0.468878
56 59 0.224799 0.300486
56 61 0.389402 -0.146592
56 63 -0.223554 -0.288288
57 33 0.989678 0.752075
57 34 2.83256 1.28603
57 35 0.648455 0.282329
57 36 -0.994509 -0.338508
57 37 2.14442 0.132727
57 38 2.48997 0.420916
57 39 0.122645 1.25216
57 40 -1.8738 0.627496
57 41 0.743985 -0.0555834
57 42 2.78043 2.52439
57 43 3.16613 -2.14691
57 44 0.0708686 1.47895
57 45 -0.127011 -0.939161
57 46 -0.00141378 -0.167083
57 47 -0.0422328 -0.059107
57 48 0.0689406 0.025837
57 49 -0.527871 -0.713246
57 50 0.0776691 -0.0124895
57 51 1.87751 0.543596
57 53 0.0468523 0.235258
57 54 0.719548 0.436081
57 55 0.207292 -0.0138339
57 57 0.146216 -0.124204
57 58 -0.244412 0.0555223
57 59 0.824064 0.140313
57 60 0.168526 -0.422047
57 61 -0.177469 -0.440819
57 64 -0.157045 0.0914721
58 33 0.554772 0.39471
58 34 -0.111697 -1.09912
58 35 1.40491 -0.505953
58 36 3.50776 -0.83259
58 37 0.928999 -1.98569
58 38 1.59147 -0.943963
58 39 -0.0268446 0.957533
58 40 -0.531396 -0.826364
58 41 0.949558 -1.23015
58 42 1.48604 0.142128
58 43 2.45274 1.06765
58 44 1.73676 0.648071
58 45 -1.78194 1.16009
58 46 0.00665816 0.0912318
58 47 1.44619 1.29569
58 48 0.39731 0.543374
58 49 -1.19934 0.149753
58 50 0.789318 -0.296998
58 51 -0.640528 -0.0823537
58 52 -0.0182074 0.938449
58 54 2.01794 0.359632
58 57 -1.12757 0.730463
58 58 0.173853 -0.0928831
58 59 0.262007 -0.00272531
58 60 0.881818 0.605107
58 61 -0.0995758 -0.151342
58 62 -0.0754713 0.179406
58 64 0.263673 0.175307
59 33 1.02878 0.179086
59 34 1.23652 0.319643
59 35 1.36376 -0.155394
59 36 2.41307 0.0944537
59 37 3.20289 -1.15907
59 38 2.89541 0.490908
59 39 -1.39788 0.659727
59 40 0.0201212 -0.0205313
59 41 1.16589 -0.0874723
59 42 1.50627 0.313906
59 43 1.26642 -0.133532
59 44 0.179735 0.598089
59 45 -0.660731 1.30779
59 46 -2.55842 -1.13597
59 47 -1.81758 1.64947
59 48 0.721213 0.373094
59 49 -0.907011 -0.455178
59 51 0.547538 0.616404
59 53 -0.56565 0.075919
59 56 -0.294052 -0.616334
59 57 0.0651704 0.0107915
59 58 0.154201 -0.0666805
59 59 0.0692215 -0.081761
59 60 0.221652 -0.357226
59 64 0.605047 -0.387564
60 33 1.9615 -0.311563
60 34 0.632946 0.136654
60 35 2.78024 0.574035
60 36 2.81566 -2.4542
60 37 2.45121 -1.18355
60 38 0.728962 1.61045
60 39 -1.68643 0.161696
60 40 0.687118 -0.597137
60 41 0.934172 0.87125
60 42 1.10506 0.793653
60 43 2.60887 2.02276
60 44 2.58297 0.40487
60 45 0.983731 -1.71724
60 46 -0.626233 0.630814
60 47 0.532096 0.394041
60 48 -0.181135 -0.0500142
60 49 0.392024 -0.251806
60 50 0.566719 0.0910941
60 51 -1.3001 -0.742105
60 52 -0.799874 0.546791
60 56 -1.11422 -0.711736
60 57 -0.364621 0.43187
60 58 -0.0246032 0.215954
60 60 -0.212612 0.438947
61 33 1.04199 -0.74421
61 34 2.57584 -1.16042
61 35 0.128967 0.350174
61 36 -0.966309 -0.788872
61 37 -0.346912 0.757538
61 38 3.14285 1.93866
61 39 2.71855 1.47114
61 40 1.46896 2.3539
61 41 2.27591 0.111426
61 42 0.650509 1.81357
61 43 2.88859 -0.817469
61 44 1.4298 0.963263
61 45 -0.132162 0.49799
61 46 0.0170491 0.230194
61 47 1.4635 -1.594
61 48 0.680954 0.835432
61 49 -0.282207 0.0849249
61 50 -0.224949 0.59304
61 51 -1.03039 0.408603
61 53 -0.00110392 -0.0570967
61 54 0.140598 1.79096
61 55 0.0220988 0.0348086
61 56 -0.898487 0.337978
61 57 -0.233477 0.459797
61 58 -0.938091 0.758427
61 59 0.164616 -0.0465804
61 60 -0.0983818 -0.0100326
61 62 0.380462 0.0449037
61 66 -0.0605992 0.185545
62 33 -0.12737 0.546853
62 34 6.45006 0.314264
62 35 0.693054 0.454678
62 36 -2.51761 0.035765
62 37 -0.260413 1.22539
62 38 0.05097 2.60943
62 39 1.31041 -0.482842
62 40 1.54474 -0.975427
62 41 1.1087 -0.00996894
62 42 -0.285268 0.921119
62 43 -0.0428917 -0.0933955
62 44 1.49905 1.13465
62 45 -0.348791 -0.0626416
62 46 0.918393 0.943007
62 47 0.374346 0.180445
62 48 0.197764 0.379411
62 49 0.740659 -0.345963
62 50 -0.719331 0.251633
62 51 0.182082 0.0979422
62 52 1.40081 0.389462
62 53 -0.10862 -0.124152
62 55 -0.163415 0.508484
62 56 0.671923 -0.142066
62 60 1.38259 -0.360375
62 61 -1.2321 0.287474
63 33 0.587757 -0.000646015
63 34 2.09019 -0.267032
63 35 1.68154 -1.46097
63 36 1.35508 2.6117
63 37 1.71767 1.89898
63 38 0.246739 -0.96652
63 39 2.37662 1.30764
63 40 -0.227323 -0.00175694
63 41 -0.125504 1.81347
63 42 0.646416 -0.688616
63 43 3.0698 0.436857
63 44 2.60316 -0.369377
63 45 -0.0847394 0.31014
63 46 0.672382 0.215065
63 47 -1.45111 0.803482
63 48 0.0233344 0.0837914
63 49 0.166054 0.0202191
63 50 -0.657829 2.36924
63 51 -0.613726 -0.298123
63 52 -0.674172 -0.358945
63 53 1.09223 0.716419
63 54 0.0150328 0.00611879
63 55 1.65639 0.517653
63 56 -0.434077 0.47809
63 57 0.0907857 -0.0113283
63 59 0.0559427 0.104678
63 60 -0.254723 0.190932
63 61 -0.308801 0.256401
63 62 -0.231159 0.845419
63 64 -0.151595 0.207251
63 65 -0.179403 0.0767162
64 33 1.61083 1.36539
64 34 2.25772 -0.409841
64 35 0.0957289 -0.27688
64 36 -0.424465 0.0558228
64 37 -0.502052 1.33992
64 38 0.820596 0.385144
64 39 2.93175 1.71917
64 40 1.15643 1.31879
64 41 -0.389571 0.00842416
64 42 3.00603 -0.912871
64 43 -0.37701 2.43863
64 44 -0.754326 0.785198
64 45 -0.674921 0.416352
64 46 1.73577 1.11096
64 47 -0.204147 0.551493
64 48 0.595223 0.693582
64 49 0.893083 0.552268
64 50 0.342067 -0.00991874
64 51 -0.362215 0.635572
64 52 -0.158604 -1.57106
64 53 -1.23022 0.258475
64 54 -0.0120772 0.31327
64 55 0.904481 -0.373899
64 58 0.164884 -0.00617139
64 59 0.60454 0.26165
64 61 -1.02097 -0.369916
64 62 0.166318 0.00647256
64 63 -0.0486065 0.716717
64 66 0.137322 0.137162
65 33 0.837526 0.21672
65 34 5.09916 0.801154
65 35 2.01104 -0.273353
65 36 1.33355 0.278725
65 37 0.0832405 -0.273352
65 38 0.0518974 -1.08238
65 39 3.8825 0.618968
65 40 2.56127 -0.0268123
65 41 2.06361 -1.49806
65 42 1.07449 0.0581317
65 43 0.77716 0.6091
65 44 2.02763 0.733725
65 45 -0.164535 0.346687
65 46 0.245397 0.0774352
65 47 -0.0817493 0.468992
65 48 0.406314 0.620221
65 49 0.648316 0.362176
65 50 0.330446 0.286108
65 51 0.369169 0.00724754
65 52 0.667977 -0.519797
65 53 0.247462 -0.0284038
65 54 -0.0874762 0.108877
65 55 0.286047 0.290049
65 56 0.159939 -0.509924
65 59 0.293078 -0.0813375
65 60 0.322106 1.35765
65 62 0.735469 0.108648
65 64 -0.278477 0.373876
65 66 0.327384 0.117356
66 33 0.640605 0.255972
66 34 1.65888 -0.0327694
66 35 3.08287 -1.24387
66 36 0.672312 0.541454
66 37 1.6711 0.544344
66 38 1.67124 -0.537357
66 39 3.77591 0.920923
66 40 1.11965 0.654549
66 41 1.06082 -1.24469
66 42 1.65616 -1.86506
66 43 1.00064 0.284182
66 44 1.32425 0.142816
66 45 0.294303 -0.213142
66 46 0.305292 -0.08465
66 47 -0.28419 0.913167
66 48 0.223892 0.439111
66 49 0.446154 0.0855621
66 50 0.672402 -0.332591
66 51 0.309415 1.04513
66 52 0.48495 0.755801
66 53 0.246735 0.821542
66 54 0.143038 0.20469
66 55 0.515645 0.732354
66 56 -0.0313546 0.271962
66 57 -0.0111893 0.10626
66 59 -0.0463919 0.0104687
66 60 0.307597 0.186138
66 62 0.446349 -0.0349535
66 63 0.0255955 0.0134062
66 64 -0.0547185 0.0270317
