0 33 4.09807 4.84241
0 34 -1.93819 7.14388
0 35 1.05347 7.41536
0 36 -1.19903 0.940651
0 37 -4.30864 6.19784
0 38 4.52306 3.68256
0 39 3.72213 2.71102
0 40 3.60745 -1.87549
0 41 -1.44702 -1.23281
0 42 -0.692039 3.46356
0 43 -3.97303 3.7461
0 44 -2.66724 -0.946964
0 45 -0.478147 0.682075
0 46 -0.688695 -0.017551
0 47 -0.749209 -0.385133
0 48 0.604081 0.894749
0 49 -1.44075 -0.490448
0 50 -0.846692 0.046947
0 52 0.196253 -0.0691809
0 53 -0.0340375 0.0578051
0 54 0.629589 0.388775
0 55 -0.242542 -0.0206827
1 33 -6.61454 22.565
1 34 -1.8049 3.62921
1 35 4.7306 7.1443
1 36 0.385422 17.5357
1 37 1.07507 11.4486
1 38 -0.0998889 8.19372
1 39 -3.66296 12.3758
1 40 -1.63385 0.734862
1 41 -0.893676 8.53713
1 42 -8.04116 13.5193
1 43 8.79632 4.63155
1 44 -0.963466 6.19563
1 45 2.06891 5.30547
1 46 -2.38647 4.27239
1 47 1.77403 4.09304
1 48 -0.597646 0.839226
1 49 2.24716 -0.149382
1 50 -3.12082 0.871388
1 51 -0.2641 0.0632125
1 52 -1.08375 -1.49012
1 53 0.0863026 -0.0268679
1 54 0.856051 -0.855058
1 55 -0.667543 -0.327789
1 56 -0.0510285 0.0488961
1 58 -0.444933 -0.904145
1 59 -0.0415949 -0.105644
1 60 0.00357589 0.000559038
1 61 0.112328 -0.0656568
2 33 -0.827029 37.8385
2 34 14.4622 22.3424
2 35 6.78447 14.3609
2 36 -6.09394 9.03846
2 37 12.4301 14.7485
2 38 -3.86072 14.7512
2 39 5.75007 10.9724
2 40 -3.04371 10.3776
2 41 -15.2435 7.20442
2 42 0.703234 8.10324
2 43 8.16777 4.28194
2 44 -0.241424 7.04547
2 45 -1.96109 9.41314
2 46 0.218175 4.75594
2 47 -2.2353 3.99536
2 48 1.77396 4.35967
2 49 -5.59544 2.13395
2 50 2.76283 1.75459
2 51 0.72296 1.1783
2 52 -0.185629 0.116871
2 53 0.294686 0.478765
2 54 0.512088 0.681606
2 55 0.440623 0.0880242
2 58 -0.343122 -0.0326878
2 60 -0.373247 0.480705
3 33 -0.446149 30.9161
3 34 0.463723 24.8039
3 35 1.34849 20.8043
3 36 6.20318 21.3029
3 37 5.8279 14.9222
3 38 -7.38554 18.4721
3 39 -1.7715 18.5812
3 40 15.1367 23.5165
3 41 -3.83736 16.2811
3 42 -5.43848 11.2594
3 43 2.8102 9.51712
3 44 0.15845 8.96069
3 45 -4.54188 9.24505
3 46 7.27861 3.59616
3 47 -4.16464 2.81813
3 48 7.40619 5.10512
3 49 -0.423778 -0.512682
3 50 -1.34324 -1.25221
3 51 -1.62292 1.04366
3 52 0.629689 -0.472732
3 53 -1.00266 0.977528
3 54 0.214346 -0.350841
3 55 0.650013 -0.214814
3 56 0.994996 0.401828
3 57 0.0242259 0.0296762
3 58 -0.805912 -0.100474
3 60 0.164122 0.538068
3 61 -0.86616 -0.385073
4 33 -4.56028 52.124
4 34 -8.04002 34.5972
4 35 -5.64343 31.3994
4 36 6.29165 31.1262
4 37 12.7722 31.3447
4 38 5.44747 14.0674
4 39 -3.33926 26.8438
4 40 -4.46115 13.2432
4 41 1.30756 27.5864
4 42 -0.359367 18.5727
4 43 2.31798 8.54299
4 44 7.37295 15.5323
4 45 13.1212 7.82348
4 46 -5.98568 4.98984
4 47 -1.97408 10.5837
4 48 1.36504 -4.09401
4 49 0.923251 1.54676
4 50 -0.557591 -0.521003
4 51 -2.46166 1.0104
4 52 1.37898 -1.07861
4 53 0.297446 -0.323722
4 54 1.57144 2.13062
4 55 0.884199 -1.14415
4 56 0.220235 1.56291
4 57 -0.526486 -0.414782
4 58 0.217749 0.330141
4 60 0.834514 -0.0652663
4 61 0.134518 0.115225
5 33 12.0544 58.5562
5 34 0.260626 29.0866
5 35 10.3916 27.5921
5 36 -1.26165 43.614
5 37 -9.26064 30.339
5 38 -8.4987 19.2067
5 39 0.013509 13.4225
5 40 9.02425 21.8246
5 41 0.446369 13.4632
5 42 -5.74686 13.2381
5 43 -2.19093 19.8847
5 44 14.1335 7.54822
5 45 -0.185612 2.7397
5 46 1.11394 9.50878
5 47 -4.92389 6.28829
5 48 12.0243 4.68033
5 49 4.67286 4.1929
5 50 -2.86927 5.09118
5 51 1.07724 1.76244
5 52 0.605468 -0.0130139
5 53 0.876119 0.38623
5 54 -0.328488 2.10357
5 55 0.864172 -0.766667
5 56 0.101509 -0.0179363
5 57 0.0572178 -0.122887
5 58 0.434536 0.492165
5 59 2.27182 -1.24345
5 60 -0.204572 0.0330946
5 61 -0.290257 0.471384
5 62 0.633683 0.572869
5 64 -0.14214 -0.0337538
6 33 -3.57889 51.2679
6 34 30.1905 23.1271
6 35 11.77 14.9124
6 36 10.8396 31.5129
6 37 -4.58687 15.0442
6 38 2.39319 12.294
6 39 5.26394 11.5546
6 40 -3.25588 18.3944
6 41 5.12081 15.2434
6 42 17.2862 8.96946
6 43 5.85061 19.4747
6 44 7.22205 11.8415
6 45 -11.8957 16.0399
6 46 11.2689 3.11863
6 47 0.278922 1.66874
6 48 0.784374 5.47241
6 49 3.17836 6.5409
6 50 -4.37858 5.04029
6 51 3.8228 -1.39825
6 52 2.76665 0.67156
6 53 -0.803399 -1.4472
6 54 0.0191038 -0.438649
6 55 1.85139 -1.63796
6 56 1.25583 0.776814
6 57 0.0486629 0.00648111
6 58 -0.657216 0.28982
6 59 1.14621 -1.30474
6 60 -0.0980074 0.462168
6 61 0.0954916 0.137758
6 62 0.482078 0.268475
6 63 -0.275324 -0.604522
6 64 0.584226 -0.0468598
6 65 -0.0183536 0.106599
6 66 0.0238664 0.0282985
7 33 4.58453 40.5155
7 34 -0.915109 20.9301
7 35 -2.25505 23.1459
7 36 -1.79718 25.4568
7 37 -6.44731 20.3773
7 38 14.0669 25.1819
7 39 12.2102 27.746
7 40 6.66078 14.7655
7 41 5.52159 15.1633
7 42 8.11411 16.8118
7 43 1.33107 13.4487
7 44 5.78965 10.6224
7 45 -0.161423 6.24412
7 46 5.71576 13.3999
7 47 -3.58895 -0.725336
7 48 -3.93839 0.911776
7 49 0.715181 3.94083
7 50 -4.8347 3.89292
7 51 -0.784512 3.98075
7 52 -2.0888 2.29103
7 53 1.20196 -0.301055
7 54 -0.11603 0.488288
7 55 0.0387802 0.990557
7 57 0.497952 0.184488
7 58 0.516325 -0.0237997
7 59 0.19847 0.298961
7 62 0.333865 -1.16136
7 64 -0.112672 0.198799
7 65 1.53408 0.519018
7 66 -0.434963 0.0604352
8 33 0.412829 32.6106
8 34 2.49023 18.7855
8 35 -0.89277 16.5549
8 36 10.028 14.9002
8 37 5.66781 23.5885
8 38 9.84345 28.2945
8 39 -1.08524 19.3804
8 40 9.12496 19.3572
8 41 2.16161 16.7826
8 42 11.1707 15.2786
8 43 -4.61067 9.75161
8 44 4.24058 4.60705
8 45 -4.40113 5.07434
8 46 -2.69242 6.89042
8 47 10.7999 5.6872
8 48 0.131505 1.90239
8 49 2.3111 4.19646
8 50 -2.39923 -0.751101
8 51 0.430022 0.654366
8 52 1.22638 2.66888
8 53 -2.03782 -0.197754
8 54 1.63902 -1.42343
8 55 0.501844 -1.05682
8 56 0.00889635 -0.179995
8 57 -0.301896 0.218769
8 58 0.716521 -0.398218
8 59 0.698652 0.776978
8 61 0.0773179 -0.0109094
8 62 0.076796 0.0202871
8 65 0.970279 -0.148637
9 33 4.33114 28.4873
9 34 8.20984 22.8103
9 35 6.45075 17.9649
9 36 -7.54498 16.3889
9 37 8.95398 12.7797
9 38 -1.41046 23.7316
9 39 11.2214 14.0694
9 40 4.2744 14.3871
9 41 -1.80618 8.29592
9 42 4.55763 6.44968
9 43 -0.389639 23.9288
9 44 5.10887 13.6458
9 45 13.5898 9.61704
9 46 9.75162 -1.55743
9 47 2.67537 5.8592
9 48 -4.03057 6.26754
9 49 6.82773 3.80083
9 50 0.170889 3.03368
9 51 2.67604 3.43642
9 52 -0.733691 -0.17371
9 53 -2.55144 1.90266
9 54 0.237317 -0.948546
9 55 -0.0715807 0.612812
9 56 1.43011 -1.66337
9 57 -0.0471413 -0.690239
9 58 -0.481685 0.739326
9 59 -2.49685 1.18197
9 60 -0.408928 0.480658
9 61 0.504644 0.299831
9 63 -0.540035 -0.457094
9 64 -0.223901 -0.205186
9 65 -0.428242 0.0178329
9 66 -0.03238 0.0135762
10 33 8.39751 19.7949
10 34 1.92825 22.3051
10 35 -1.39398 10.7249
10 36 -13.5072 18.0085
10 37 0.890164 12.7486
10 38 3.26148 10.8616
10 39 11.9738 17.468
10 40 6.80885 9.76341
10 41 5.23251 7.56229
10 42 2.90316 -1.47748
10 43 -0.3635 12.349
10 44 9.41789 4.89641
10 45 12.6164 7.16943
10 46 8.93572 -2.94151
10 47 1.5997 -2.68294
10 48 -0.468941 4.91793
10 49 4.76782 11.4135
10 50 7.01389 4.58624
10 51 -2.58046 -0.0560314
10 52 0.293967 0.409085
10 53 -5.94052 -0.00142124
10 54 0.337296 0.923584
10 55 -1.15687 -0.763869
10 56 0.205391 1.32002
10 57 0.619433 0.326959
10 58 -1.23839 0.0191987
10 59 -0.113697 -0.0380137
10 60 0.125733 -0.0943135
10 61 0.239108 0.197986
10 62 0.521726 0.53793
10 63 0.19189 0.388944
10 64 -0.206212 -0.0524515
10 65 0.389621 -0.121369
10 66 0.0907998 -0.0034956
11 33 5.31561 15.9653
11 34 4.00388 8.02042
11 35 13.8161 11.5018
11 36 -5.22773 6.34352
11 37 3.71362 7.32096
11 38 1.10855 5.77747
11 39 6.37149 11.7363
11 40 3.44982 14.7828
11 41 1.97307 8.04439
11 42 0.131124 11.108
11 43 -2.48554 12.4377
11 44 9.20559 9.65877
11 45 3.59113 9.23486
11 46 7.27513 4.09799
11 47 6.70856 3.80364
11 48 4.40881 -1.96713
11 49 1.56071 2.20818
11 50 2.21213 8.35964
11 51 -1.11751 -0.458815
11 52 0.170414 2.05541
11 53 -1.86011 1.68809
11 54 2.15009 0.394112
11 55 0.0506191 1.44277
11 56 -0.829306 0.153012
11 57 -0.0488581 0.0152297
11 58 0.313515 0.511821
11 59 -1.00294 -0.138214
11 60 0.00638567 -1.0289
11 61 -1.2038 -0.951988
11 62 0.473504 0.0534189
11 63 -0.0389196 0.113456
11 64 -1.39054 0.913836
11 65 -0.431727 0.297986
11 66 -0.0256345 0.0561636
12 33 0.407553 17.3236
12 34 12.6021 -4.91767
12 35 10.0874 4.41857
12 36 -0.242114 4.41259
12 37 18.0453 13.5419
12 38 12.2507 -0.0627695
12 39 4.33744 7.20211
12 40 -2.81863 3.7336
12 41 0.227129 6.31472
12 42 -2.88913 6.42109
12 43 14.4367 2.46273
12 44 -2.86267 3.17599
12 45 1.40007 9.6884
12 46 13.9132 8.55059
12 47 8.42422 8.15002
12 48 13.0289 5.03939
12 49 -0.503674 -0.0269103
12 50 6.74004 7.5711
12 51 4.55735 1.5312
12 52 -1.51923 1.83493
12 53 -1.56602 2.71632
12 54 -1.68909 2.01491
12 55 1.48061 -1.3034
12 56 0.252166 -0.0252916
12 57 -0.119872 0.0615262
12 58 -0.579059 1.3178
12 59 0.0184518 0.0163395
12 60 -0.988937 0.480796
12 62 0.0177067 0.0212423
12 63 -0.917971 0.190837
12 64 0.161376 0.0213538
12 65 -0.0116291 -0.000119441
13 33 8.47526 2.72767
13 34 6.64454 4.65777
13 35 2.48958 5.21346
13 36 3.31826 1.38774
13 37 11.7554 3.38884
13 38 3.63928 5.1054
13 39 4.10278 7.39747
13 40 12.2076 8.08925
13 41 0.59687 -2.13626
13 42 1.03485 1.73029
13 43 8.1944 1.68753
13 44 7.58341 7.24399
13 45 8.91832 0.148677
13 46 7.54149 -0.769188
13 47 3.21563 1.19713
13 48 8.84713 -0.17525
13 49 2.20243 4.22281
13 50 2.54466 3.58727
13 51 0.33839 2.24824
13 52 -1.42839 0.959005
13 53 1.35303 -2.21791
13 54 0.714 0.251643
13 55 -1.49778 2.56043
13 56 -1.58403 0.822589
13 57 0.551921 1.45322
13 58 2.1367 -1.35097
13 59 0.114175 0.09135
13 60 0.415177 0.300354
13 61 -0.28372 -0.389779
13 62 -0.0373336 0.110433
13 63 0.0378143 -0.00797029
13 64 -0.342216 0.223583
13 65 -0.0293924 -0.579651
14 33 1.14831 6.54324
14 34 10.6793 -2.61733
14 35 13.5394 -4.50634
14 36 -3.74847 -1.35133
14 37 12.7418 4.30394
14 38 8.12804 5.55525
14 39 0.842964 0.281543
14 40 15.1637 9.19324
14 41 8.07044 5.03351
14 42 3.32367 1.43513
14 43 7.70488 5.87304
14 44 -3.48579 4.36642
14 45 9.12526 5.46371
14 46 6.35621 4.53164
14 47 0.00812349 -1.30869
14 48 4.39906 5.41467
14 49 12.7957 7.81689
14 50 5.88355 4.76867
14 51 2.56348 -2.73358
14 52 1.58301 2.82913
14 53 2.86501 1.4667
14 54 -0.860122 -0.22275
14 55 0.558472 1.70001
14 56 -0.244936 2.47654
14 57 -1.05059 -0.988468
14 58 -0.124802 1.05797
14 59 0.212347 -0.543548
14 60 -0.0107128 -0.647942
14 61 0.857202 0.186149
14 62 -1.30112 1.37434
14 63 0.221408 0.0577293
14 65 0.18488 0.0490179
14 66 0.10885 0.238915
15 33 6.31583 4.05158
15 34 4.74025 1.95621
15 35 2.67134 6.87779
15 36 12.1633 -3.84119
15 37 2.25954 -0.0832605
15 38 11.7959 3.54746
15 39 -0.200385 -0.966783
15 40 4.53856 5.01519
15 41 3.28145 3.34819
15 42 10.3988 1.33708
15 43 11.2807 6.79623
15 44 11.1354 3.15766
15 45 5.07552 2.6887
15 46 4.35034 0.574585
15 47 4.40938 1.00804
15 48 3.30236 4.46618
15 49 1.59214 3.21372
15 50 3.39545 3.53216
15 51 0.537327 2.29236
15 52 0.132218 1.59595
15 53 2.32945 1.06527
15 54 2.12972 2.60964
15 55 2.71945 0.776312
15 56 -1.0018 -0.847561
15 57 -0.700126 0.364614
15 58 1.33989 2.11694
15 59 -0.251782 1.07792
15 60 -0.25162 -0.0759957
15 61 1.04544 1.52643
15 62 1.87667 -0.0991636
15 63 -2.91396 0.465693
15 64 0.516975 0.0532938
15 65 0.557787 -0.320633
15 66 -0.120409 0.0602839
16 33 1.43196 3.76702
16 34 6.49918 -3.67063
16 35 8.15271 3.83201
16 36 -0.610768 5.29803
16 37 2.20572 -0.203472
16 38 4.24589 2.40799
16 39 10.0322 2.25042
16 40 5.10989 2.03899
16 41 1.86465 0.483486
16 42 9.20422 3.33088
16 43 3.82985 -10.6485
16 44 8.07047 -0.00957844
16 45 3.31583 4.04163
16 46 -2.27151 4.44907
16 47 4.28812 -1.24259
16 48 2.35753 -1.57702
16 49 -1.52059 4.32521
16 50 6.1151 -0.429925
16 51 0.276011 -0.742973
16 52 0.427656 -1.198
16 53 -1.46545 -1.35377
16 54 0.269594 1.20297
16 55 -1.31754 -1.01364
16 56 -2.70899 1.26383
16 57 -0.325101 -0.937281
16 58 -0.694088 1.38432
16 59 0.0229417 0.637518
16 60 -1.3346 0.15085
16 61 0.328357 0.152034
16 62 0.525872 -0.926436
16 63 0.494123 0.677428
16 64 0.123318 0.317609
16 65 0.0647754 0.0727531
16 66 -0.469696 -0.0247301
17 33 1.94733 1.04793
17 34 3.14312 0.377996
17 35 0.0377521 -1.81928
17 36 7.39461 -0.0501974
17 37 1.81093 -4.33426
17 38 -0.872907 2.58284
17 39 9.17755 3.1449
17 40 8.11759 -0.430774
17 41 9.35939 -2.22576
17 42 5.24349 4.98383
17 43 -1.19472 -1.82126
17 44 0.528019 0.492521
17 45 6.64839 1.90875
17 46 8.84113 2.97304
17 47 3.24932 2.48786
17 48 6.13895 0.899022
17 49 4.86183 -1.93922
17 50 6.04225 3.53021
17 51 4.22462 7.01579
17 52 1.28902 0.763025
17 53 0.405772 0.509337
17 54 -1.72083 1.36738
17 55 -0.648435 -1.18146
17 56 0.47738 1.19082
17 57 -0.600524 -0.0568248
17 58 1.02971 1.76833
17 59 0.323676 -0.0571962
17 60 0.185212 0.0923265
17 61 0.0721052 0.79759
17 62 -2.46615 0.193318
17 63 -0.0992311 0.616726
17 64 0.614139 1.60513
17 65 -0.0263729 0.758577
17 66 0.12222 0.0864613
18 33 5.44331 -2.26599
18 34 6.19541 1.02845
18 35 0.413254 -1.9098
18 36 7.89792 -4.48153
18 37 9.76223 3.03484
18 38 1.13796 -2.46589
18 39 3.64429 -0.498913
18 40 6.38349 5.69862
18 41 2.73656 -0.187581
18 42 15.4113 -3.1208
18 43 3.52648 6.38278
18 44 1.40083 1.3837
18 45 5.27963 2.53601
18 46 3.41962 5.62249
18 47 3.90678 -6.25242
18 48 1.89126 -0.794461
18 49 8.69733 7.08309
18 50 2.84296 3.69138
18 51 -0.00585278 -1.91925
18 52 -0.291086 1.88001
18 53 -0.135314 -0.155273
18 54 1.96134 -2.8416
18 55 -0.992262 0.831726
18 56 -0.190841 0.05179
18 57 0.182546 1.38921
18 58 1.04481 0.282885
18 59 -0.909097 0.197859
18 60 -0.2995 0.023321
18 61 -0.128362 -0.116578
18 62 -0.910861 0.633729
18 64 0.0912837 0.488318
18 65 -1.64951 -0.430567
18 66 -0.133625 0.192299
19 33 6.27453 -0.586795
19 34 3.52413 -4.42402
19 35 5.82098 -0.940862
19 36 9.8652 1.48333
19 37 -0.758669 -0.474836
19 38 9.30706 0.473857
19 39 11.4512 6.1587
19 40 2.32982 1.66329
19 41 3.40184 -0.773522
19 42 2.06124 -0.256838
19 43 10.9188 0.721247
19 44 8.9345 -1.02051
19 45 6.81456 0.0761018
19 46 5.26371 4.71886
19 47 6.79034 3.69312
19 48 4.3253 5.73346
19 49 9.02909 2.56396
19 50 3.34911 1.30039
19 51 2.2506 3.99587
19 52 3.60237 1.32436
19 53 4.41854 1.56744
19 54 0.300403 0.177587
19 55 4.79591 3.78566
19 56 -0.718493 1.28292
19 57 -0.600004 -0.168182
19 58 2.59169 -0.210604
19 59 -0.097701 1.15285
19 60 0.246878 -0.0190499
19 61 0.281991 0.545155
19 62 -0.355645 -0.143091
19 63 -2.12295 -0.171799
19 65 -0.264063 -0.258782
19 66 0.250747 -0.21074
20 33 3.54306 -1.08664
20 34 -1.06591 3.25705
20 35 2.20263 1.2475
20 36 4.18921 2.14187
20 37 4.70723 2.52706
20 38 10.3061 5.30869
20 39 12.7215 -7.52438
20 40 8.06072 -1.98588
20 41 13.0926 -3.86558
20 42 5.26442 -0.847804
20 43 -0.423536 1.07913
20 44 -0.400512 -0.0473911
20 45 3.88176 0.365258
20 46 5.28867 3.87175
20 47 8.2664 0.105714
20 48 4.23308 1.2606
20 49 1.84737 2.45731
20 50 6.81461 -0.566609
20 51 4.64404 2.53591
20 52 -1.99514 0.925347
20 53 -1.94974 1.10353
20 54 1.24138 2.47123
20 55 -2.17948 0.693947
20 56 -0.892321 0.118238
20 57 1.0772 1.13875
20 58 -0.884182 0.236185
20 59 -0.18359 0.0491426
20 60 0.11375 0.367999
20 61 -0.0291405 1.01291
20 62 0.341483 0.422767
20 63 0.687944 1.52275
20 64 0.0762209 0.0208112
20 65 0.113877 0.584378
21 33 1.00062 -2.73971
21 34 1.97385 -0.639935
21 35 -0.57082 1.19701
21 36 12.2266 -1.27188
21 37 1.46045 5.21249
21 38 -2.22662 -1.70872
21 39 -1.16216 2.13159
21 40 2.09085 2.6695
21 41 -3.20444 0.0895012
21 42 -2.79703 -3.28303
21 43 7.69767 3.05467
21 44 0.12877 1.83914
21 45 0.46465 5.14344
21 46 13.7583 3.60576
21 47 2.64238 0.308531
21 48 0.655761 -3.23179
21 49 6.27711 1.05543
21 50 1.86378 2.491
21 51 0.704765 3.00017
21 52 -0.402022 0.670051
21 53 -0.706549 3.17035
21 54 1.80397 -0.297421
21 55 0.633234 0.344734
21 56 -0.698216 1.07491
21 57 -0.399272 0.159043
21 58 0.653665 2.12013
21 59 -0.219053 0.57869
21 60 -0.465111 -1.1794
21 61 0.44309 0.992099
21 62 0.564251 0.28365
21 63 -0.226104 0.748123
21 64 0.0247076 -0.443898
21 65 1.92686 0.327381
21 66 -0.301751 0.699498
22 33 1.435 -0.884936
22 34 4.10748 -0.59369
22 35 2.03315 -3.16638
22 36 10.0379 2.08492
22 37 4.98842 -2.69064
22 38 4.62669 -5.42845
22 39 5.0388 -2.19644
22 40 -0.663938 4.02645
22 41 2.73555 -4.69128
22 42 2.72487 -4.23026
22 43 1.6636 -4.62851
22 44 0.901419 4.25299
22 45 14.877 -2.19096
22 46 -1.39433 1.53645
22 47 5.0402 5.82278
22 48 4.21552 -3.41318
22 49 11.3815 1.48944
22 50 7.08017 6.10134
22 51 3.11393 7.8818
22 52 1.20513 1.14145
22 53 -0.647709 0.388175
22 54 0.372046 1.30984
22 55 -0.728681 0.295339
22 56 -0.499193 1.34331
22 57 0.1791 0.289633
22 58 0.252809 -0.0816461
22 59 -0.253034 0.515591
22 60 0.787929 0.577133
22 61 -1.42012 0.981965
22 62 -0.126932 0.200226
22 63 1.01772 0.0514567
22 64 -0.480897 -1.5798
22 65 -0.614743 1.16856
22 66 -0.833602 -0.110592
23 33 1.69907 0.626531
23 34 5.03666 0.732186
23 35 7.35937 -0.278714
23 36 2.08301 3.74161
23 37 3.34668 -4.92159
23 38 7.43728 1.85444
23 39 6.21855 -0.0304675
23 40 -0.748482 2.42369
23 41 8.91941 -2.64758
23 42 4.47855 -1.22325
23 43 5.06488 -3.58982
23 44 9.38818 1.78738
23 45 1.79617 2.82834
23 46 5.74318 1.16539
23 47 6.54951 0.762215
23 48 -0.615038 1.40027
23 49 -3.25139 5.14407
23 50 2.72417 2.32008
23 51 0.849708 5.1426
23 52 3.98798 3.27847
23 53 -1.54653 1.63835
23 54 1.34333 -1.1103
23 55 -1.19293 3.18141
23 56 -2.85964 0.466974
23 57 -0.134182 -0.686661
23 58 2.73233 0.50955
23 59 0.540005 0.464934
23 60 -0.995081 -0.214051
23 61 0.228017 0.192324
23 62 0.589468 -0.118386
23 63 0.357013 0.224423
23 64 -0.567934 0.522347
23 65 -0.00439339 0.00181105
23 66 -0.190234 0.236608
24 33 4.17559 0.22193
24 34 2.36749 1.23341
24 35 -2.13051 -5.48769
24 36 3.02506 -5.83597
24 37 0.255153 2.02087
24 38 5.67773 1.03808
24 39 -1.26974 -0.785139
24 40 -7.09168 2.30738
24 41 7.1382 -2.64563
24 42 11.2325 -0.923874
24 43 2.99673 2.03182
24 44 3.17423 -3.84882
24 45 2.0565 4.98921
24 46 -1.49081 -0.370476
24 47 5.36696 3.18043
24 48 0.548754 3.80887
24 49 10.7732 -5.23434
24 50 4.19846 4.63493
24 51 -1.99898 4.64483
24 52 5.05444 1.95109
24 53 0.395844 1.5621
24 54 1.4202 0.048225
24 55 -2.62539 -0.706603
24 56 0.15322 0.218686
24 57 -0.767896 0.552359
24 58 0.27752 0.353753
24 59 -1.0423 0.932804
24 60 0.746084 0.486088
24 61 1.36805 0.0140979
24 62 1.46463 0.196465
24 64 -1.74927 1.56235
24 65 0.120053 0.149743
24 66 -0.360978 -0.112649
25 33 3.86362 -2.98737
25 34 0.109121 0.277759
25 35 1.30182 -0.651923
25 36 0.21918 -2.34321
25 37 5.98625 -2.60561
25 38 4.24277 0.231245
25 39 3.56912 1.59643
25 40 -2.81918 -2.1577
25 41 7.79206 -1.14185
25 42 2.3022 0.0979302
25 43 6.34534 0.0135476
25 44 4.48318 1.78001
25 45 -0.965907 2.49186
25 46 -0.343659 2.66521
25 47 7.55454 -6.09589
25 48 6.29421 -2.71943
25 49 1.92526 3.21651
25 50 1.37417 4.847
25 51 2.92142 1.31871
25 52 -0.996281 0.726863
25 53 3.66551 -0.312936
25 54 0.583046 1.24215
25 55 0.200254 -0.872351
25 56 2.28101 -1.60834
25 57 -0.159122 2.46784
25 58 0.494126 0.345435
25 59 1.89867 0.393793
25 60 -0.080937 0.111678
25 61 -0.058971 -0.021232
25 62 1.05402 -1.00053
25 63 -0.346164 -0.0548596
25 64 0.176996 1.40861
25 65 1.1192 0.165747
25 66 0.0234579 0.0894612
26 33 2.57043 -0.159352
26 34 -0.152103 -2.47654
26 35 5.3369 -5.66596
26 36 5.99331 2.10031
26 37 2.85962 -1.18762
26 38 12.5636 5.73746
26 39 3.90784 2.93501
26 40 4.81092 2.56974
26 41 9.89913 -4.24534
26 42 6.919 0.967982
26 43 -2.88854 -2.24881
26 44 5.77764 2.98105
26 45 8.91696 3.75075
26 46 1.72357 12.1414
26 47 5.77986 3.36514
26 48 10.9852 2.24248
26 49 8.78325 -0.31682
26 50 -2.22963 1.1278
26 51 2.16674 2.85059
26 52 -1.24917 0.60777
26 53 0.23219 1.45299
26 54 1.99847 0.123679
26 55 -1.16269 -2.38522
26 56 -0.83458 2.07201
26 57 0.112772 0.0417141
26 58 -0.211754 0.142228
26 59 -2.15637 0.906452
26 60 -0.915088 -0.625386
26 61 0.386284 -0.0887421
26 62 0.163579 1.22964
26 63 1.31718 -0.631297
26 64 -0.44887 0.538519
26 65 1.33397 0.214888
26 66 -0.266033 -0.292114
27 33 6.16704 1.10855
27 34 1.70713 0.192308
27 35 3.52843 -1.21495
27 36 11.3402 -3.07278
27 37 4.52688 3.01603
27 38 0.908722 0.435242
27 39 7.24844 1.43447
27 40 -3.68636 -2.26939
27 41 3.9606 0.216169
27 42 3.54028 2.39332
27 43 2.89156 4.62575
27 44 1.35478 4.82726
27 45 0.932696 -2.70668
27 46 4.59777 0.103273
27 47 12.2699 -2.85081
27 48 4.7101 0.990623
27 49 3.38245 0.00995313
27 50 2.15695 -0.442013
27 51 3.16849 0.216175
27 52 -1.60049 -0.988309
27 53 2.23654 3.96191
27 54 2.41542 0.491665
27 55 0.316843 -0.369699
27 56 1.59187 1.18112
27 57 -3.45999 -4.31946
27 58 2.16027 0.469778
27 59 -2.78957 -0.48511
27 60 0.601822 0.0274606
27 61 1.28242 1.19289
27 62 -0.390209 -0.637951
27 63 -2.18129 1.10773
27 64 1.42103 1.59494
27 65 -0.433859 -0.737915
27 66 0.130403 0.259194
28 33 4.56324 -1.92028
28 34 6.87513 -0.208743
28 35 8.86051 -0.628893
28 36 6.23179 2.39435
28 37 6.51453 -0.123449
28 38 1.70264 1.18539
28 39 4.13176 4.0363
28 40 8.8876 -4.11015
28 41 1.18989 1.03498
28 42 2.23219 -0.395667
28 43 -1.53535 1.75213
28 44 7.95097 1.20567
28 45 2.87945 4.30498
28 46 6.79517 1.87713
28 47 3.68535 1.87849
28 48 4.95733 0.846092
28 49 1.67753 2.78045
28 50 4.11726 1.0076
28 51 3.81446 -1.11997
28 52 0.653983 2.18052
28 53 1.97672 -0.156052
28 54 3.34853 -0.946011
28 55 1.13378 -1.28355
28 56 -0.58287 0.834061
28 57 -3.35363 -0.219549
28 58 1.93205 0.897909
28 59 -2.50643 -0.00673963
28 60 -0.337796 -0.544772
28 61 -1.75114 0.0261757
28 62 1.44299 1.40707
28 63 0.0989854 -1.29725
28 64 -0.0622416 -0.106761
28 65 -0.489964 -0.153172
29 33 0.213146 -2.22664
29 34 7.0002 0.0375264
29 35 4.29208 -5.75984
29 36 3.65218 -4.5111
29 37 -0.692723 -1.06608
29 38 7.70192 1.88099
29 39 6.62972 2.62993
29 40 4.6538 -3.78304
29 41 0.00902939 0.825386
29 42 -0.0894759 -0.964278
29 43 6.19387 -2.41405
29 44 3.5479 -4.63004
29 45 2.63476 -2.30022
29 46 -0.616891 -1.87912
29 47 1.74229 4.40118
29 48 6.28096 -2.4204
29 49 2.72037 1.70312
29 50 -4.06676 -2.61308
29 51 -4.20488 3.45593
29 52 -1.68289 0.825704
29 53 -1.92481 -0.500706
29 54 -2.24331 0.306366
29 55 1.10628 0.253061
29 56 4.12226 0.920856
29 57 0.655813 -0.407629
29 58 -1.68799 -1.13828
29 59 0.199764 0.690274
29 60 0.0163661 1.58619
29 61 1.07478 1.14564
29 62 1.67246 0.186767
29 63 0.194738 0.219981
29 64 -0.119321 -0.250984
29 65 -0.0695519 0.0841641
29 66 0.0569862 0.229368
30 33 2.40889 -0.805639
30 34 6.76294 1.0179
30 35 2.47555 -0.141906
30 36 3.61142 1.06797
30 37 1.61824 -1.84436
30 38 1.95286 -1.83614
30 39 17.3124 -0.504177
30 40 4.95629 5.20647
30 41 5.73158 3.36765
30 42 11.6304 1.1496
30 43 1.90488 6.39442
30 44 7.47471 2.67809
30 45 -6.59973 2.8973
30 46 2.26819 -0.302596
30 47 2.58843 0.373364
30 48 4.03465 -5.67545
30 49 9.02169 -1.56327
30 50 1.51817 4.55211
30 51 2.04543 6.62874
30 52 2.23249 0.607992
30 53 1.00185 -0.172703
30 54 -0.00106886 1.41669
30 55 0.810827 3.85874
30 56 1.44018 1.26731
30 57 1.57042 2.64266
30 58 -0.0629073 0.933862
30 59 0.183922 0.247766
30 60 0.820156 1.4037
30 61 0.128125 0.301149
30 62 0.270773 -1.2637
30 63 -0.316061 -0.723698
30 64 1.09939 0.321167
30 65 0.891291 -0.184598
30 66 -0.0263553 0.0548274
31 33 3.07083 -0.238585
31 34 3.38261 -1.049
31 35 -1.92488 -2.36333
31 36 6.40843 -1.83859
31 37 7.0023 -1.80317
31 38 4.92011 -2.3126
31 39 4.95111 3.88829
31 40 -2.88799 -3.15436
31 41 15.1692 -9.34556
31 42 8.51534 -3.86321
31 43 5.40177 1.85369
31 44 -1.59713 -1.09374
31 45 -1.03898 1.62663
31 46 6.03713 2.83541
31 47 0.867031 3.78254
31 48 3.48069 1.29102
31 49 2.54935 -1.33744
31 50 2.83862 8.7862
31 51 4.62123 -1.4542
31 52 2.77265 -1.07673
31 53 -0.80705 0.33287
31 54 -0.83487 -0.15486
31 55 0.134119 -0.628485
31 56 -0.41913 1.86598
31 57 1.12369 1.75666
31 58 -0.787163 0.798929
31 59 -0.930237 1.3766
31 60 -0.76143 0.627355
31 61 0.181277 0.0675304
31 62 -0.571869 0.705211
31 63 -2.05784 0.245549
31 64 0.179666 0.0547806
31 65 -1.60428 0.433228
31 66 0.246662 -0.253733
32 33 2.94011 0.233707
32 34 4.04105 -5.66901
32 35 5.17487 -2.05846
32 36 -1.69057 -4.95721
32 37 6.08509 0.726083
32 38 2.80916 -1.00929
32 39 5.52393 0.765863
32 40 6.01136 2.66746
32 41 7.34463 4.78057
32 42 7.76849 0.213999
32 43 2.60637 -2.12304
32 44 1.09904 -1.15901
32 45 1.60697 -2.2851
32 46 8.97427 -2.54282
32 47 10.844 2.19807
32 48 9.67001 2.65474
32 49 9.47261 2.38276
32 50 -2.31718 2.99401
32 51 1.40042 1.84284
32 52 -5.35671 3.00138
32 53 0.909531 -0.506413
32 54 -2.70799 -0.182333
32 55 -1.07422 -0.891335
32 56 1.70032 -1.16523
32 57 -1.06749 -0.0897362
32 58 2.96886 1.35862
32 59 -0.371492 0.184536
32 60 -0.673824 0.926972
32 61 4.38303 1.51997
32 62 -0.893356 0.643514
32 63 -1.69965 -0.221711
32 64 1.85186 0.314805
32 66 -0.0142221 -0.116644
33 33 4.29588 -1.74282
33 34 6.84708 0.448441
33 35 9.3381 -4.03898
33 36 1.54679 1.45502
33 37 3.62416 -3.33523
33 38 0.725261 -1.26706
33 39 5.77441 4.32515
33 40 1.36037 -0.397087
33 41 6.4175 -6.22953
33 42 6.47784 2.24559
33 43 -1.08598 -5.56474
33 44 0.30229 -5.55285
33 45 3.22375 -1.69424
33 46 1.48243 0.0990709
33 47 2.61586 0.935563
33 48 6.24842 -3.0945
33 49 -1.63278 -1.34811
33 50 3.19084 1.57709
33 51 3.17875 6.82538
33 52 -1.00504 -3.41628
33 53 0.064984 -0.11581
33 54 2.19154 4.56137
33 55 0.946022 3.60448
33 56 0.261306 -3.07799
33 57 -2.04978 0.060321
33 58 -0.158996 -0.102405
33 59 -1.55441 1.25172
33 60 1.54165 -0.393608
33 61 -0.211025 -0.133981
33 62 -0.687116 1.91622
33 63 -0.923505 1.07898
33 64 -1.49888 -1.44436
33 66 -0.00615381 0.509565
34 33 2.10677 -2.70384
34 34 4.9926 -2.51103
34 35 5.97461 0.899878
34 36 3.62514 2.54612
34 37 5.98331 -4.54882
34 38 -0.0462194 -1.68383
34 39 3.74374 3.36312
34 40 9.69596 -3.20673
34 41 2.17224 1.93667
34 42 0.547842 2.63632
34 43 -0.589755 3.56647
34 44 1.2242 0.0479366
34 45 10.5875 6.00559
34 46 -3.74574 -0.426863
34 47 3.37821 0.860349
34 48 3.15681 2.43916
34 49 3.68034 1.22602
34 50 -1.58045 -2.42196
34 51 5.73828 0.871657
34 52 1.14453 0.321257
34 53 -1.24904 0.34958
34 54 -1.44236 -0.238812
34 55 -0.822817 3.31056
34 56 1.35854 -2.75843
34 57 1.37402 1.8298
34 58 -0.246279 -0.847562
34 59 0.702462 -0.478433
34 60 -0.786405 0.746306
34 61 -0.606402 0.370685
34 62 2.68043 0.350978
34 63 0.817024 -0.929586
34 64 -0.633649 0.41581
34 65 1.35182 0.0092547
34 66 -0.436852 -0.462394
35 33 2.71652 0.277604
35 34 4.60231 -1.18913
35 35 3.94625 2.63312
35 36 2.69825 -1.1631
35 37 0.892274 3.48095
35 38 3.17553 -2.45655
35 39 0.302782 -1.74916
35 40 8.46806 -1.55615
35 41 9.02518 0.361338
35 42 -5.59159 3.27031
35 43 4.93556 2.65524
35 44 14.2164 -4.33127
35 45 1.81968 -1.87505
35 46 7.7934 -2.40975
35 47 -0.801249 -2.63407
35 48 4.06387 1.4416
35 49 -3.41894 -0.400541
35 50 0.984891 5.11277
35 51 3.65162 1.67406
35 52 -1.21089 -0.458935
35 53 -0.0470128 -0.426288
35 54 -1.06326 1.037
35 55 0.598018 -1.50524
35 56 1.84723 1.35072
35 57 0.855129 -2.59883
35 58 -2.00503 1.73229
35 59 -0.373619 -0.0889025
35 60 0.667082 0.713916
35 61 -0.398364 0.0511053
35 62 1.89494 1.61921
35 63 -0.970111 -1.18974
35 64 -0.0290694 0.442235
35 65 -1.25922 -0.529527
35 66 -0.564287 0.106586
36 33 0.204469 -2.00019
36 34 2.83396 -3.07934
36 35 0.292265 0.954752
36 36 10.3138 -0.966399
36 37 -0.950245 2.19322
36 38 9.80515 1.08341
36 39 1.50827 -0.363349
36 40 3.51919 -2.8324
36 41 7.95945 -0.448702
36 42 9.82613 -0.521482
36 43 2.72812 2.6881
36 44 -2.68414 3.29311
36 45 6.34325 -1.49042
36 46 7.50901 0.934099
36 47 2.74004 0.610818
36 48 2.34708 3.09321
36 49 -0.395076 0.152463
36 50 -0.771066 1.35181
36 51 -0.70201 2.12054
36 52 -1.75813 2.01989
36 53 4.51525 1.72976
36 54 0.106202 1.17329
36 55 3.71745 -0.145201
36 56 0.720812 1.37069
36 57 2.3478 0.0661358
36 58 0.132407 0.419971
36 59 -1.42864 1.45033
36 60 0.703522 0.279998
36 61 -1.51046 -0.476435
36 62 1.53776 0.806557
36 63 -0.382538 -0.2908
36 64 0.503163 -0.0203912
36 65 -0.17317 0.0232312
36 66 0.199528 0.206307
37 33 0.205663 -2.66433
37 34 1.91701 2.57443
37 35 5.09804 -2.86717
37 36 5.27162 2.76736
37 37 10.0827 -0.78685
37 38 5.71364 -5.70952
37 39 10.9547 -9.46118
37 40 8.78766 -5.4578
37 41 7.85743 1.82676
37 42 1.22263 -0.877217
37 43 0.215109 4.38351
37 44 11.1624 -8.31854
37 45 2.06092 6.43215
37 46 3.31941 3.66839
37 47 6.19948 2.36347
37 48 1.8336 2.88801
37 49 1.48435 2.01695
37 50 2.66501 -1.67793
37 51 3.08989 0.732452
37 52 2.64659 3.97589
37 53 3.14939 1.38545
37 54 -0.440806 -2.66443
37 55 1.1477 -0.184905
37 56 2.61773 2.71459
37 57 1.88396 0.587149
37 58 1.05155 0.448461
37 59 0.744363 1.25204
37 60 0.200167 0.700976
37 61 -0.900081 0.116874
37 62 0.0962701 -0.0196848
37 63 -2.31799 -0.30236
37 64 -0.587452 0.585715
37 65 -1.24839 0.681223
37 66 0.543621 -0.110311
38 33 -0.40487 -1.80446
38 34 1.75604 -5.67444
38 35 1.29792 -2.06024
38 36 4.11601 0.662731
38 37 3.53462 -2.39174
38 38 -1.29146 -0.192517
38 39 1.41661 -1.90671
38 40 4.1499 3.88484
38 41 8.59525 1.11066
38 42 6.8539 -4.06292
38 43 4.95415 -0.463143
38 44 6.94004 -0.740449
38 45 -0.195853 -0.172008
38 46 9.00816 1.81538
38 47 -1.83789 8.39267
38 48 6.39427 1.35807
38 49 -4.17723 1.53907
38 50 -0.0490863 1.43336
38 51 -0.265083 5.82635
38 52 3.8047 1.84199
38 53 0.574676 1.75494
38 54 2.69092 -0.549643
38 55 1.55102 2.88921
38 56 -0.342033 2.07309
38 57 2.59435 -1.59231
38 58 1.80792 -0.270441
38 59 -0.304796 1.80032
38 60 2.81847 2.281
38 61 0.548425 -0.195647
38 62 0.159996 1.3057
38 63 0.00710546 1.29997
38 64 -0.181251 -0.0274654
38 65 1.43932 0.152374
38 66 0.0339891 0.00249478
39 33 1.23275 -2.01044
39 34 0.710528 -0.0257497
39 35 0.506239 -0.276206
39 36 4.1188 -2.50963
39 37 8.0585 -6.10969
39 38 3.62174 -0.261274
39 39 6.93826 1.64284
39 40 1.02605 -1.93958
39 41 9.67789 2.29425
39 42 6.20268 -4.29188
39 43 9.59878 0.932421
39 44 4.5898 4.58972
39 45 3.57344 1.44696
39 46 1.65399 2.48934
39 47 6.00745 -0.969726
39 48 4.46632 -1.23143
39 49 3.69844 1.4457
39 50 1.32449 0.649584
39 51 3.48002 -2.45551
39 52 0.733271 -0.116192
39 53 -0.108211 0.351529
39 54 3.95279 0.859167
39 55 0.764724 -1.16657
39 56 -1.57017 0.858636
39 57 4.08665 1.35799
39 58 -0.674162 0.414831
39 59 0.333353 -0.0207229
39 60 2.09626 0.233905
39 61 0.264182 -0.273547
39 62 1.35825 0.838354
39 63 -0.214091 0.699
39 64 0.239427 -0.263291
39 66 -0.342812 0.14381
40 33 6.14643 -2.03611
40 34 4.04222 -0.879699
40 35 4.46809 -1.222
40 36 2.81539 -5.7203
40 37 3.3537 -4.40404
40 38 1.4568 -1.53417
40 39 4.65072 2.38921
40 40 1.24465 -3.54072
40 41 9.03091 1.91676
40 42 4.97734 1.32372
40 43 2.58455 -1.34862
40 44 3.71047 6.48481
40 45 9.41827 -3.24763
40 46 2.61228 -2.27217
40 47 12.4672 -0.758586
40 48 2.5239 2.05869
40 49 1.51512 0.351988
40 50 6.90513 1.3116
40 51 0.721406 1.22752
40 52 5.62958 2.95508
40 53 0.641417 0.285891
40 54 2.34474 -0.667427
40 55 -2.82914 -0.728982
40 56 -2.29008 -0.028608
40 57 1.23336 0.931246
40 58 2.17185 1.41288
40 59 0.939619 0.676888
40 60 2.64281 -0.326994
40 61 0.317324 0.874513
40 62 2.54829 2.57181
40 63 2.14925 -0.64423
40 64 -1.16062 -0.599081
40 65 -0.534069 0.528903
40 66 0.11949 0.0400072
41 33 4.22557 -1.55807
41 34 -5.57919 2.29766
41 35 0.695853 -3.0546
41 36 0.871436 1.91239
41 37 6.35985 -1.20756
41 38 3.73488 2.35161
41 39 0.512819 4.61427
41 40 7.3244 -2.10493
41 41 2.81224 -1.34912
41 42 1.78556 -2.97708
41 43 8.22733 2.28747
41 44 -3.74107 0.547699
41 45 1.312 2.03412
41 46 4.67678 -1.51796
41 47 10.8277 2.26368
41 48 4.56316 0.772593
41 49 2.5706 2.63056
41 50 5.45392 -1.91825
41 51 6.30791 4.8729
41 52 2.88755 3.58885
41 53 0.0192103 3.16911
41 54 1.7075 1.5143
41 55 -1.78994 0.587464
41 56 -2.09138 0.623113
41 57 1.05901 3.91914
41 58 -0.0442895 -0.8119
41 59 -0.7929 0.0482077
41 60 -1.63618 0.570094
41 61 -0.198384 0.610835
41 62 2.29189 0.422224
41 63 0.525949 0.279014
41 64 0.717139 -0.489105
41 65 0.384705 -0.202201
41 66 -0.00576824 0.00378231
42 33 4.31148 0.75427
42 34 2.55455 3.17863
42 35 -0.499896 -4.15045
42 36 4.30444 -5.957
42 37 6.1477 -0.731717
42 38 9.01576 0.386424
42 39 2.57745 1.62557
42 40 5.23439 0.553091
42 41 3.7521 -0.776984
42 42 0.451388 -4.674
42 43 -1.60183 -2.21871
42 44 -0.923403 -1.67396
42 45 -2.72643 0.891827
42 46 8.11915 3.43688
42 47 7.4084 2.57811
42 48 4.70521 5.72152
42 49 2.91173 2.78104
42 50 1.57358 1.35783
42 51 -1.51598 -1.76348
42 52 4.88542 5.3576
42 53 3.92109 2.64398
42 54 -1.17437 0.58862
42 55 0.320319 -0.494274
42 56 0.345444 0.785334
42 57 0.863708 0.386782
42 58 0.403623 0.235737
42 59 0.447658 0.911572
42 60 -0.419839 0.983272
42 61 1.75251 -0.134536
42 62 1.48688 -0.169067
42 63 0.218413 0.38923
42 64 0.196486 0.27524
42 65 0.00197955 -0.000678474
43 33 4.49346 -1.74988
43 34 5.61701 -1.24981
43 35 6.64833 -5.21801
43 36 0.776708 0.79002
43 37 2.40937 -0.0553913
43 38 1.9659 -0.594544
43 39 8.46865 2.05921
43 40 6.03059 -2.50418
43 41 5.40248 -3.50203
43 42 2.40273 -2.83131
43 43 1.23886 -1.03477
43 44 2.54787 3.60872
43 45 3.2614 1.1466
43 46 1.52007 2.98272
43 47 2.01251 -5.06992
43 48 -0.555626 0.742642
43 49 -1.61872 -1.35448
43 50 6.18729 -3.34529
43 51 3.60309 0.0553461
43 52 1.27346 1.78833
43 53 1.29108 -1.00451
43 54 1.88858 1.21475
43 55 0.490194 -0.764901
43 56 -1.5652 1.01401
43 57 4.98407 1.34993
43 58 0.512714 0.87233
43 59 -0.451375 1.28074
43 60 0.402321 0.592519
43 61 -0.253159 -0.19719
43 62 0.545593 1.09466
43 63 -0.113553 0.643722
43 64 0.232019 -0.506615
43 65 0.80964 -0.0896257
43 66 0.555952 -0.00729834
44 33 3.02544 -1.38154
44 34 1.57902 0.501429
44 35 -1.45726 -3.39437
44 36 4.28828 -1.54578
44 37 3.10218 -4.03648
44 38 5.13999 0.0914919
44 39 2.45533 4.70535
44 40 6.21944 5.0224
44 41 5.09567 -0.270811
44 42 0.270234 -0.245878
44 43 11.3859 4.07082
44 44 3.86444 4.61138
44 45 5.26792 -0.184112
44 46 1.95703 2.01049
44 47 2.85972 5.06289
44 48 6.47551 3.22612
44 49 10.7699 1.22777
44 50 8.1517 3.98168
44 51 1.93957 -0.0882057
44 52 6.08828 -0.310127
44 53 -0.897346 1.28723
44 54 0.313519 3.13249
44 55 1.24354 0.894897
44 56 -0.105318 -2.96329
44 57 1.30797 0.952366
44 58 -0.829272 1.21737
44 59 1.14733 1.80333
44 60 -0.412736 1.16076
44 61 -0.752493 -0.284096
44 62 0.303625 0.0741276
44 63 1.3311 0.818612
44 64 0.393043 0.681253
44 65 0.809571 0.194794
44 66 0.185928 -0.23635
45 33 2.04062 -2.05232
45 34 1.53876 1.19567
45 35 -3.13044 3.20442
45 36 3.93172 -0.0811326
45 37 -0.48732 -2.11634
45 38 7.98194 1.72703
45 39 1.35264 -5.9466
45 40 2.5463 -3.18784
45 41 7.41296 -4.07393
45 42 -0.442181 0.232504
45 43 3.43306 -1.56288
45 44 7.5041 -4.64416
45 45 0.952831 0.612226
45 46 3.1697 1.35496
45 47 0.36169 0.000682674
45 48 6.58778 2.13568
45 49 1.00255 2.27204
45 50 1.87168 2.48864
45 51 1.69058 -0.0747243
45 52 2.04824 1.97716
45 53 -0.173168 2.19333
45 54 0.857206 3.46141
45 55 -0.412258 0.820072
45 56 0.897599 0.291997
45 57 1.58818 0.230812
45 58 0.596291 1.59562
45 59 -2.18473 -1.67922
45 60 0.930607 1.31041
45 61 -0.472569 -0.481321
45 62 0.214708 0.390122
45 63 1.92355 0.349906
45 64 1.5501 0.157648
45 65 0.82052 0.752598
45 66 0.663521 0.286869
46 33 2.75392 1.42187
46 34 -0.692153 0.421692
46 35 1.43782 -0.760282
46 36 4.76421 -2.91811
46 37 3.16071 0.0837817
46 38 0.679946 0.237851
46 39 5.16834 4.3542
46 40 4.6772 3.43443
46 41 -0.149626 3.14793
46 42 1.03188 0.313598
46 43 2.80489 -1.39452
46 44 6.5986 0.369204
46 45 8.995 -0.442353
46 46 0.95287 -2.91025
46 47 -1.16221 1.68535
46 48 -0.127915 0.607258
46 49 3.99109 4.12376
46 50 0.23858 -0.158646
46 51 -1.43015 0.878525
46 52 0.374611 1.52274
46 53 5.13301 1.85052
46 54 -2.53457 -1.02235
46 55 -1.64459 0.31406
46 56 3.32859 1.99061
46 57 3.44037 0.0687551
46 58 -0.473961 -0.380488
46 59 -1.57688 -0.763836
46 60 -2.10924 -1.1499
46 61 0.243314 0.225318
46 62 -0.637978 -0.0942345
46 63 -0.600685 0.701539
46 64 1.06719 -1.17449
46 65 0.490508 0.0417425
46 66 -0.0488378 0.106758
47 33 0.345472 0.78711
47 34 2.29409 -4.21857
47 35 -1.32669 0.516514
47 36 3.86788 2.66631
47 37 5.24441 0.63894
47 38 6.61077 1.33224
47 39 -2.04321 0.0148771
47 40 6.39584 3.90123
47 41 0.0093238 1.78843
47 42 -2.6913 -1.25162
47 43 12.2224 3.15292
47 44 4.15192 1.01412
47 45 0.0980468 -4.87888
47 46 -0.984132 -3.56744
47 47 3.199 -1.11544
47 48 4.1465 -1.12518
47 49 -2.90385 1.49876
47 50 -0.422889 2.19298
47 51 2.14827 1.32836
47 52 2.90131 1.162
47 53 2.2547 -1.07372
47 54 2.06644 -0.0858619
47 55 0.502145 -1.17246
47 56 1.55136 2.59907
47 57 1.05572 -0.739144
47 58 -2.54152 1.37512
47 59 -2.89945 0.465726
47 60 2.55247 -0.501561
47 61 -0.0839147 -0.0999405
47 62 -0.535444 -0.0203796
47 63 -0.809173 0.32854
47 64 -0.418289 0.288701
47 65 2.0634 0.561108
47 66 -0.12703 0.0639768
48 33 4.01414 1.00592
48 34 6.09605 1.98059
48 35 5.76289 -1.92332
48 36 1.52314 -0.974255
48 37 -1.38357 2.13575
48 38 4.39373 1.51269
48 39 2.93999 1.88552
48 40 5.49452 4.06326
48 41 9.42861 9.72328
48 42 2.20626 0.508882
48 43 7.22079 6.53457
48 44 7.23472 -0.74662
48 45 3.43223 1.39909
48 46 8.28592 1.21863
48 47 6.17241 3.18197
48 48 0.484451 1.46981
48 49 5.68174 -0.514635
48 50 -0.191041 2.43659
48 51 4.03591 1.04253
48 52 3.21796 0.856614
48 53 -0.180178 2.43386
48 54 -0.817443 0.538873
48 55 -1.48356 1.16561
48 56 2.55361 1.05987
48 57 -0.23322 -0.268641
48 58 1.00441 1.32778
48 59 -0.222421 0.628743
48 60 -0.0309565 0.585953
48 61 -0.965144 -0.198614
48 62 0.545955 0.168208
48 63 0.555095 -0.516587
48 64 -0.369248 -0.0751656
48 65 -1.07039 -0.0386838
48 66 -0.138968 0.310596
49 33 2.28159 -0.945106
49 34 2.11457 -1.39486
49 35 0.464555 2.25016
49 36 1.65581 -1.06111
49 37 4.92285 1.11376
49 38 9.21433 1.43528
49 39 5.62672 -1.1164
49 40 7.21786 -1.5237
49 41 7.89302 -2.83947
49 42 6.08935 1.24748
49 43 -1.44426 1.5959
49 44 3.39002 -1.16664
49 45 -0.561782 0.872657
49 46 -7.06046 0.865945
49 47 -1.05257 1.68111
49 48 3.38843 -0.151729
49 49 1.5552 -1.62017
49 50 3.30119 0.313051
49 51 -1.0865 2.99288
49 52 4.75765 2.54717
49 53 1.82349 -1.24775
49 54 1.80249 2.5142
49 55 5.21203 2.74
49 56 0.531595 -2.16801
49 57 2.49523 -0.0301438
49 58 0.604713 -0.591541
49 59 -0.755638 -0.334422
49 60 1.00114 0.0710459
49 61 1.05395 -0.0750772
49 62 1.57114 0.0228427
49 63 0.743964 -0.421418
49 64 0.0149406 0.605765
49 65 0.414857 0.10524
49 66 -0.518084 -0.193362
50 33 4.91595 0.540645
50 34 8.35859 0.906748
50 35 -0.260016 -0.893966
50 36 0.290257 0.644474
50 37 4.28176 -2.46169
50 38 7.82968 -2.63389
50 39 8.36821 2.01845
50 40 0.0141389 1.5446
50 41 2.15776 -0.647218
50 42 4.74155 0.513167
50 43 -0.795353 2.08099
50 44 0.0402802 0.505843
50 45 -0.637843 -1.27728
50 46 -3.8988 0.684519
50 47 1.33116 0.200507
50 48 -0.733646 -3.19095
50 49 7.01727 2.0467
50 50 -0.654053 2.65821
50 51 0.198536 1.2012
50 52 -1.13533 3.30573
50 53 1.51047 -0.215217
50 54 3.41801 -0.0120708
50 55 -1.25287 0.0286487
50 56 -0.702463 2.03392
50 57 3.20733 -1.09854
50 58 0.995101 0.842275
50 59 -0.783888 0.561785
50 60 0.0686991 -0.188495
50 61 0.00379897 0.339449
50 62 0.493961 -0.697173
50 63 1.83833 -1.29171
50 64 -1.6173 -0.513845
50 65 -1.28909 0.70063
50 66 -0.824628 -0.441877
51 33 4.31791 -0.910718
51 34 6.13487 -0.790301
51 35 -0.0463172 -0.622595
51 36 3.81937 -2.29634
51 37 2.03321 2.91071
51 38 -2.98532 3.02271
51 39 1.84035 1.47585
51 40 1.30112 2.1075
51 41 1.53456 1.47923
51 42 2.44796 -1.71731
51 43 1.84764 -3.83546
51 44 -0.312084 -3.42191
51 45 2.44869 -0.779974
51 46 6.02396 1.47249
51 47 4.21602 2.90404
51 48 6.20162 1.78653
51 49 3.62122 3.53522
51 50 2.28535 3.53706
51 51 -1.00846 3.14993
51 52 -2.27196 2.17221
51 53 0.428451 -0.512315
51 54 -0.69152 -1.99061
51 55 -1.5766 -0.481948
51 56 -0.144592 0.37235
51 57 1.70122 0.0630372
51 58 1.08299 0.708204
51 59 -1.02805 0.140281
51 60 -1.18889 0.574066
51 61 -0.120397 1.62142
51 62 3.39358 -1.2497
51 63 0.123015 0.968515
51 64 1.67494 -0.777867
51 65 0.530884 0.0385308
51 66 0.150037 0.659483
52 33 0.129073 0.48646
52 34 5.33376 -3.05372
52 35 3.22516 -0.458621
52 36 4.4274 -0.583908
52 37 2.18061 -1.56116
52 38 7.38978 2.67488
52 39 4.5325 0.54664
52 40 -4.86712 -4.89079
52 41 4.64404 2.07384
52 42 0.714714 5.07357
52 43 2.11745 5.66379
52 44 3.97221 -0.0480496
52 45 6.17353 -1.98871
52 46 0.250261 0.825982
52 47 0.719926 -1.99634
52 48 4.64902 0.608519
52 49 3.22701 0.899496
52 50 2.39057 -2.45602
52 51 0.171366 0.313234
52 52 2.25513 -0.53258
52 53 1.47363 1.41482
52 54 2.37347 4.3956
52 55 1.07622 0.355689
52 56 -0.153967 0.985815
52 57 0.195226 1.84028
52 58 -0.519048 0.186479
52 59 3.76523 -0.590228
52 60 0.8015 -1.53015
52 61 -0.242672 2.76018
52 62 0.0150499 -0.286134
52 63 0.57326 0.870428
52 64 1.81724 0.102802
52 65 1.87833 0.238346
52 66 0.315291 0.443224
53 33 2.71883 -3.10254
53 34 -2.60114 -3.31438
53 35 2.56998 -0.73411
53 36 -0.0309182 1.63252
53 37 4.73822 -0.33628
53 38 2.57593 1.73326
53 39 11.5544 -3.39724
53 40 -2.50806 0.708409
53 41 6.7785 1.79097
53 42 1.277 3.56643
53 43 5.25918 0.595385
53 44 2.75629 2.40725
53 45 -1.1861 3.00666
53 46 3.0939 2.60092
53 47 3.50247 1.25929
53 48 -4.00955 1.57673
53 49 4.08978 3.01524
53 50 -0.524391 1.45502
53 51 2.31369 1.61123
53 52 0.928344 0.972579
53 53 1.42068 0.814747
53 54 3.39156 -0.00466752
53 55 -2.81223 0.71319
53 56 0.522272 0.47715
53 57 4.24322 1.97855
53 58 -1.20561 -0.0310035
53 59 1.49852 1.51997
53 60 -0.911043 0.33453
53 61 -0.978957 1.74392
53 62 2.85153 0.0667404
53 63 1.01746 0.428844
53 64 1.55236 0.392495
53 65 -0.428703 -1.31752
53 66 0.0724808 -0.0460063
54 33 2.19964 -0.421262
54 34 0.849041 -3.86408
54 35 2.85411 -4.97758
54 36 0.89798 -0.155241
54 37 2.86915 -2.95741
54 38 2.59959 -0.315206
54 39 6.54179 2.84729
54 40 -2.24055 1.01718
54 41 5.47307 1.45213
54 42 3.04492 -1.64026
54 43 0.17906 2.58207
54 44 -0.214043 -0.230116
54 45 5.7852 -0.880681
54 46 3.20657 2.54689
54 47 2.21296 0.140436
54 48 2.84585 -0.490585
54 49 -2.01043 1.06015
54 50 6.97406 -0.875553
54 51 -0.595483 1.23416
54 52 0.942469 -0.097837
54 53 2.28747 1.34276
54 54 3.61403 -1.44223
54 55 1.63949 3.26239
54 56 2.93171 1.91701
54 57 -0.298333 -0.321117
54 58 -0.52207 -0.118498
54 59 1.11461 0.18127
54 60 -0.781151 -0.395857
54 61 -0.504757 0.0534601
54 62 -0.768547 1.21705
54 63 -4.63612 1.26678
54 64 1.14523 -0.999687
54 65 1.22262 -1.81116
54 66 -0.374355 -0.0167095
55 33 1.78073 -1.12309
55 34 0.0911327 -0.483284
55 35 8.87258 -2.99889
55 36 2.3755 -2.62372
55 37 0.569408 1.49526
55 38 4.76861 2.03981
55 39 7.32028 -0.187149
55 40 0.842328 -0.986691
55 41 1.7481 4.62284
55 42 1.46965 0.90184
55 43 8.71764 2.6337
55 44 2.44142 -0.0949061
55 45 -0.197141 1.35571
55 46 3.33747 1.43773
55 47 5.16959 4.07483
55 48 6.67644 -1.27101
55 49 -1.36892 -0.391387
55 50 2.73314 2.3825
55 51 -0.0533182 5.82289
55 52 0.958043 0.918426
55 53 -1.1444 0.553611
55 54 1.5462 -1.14289
55 55 1.49377 0.316365
55 56 0.771235 -0.265726
55 57 1.02491 -0.25022
55 58 -1.3487 -0.505649
55 59 0.0383056 -0.458771
55 60 -0.235043 -0.543052
55 61 0.184059 -0.393908
55 62 1.49759 1.2844
55 63 1.02148 -0.264633
55 64 4.42742 0.49322
55 65 -0.566692 -0.248973
56 33 0.975369 0.726323
56 34 2.46442 -0.0502703
56 35 -0.838179 -0.370543
56 36 1.70886 -0.693837
56 37 4.53233 -0.636336
56 38 5.00698 -2.16557
56 39 8.81165 -0.843457
56 40 3.64816 0.4431
56 41 1.57613 -1.25017
56 42 7.10658 -1.91213
56 43 -0.811488 2.44814
56 44 -0.351189 -1.42251
56 45 1.99054 -1.48036
56 46 1.22369 2.16907
56 47 8.65281 3.09113
56 48 0.0635425 3.27062
56 49 1.6118 0.131172
56 50 0.54879 -2.00216
56 51 0.994208 -0.120871
56 52 1.34987 0.369115
56 53 -1.68488 1.58771
56 54 -1.7511 0.356512
56 55 1.41738 0.177327
56 56 3.94475 -0.31989
56 57 -1.69324 0.458065
56 58 -3.76984 1.86713
56 59 -0.309901 -2.12666
56 60 1.15577 0.339602
56 61 2.04785 0.903462
56 62 -0.856879 -0.672195
56 63 -0.059069 0.74255
56 64 1.96136 0.0110156
56 65 0.176142 -0.125411
56 66 -0.127423 0.191136
57 33 1.51431 -0.189202
57 34 -2.63641 -3.19003
57 35 2.85543 -0.701846
57 36 2.03163 1.70023
57 37 4.10174 1.08613
57 38 8.20885 0.707041
57 39 1.81006 1.51415
57 40 1.04707 1.3472
57 41 6.51998 -3.46881
57 42 3.16687 -2.80705
57 43 6.67662 -2.65247
57 44 4.96877 1.377
57 45 2.21933 -1.26338
57 46 2.08133 0.977767
57 47 7.82096 3.61742
57 48 4.02649 1.75915
57 49 -3.35793 2.05935
57 50 1.52824 4.21815
57 51 3.5054 3.46721
57 52 1.44476 0.4462
57 53 -1.06205 1.11207
57 54 -0.318854 1.83724
57 55 2.91807 2.5344
57 56 0.972082 1.27159
57 57 -0.376164 0.0182741
57 58 2.29615 1.23079
57 59 1.05553 -0.168537
57 60 1.35451 1.70793
57 61 -1.27857 1.44474
57 62 0.23034 -0.0498795
57 63 1.56471 1.0593
57 64 1.26476 0.734121
57 65 1.28883 -0.173296
57 66 0.167603 0.0256988
58 33 -1.16402 -0.351637
58 34 -1.52965 1.82989
58 35 4.14356 1.25036
58 36 8.76124 1.40929
58 37 -2.49543 -3.20584
58 38 10.3892 0.132609
58 39 4.05506 2.48531
58 40 0.808145 -1.52063
58 41 -2.58216 1.27908
58 42 10.1097 -0.370976
58 43 5.98533 -0.211529
58 44 1.84194 2.77482
58 45 1.84136 -4.69802
58 46 5.17586 2.28498
58 47 -0.161985 -2.87974
58 48 7.95544 -0.12226
58 49 2.66106 0.599869
58 50 2.18619 -2.78707
58 51 2.75503 3.17096
58 52 -0.197993 0.945938
58 53 2.21716 2.08179
58 54 1.17782 -0.081095
58 55 5.2258 0.672168
58 56 1.72482 -0.713934
58 57 -0.633834 1.00173
58 58 1.56409 0.0450292
58 59 -1.75847 1.94159
58 60 0.16463 -1.14654
58 61 -0.540518 -0.483784
58 62 1.50053 0.56426
58 63 2.36333 0.433455
58 64 0.507779 -1.59561
58 65 -0.474717 0.646369
58 66 0.0931667 0.222826
59 33 2.9384 -1.17658
59 34 -1.54778 -3.04287
59 35 -0.619895 -0.659467
59 36 3.17265 -1.3256
59 37 0.506416 -0.562647
59 38 1.39767 -0.712896
59 39 4.96162 -2.10659
59 40 6.35401 0.857964
59 41 4.85267 1.19252
59 42 5.47267 -1.04354
59 43 6.29803 2.41217
59 44 5.80488 3.2076
59 45 7.64691 2.59337
59 46 2.78638 2.37169
59 47 8.97139 -0.763292
59 48 -2.59538 1.71199
59 49 5.26151 -0.831822
59 50 -1.2587 -1.67699
59 51 -0.0103445 0.120438
59 52 5.11207 2.45351
59 53 4.3807 4.13116
59 54 1.96127 1.02514
59 55 0.687331 -1.30426
59 56 2.08071 0.925312
59 57 -1.08201 0.0902736
59 58 2.80893 -0.129462
59 59 0.559844 -0.401549
59 60 0.260376 0.349906
59 61 0.235642 0.209941
59 62 1.44496 1.80585
59 63 0.249043 0.363475
59 64 0.693911 -0.977676
59 65 0.671794 0.0675401
59 66 -0.52281 -0.229925
60 33 2.27917 -0.390932
60 34 0.511357 -1.56931
60 35 0.847887 -0.385912
60 36 8.55445 1.42312
60 37 1.44067 1.38918
60 38 4.97629 -4.17853
60 39 3.57568 2.03875
60 40 1.99085 1.32349
60 41 1.06705 1.37692
60 42 4.98405 2.28681
60 43 4.31837 0.0516418
60 44 6.50142 0.587387
60 45 4.54573 0.354636
60 46 4.45629 -0.652799
60 47 1.44767 -3.12786
60 48 1.0163 1.04742
60 49 2.00356 0.833524
60 50 3.32249 -0.511381
60 51 2.86347 3.30358
60 52 1.93148 2.27963
60 53 -1.445 -0.697795
60 54 1.95022 0.723459
60 55 0.244882 0.951681
60 56 -0.456288 0.114677
60 57 0.975098 0.881339
60 58 -2.69431 -1.07418
60 59 -0.869035 2.6442
60 60 -1.50496 0.129835
60 61 2.19555 -0.361511
60 62 -0.000192202 -0.0533268
60 63 0.0554852 0.142785
60 64 -0.0466877 -0.214491
60 65 -0.112749 -0.0791911
60 66 0.686648 0.526354
61 33 3.54216 -1.6286
61 34 3.02627 -3.17725
61 35 1.06416 -0.0252301
61 36 -0.456236 -4.22014
61 37 5.38772 -1.16977
61 38 9.07695 -2.29312
61 39 4.33869 0.156827
61 40 5.06531 -2.34938
61 41 1.2044 -1.9926
61 42 2.03644 -1.63776
61 43 6.29641 1.49463
61 44 8.47348 3.06143
61 45 4.19629 4.45851
61 46 2.84913 -0.757415
61 47 -0.211583 2.45811
61 48 6.28787 -0.465548
61 49 2.00753 2.50388
61 50 5.20993 -0.947703
61 51 -0.0433104 -0.852472
61 52 -0.387713 2.16822
61 53 1.69667 0.628893
61 54 2.71524 -0.999256
61 55 0.752524 2.11645
61 56 1.74286 -2.31677
61 57 2.33473 0.554653
61 58 0.350731 0.0802225
61 59 1.93318 -1.97095
61 60 1.95742 -2.03565
61 61 -0.149457 0.449092
61 62 -1.92556 -0.605648
61 63 -0.727134 -0.260697
61 64 0.882572 -0.38983
61 65 -1.17368 2.10954
61 66 0.472221 0.463517
62 33 0.526796 -5.37169
62 34 4.42537 -1.91274
62 35 -3.0966 0.231497
62 36 -1.84474 0.356489
62 37 5.54492 -1.28987
62 38 11.3887 -1.84139
62 39 5.02841 1.1919
62 40 7.6738 -0.14926
62 41 1.06957 -0.975794
62 42 3.23306 -4.36094
62 43 3.32559 3.22297
62 44 3.89456 1.15744
62 45 2.72114 4.8
62 46 4.31073 -2.20818
62 47 5.5599 2.9795
62 48 4.31188 6.32622
62 49 5.99082 4.0351
62 50 1.576 1.45289
62 51 2.11652 1.79268
62 52 3.14862 -2.16348
62 53 -0.739788 1.22376
62 54 -1.27035 1.17883
62 55 2.05537 -0.348769
62 56 0.883658 -2.51925
62 57 0.327126 -0.813339
62 58 0.324077 -1.83264
62 59 -0.7086 1.95672
62 60 0.215526 0.537245
62 61 -0.046341 0.69151
62 62 0.932548 -0.194352
62 63 1.12613 1.01176
62 64 1.17159 0.819725
62 65 -0.151364 0.0104539
62 66 0.042809 0.0974979
63 33 1.85561 -2.13083
63 34 1.55432 -2.61978
63 35 2.53245 -1.43643
63 36 -0.989246 3.93563
63 37 9.23576 2.76706
63 38 1.30096 2.89105
63 39 0.347512 -2.44411
63 40 1.86612 1.51676
63 41 2.22619 -0.184795
63 42 6.61558 0.0522743
63 43 7.45863 -1.92222
63 44 -1.00787 -1.50418
63 45 0.0291099 1.06411
63 46 3.99409 1.95274
63 47 6.02274 1.33279
63 48 2.65794 2.61885
63 49 1.47382 -1.21543
63 50 0.83897 1.83393
63 51 3.28462 -1.99483
63 52 1.4156 1.30539
63 53 2.46862 0.161787
63 54 1.05268 1.36456
63 55 -0.940556 2.23275
63 56 -0.792686 -0.379974
63 57 -0.557167 0.695284
63 58 1.10794 -0.406657
63 59 2.14859 0.299772
63 60 -2.2357 0.793405
63 61 -0.223894 1.01668
63 62 0.111715 -0.93565
63 63 0.618905 0.0669421
63 64 1.16819 1.2597
63 65 -1.92342 -0.389482
63 66 0.875023 -0.291939
64 33 1.53399 0.706447
64 34 4.87042 -4.16913
64 35 0.544377 -1.10179
64 36 5.30545 1.24305
64 37 6.95502 0.361705
64 38 7.72326 0.536217
64 39 8.05004 0.891032
64 40 2.53428 1.04382
64 41 4.68639 0.805714
64 42 7.73131 0.373804
64 43 5.48304 -2.20293
64 44 3.56241 2.90792
64 45 2.89167 0.217819
64 46 2.26774 -0.991327
64 47 6.19367 1.59554
64 48 1.95871 4.31227
64 49 -1.68863 -3.08392
64 50 0.387807 1.13513
64 51 0.494467 1.8018
64 52 1.36217 0.0876547
64 53 0.67442 2.43291
64 54 0.341671 1.62376
64 55 3.48959 -0.294232
64 56 0.84353 0.638501
64 57 2.24132 0.707231
64 58 0.609061 1.60444
64 59 0.886392 0.013674
64 60 -1.52677 -0.311347
64 61 0.777064 -0.229961
64 62 0.450246 -0.700948
64 63 -0.169492 -0.0208408
64 64 1.16577 1.0146
64 65 0.682181 -0.0217182
64 66 0.479539 0.0107148
65 33 1.33821 -1.1541
65 34 4.3111 -3.71694
65 35 1.09988 -0.741807
65 36 2.88365 1.16093
65 37 6.14132 -0.944034
65 38 6.4299 -1.48809
65 39 7.31723 2.41446
65 40 1.1507 0.0177133
65 41 6.48452 2.21104
65 42 4.40167 1.61672
65 43 2.19291 1.77462
65 44 3.57514 -0.925109
65 45 5.30827 0.694839
65 46 5.78971 1.64979
65 47 8.59992 1.73165
65 48 4.88729 0.126492
65 49 3.29106 1.1395
65 50 1.73047 0.877612
65 51 2.1379 0.893579
65 52 4.02035 2.75243
65 53 3.09054 1.77394
65 54 3.45306 3.21151
65 55 1.62039 0.450248
65 56 0.596189 0.91004
65 57 0.951292 -0.247384
65 58 1.15177 2.23588
65 59 0.897046 -0.0918576
65 60 0.0165436 1.83931
65 61 -0.106496 -0.253844
65 62 0.0146826 -0.378023
65 63 1.14571 1.22202
65 64 -0.949085 -0.0918908
65 65 -0.325407 -0.450001
65 66 -0.501663 -0.167134
66 33 3.38622 -1.30373
66 34 6.30374 0.663774
66 35 4.208 0.963225
66 36 3.27795 -0.0441627
66 37 5.90011 -0.395071
66 38 6.79471 -0.234057
66 39 9.41248 -0.693378
66 40 2.84286 -1.90557
66 41 5.01993 1.26191
66 42 7.25658 -0.0371673
66 43 4.0001 1.31766
66 44 5.80854 0.705774
66 45 4.74255 -0.335352
66 46 4.51528 1.96574
66 47 7.86563 -0.772546
66 48 2.92558 0.503388
66 49 2.66841 -0.204209
66 50 3.33274 1.09767
66 51 3.04123 0.930803
66 52 3.31715 0.619224
66 53 0.908853 1.31337
66 54 3.64583 0.846208
66 55 0.996925 2.14281
66 56 1.90529 0.629141
66 57 1.45544 1.4278
66 58 1.19288 -0.245649
66 59 1.2262 0.628556
66 60 0.534691 0.0613799
66 61 0.886552 -0.0443525
66 62 0.965054 0.0999717
66 63 0.847981 0.281023
66 64 1.40574 0.824007
66 65 0.442694 0.762341
66 66 0.110074 0.0417409
