0 39 0.000108499 -0.000227122
0 40 -0.000152188 -0.000173884
0 47 -0.000424733 -0.000119812
0 58 0.000226321 0.000189337
1 35 0.000217368 7.75903e-05
1 36 -0.000289646 0.000370715
1 37 3.75073e-05 0.000135779
1 39 -5.75096e-05 0.000160104
1 40 4.38553e-05 -7.82256e-05
1 41 -0.000171467 -0.000399328
1 44 -1.33404e-05 1.49641e-05
1 51 4.54294e-05 8.89515e-06
1 59 -0.000106132 5.60277e-05
2 35 0.000297258 0.000109604
2 36 -0.000288227 0.000441022
2 37 8.06738e-05 0.000266182
2 39 3.86409e-05 0.000171949
2 40 0.000317044 -4.35144e-05
2 41 -0.000223618 -7.02559e-05
2 42 9.20542e-05 -6.40324e-05
2 47 -0.00010706 -0.000101812
2 48 -8.29403e-05 -1.99068e-05
2 53 -0.000262053 8.29583e-05
2 54 0.000103127 0.000146085
2 55 0.000272749 -0.000374884
2 58 -0.000254774 -2.08e-06
3 33 -0.000177302 -0.000273737
3 34 -3.47538e-05 -1.02926e-05
3 36 -0.000323951 6.98525e-05
3 37 0.000332464 -1.96857e-05
3 39 0.000492269 -0.000115268
3 40 0.000253326 -0.000309131
3 41 0.000287765 -0.00017102
3 44 3.65071e-05 -0.000196479
3 45 -0.000558436 0.000696728
3 46 0.000176497 3.54809e-05
3 47 0.00030042 0.000355992
3 48 0.000187739 1.30019e-06
3 50 4.90553e-05 -0.000110806
3 52 0.000748642 -0.000164102
3 53 0.000301547 -0.000227256
3 56 -8.10531e-05 0.000305448
3 57 0.000427848 2.03703e-05
3 64 -0.000302628 0.000141507
3 66 0.000162103 0.000230661
4 34 3.64459e-05 -6.62265e-05
4 35 0.000272785 -3.09141e-05
4 36 0.000237458 -6.10319e-05
4 37 0.000909357 6.23713e-05
4 38 0.000145485 -0.000250443
4 39 -0.000203588 0.000297714
4 40 -0.000336306 -1.51417e-05
4 41 0.000233808 4.9146e-05
4 42 -0.000205156 0.000486988
4 43 3.13203e-05 7.24599e-05
4 44 4.84278e-05 -0.000320337
4 45 -0.000606625 -7.16779e-05
4 46 -2.05972e-06 -1.51681e-06
4 47 7.26267e-05 7.3972e-05
4 48 -0.000410911 0.00036452
4 50 0.00035578 0.000235991
4 51 -0.000342933 9.12479e-05
4 52 0.000307847 0.000195612
4 54 -0.000223106 -1.21233e-06
4 55 0.00024904 5.23896e-05
4 56 -0.000184506 0.000432845
4 59 0.000375792 0.000304152
5 34 -7.70237e-06 -6.94134e-06
5 35 0.000159184 5.23419e-05
5 37 0.00038965 6.15029e-05
5 39 0.000261723 -3.42027e-06
5 40 0.000438862 -7.61377e-06
5 41 0.000391173 9.27321e-05
5 42 0.000144322 -3.39963e-05
5 44 0.000228767 0.000294537
5 45 6.96723e-05 5.44996e-05
5 46 -0.000153308 -2.70812e-05
5 48 4.08409e-05 5.51601e-05
5 49 -4.30121e-05 -6.68091e-05
5 50 -5.73816e-05 -3.37907e-05
5 53 0.000395538 0.000230372
5 54 0.000138574 0.000194997
5 58 -1.0584e-06 1.39892e-06
5 63 -4.31046e-05 0.00015928
6 34 -5.91095e-06 -2.51257e-05
6 37 0.000200676 -0.00018286
6 38 0.000142988 0.000151677
6 39 -0.000162809 0.000307466
6 40 -0.000419267 0.000185025
6 41 -0.000140649 0.000181182
6 42 0.000821903 0.000172062
6 43 0.0004482 0.000247917
6 44 0.000493926 0.000219097
6 46 -0.000567077 0.000281791
6 47 0.000146451 -0.000100027
6 48 0.000186896 -0.000188345
6 49 5.96958e-05 -0.000430708
6 50 0.000276591 -7.10663e-05
6 52 0.000164242 4.50034e-05
6 54 0.000328248 9.40183e-05
6 57 -0.000158833 0.00014892
6 62 -0.000251414 0.000198786
7 33 0.000155728 -7.7089e-05
7 35 -0.000181278 -4.62442e-05
7 36 0.000275605 2.27517e-05
7 37 0.000180981 0.000100318
7 38 0.000202257 5.62517e-05
7 39 0.000857106 6.19223e-05
7 40 -0.000361731 5.30564e-05
7 41 -0.000242655 -0.000273174
7 42 -1.8631e-05 0.000239449
7 44 0.000317111 -5.90229e-05
7 45 0.00060653 3.31317e-05
7 46 -0.000540988 -0.000320917
7 47 7.96961e-05 -0.000172788
7 48 0.000320533 9.19837e-05
7 49 -0.000955553 -4.82702e-05
7 50 0.000400975 0.000174389
7 53 1.96303e-06 1.17975e-05
7 54 4.62391e-06 6.3996e-06
7 64 -0.000232396 0.000243711
8 33 -9.61158e-05 -4.87008e-05
8 34 6.41228e-05 -0.000109958
8 36 0.000279493 0.000147848
8 37 0.000312678 0.000162996
8 38 -4.0736e-05 -0.00102382
8 39 0.000321488 0.000291997
8 40 0.000377773 0.000222245
8 41 0.00016525 4.76455e-05
8 42 0.000332466 1.07825e-06
8 43 0.000536046 0.000162969
8 44 -0.000101983 -0.000196069
8 46 0.000256885 -0.000324082
8 47 0.000621011 0.000490311
8 48 0.000362777 -5.09781e-05
8 49 8.27317e-05 0.000299662
8 50 0.000312494 0.000197629
8 51 0.000456816 2.36656e-05
8 52 -0.000687418 -3.88477e-05
8 53 -9.53352e-05 0.000178381
8 54 -0.000343474 -4.96434e-07
9 34 4.59904e-06 -1.77579e-05
9 35 0.000217693 -0.00012432
9 36 0.000392314 4.78409e-05
9 37 0.000258408 0.000213298
9 38 0.000400091 -0.000342542
9 39 0.000269391 -0.00014608
9 40 0.000186671 -0.000112151
9 41 -0.000304934 0.000309604
9 42 6.72845e-05 0.000491468
9 43 -8.37942e-05 2.17147e-05
9 44 -8.54385e-05 0.00017032
9 45 -0.000993548 -0.00040159
9 46 0.000292728 0.000566595
9 47 -0.000244394 0.000217712
9 48 0.000539504 0.000216929
9 49 1.66976e-05 1.25199e-05
9 50 0.000491332 0.000480803
9 51 0.000544824 -0.000140317
9 52 0.000460152 -0.000555164
9 53 -0.000162569 0.000186021
9 55 0.000251955 0.000179889
9 56 0.000971445 1.4654e-05
9 57 -8.09958e-05 1.03303e-06
9 58 0.00015079 0.000132621
9 59 -0.000382548 0.000169421
9 63 -1.94496e-05 1.72692e-05
10 33 0.00021994 -0.00010904
10 34 0.000761427 -0.000250255
10 35 0.00046141 -0.000125494
10 36 -0.000310716 -0.000248586
10 37 0.000475562 0.000272003
10 38 0.000365925 0.000118082
10 39 0.000364344 -0.000194788
10 40 0.00025735 0.000299731
10 41 -2.94676e-05 -3.35351e-05
10 42 0.000576945 0.000384941
10 43 -6.79664e-05 -0.000378071
10 45 0.000181957 0.000329097
10 46 0.000170549 -5.0143e-05
10 47 0.000414326 0.000498146
10 49 -0.000501123 -0.000347801
10 50 0.000339325 -0.000395103
10 51 0.000469695 0.0002747
10 52 -7.17115e-06 1.05199e-06
10 53 5.89185e-07 2.10125e-06
10 56 0.000174873 -0.00010049
10 58 0.000133451 -0.000143524
10 59 0.00020243 8.28973e-05
10 61 0.000203139 0.000277807
11 34 0.000315882 -0.000237064
11 35 5.15663e-05 -5.52448e-05
11 36 0.000172035 -0.000126098
11 37 -0.000294118 -0.00051772
11 38 -0.000144978 -0.000218496
11 39 0.000418318 -4.74807e-05
11 40 0.00016264 9.0413e-05
11 41 -0.00011867 0.000283467
11 42 -0.000121844 0.000693763
11 43 -0.000185114 0.00038227
11 44 -0.000266212 0.000464974
11 45 -0.000149164 0.000287408
11 46 -0.000412991 -0.000320823
11 47 0.000241111 -5.71764e-06
11 48 0.000289792 -8.74285e-05
11 49 0.000342461 0.000159131
11 50 -0.00030985 0.000337157
11 51 -0.000240754 0.000195607
11 52 9.28782e-05 0.000218724
11 53 9.18899e-06 0.000306941
11 57 -0.000356714 9.2414e-05
11 59 0.000898172 -0.000126236
11 60 -0.000122888 0.000107901
12 33 0.000196854 -0.000585327
12 34 7.72369e-05 -0.00019039
12 35 -0.00011485 -0.000146741
12 36 0.000240412 1.54997e-05
12 37 0.000210601 -0.000244754
12 38 0.000164232 4.07379e-05
12 40 0.000255146 0.000420326
12 41 0.000729506 -6.43543e-05
12 42 8.98268e-05 0.000384468
12 43 0.000614489 0.000152744
12 44 0.000395461 -0.000476498
12 45 -0.000908416 -0.000423713
12 46 0.000421045 0.000243494
12 47 0.00027701 -0.00021892
12 48 0.000698948 -0.000100666
12 49 0.000111392 3.27147e-05
12 50 0.00039352 -0.000138493
12 51 -0.000216039 0.000385649
12 52 2.8645e-05 0.000491963
12 53 2.95328e-05 7.55082e-06
12 54 0.000271157 6.56048e-05
12 55 -0.000288247 6.36559e-05
12 56 0.000462183 -7.68284e-05
12 59 -3.48883e-05 -0.000404404
12 66 -0.000109704 0.00011617
13 33 5.3626e-05 -0.000116235
13 35 0.000413301 -4.46943e-05
13 36 0.000180934 0.000586812
13 37 0.000726287 -5.14341e-05
13 38 9.82807e-05 3.92349e-05
13 39 0.000391928 -7.48685e-05
13 40 0.00051004 -0.000146989
13 41 0.000194605 3.0617e-05
13 42 0.000283825 -0.000108445
13 43 0.000345145 0.000537664
13 44 -8.55298e-05 -0.000421365
13 45 -0.00050731 0.000132879
13 46 0.000148983 0.000135977
13 47 8.1619e-05 -6.29918e-05
13 48 0.000265875 -7.30189e-05
13 49 -0.000275173 -0.000193155
13 50 -3.42022e-05 0.000438482
13 51 -4.40672e-05 3.0892e-05
13 52 -0.000184503 0.000660517
13 53 3.00145e-05 0.000125699
13 55 -0.000331076 -0.00018101
13 56 -0.000132797 -0.0001992
13 57 -0.000247276 -7.06699e-05
13 60 0.000210613 8.82457e-05
13 62 -3.86108e-05 0.000100799
13 63 1.00938e-05 7.79663e-05
14 34 -0.000310946 6.97255e-05
14 35 -0.000316284 -0.000260323
14 36 0.000161898 4.08462e-05
14 37 -5.46187e-05 3.463e-05
14 38 0.000328883 -0.000226004
14 39 0.000245723 -0.000186285
14 40 0.000493697 -0.000347985
14 41 -0.000352613 0.000416462
14 42 5.33537e-05 1.91817e-05
14 43 0.000606965 -0.000110375
14 44 0.000682139 0.000288583
14 45 0.000228953 0.000133615
14 46 0.000686728 -2.7775e-07
14 47 -0.000175789 6.91995e-05
14 48 0.000190821 7.39811e-05
14 49 0.00054122 0.000155661
14 50 0.000334158 0.000285003
14 51 0.000582895 0.000486572
14 52 -0.000218252 0.000156367
14 53 0.000256159 0.000151391
14 54 -0.000356194 3.28602e-05
14 55 0.000271291 8.90311e-05
14 57 -0.000625523 -6.72895e-06
14 58 0.000401012 -7.63236e-05
14 59 -0.00036591 0.000154539
14 60 -0.000144773 0.000231977
14 61 -0.000144917 -0.000154215
14 63 -0.00020261 9.44375e-05
14 65 -0.000116516 -0.000244741
14 66 0.000408299 0.000181256
15 33 0.000188658 -0.000120603
15 35 8.2836e-05 -5.27412e-05
15 36 0.000542314 -0.000137833
15 37 -0.000304239 -0.000111101
15 38 0.000513622 -0.000248541
15 39 0.000513887 8.69959e-05
15 40 0.000162829 1.85747e-05
15 41 0.000212932 -0.000281995
15 42 0.000428438 -0.000716871
15 43 -0.000376222 -0.000103488
15 44 -0.000237962 0.000270751
15 45 0.000190273 0.000426748
15 47 -6.00828e-05 0.000625048
15 48 -0.000421685 -0.000225194
15 49 0.000218223 -9.01301e-05
15 50 0.00013065 -2.44608e-05
15 51 -7.94784e-05 -0.000481838
15 52 0.00043974 -0.000505845
15 53 0.000498725 1.72277e-05
15 55 0.00036687 -2.66968e-05
15 56 0.000327098 0.000353675
15 61 2.84431e-05 -0.000131942
15 63 1.99155e-05 0.000346021
15 64 0.000217794 -3.92761e-05
16 33 -0.000100071 -0.000175868
16 34 0.00113036 -0.000281913
16 35 0.00064098 -0.000176591
16 36 0.000350989 9.00238e-06
16 37 0.000557397 -0.000429722
16 38 0.000253839 -0.000479918
16 39 0.0010262 -0.000201581
16 40 5.24871e-05 0.000133749
16 41 0.000777936 0.000284565
16 42 0.000182128 7.70118e-05
16 43 0.000340589 0.000432168
16 44 4.61578e-06 0.000127178
16 45 0.000315757 7.26855e-05
16 46 -4.99587e-06 -0.000237863
16 47 -0.000113703 0.000414405
16 48 0.000211679 0.000252001
16 49 -9.76328e-05 -0.000358081
16 50 8.6018e-05 0.000101183
16 51 -0.000350628 0.000731105
16 52 -0.000292408 0.000423023
16 54 0.000228877 8.13945e-05
16 55 -0.000260358 -2.3577e-05
16 58 9.45596e-05 3.25357e-05
16 59 0.000191615 4.33609e-06
17 33 2.57786e-05 -0.00031411
17 34 0.000223875 -0.000186323
17 35 0.000323253 0.000172599
17 36 -8.33403e-05 0.000159075
17 38 -3.52108e-05 -0.000483794
17 39 0.000499767 -0.000122183
17 40 -0.000136812 0.0001542
17 41 -1.42176e-05 -1.62368e-06
17 42 0.000772936 -1.3216e-05
17 43 0.00064134 -0.000529182
17 44 -0.000429978 7.61237e-05
17 45 0.000504065 8.78609e-05
17 47 7.2902e-06 -0.000256626
17 48 0.000646464 -0.000174254
17 49 0.000181797 0.000314626
17 50 -0.000183905 0.000453509
17 51 -0.000171933 2.90807e-05
17 52 -9.26586e-05 0.000113358
17 53 -0.000199299 -0.000164366
17 54 -0.000129725 -1.29626e-05
17 56 -0.000390655 -0.000218815
17 57 0.000463806 0.000121157
17 58 7.28827e-05 5.60666e-05
17 59 0.000275768 -3.07392e-05
18 33 -7.27503e-05 -1.29358e-05
18 34 -0.000127366 -0.000261304
18 35 0.000226444 -0.000555951
18 36 0.000237159 0.000165915
18 37 0.000760644 -5.06331e-05
18 38 -1.5916e-05 -0.00023729
18 39 -0.000403724 0.000648299
18 40 0.000776753 0.000404976
18 41 -0.000257664 2.96245e-05
18 42 -0.000175321 -0.000455418
18 43 0.000549267 0.000461998
18 44 0.000501613 9.03189e-05
18 45 0.000268687 0.000310015
18 47 -9.77541e-05 5.90605e-05
18 48 8.88291e-05 0.00118309
18 49 0.000209351 8.92722e-05
18 50 -3.51415e-05 0.000659808
18 51 0.000453838 1.02392e-05
18 52 0.000226304 -9.88314e-05
18 54 5.47184e-05 1.729e-05
18 55 -0.000216957 3.85526e-05
18 59 0.000215112 0.000111834
18 61 0.000270069 -0.000111238
18 62 -2.98289e-05 9.36539e-05
19 33 0.000188421 1.3218e-05
19 34 0.000683956 -6.58514e-05
19 35 -2.87599e-05 -1.21889e-05
19 36 -0.000394233 -0.000258497
19 37 0.0004368 7.3416e-05
19 38 0.000380644 0.000209964
19 39 0.00071351 -0.00010649
19 41 0.000215659 0.00010334
19 42 0.000382862 -0.000154531
19 43 0.000267013 -4.65811e-05
19 44 0.000601123 0.000385494
19 45 -0.000132849 -0.00050847
19 46 -0.000640883 0.000405995
19 47 -0.000166654 -0.000336219
19 48 0.000549841 -0.000411559
19 49 0.000793302 -0.000609863
19 50 -0.000230452 0.000437435
19 52 4.38108e-05 5.45338e-05
19 53 4.33024e-05 -2.67973e-05
19 54 2.38329e-06 -6.24862e-05
19 55 0.000191934 0.000561331
19 57 0.000183905 0.000150797
19 58 -0.000319287 7.93504e-05
19 59 -0.000118677 0.000542114
19 60 0.000284253 -0.000357108
19 61 -0.000120099 -0.000384445
19 63 -9.11911e-05 6.28384e-05
20 33 0.000226888 -0.000231552
20 34 0.000267046 -1.75627e-05
20 35 -7.59085e-05 1.30908e-06
20 36 0.000454309 -0.000392135
20 37 -8.33566e-05 0.0003944
20 38 -0.000408375 8.35783e-05
20 39 -0.000774462 5.66373e-05
20 40 0.00019255 8.56047e-05
20 41 -0.000250594 -0.000347374
20 42 3.91874e-05 -6.75141e-06
20 43 0.000509069 -0.00044434
20 44 0.000266616 -5.74975e-05
20 45 -7.45107e-05 -0.00012681
20 46 -0.000179292 0.000242248
20 48 -0.000285619 -0.000327742
20 49 -5.02364e-05 -0.000426145
20 50 -0.000608492 0.000164998
20 51 -2.68428e-05 -0.00032394
20 53 9.86163e-05 -0.000282625
20 54 -0.000190833 3.19349e-05
20 55 -0.000200899 0.000144245
20 56 -2.52992e-05 0.000540337
20 57 -0.000181359 0.000170206
20 58 -6.61865e-05 -0.000108265
20 59 -0.000277489 0.000249
20 60 0.000204866 0.000361808
20 63 0.000164021 0.0003281
20 66 -0.000284695 -0.000433506
21 35 0.000801422 7.83022e-05
21 36 0.000415088 -0.000159824
21 37 0.000601232 -0.000121906
21 38 0.000545945 0.000465559
21 40 -0.000452143 4.65479e-05
21 41 1.97511e-05 -0.000491686
21 42 -0.000410987 -0.000112109
21 43 0.00040164 -2.36752e-05
21 44 -0.000494067 0.000152981
21 45 -0.000286679 -0.000128553
21 46 -0.000174512 -0.00049583
21 47 0.000353628 -0.000303424
21 48 1.18268e-05 1.20505e-05
21 49 0.000565042 -0.000184752
21 50 -5.00006e-05 0.000417619
21 51 0.00025082 0.000374866
21 52 0.000475142 -0.00050273
21 54 0.000265013 -4.30196e-05
21 55 2.32185e-05 -7.60505e-06
21 56 5.03222e-06 -2.23924e-06
21 57 0.00033345 0.000106241
21 58 0.000484361 0.00055094
21 62 0.000330116 6.03666e-05
22 34 0.000601062 1.16887e-05
22 35 0.000741642 -0.000531639
22 36 -0.000136616 -0.000383768
22 37 0.000520358 -0.000368888
22 38 0.000287765 -3.92639e-05
22 39 -0.000471129 9.25224e-05
22 40 1.49379e-06 -2.72847e-07
22 41 0.000182158 0.000117804
22 42 0.000132893 0.000335055
22 43 0.000158014 -0.000238202
22 44 0.000483925 1.90161e-05
22 45 0.00041856 0.00014187
22 46 0.000755822 -0.000207754
22 48 0.000459307 5.5824e-05
22 49 0.000314389 3.52902e-05
22 50 8.99457e-05 -2.79074e-05
22 51 0.000107497 -0.000528609
22 52 0.000208967 -0.000497023
22 53 0.000236986 -9.63785e-05
22 54 -0.000123026 -3.50101e-05
22 55 -0.000329197 0.000107531
22 56 0.000157111 -0.000332593
22 58 0.000633225 0.000190814
22 59 -0.000721549 -0.000110302
22 60 -6.81585e-05 -9.59083e-05
22 62 -0.000136654 -0.000309614
23 33 4.65594e-05 -5.09255e-05
23 35 0.000172196 -0.000201182
23 36 0.000199654 0.000448437
23 37 9.81512e-05 -7.60883e-05
23 38 0.000794401 -0.000422935
23 39 0.000307208 0.000668205
23 40 -3.20236e-05 3.96686e-05
23 41 -0.000345093 0.000237236
23 42 0.000574858 0.000244451
23 43 6.23464e-05 -6.84363e-05
23 44 0.000779471 -0.000165911
23 45 0.0003753 0.000212883
23 46 0.000298197 -0.000163592
23 47 0.000310213 0.000101069
23 48 0.000423469 0.00014291
23 49 0.00078001 1.90094e-05
23 50 0.000441329 0.000199221
23 51 -0.0003608 0.000287063
23 52 0.000406088 -0.000310364
23 53 0.000315676 -4.61189e-05
23 54 0.00035531 0.000672547
23 55 -0.000634333 -6.20383e-05
23 56 4.77531e-06 -7.20473e-06
23 58 0.000194476 3.87771e-05
23 64 -4.66894e-05 7.76318e-06
24 33 0.000278121 -0.00012235
24 34 9.0511e-05 -0.000282678
24 35 0.000208519 -0.000216934
24 36 0.000857653 -0.000295401
24 37 0.000419972 5.01181e-05
24 38 3.46628e-07 -0.000518682
24 39 0.000586542 -9.25368e-05
24 40 0.000172644 -0.000708858
24 41 7.80544e-06 -0.000334592
24 42 -4.4775e-05 -3.3701e-05
24 43 -0.000400045 -0.000357569
24 44 0.000964661 -8.1819e-06
24 45 0.00012952 -0.000294009
24 46 0.000456834 3.22168e-05
24 47 0.000402032 0.00037891
24 48 0.00111013 -3.31971e-05
24 49 0.000584371 -0.000379506
24 50 0.000525497 -0.000369159
24 51 0.000173366 0.00036302
24 52 0.000223708 -8.52022e-05
24 53 8.51097e-05 8.55109e-05
24 54 0.000460578 -0.000364538
24 55 0.000443029 5.04154e-05
24 56 -0.000168874 -8.29217e-05
24 59 0.000256448 3.06038e-05
24 60 -5.73367e-05 7.82884e-05
24 62 0.000376518 1.46188e-05
25 34 0.000254091 0.000392891
25 35 2.53639e-05 -0.000280168
25 36 0.000221538 -0.000551292
25 37 0.000134169 -0.000174107
25 38 -1.09477e-05 5.9443e-05
25 39 -7.58575e-05 0.000157113
25 40 2.49125e-05 -0.000299755
25 41 0.00127745 -0.000288682
25 43 0.000615116 0.000582819
25 44 -7.4153e-05 0.000477975
25 45 7.24071e-05 -3.90363e-05
25 46 0.000290564 0.000141242
25 47 0.00033698 -0.000822281
25 48 0.000748796 0.00043813
25 49 0.000114708 0.000394377
25 50 0.000465862 0.000140511
25 51 -0.000194896 -0.000312616
25 52 -0.000214174 5.64206e-05
25 53 0.00032618 -0.000177208
25 54 -0.000705084 0.000189865
25 56 -0.000120256 2.51355e-05
25 57 -0.000336709 1.49383e-05
25 58 0.000202518 0.000204469
25 59 0.000252415 0.000291775
25 63 -0.000478845 9.1937e-06
25 64 -3.31754e-05 0.000145144
26 34 -1.21703e-05 -9.05178e-07
26 35 0.000859226 -0.000153263
26 37 0.000378058 2.58473e-05
26 38 0.000319231 -8.31127e-05
26 39 0.000170053 -0.00012514
26 41 -0.000273012 -8.86464e-05
26 42 3.14215e-05 4.3108e-06
26 43 0.00098018 0.000450439
26 44 0.000327056 3.30623e-05
26 45 -1.22497e-05 0.000222378
26 46 5.2427e-05 -0.00012491
26 47 0.0010299 0.000178216
26 48 0.00050151 -7.40856e-05
26 49 0.000108658 1.80631e-05
26 50 0.000395431 0.000111471
26 51 0.000705472 2.69267e-07
26 52 -0.000224307 4.71058e-05
26 53 0.000143777 0.000133285
26 54 -7.53551e-05 -0.000700865
26 55 -0.00140781 0.000529064
26 56 0.000241974 0.000324108
26 57 0.000147529 -0.000154009
26 59 0.000265226 -0.000236079
26 61 7.17547e-05 0.000608947
27 33 0.000244765 5.85005e-05
27 35 3.74211e-05 -9.40253e-05
27 36 -0.000257932 9.46925e-05
27 37 0.000377369 1.84388e-05
27 38 -0.000156584 -0.000106644
27 39 0.000547651 0.000319328
27 40 0.000257715 -2.77456e-05
27 41 0.000668945 6.56116e-05
27 42 8.39768e-05 -0.000178151
27 43 0.000854671 -0.000431894
27 44 -0.000182722 -2.02484e-05
27 45 0.000669011 -0.000384848
27 46 -0.000129134 -0.000168053
27 47 0.000347388 -5.83045e-05
27 48 0.000138021 -0.000586462
27 49 0.000580156 0.000385583
27 50 0.00109801 0.000368197
27 51 -0.000416226 0.000156199
27 52 -0.000361938 -6.44981e-06
27 53 -0.000391408 -0.000172539
27 54 -0.000301795 0.000420274
27 55 -0.000482415 -2.31109e-05
27 56 -0.000285672 0.000245803
27 57 -0.000246837 0.000167366
27 58 -8.76798e-05 -2.95023e-05
27 60 0.000181143 3.76042e-05
28 34 0.000696684 -0.000657398
28 35 -0.000132074 0.00015101
28 36 0.00074961 -4.21683e-05
28 37 0.000585323 -0.000158586
28 38 6.18667e-05 3.70646e-05
28 39 4.37794e-06 9.63736e-05
28 40 -0.000782104 -0.000580881
28 41 -0.000150499 -0.000455116
28 42 0.000116895 -0.000222178
28 43 0.000343592 -0.000409414
28 44 0.000168551 5.09641e-05
28 45 -0.000292323 8.88429e-06
28 46 -0.000449335 -0.000171514
28 47 4.39793e-05 -0.000133054
28 48 1.12086e-05 -0.000291649
28 49 -0.000427713 0.000621496
28 50 6.48647e-05 -7.53727e-05
28 51 0.00048694 1.62395e-05
28 52 -1.38907e-05 0.000107056
28 53 9.84555e-05 0.000303615
28 54 0.000289346 0.000265471
28 55 0.000294831 0.000112415
28 56 -0.000295979 7.85065e-05
28 57 0.000109018 0.000296476
28 58 0.000155153 0.000172271
28 59 -0.000249025 -6.34431e-06
29 35 0.00105906 0.000299403
29 36 0.000782557 0.000127536
29 37 0.000108777 -7.41055e-06
29 39 -0.000219294 -4.77903e-05
29 40 0.000445495 -0.00024351
29 41 0.000437288 6.27464e-05
29 42 -0.0003406 0.000321324
29 43 0.000470967 1.08331e-05
29 44 0.000427435 -7.15259e-05
29 45 2.63534e-05 0.000341275
29 46 0.000166293 -7.94486e-05
29 47 -0.000395759 -0.000106308
29 48 0.00055067 -0.000134021
29 49 -0.000237325 -6.84525e-06
29 50 6.27951e-05 0.000135025
29 51 -8.89243e-05 -0.000331128
29 53 8.19992e-06 1.5504e-05
29 54 0.000116145 0.000141393
29 55 -0.00050121 0.000146715
29 56 -9.08571e-05 -0.000116143
29 57 -4.24727e-05 2.00302e-05
29 58 4.70455e-05 3.25338e-05
29 59 -0.000399746 -0.000100949
29 60 0.000174149 9.95472e-06
30 34 -0.000187752 -0.000184959
30 35 -0.000390953 -8.35492e-05
30 36 0.000209802 0.000211757
30 37 0.000372081 9.44388e-05
30 38 1.74579e-05 -0.000114342
30 39 -0.000311673 -5.68479e-05
30 40 0.000202397 6.17622e-05
30 41 4.47522e-05 -0.000200206
30 42 0.00134116 -4.55161e-06
30 43 0.000240999 -6.69343e-05
30 44 0.000634771 0.000850293
30 45 -0.000421069 0.000582885
30 46 0.000427688 9.29017e-05
30 47 -1.50295e-05 -0.000612904
30 48 0.000576573 7.21847e-06
30 49 0.000142499 -1.60729e-05
30 51 -0.000392047 -0.000503838
30 52 0.000154261 -0.000424315
30 53 -0.000131482 -3.67431e-05
30 55 -9.09406e-05 -0.000250299
30 56 1.57336e-05 -0.000257074
30 57 0.000234573 0.000191598
30 58 -1.71001e-05 -2.41652e-05
30 59 -0.000288018 -0.000116683
30 60 4.06346e-06 2.59867e-07
30 61 0.000225858 0.000213885
30 64 0.000431056 -0.000225951
31 33 6.08257e-05 0.000232768
31 34 -0.000619679 -0.000323349
31 35 4.33443e-05 5.08403e-05
31 36 0.000224099 -0.000100721
31 37 0.000527779 0.000209596
31 38 3.80627e-05 -6.20872e-07
31 39 3.98136e-05 1.70834e-05
31 40 0.000248771 3.40533e-05
31 41 -0.000345638 0.000115154
31 42 -3.91019e-05 0.00014331
31 43 0.000175515 6.88376e-05
31 44 -0.000339159 -0.000607884
31 45 -0.000330765 -0.000295013
31 46 0.000118395 -0.000154701
31 47 0.000866428 0.000220471
31 48 -0.000322199 0.000341566
31 49 -0.000401062 0.000207178
31 50 0.000549153 0.000711907
31 51 7.84221e-05 -5.30137e-05
31 52 -0.000162159 7.89359e-05
31 53 0.000240269 -1.45861e-05
31 54 -8.71601e-05 0.00055105
31 55 9.88658e-05 -4.70183e-05
31 56 0.00019419 0.000235145
31 57 3.05593e-05 1.0266e-06
31 58 -0.000470784 0.000366988
31 61 -0.000385069 0.000353545
32 33 0.000365136 5.77656e-05
32 34 0.000186466 -0.00025515
32 35 0.000501965 -0.000423264
32 36 0.000201497 -0.00026225
32 37 0.000222158 0.000405909
32 38 0.000252961 3.40586e-05
32 39 0.000101896 0.000279582
32 40 -0.000114438 0.000395718
32 41 -2.2106e-05 -0.000249773
32 42 -0.000501203 0.000241788
32 43 0.000521049 0.000274221
32 44 -0.000363765 -0.000613277
32 45 0.000210161 -7.87923e-05
32 46 -0.000187683 0.000229751
32 47 0.0007303 1.48597e-05
32 48 0.000478618 -4.18894e-05
32 49 0.000184871 0.000285279
32 51 -0.000206122 0.000101013
32 52 4.80536e-05 0.000176047
32 53 0.000838917 0.000324979
32 54 -0.000214151 -0.000371205
32 55 0.000172068 0.000114339
32 56 -0.000176877 -0.000164934
32 57 -0.00101502 0.000102688
32 58 -0.00014266 6.64838e-05
32 60 0.000269574 -0.00036338
32 61 -6.80355e-06 2.3051e-06
33 33 -8.68316e-05 -2.38762e-05
33 35 -0.000534548 -0.000195535
33 37 -0.000212841 -0.000139598
33 38 -0.000294456 0.000169524
33 40 -2.31164e-05 -0.000137535
33 41 0.00013513 -0.000120145
33 42 -0.000124934 -0.000341826
33 43 2.48402e-05 4.96092e-05
33 44 -0.000391362 -0.000127204
33 45 -0.000293912 0.000672341
33 46 2.46972e-05 6.94415e-06
33 48 0.000346861 1.36869e-05
33 49 7.18211e-05 9.14891e-05
33 50 0.000617341 0.000249058
33 51 0.000178679 0.000143862
33 52 -0.000480713 0.000229002
33 53 0.000592162 0.000205142
33 54 6.69338e-05 5.66716e-05
33 55 -6.01276e-05 4.36987e-05
33 56 -0.000321279 -0.00019773
33 59 -2.90118e-05 -0.000126506
33 60 0.000120373 4.1303e-06
33 62 8.74219e-06 -1.95045e-05
33 63 2.74608e-06 1.06687e-07
33 64 -0.00036244 -0.000249558
33 65 1.49177e-05 2.76415e-05
34 33 0.000317823 -3.4942e-05
34 35 0.000733748 0.000355052
34 36 0.000217701 -0.000171026
34 37 2.11879e-05 -8.13481e-06
34 38 0.000523891 0.000319782
34 39 0.000397786 9.65813e-05
34 40 7.13296e-05 -5.68934e-05
34 42 -4.66994e-05 -1.66414e-06
34 43 0.000100252 -0.000434767
34 44 0.000636969 -0.000340246
34 45 -0.000367968 0.000423531
34 46 4.65776e-05 6.75411e-05
34 47 -0.000497979 -0.000310249
34 48 -0.000542643 -0.000505001
34 49 0.00024116 0.00037148
34 50 0.000218205 -0.00041539
34 51 -1.58529e-05 0.000147248
34 53 0.000356573 -3.80816e-06
34 54 0.00020112 -2.56366e-06
34 56 1.90553e-05 2.13367e-05
34 60 -0.000188868 0.000135867
34 61 0.000179399 -3.90537e-05
34 63 8.94401e-05 -9.07883e-05
34 64 0.000479373 0.000361369
34 66 -0.000324952 0.00029614
35 33 4.64727e-05 -6.40293e-05
35 34 -0.000105854 -0.000119136
35 36 3.1459e-05 -2.16512e-05
35 37 -7.78602e-05 -0.000175242
35 38 -3.93573e-05 -0.000220531
35 39 0.000243043 -0.000100632
35 40 0.000479495 -0.000157652
35 41 -0.000257808 -0.000128908
35 42 3.5129e-05 -3.01746e-05
35 43 0.000774843 9.46777e-05
35 44 0.000360426 -0.000119548
35 45 -0.000252715 -0.00010807
35 46 -0.000989494 0.000169748
35 47 0.000200901 -0.000314143
35 48 -0.000347916 8.02533e-06
35 49 -5.9689e-05 0.000190548
35 51 -5.69862e-06 -6.575e-05
35 52 0.000178994 -7.59919e-05
35 53 -0.000371368 0.000209929
35 54 6.84238e-05 0.000109794
35 55 0.00042572 0.000175392
35 56 -0.00035044 -1.33196e-06
35 57 0.000141325 3.59279e-05
35 58 0.000105926 0.000495607
35 59 -0.000570844 0.000346737
35 60 -0.000223884 0.000270753
35 61 -0.000176415 5.78977e-05
35 63 2.4984e-05 1.02683e-05
35 64 -0.000294238 0.000400022
36 33 1.12204e-05 -2.43302e-06
36 34 0.000595094 -0.00024165
36 35 0.000385872 0.000193038
36 36 -0.000411387 -0.00026548
36 37 0.000791459 -0.000157395
36 38 -0.00014667 -0.000124646
36 39 0.000540695 -0.000261201
36 40 0.000564866 -0.000458802
36 41 0.000227333 -0.000676269
36 42 -0.000300189 -0.000335198
36 43 -0.000199705 0.000224588
36 44 0.000154635 -7.59233e-05
36 45 0.000464546 -3.89371e-05
36 46 -0.000132578 8.47019e-05
36 47 0.000400362 0.000732366
36 48 6.47482e-05 0.000236705
36 49 0.00134064 -3.4815e-05
36 50 0.000105275 6.77943e-05
36 51 0.000359976 -0.000293815
36 52 0.000769764 8.60561e-05
36 53 0.000788824 0.000143386
36 54 0.000546691 -3.38966e-05
36 55 -0.000389183 0.000198146
36 56 0.000453264 6.40572e-05
36 57 5.07102e-05 7.91141e-05
36 58 1.63633e-05 1.02e-05
36 60 0.000115366 0.000257721
36 61 -0.000392973 -0.000333156
36 62 -0.000145729 -8.10129e-06
36 63 0.000217693 -0.000262083
37 34 4.31567e-05 -7.40136e-05
37 35 8.10021e-05 0.000234778
37 36 0.000261121 -0.000131745
37 37 -0.000149384 -7.07974e-05
37 38 0.000393187 -0.000302679
37 39 -1.58253e-05 6.79439e-06
37 40 0.000136936 6.3701e-05
37 42 7.4753e-05 0.000242231
37 43 0.000509437 -4.39119e-05
37 44 0.000482236 -0.000483937
37 45 0.000146786 0.000248458
37 46 0.000697925 2.7506e-05
37 47 0.000333658 0.000217638
37 49 0.000141949 0.000297523
37 50 -0.000251301 -0.000296652
37 51 -3.32952e-05 8.08665e-05
37 53 0.000335608 0.000216318
37 54 0.000329757 0.000407913
37 55 0.000270713 0.000283461
37 56 -0.00014533 0.000153836
37 57 -3.36479e-05 8.12623e-05
37 59 8.28191e-05 3.33781e-05
37 61 -0.000174537 -6.43931e-06
37 63 0.000118683 0.000317026
38 33 0.000591092 5.09032e-06
38 34 7.84597e-05 -3.14795e-06
38 35 -1.24698e-05 2.83336e-06
38 36 0.000833678 -0.000180572
38 38 -0.000254879 3.49978e-05
38 39 -0.000859778 -0.000262867
38 40 -0.000437866 0.000213849
38 41 0.000433153 0.000223076
38 42 -0.00020726 -0.000281197
38 43 0.000333037 7.84083e-05
38 44 -0.000193721 -0.000438984
38 45 0.000110531 0.000270894
38 46 0.000592262 7.44224e-05
38 47 0.000427622 -0.000296415
38 48 -0.00046454 0.00011807
38 49 0.000650439 5.8387e-05
38 50 0.000514346 1.01352e-05
38 51 9.73353e-05 0.000238217
38 54 0.000249734 0.000237976
38 55 0.000136972 0.000101079
38 56 0.000772414 -0.000332126
38 57 -0.000203771 -0.000387218
38 58 0.000303916 -0.00012392
38 60 0.000153677 0.000174512
38 61 7.99455e-05 -1.77513e-05
38 62 -0.000133716 0.000125622
38 64 -0.000238166 0.000111473
38 65 0.000403825 -0.000264499
38 66 6.35298e-05 -0.000142034
39 33 5.99755e-05 -0.000280403
39 35 0.000280067 -9.45926e-05
39 36 -8.55759e-05 -0.000580303
39 37 -0.000338198 -0.000753702
39 38 0.000187554 -0.000162081
39 39 0.000359933 -0.000407985
39 40 0.000875779 0.000268772
39 41 -0.000146478 0.00010927
39 42 0.000269775 -0.000134298
39 43 0.000328766 -0.000109991
39 44 0.000477949 -0.000348465
39 45 9.09607e-06 -0.000130323
39 46 -0.000305627 1.94074e-06
39 47 0.000137034 0.000116297
39 48 0.000618387 -5.5243e-05
39 50 0.00105536 -0.000246179
39 51 0.000935409 0.000283805
39 52 -5.4566e-05 -0.000214188
39 53 0.000490821 0.000552096
39 54 0.000554921 0.000375909
39 56 -5.74157e-05 0.000119631
39 57 -7.93929e-05 0.000259306
40 33 -1.73638e-06 -4.42968e-05
40 34 -0.000214278 5.33181e-05
40 35 0.000498049 -0.000185544
40 38 0.00034174 -0.000199257
40 39 -0.000415451 -0.000539844
40 40 0.000465719 -7.65903e-05
40 41 0.00125579 -0.000411776
40 42 0.00137287 0.000182404
40 43 -0.000226317 0.000125427
40 44 0.000242177 0.000156999
40 45 2.61251e-05 -2.37547e-05
40 46 -3.47386e-05 -0.000616824
40 47 7.69056e-05 -0.000180725
40 48 0.000108675 -0.000313986
40 49 -2.37599e-05 0.000167013
40 50 0.000328313 -0.000254719
40 51 -0.000106977 0.000201446
40 52 0.000783286 0.000167016
40 53 0.000608237 0.000181041
40 54 -0.000192648 0.000190007
40 55 3.19792e-05 -0.000389357
40 56 -0.000114985 1.24916e-05
40 58 0.000265126 0.000284724
40 59 6.97265e-05 7.03162e-05
40 60 0.00022372 2.90205e-05
40 61 -1.54138e-05 -7.01824e-06
40 62 -0.000212771 -0.000101134
40 63 -0.000250254 0.000185252
40 64 -0.000194132 1.97793e-05
41 33 -6.90042e-06 7.01596e-06
41 34 0.000714484 0.00033159
41 36 0.000132452 0.000166029
41 37 -3.37768e-05 3.91477e-05
41 38 0.000459642 0.000482218
41 39 0.000120809 3.37028e-05
41 40 0.000284633 -0.00024962
41 41 0.00090371 -0.000140691
41 42 0.000176151 1.19867e-05
41 43 -1.38467e-05 9.16978e-06
41 44 -4.39137e-05 -3.77318e-05
41 45 0.000255007 0.000366953
41 46 -0.00018492 -0.000161048
41 47 -0.000250132 5.2366e-05
41 48 9.0793e-05 -7.1303e-05
41 49 -0.000683152 0.000139863
41 50 0.000383509 0.000265425
41 51 0.00129868 0.000847948
41 52 -6.91095e-06 0.000178304
41 54 8.07507e-05 0.000282416
41 55 -0.000506542 7.97728e-05
41 56 3.68308e-05 2.47277e-05
41 57 -2.68837e-05 4.91444e-05
41 59 0.00033279 0.000644776
41 60 -0.000566252 0.000143114
41 62 0.000238956 0.000182562
41 63 8.83903e-05 4.3834e-05
42 33 -0.000244523 0.000249827
42 34 0.000155149 -0.00013391
42 35 0.000172945 0.00012718
42 36 -7.38294e-05 -4.51349e-05
42 37 0.000347804 -0.000188563
42 38 -0.000120254 0.000183732
42 39 0.00021477 -0.000225905
42 40 0.000448027 0.000141849
42 41 0.00085343 0.000304895
42 42 -8.9858e-05 -0.000253337
42 44 0.000382029 -7.61048e-05
42 45 9.99278e-05 0.000174986
42 46 0.000309588 -0.00015887
42 47 8.78233e-05 -2.87258e-05
42 48 0.000238623 -3.74429e-05
42 50 0.000511945 -0.000152429
42 51 0.00037207 -0.000250061
42 52 2.51925e-05 9.80899e-05
42 53 0.000329212 -0.000163769
42 56 0.000488306 7.41427e-05
42 57 0.000552359 -0.0003043
42 58 -0.000400479 7.0632e-06
42 60 -0.000212671 -3.76573e-06
42 61 0.000355766 -6.93922e-06
42 62 -0.000111518 0.000413023
42 63 -0.000111904 0.000102931
42 64 0.000167719 9.00104e-05
43 33 -0.000313432 -0.000119798
43 34 0.000873075 -0.000535188
43 35 7.46839e-05 -2.35368e-06
43 36 -2.16017e-05 -5.12293e-05
43 37 0.00110663 0.000380081
43 38 -0.000179406 -0.000222838
43 41 0.000123026 5.1423e-05
43 42 0.000716554 -8.1914e-05
43 43 -0.000441448 0.000164862
43 44 4.79784e-05 0.000321157
43 45 0.000304421 0.000188366
43 46 0.00070977 -4.10504e-06
43 47 -3.23977e-05 -0.000326571
43 48 -9.99424e-05 -1.79213e-05
43 49 0.000688353 -7.36521e-05
43 50 0.000796853 -2.28578e-05
43 51 -2.71504e-05 3.57474e-05
43 52 0.00011941 4.75102e-05
43 53 0.000247464 0.000130121
43 55 0.000282448 9.38832e-05
43 56 0.000226136 0.000510847
43 57 -8.94368e-05 0.000266082
43 58 -0.000298211 7.18088e-05
43 60 0.000378985 2.00872e-05
43 61 -0.000305277 -3.06504e-05
43 62 0.000337078 -0.000217043
43 65 -5.88404e-05 0.000103373
44 33 -7.05373e-05 -0.000206488
44 34 6.21933e-05 -3.73839e-05
44 35 0.00053671 7.46054e-05
44 36 -0.000436953 0.000209873
44 37 1.0784e-05 9.34282e-05
44 39 0.000612706 4.33704e-05
44 40 -4.49349e-05 8.85951e-06
44 41 0.000241584 -2.61415e-05
44 42 0.000273818 0.000146364
44 43 0.00118064 -9.37933e-05
44 44 0.000250401 0.000101822
44 45 0.000167767 8.6192e-05
44 46 -0.00013577 0.000187852
44 47 -6.99379e-05 -0.000198624
44 48 0.000643619 -2.93792e-05
44 49 2.33267e-05 3.84285e-05
44 50 -1.09236e-05 2.09806e-05
44 51 0.000357204 -0.000207824
44 52 -0.000779671 -0.000181239
44 53 8.20664e-05 -0.000105268
44 54 -3.49284e-05 4.94591e-06
44 55 -7.82817e-05 -0.000124692
44 56 0.000374427 -8.56815e-05
44 57 -0.000116866 -0.000425997
44 58 7.58843e-05 -8.29921e-05
44 60 0.000129133 -8.74251e-06
44 61 9.25543e-05 -0.000254382
45 33 -5.74548e-05 -9.34096e-05
45 36 -0.000276827 0.000177539
45 37 2.86125e-05 -7.59905e-07
45 38 0.000385462 0.000251143
45 39 0.000136568 0.000853762
45 40 0.00148831 -0.00018801
45 41 9.95319e-05 0.00018755
45 42 0.00040717 -1.51915e-05
45 43 0.000299665 -1.0941e-05
45 44 0.000169265 0.000600115
45 45 0.000178505 0.000447187
45 46 -0.000425766 -0.000346718
45 47 0.00064138 0.000241762
45 48 0.000472366 1.59977e-06
45 49 0.000386354 -0.000338103
45 50 0.000144117 2.24756e-05
45 51 0.000496981 -0.000379953
45 52 0.000369841 -4.93799e-06
45 53 0.00068573 0.000159978
45 54 -0.000376164 5.34964e-06
45 56 -0.000181329 0.000144238
45 57 0.000137212 0.000228691
45 58 0.000909709 0.000222645
45 60 0.000489166 8.70403e-06
45 61 -0.000190915 0.000370391
45 62 8.46959e-05 0.000209233
45 66 3.31597e-05 5.4017e-06
46 33 0.000129998 -0.000113496
46 34 -0.000620683 -3.57054e-05
46 35 -0.0002343 -0.000288204
46 36 0.00102135 -0.000392874
46 37 9.25931e-05 -4.76748e-05
46 38 0.000205018 -3.01041e-05
46 39 3.55656e-05 -7.49475e-05
46 40 5.84927e-05 1.81166e-05
46 41 0.00114224 0.000651797
46 42 0.000497946 -0.00016934
46 43 0.000295248 0.000285672
46 44 0.000247758 6.6456e-05
46 45 -0.000764626 0.000214141
46 46 0.000360464 -0.00038802
46 47 -0.000134517 0.000230807
46 48 -0.000183584 -6.27709e-06
46 49 -0.000479625 -5.5169e-05
46 50 0.000536092 -0.000174929
46 51 0.000181525 0.000169204
46 52 0.000165508 0.000224347
46 53 -0.00013851 0.000355068
46 54 -0.000792568 -5.6629e-05
46 55 0.000123914 1.05725e-05
46 58 0.000459392 0.000479482
46 59 5.59375e-06 2.9284e-06
46 61 0.000355315 0.000140543
46 64 -0.00046001 -9.99798e-05
46 65 0.000152402 0.000184868
47 33 0.000333407 0.000133977
47 36 0.000347516 0.000103407
47 38 0.000307526 -4.16601e-05
47 39 0.000675557 0.000140224
47 41 -0.00015023 -0.000101123
47 42 -0.000498793 -5.91755e-05
47 43 0.000316813 4.3811e-05
47 44 0.000197452 0.000130653
47 46 -9.1193e-05 0.000341738
47 47 0.00058243 0.000127518
47 48 0.000343739 -0.000108776
47 49 0.000357863 0.000192638
47 50 -7.86864e-06 3.08164e-06
47 51 7.66532e-05 -2.78933e-05
47 52 -0.000176285 0.000172679
47 53 0.000180183 -0.000175662
47 54 -2.96382e-05 1.48732e-05
47 56 -0.000281309 8.39774e-05
47 57 -2.89352e-05 -5.59851e-07
47 59 -0.000110081 4.91082e-05
47 60 0.000129793 5.77553e-05
47 64 6.47354e-05 -6.00968e-05
48 33 0.000128599 -0.000194643
48 34 0.000112694 -7.52113e-05
48 35 -0.00020332 4.48212e-06
48 36 0.000385996 -0.000334567
48 37 9.17099e-05 -0.000176224
48 38 0.00019024 -0.000258523
48 39 0.000662759 -0.000778973
48 40 0.000327236 0.000140216
48 41 -0.000201112 0.000165357
48 42 0.000294847 -0.000338091
48 43 -0.000256034 0.000261005
48 44 -0.000250101 0.000430905
48 45 0.00120408 -0.000444723
48 46 0.00044175 5.84531e-05
48 47 0.000371085 -0.000427966
48 48 5.4741e-05 -2.33441e-05
48 49 0.000182653 -0.000630792
48 50 0.000570351 0.000242158
48 51 0.000471084 -0.000182754
48 52 2.05969e-05 -1.61615e-05
48 53 0.000143919 0.000153481
48 54 -0.00033679 -0.000348778
48 55 -0.000451157 -0.000289233
48 56 0.000123013 0.000297842
48 57 -5.77359e-05 -2.68726e-05
48 59 -0.000361797 -0.000245944
48 61 -9.64823e-05 0.000127828
48 63 1.77294e-05 3.0622e-05
48 64 1.39994e-06 5.31174e-06
49 33 0.00042025 -4.49253e-05
49 34 -0.000341166 -0.000194581
49 35 0.000206799 0.00014753
49 36 0.000280586 -7.59179e-06
49 37 -8.92379e-05 -0.000175433
49 38 0.000837197 -0.000665322
49 39 1.8613e-05 -7.94061e-05
49 40 0.000196385 0.000186472
49 41 0.000196666 0.000255314
49 42 -2.19889e-05 -1.03527e-05
49 43 0.000375003 2.0505e-05
49 44 -7.75613e-05 0.000253253
49 45 0.000144523 -0.000144885
49 46 -0.000920285 5.59252e-05
49 47 0.000890916 0.000322985
49 48 1.18595e-05 -0.000100406
49 49 0.000334465 0.000221802
49 50 0.000769298 0.00066575
49 51 0.000329049 -3.85674e-07
49 52 -7.06184e-05 -2.21502e-05
49 53 0.000163584 0.00012708
49 54 -0.000358206 -6.6316e-05
49 55 -0.000424857 -4.93011e-05
49 59 -1.53881e-05 -1.61429e-05
49 60 0.000108651 -7.99251e-05
49 64 -0.000327489 -0.000178927
49 66 -8.93147e-05 0.000296662
50 35 0.000299903 -2.40782e-05
50 36 1.68177e-05 -9.51592e-05
50 37 0.000517617 1.10004e-05
50 38 0.000189838 -0.000147234
50 39 0.000276454 -0.000427771
50 40 0.000779468 -0.000274276
50 41 0.000113854 4.99841e-05
50 42 0.000460511 -0.000134819
50 43 0.000514247 -0.0001546
50 44 -0.000100837 9.17934e-05
50 45 0.000255492 -0.000118891
50 46 0.000346148 0.000564989
50 48 1.87988e-05 -0.000108606
50 49 0.000320208 0.000805135
50 50 -0.000406521 -4.56528e-05
50 51 -0.000200325 0.000244722
50 52 0.00129452 0.000500465
50 53 -4.02734e-05 0.000229547
50 54 0.000196033 0.000522842
50 57 -0.000267482 -6.07748e-05
50 58 -0.000199785 2.67909e-05
50 60 0.000369163 0.000747269
50 62 5.67319e-05 4.95039e-05
50 65 -0.000391441 0.000194032
51 33 -0.000387251 -5.14824e-05
51 35 -0.000257387 -0.000213944
51 36 3.37558e-05 -0.000197248
51 37 3.05472e-05 -8.58418e-05
51 38 5.08255e-05 -0.000334392
51 39 2.61459e-05 0.00023867
51 40 -0.000114405 -0.000182615
51 41 0.000313393 5.09536e-05
51 43 0.00111096 -0.000146769
51 44 0.000509692 -0.000230746
51 45 -0.000325746 0.000212204
51 46 -0.000197609 3.6916e-05
51 47 0.000342051 -0.000155854
51 48 7.37709e-05 -0.000529682
51 49 0.000263635 0.0002385
51 50 -0.000321218 0.000138835
51 51 0.000491916 -0.000117895
51 52 -0.000106152 0.000174742
51 53 0.000632752 0.000570246
51 54 -0.000396164 -0.000140395
51 55 1.40531e-05 4.93028e-05
51 56 -3.96094e-05 -4.08397e-05
51 57 0.000353076 -0.000185279
51 58 8.19882e-05 3.20734e-05
51 59 0.000372783 3.15994e-05
51 61 -0.000131533 0.000132881
51 62 -0.000503344 -0.000307589
51 64 -9.86745e-06 2.35486e-05
52 33 0.000171882 -3.31002e-05
52 34 0.000248417 0.000361284
52 35 0.000768351 -0.000254286
52 36 0.000169915 -3.35525e-05
52 37 0.000477082 8.75156e-05
52 38 7.25019e-05 0.000268743
52 39 0.000359234 0.000193606
52 40 0.000109128 -0.000673946
52 41 0.000754871 -0.000286945
52 42 6.3566e-05 -4.22741e-05
52 43 0.000162819 0.000192735
52 44 0.000485053 7.86251e-05
52 45 -0.000208126 0.000109349
52 46 0.000187001 0.00015901
52 47 -0.000184223 -3.25752e-05
52 48 9.01845e-05 -3.15544e-05
52 49 0.000516831 0.00054354
52 50 0.000617198 4.13542e-05
52 51 7.1118e-07 -2.38148e-07
52 52 7.17518e-05 0.000174784
52 54 8.03092e-06 0.000344755
52 55 -0.00051854 0.000124507
52 57 -0.000136873 -5.34156e-05
52 59 0.000172538 0.00020743
52 60 -0.000135933 0.000295116
52 61 -0.000466507 9.91362e-05
52 66 -5.88259e-05 -3.84675e-05
53 34 -0.000983121 -0.000601257
53 35 -0.000489281 5.40976e-05
53 36 -0.000156733 0.000344916
53 37 0.000759203 -0.000115194
53 38 -0.000292828 0.000274974
53 39 0.000221181 -0.000207735
53 40 0.00025754 -0.000110478
53 41 1.12485e-05 0.000254696
53 42 0.000470763 -0.000108894
53 43 0.00141123 -8.17688e-06
53 44 0.000367981 0.000128454
53 45 0.000690581 -0.000154799
53 46 -2.87658e-05 -0.000267468
53 47 0.000217816 1.13678e-05
53 48 0.000425903 -0.000225984
53 49 0.000535287 -0.000819632
53 50 0.00111363 0.00018543
53 51 9.51893e-05 1.19724e-05
53 52 0.00105561 0.000169094
53 53 1.80274e-05 0.000735102
53 54 0.000439934 1.73034e-05
53 55 -0.000171388 8.28182e-05
53 56 0.00018672 -6.47477e-05
53 60 8.06316e-05 -1.25551e-05
53 62 0.000161149 8.7261e-05
53 63 -0.000111521 0.00022305
53 64 -0.00022656 -0.000109875
53 65 -2.04503e-05 4.79561e-05
53 66 4.62192e-05 3.60074e-05
54 33 0.000158084 1.52374e-05
54 34 0.000722495 -6.14548e-05
54 36 -0.000170738 -2.74557e-05
54 37 5.3153e-05 -3.93198e-06
54 38 0.000181234 9.97549e-05
54 39 -0.000108584 -0.000485711
54 40 0.00108629 -0.000531132
54 41 0.000387657 -0.000257281
54 42 0.000450179 0.000105417
54 43 0.000648602 0.000151003
54 45 -9.66056e-05 2.29655e-05
54 46 0.00030872 0.000223988
54 47 -8.35047e-05 4.90392e-05
54 48 -0.000182648 -0.000104743
54 49 0.00012549 8.97009e-05
54 50 0.000141396 4.91867e-05
54 51 0.000127141 2.47666e-05
54 52 -0.000101377 -1.12184e-05
54 53 0.000525772 4.06862e-05
54 54 3.56639e-06 5.17258e-06
54 55 -0.000216012 -6.07776e-05
54 56 4.79374e-05 -7.35691e-05
54 57 -0.000314111 0.000139966
54 58 0.000196831 6.87593e-05
54 59 0.000213918 -0.00028609
54 61 6.57703e-05 0.0002109
54 63 -0.000300291 -0.000108992
54 64 -1.32441e-05 2.09482e-06
55 34 0.000450905 -0.000463484
55 35 -0.000173031 -0.000199568
55 36 0.000628427 -0.000463254
55 37 0.000431182 -2.89982e-05
55 38 -0.000243479 0.000547583
55 39 0.000179495 0.000277688
55 40 -4.13879e-05 -7.28295e-05
55 41 0.000626063 1.10636e-05
55 42 7.07626e-05 -5.0094e-05
55 43 0.0005037 -5.1647e-05
55 44 -0.000382898 0.000148027
55 45 0.0001698 4.46195e-06
55 46 -2.9734e-06 -0.0005073
55 47 0.00109216 -0.000181667
55 48 -0.000299847 5.24798e-06
55 49 -3.02205e-05 0.000442646
55 50 -7.39829e-05 -6.66036e-05
55 52 -2.2932e-05 -0.000482689
55 55 6.22396e-06 2.86599e-07
55 56 3.87801e-05 1.06962e-05
55 58 0.00028415 1.39496e-05
55 59 6.03461e-05 -0.000273611
55 63 -6.32175e-05 0.000424177
55 64 0.000184539 -2.51133e-05
55 66 4.34168e-05 4.8122e-05
56 33 0.000103842 7.72332e-05
56 34 0.000957048 0.00056734
56 36 0.00034672 -0.000452451
56 37 0.000219749 -0.000402237
56 38 0.000672514 -0.000127237
56 40 -0.000171927 -5.48518e-05
56 41 0.000270379 0.00011657
56 42 0.000247091 4.91164e-05
56 43 9.8674e-05 -0.00034154
56 44 -0.000441457 0.000491431
56 45 0.000281696 -0.000155607
56 47 0.000408246 1.84655e-05
56 48 0.000205721 -3.32393e-06
56 49 0.000157908 4.77512e-05
56 50 0.000270444 0.000306009
56 51 0.000180359 -0.000203384
56 52 0.00043541 -0.000165611
56 53 0.000384849 0.000116724
56 54 0.000200856 4.3639e-05
56 56 2.39271e-05 -6.20205e-06
56 57 1.93487e-05 2.37945e-05
56 58 0.000106655 -2.71641e-05
56 59 -0.000166075 0.000299345
56 60 0.000121243 3.85311e-05
56 61 0.000536496 3.89225e-06
56 62 0.000230254 0.000334512
56 63 -6.53656e-05 7.94996e-05
56 64 -0.000215593 0.00028514
56 66 -0.000440486 0.000196851
57 34 -3.34047e-05 -0.000414286
57 35 -4.89398e-06 -4.88217e-06
57 36 0.000493348 -2.7958e-05
57 38 -0.000450811 0.000194932
57 39 0.000511068 -0.00020655
57 40 0.000818298 -2.9908e-05
57 41 0.000289495 -0.000564924
57 42 0.000156758 -5.66246e-05
57 43 9.82107e-05 5.14793e-05
57 44 0.000271906 3.80981e-05
57 45 0.00036468 7.48199e-05
57 46 0.000262451 0.000421473
57 47 0.00060837 1.39618e-05
57 48 -7.69133e-05 -0.00062158
57 49 -0.000113797 -1.9365e-05
57 50 0.000181128 -0.00022732
57 51 0.000435816 0.000268718
57 52 0.000302009 0.000304145
57 53 0.000849837 0.000125987
57 54 1.26602e-05 0.000603388
57 56 -0.000526008 -0.000151934
57 57 -9.72691e-05 0.000199468
57 58 0.000180837 2.24251e-05
57 60 0.000427142 0.000113211
57 61 2.19866e-05 5.73342e-06
57 62 -0.000261519 -0.000298132
57 63 0.000123291 -2.82688e-05
57 64 0.000198962 0.000448278
57 65 8.04002e-05 0.000168995
58 34 -0.00040074 -0.000163141
58 35 0.000486774 -0.000308211
58 36 0.00030472 1.64275e-05
58 37 9.56153e-05 -0.000334814
58 38 0.00026433 -0.000425918
58 39 2.03795e-05 8.28902e-06
58 40 0.000230432 0.000103701
58 41 0.000168942 2.67827e-06
58 42 -0.000164175 -0.000229641
58 43 0.000600055 0.000111136
58 44 0.000723898 -0.000121132
58 46 0.000544069 0.000110402
58 47 3.51804e-05 0.000271889
58 48 0.000426658 -0.000156306
58 49 0.00023669 0.000181719
58 50 0.000444459 0.000350156
58 51 -0.000256522 0.000167968
58 52 0.000170012 0.000258451
58 53 0.000290549 -0.00036095
58 54 2.54221e-05 5.68829e-06
58 56 -9.96856e-05 -0.000335438
58 57 0.000528193 0.000193041
58 59 2.51203e-05 2.79692e-05
58 60 -0.000108705 4.70918e-05
58 63 0.000139328 2.5802e-06
59 33 0.000238212 -0.000160208
59 34 -0.000339741 8.91359e-05
59 35 0.000583982 -3.34454e-05
59 36 0.00014148 0.000382321
59 39 8.38191e-05 -0.000364354
59 40 0.000274698 1.60974e-05
59 41 0.000198442 -0.000764682
59 42 0.000327292 -0.000218549
59 43 -0.000289232 0.000294606
59 44 0.000331869 -0.000289118
59 45 0.000392238 -0.00017729
59 46 -6.69633e-05 -6.13945e-05
59 47 5.28377e-05 2.89004e-05
59 48 0.000299615 -1.1934e-05
59 49 7.98937e-05 0.000416791
59 50 0.000193307 -8.70749e-05
59 51 0.000834376 -0.000325544
59 52 7.29491e-05 -0.000228477
59 54 -0.000113024 4.14068e-05
59 55 -0.000639832 0.000280551
59 57 0.000224798 0.000204687
59 58 0.000119855 0.000161335
59 59 7.31123e-05 -0.000113714
59 61 0.000120137 6.99649e-05
59 62 -0.000130202 5.6635e-05
59 63 -1.50211e-05 -0.000203691
59 64 -0.000431741 -8.0588e-05
60 36 0.000422929 6.3253e-05
60 37 0.000161221 0.000103161
60 38 0.000317799 -0.000330446
60 39 0.000338467 -8.67003e-05
60 40 0.000118775 -0.000150974
60 41 0.000924709 -0.000119896
60 42 0.000735705 1.63485e-05
60 43 -0.000189124 0.000307294
60 44 0.000298194 3.49047e-05
60 45 0.00107908 -0.000590783
60 46 -0.000139676 -0.000145438
60 47 0.000333016 0.00012464
60 48 1.23239e-05 -0.000135898
60 49 -0.000175642 0.000149896
60 50 0.000164772 0.000342899
60 51 -4.53307e-05 -0.000348492
60 52 0.000562918 9.15004e-05
60 54 0.000411105 -0.000223123
60 55 1.59778e-05 4.4494e-06
60 56 -0.000124974 -0.00013982
60 57 0.000112131 0.000151242
60 58 0.000282889 -0.000263553
60 59 0.000124677 0.000220454
60 60 0.000424664 -7.42864e-05
60 62 0.000393541 4.71051e-05
61 33 0.000129554 -8.23486e-05
61 34 0.00133422 -0.000392974
61 35 0.000751415 -0.00079131
61 36 0.000237547 -0.000483577
61 37 2.9168e-05 1.88179e-06
61 38 5.6507e-05 4.10095e-05
61 39 0.00027409 -0.000294189
61 40 2.5009e-05 1.20258e-05
61 41 0.000336315 -3.08103e-05
61 43 -0.00035472 -4.87427e-05
61 44 0.00084345 0.000105503
61 45 0.00078617 0.000271914
61 46 -0.000402616 7.95659e-05
61 47 -0.000322222 0.000145996
61 48 0.000680168 -0.000363164
61 49 -0.000340322 -0.000271145
61 52 0.0003867 7.97491e-05
61 53 -0.000159732 -0.000271181
61 54 0.000142953 -0.000106646
61 55 0.00030184 0.000258583
61 56 0.000246724 3.3535e-07
61 57 -0.000192358 -0.000233686
61 60 -0.000341936 -2.00881e-05
61 61 -0.00037111 0.000140926
61 62 3.99297e-05 6.5276e-05
62 34 -0.000405253 -5.85939e-06
62 35 -0.000121711 -0.000347897
62 37 0.000747647 -0.000539035
62 38 0.000106934 -9.27172e-05
62 39 0.00034956 9.30972e-05
62 40 0.000245398 -0.000104708
62 41 0.0001447 0.00012229
62 42 0.000333728 -0.000219142
62 43 -1.42391e-05 9.74847e-06
62 44 0.000701138 5.74786e-05
62 45 -0.000246534 -0.000249735
62 46 0.000345992 0.000350374
62 47 0.000148493 -0.000246114
62 48 -0.000165023 0.000331855
62 49 -0.00043639 -0.00057912
62 51 -0.000672775 0.000474668
62 52 0.000250428 7.51728e-05
62 53 0.000535489 -2.19902e-05
62 55 0.000756813 -0.000195568
62 57 -0.000219526 -0.000263123
62 60 0.000332166 0.000264359
62 61 0.000472513 8.61413e-05
62 63 0.000100994 0.000144662
62 64 1.46976e-05 1.03722e-05
62 65 0.000127453 0.000132983
63 35 -7.67249e-05 -7.61719e-05
63 36 -9.23298e-05 -0.000249458
63 39 0.000534725 -9.72649e-05
63 40 0.000193549 -0.00035925
63 41 0.000183526 -0.000538332
63 43 -0.000369168 -0.000162249
63 44 0.000161273 -0.000109138
63 45 0.000321067 0.000134427
63 46 0.00172096 -0.000493938
63 47 0.000435686 0.000206555
63 48 8.91077e-05 0.000177332
63 49 -1.41962e-05 1.60018e-05
63 50 3.16116e-05 -4.64619e-05
63 52 0.000180881 0.000197348
63 53 0.000127083 -0.000182113
63 54 -0.000604588 5.66611e-05
63 56 2.62911e-05 4.41696e-05
63 57 0.000260638 9.55953e-05
63 58 9.12148e-05 -0.000204846
63 59 -7.67224e-05 -0.000282869
63 62 7.54275e-05 0.000136392
63 63 7.29555e-05 1.41235e-05
63 65 0.000115136 0.000248346
64 33 0.000649558 -0.000454977
64 34 0.000303337 -0.000237617
64 36 -2.69888e-05 -0.00018032
64 37 -0.000247895 -0.000303967
64 38 0.00024867 -0.000290405
64 39 0.000273248 9.16692e-05
64 42 0.000621077 4.3668e-05
64 43 0.00020218 -0.000115481
64 45 8.98013e-05 -1.21649e-05
64 46 0.000564724 0.000401624
64 48 0.000531187 -3.53696e-05
64 49 0.000321753 -0.000364099
64 50 0.000132553 -0.000118164
64 51 2.66466e-06 7.69892e-06
64 52 6.01807e-05 2.0435e-05
64 53 0.000143927 -0.000353431
64 54 0.000378364 -5.82938e-05
64 59 -4.0655e-05 0.000197255
64 60 3.54946e-05 5.61348e-05
64 66 0.000186304 0.000346796
65 34 0.000272865 1.70885e-05
65 36 -8.53439e-05 0.000220931
65 38 -7.51877e-05 -0.00042556
65 39 -8.29018e-05 -0.000191937
65 40 0.000821904 0.000412443
65 41 0.000166164 -1.35822e-05
65 44 0.000253908 0.000117992
65 45 0.000817686 -0.000117684
65 47 -1.37253e-05 6.39044e-05
65 48 5.25923e-06 7.72796e-08
65 49 -0.000128588 0.000114778
65 51 0.000344934 -0.000551224
65 52 -0.000169389 -0.000591714
65 53 0.000104381 -2.24858e-05
65 57 0.00036368 4.1149e-05
65 60 0.000154667 -2.89899e-05
65 62 0.000227668 -4.27995e-05
65 63 -3.46203e-05 0.000112204
66 34 0.000191807 -0.000274956
66 36 0.000425752 -4.4371e-05
66 37 0.00068902 -0.000283565
66 38 0.000207692 -0.000231663
66 41 -7.50028e-05 0.00064177
66 43 0.000244723 0.000217406
66 45 2.19495e-06 0.000170059
66 47 7.32411e-05 3.27746e-05
66 49 0.000127257 -5.21332e-05
66 50 0.000199285 4.06943e-05
66 51 0.000383264 0.000173768
66 53 -0.00031579 0.000316416
66 54 9.80345e-06 1.36234e-06
66 58 8.76043e-05 0.000126435
66 60 5.18083e-05 4.67702e-05
66 62 -0.000213616 0.000156777
66 64 9.93429e-05 4.18507e-05
