0 33 -4.19783 6537.84
0 34 24.147 10879
0 35 51.5061 11313.6
0 36 64.1043 11326.5
0 37 40.4458 11752.5
0 38 78.6603 11754.9
0 39 100.851 11566.6
0 40 75.4861 11469.8
0 41 -35.9365 12007.2
0 42 49.8808 12486.2
0 43 82.3329 12999.2
0 44 79.2055 13672.4
0 45 144.816 16204.7
0 46 297.437 21882.6
0 47 1.15033 152.828
0 49 1.99561 -3.40428
1 33 54.6514 18184.5
1 34 133.104 30664.5
1 35 87.3394 31117
1 36 249.506 31669
1 37 137.763 32535.6
1 38 490.488 33015.1
1 39 389.57 33282.5
1 40 230.926 32964.4
1 41 308.68 33734.9
1 42 225.407 34998.2
1 43 419.25 37118.6
1 44 426.152 40075.5
1 45 832.476 47344.1
1 46 1188.28 64843.3
1 47 15.6886 474.673
2 33 255.727 28326.8
2 34 388.261 47650.6
2 35 313.326 49021.3
2 36 254.45 50234.1
2 37 364.231 51142.2
2 38 603.424 51484.6
2 39 822.288 53325.1
2 40 1001.18 53653.7
2 41 924.171 54610.4
2 42 844.543 55984
2 43 1025.67 58184.7
2 44 1257.69 64687.7
2 45 1963.64 77025.9
2 46 2881.52 106734
2 47 -14.4225 809.665
3 33 298.228 36845.5
3 34 389.738 62013.9
3 35 595.839 62581.6
3 36 581.247 64056.9
3 37 821.523 65308.3
3 38 955.936 67441.1
3 39 1148.21 68933.2
3 40 1583.54 70297.5
3 41 1651 72615.3
3 42 1647.44 73955.6
3 43 2056.78 77609
3 44 2358.55 82100.7
3 45 3571.14 100943
3 46 4988.43 137614
3 47 55.2776 1035.16
3 52 -5.72476 -0.921008
3 53 1.17722 9.65199
4 33 459.058 42664.8
4 34 839.509 71705.1
4 35 1270.19 72743.6
4 36 967.007 74100.9
4 37 1294.89 75946.8
4 38 1359.74 76785.4
4 39 1601.05 78433.9
4 40 2058.52 79803.6
4 41 2332.31 82046.7
4 42 2846.51 85780.5
4 43 3022.88 90231
4 44 3810.43 98310.4
4 45 4623.57 117397
4 46 7579.31 165679
4 47 19.6038 1255.89
4 48 -13.1307 2.22815
4 52 -4.45944 5.08957
4 53 4.57794 4.38861
4 54 -2.57737 5.96074
5 33 276.204 43964.4
5 34 1261.67 74740.1
5 35 1661.73 76920.4
5 36 1469.75 78520.3
5 37 1822.32 79245.7
5 38 1843.44 82903.1
5 39 2067.56 83380.2
5 40 2536.69 85720.9
5 41 2927.42 89877.2
5 42 3601.13 94745
5 43 4214.96 99687.1
5 44 5241.4 108755
5 45 7117.06 132773
5 46 10141.1 182731
5 47 57.009 1334.66
5 48 -10.4288 1.799
5 52 8.44814 5.72146
5 53 2.63695 9.07916
5 61 11.6095 11.5264
6 33 406.83 43916.2
6 34 1465.71 74041
6 35 1840.32 76059.4
6 36 1800.49 78103
6 37 2121.96 80937.6
6 38 2491.03 82654.4
6 39 3092.33 84588.7
6 40 2854.55 86448.2
6 41 3574.46 89822.1
6 42 4379.63 94407.5
6 43 5275.46 100806
6 44 6106.55 110745
6 45 8323.58 139258
6 46 13709.2 194703
6 47 75.1786 1276.48
6 48 -5.26569 0.889738
6 50 -3.6404 3.27358
6 51 -7.79001 7.28417
6 52 -3.15734 3.40477
6 53 -6.47266 17.0951
6 54 5.11811 4.55159
6 60 4.46967 1.90543
7 33 373.503 42029.8
7 34 1484.9 71163
7 35 1884.71 74154.1
7 36 2250.54 75446.1
7 37 2606.11 76680.9
7 38 2587.79 78797.2
7 39 3350.93 81225.2
7 40 3424.33 84168.4
7 41 4235.4 88510.3
7 42 4970.7 92794.4
7 43 6042.18 101020
7 44 7200.11 112932
7 45 10052 138819
7 46 15143.7 193328
7 47 136.625 1589.38
7 48 -4.66009 0.854374
7 50 9.42675 1.70171
7 51 8.86175 6.40099
7 52 -1.72093 1.89014
7 53 -2.09555 5.50104
7 54 5.01375 4.25328
7 58 2.9558 5.19974
8 33 438.573 37706.2
8 34 1597.87 64573.1
8 35 2384.38 65850.7
8 36 2376.57 68229.9
8 37 2778 71007.4
8 38 2896.32 73309
8 39 3598.22 76119.8
8 40 4164.89 77720.9
8 41 4549.96 82362.6
8 42 5503.78 88099.9
8 43 6299.01 95052.8
8 44 7864.04 107592
8 45 11440.3 135502
8 46 16675.4 192414
8 47 45.8958 1203.85
8 48 -14.87 7.92698
8 49 -10.8528 -0.679249
8 50 -3.03529 5.01286
8 51 -0.740915 0.776475
8 52 0.528778 19.0849
8 54 6.76104 5.66302
8 57 -22.513 23.4664
8 60 -5.34044 6.01672
8 64 1.53961 3.99358
9 33 169.372 33314.4
9 34 1772.54 56866.5
9 35 2123.31 59180.4
9 36 2729.38 60944
9 37 3031.39 62444.9
9 38 3523.92 64442
9 39 3601.07 66573.7
9 40 4489.88 70701.2
9 41 4705.27 75054.8
9 42 5604.09 80569.7
9 43 6727.6 88167.7
9 44 8433.54 99524.5
9 45 11834.8 127041
9 46 19139.6 182843
9 47 79.8393 1183.75
9 48 -9.52875 14.5766
9 49 0.0581167 -1.23838
9 50 23.5246 4.3887
9 51 -2.11845 2.21409
9 54 12.6769 11.6841
9 57 -12.8488 14.812
9 59 -5.18984 2.23175
10 33 394.384 27930
10 34 1661.56 47184.6
10 35 2139.6 48771.3
10 36 2690.94 50599.3
10 37 2941.78 52857.5
10 38 3553.77 55197
10 39 3910.22 56572.4
10 40 4063.62 58550.2
10 41 4888.75 62202.7
10 42 5549.95 68882.1
10 43 7051.32 77516.8
10 44 8473.89 89827.9
10 45 12246.5 117003
10 46 19237.1 167031
10 47 92.5779 1190.81
10 48 -4.57047 7.15649
10 51 -0.73668 0.768333
10 56 -0.0861768 0.452037
10 57 -6.22474 -0.872008
11 33 387.956 22136.1
11 34 1674.49 37827.5
11 35 2044.07 39435.3
11 36 2463.31 40545.8
11 37 2850.32 42211.1
11 38 3693.58 44473.7
11 39 3930.39 45991.2
11 40 4128.91 49448
11 41 4609.65 53579.7
11 42 5166.45 57762.5
11 43 6488.55 65297.3
11 44 8269.34 77719.6
11 45 11815.3 103578
11 46 18258.9 154111
11 47 82.3995 1006.76
11 48 -8.96995 4.55606
11 50 -5.38449 -2.4919
11 56 -3.83954 3.20771
11 63 -3.55146 3.25761
12 33 258.231 16753.7
12 34 1196.23 28923.7
12 35 2292.44 30612.6
12 36 2742.2 31714.7
12 37 2581.61 33437.7
12 38 3072.05 35191.7
12 39 3456.79 37510
12 40 3804.9 39619.2
12 41 4277.02 43382.4
12 42 5147.87 48353.1
12 43 6026.84 55200.3
12 44 7300.87 65388.5
12 45 11198.7 89731.8
12 46 17484.8 130850
12 47 59.0678 827.085
12 48 3.33574 5.70308
12 49 10.3155 -4.56194
12 50 5.16815 15.2646
12 51 9.51069 -4.23649
12 52 5.66504 -2.24726
12 55 -7.17043 19.0751
12 56 -4.73168 3.94763
13 33 404.824 13476.2
13 34 1107.26 22730.2
13 35 1946.04 24110.3
13 36 2384.63 25420.5
13 37 2452.48 25835.6
13 38 2890.26 27330.5
13 39 3295.3 28849.7
13 40 3453 31195.3
13 41 3768.3 34420.7
13 42 4557.36 38396.8
13 43 5476.83 45023.5
13 44 6882.99 54484.4
13 45 10653 72884.1
13 46 16087.9 108664
13 47 65.4984 722.179
13 48 -3.60118 3.81498
13 49 -0.0046199 0.0157669
13 50 10.0321 45.8649
13 54 -5.29131 11.402
13 56 -2.33133 1.91674
13 58 5.57178 0.608387
13 65 4.45234 -0.402647
13 66 -1.21115 1.7405
14 33 313.042 9446.22
14 34 1037.56 16450.8
14 35 1690.06 17236
14 36 2209.55 18590.2
14 37 2554.55 19803.2
14 38 2806.38 21573.7
14 39 3003.98 23512.3
14 40 3234.93 24802.3
14 41 3487.74 27371.1
14 42 4118.75 31265.7
14 43 4992.92 36112.9
14 44 6295.32 44161.4
14 45 9693.72 63266.4
14 46 14146.6 92409.5
14 47 50.928 518.394
14 48 -14.3543 10.1638
14 50 -7.86468 19.3353
14 51 -16.4188 4.91544
14 54 9.72887 3.24547
14 56 -2.71849 2.27773
14 66 -8.12658 12.5314
15 33 415.211 6627.31
15 34 883.534 11260.4
15 35 1423.79 12180.9
15 36 1890.09 13401.5
15 37 2318.67 14354
15 38 2401.04 14924.4
15 39 2700.01 16756
15 40 2914.11 18467
15 41 3196.82 20696.9
15 42 3470.13 23519.8
15 43 4395.7 27890.3
15 44 5656.23 35574.2
15 45 8423.91 50859.4
15 46 13219.5 77412.5
15 47 45.2253 460.455
15 48 -21.8012 68.5007
15 49 -4.25322 6.36925
15 50 -1.9483 20.5125
15 51 -5.33239 6.1635
15 53 -2.93301 -18.2475
15 54 -3.21318 5.76604
15 57 -10.2016 -6.20933
15 58 3.48733 -2.47743
15 59 5.2312 0.523332
15 63 4.3523 2.90946
15 65 -3.6213 5.41315
15 66 -1.7619 2.63837
16 33 240.954 4487.44
16 34 791.185 7868.03
16 35 1197.31 8294.67
16 36 1854.07 9355.69
16 37 2011.05 10002.8
16 38 2154.06 10800.5
16 39 2463.95 11847.2
16 40 2614.55 13082.6
16 41 2628.21 14910.1
16 42 3235.95 17863.3
16 43 3585.68 21293.7
16 44 4624.7 27661.7
16 45 7217.64 41012.6
16 46 11229.1 64090.8
16 47 34.7095 314.478
16 48 -11.577 28.0911
16 51 -7.74839 2.66164
16 53 -2.80668 5.17238
16 57 -9.69359 1.95223
16 65 -3.46594 5.54258
17 33 218.663 3013.79
17 34 685.736 5405.29
17 35 1120.99 5952.55
17 36 1659.12 6603.95
17 37 1856.82 7221.21
17 38 1873.33 7868.15
17 39 2049.74 8592.86
17 40 2279.26 9641.34
17 41 2391.53 10766.4
17 42 2849.52 13345.8
17 43 3077.36 16168.2
17 44 3722.87 20362.3
17 45 6198.16 31537.3
17 46 9200.08 48725
17 47 41.0257 331.364
17 48 -3.31956 4.55259
17 49 10.5805 15.4709
17 50 -4.27396 -6.54662
17 51 -10.3181 12.9822
17 53 -8.83199 4.26724
17 57 -10.958 1.54234
17 58 3.40055 1.86702
17 59 -12.2817 9.1561
17 60 -2.93327 24.8811
17 63 4.14328 6.9056
17 65 -5.19725 5.89335
18 33 178.357 1668.71
18 34 494.912 2955.88
18 35 944.039 3405.31
18 36 1287.89 3940.97
18 37 1692.81 4608.42
18 38 1681.47 5076.09
18 39 1786.99 6039.45
18 40 1952.49 7127.2
18 41 1959.7 8282.38
18 42 2239.23 9981.23
18 43 2582.49 12508
18 44 2930.82 15956.5
18 45 5156.03 25154.2
18 46 7791.19 37696.7
18 47 4.06894 124.929
18 49 4.36001 11.6154
18 50 -6.83242 28.0154
18 51 -12.5246 0.953231
18 52 8.02626 39.9166
18 53 -1.94457 3.2109
18 57 -6.36203 2.01446
18 58 -1.23924 4.59841
18 59 -10.9496 6.61021
18 63 9.25505 16.3566
18 64 -2.83019 4.28602
18 65 -15.008 5.26533
19 33 114.215 1097.44
19 34 391.421 2019.99
19 35 792.945 2302.39
19 36 1049.58 2774.22
19 37 1479.12 3451.71
19 38 1551.77 3869.47
19 39 1374.39 4253.48
19 40 1626.09 5061.01
19 41 1803.77 6043.04
19 42 1881.01 7546.9
19 43 2192.89 9549.63
19 44 2642.5 12426.3
19 45 4212.93 19112.5
19 46 6377.02 29649.9
19 47 11.6975 115.74
19 48 -9.27928 7.20308
19 49 15.0922 11.269
19 50 -0.948466 4.36844
19 51 -11.7663 16.2353
19 52 -0.761267 1.05724
19 53 -1.56842 2.2585
19 54 6.80525 19.9932
19 56 -3.148 0.229433
19 57 -9.17108 2.53732
19 58 -7.47917 1.5458
19 59 -7.04872 3.61486
19 63 14.4797 -6.11316
19 64 -2.75152 4.0275
19 65 -6.13834 2.50635
20 33 83.2302 659.907
20 34 335.131 1205.28
20 35 580.031 1591.59
20 36 1050.35 2130.41
20 37 1237.74 2539.17
20 38 1355.57 2842.62
20 39 1258.96 2997.85
20 40 1491.21 3808.55
20 41 1558.44 4572.27
20 42 1665 5037.02
20 43 1824 6574.35
20 44 2115.93 8985.77
20 45 3559.52 14669.3
20 46 5064.41 22229.2
20 47 26.9678 73.4906
20 48 -6.99887 6.20596
20 49 10.774 26.2789
20 50 -11.5813 28.3802
20 52 -4.51242 -2.97176
20 53 8.69159 4.64321
20 54 1.16759 3.24595
20 55 -4.18018 26.6883
20 56 -2.50548 0.938025
20 57 -0.78046 0.285044
20 58 -8.21576 4.2903
20 59 -3.66654 3.74443
20 64 -2.15747 3.43154
20 65 -5.92707 2.2727
21 33 75.5075 417.231
21 34 311.109 827.76
21 35 506.848 1070.59
21 36 741.6 1314.19
21 37 1021.33 1683.65
21 38 1406.07 2326.55
21 39 1229.53 2466.63
21 40 1183.19 2595.48
21 41 1302.53 3145.88
21 42 1464.54 3880.65
21 43 1549.85 4860.35
21 44 1677.74 6424.5
21 45 2925.31 11405.4
21 46 3715.77 16568.1
21 47 19.7784 50.1574
21 48 -6.59976 18.3904
21 49 -1.54287 6.21102
21 50 14.7592 -4.74251
21 51 -4.53259 4.77264
21 52 -1.78053 2.46187
21 53 6.50304 5.41448
21 55 10.5871 -2.60885
21 56 -4.35354 1.6118
21 58 -16.034 10.1995
21 61 5.62081 2.25525
21 63 -0.877229 1.4239
21 64 -1.2678 2.05875
21 65 -4.78693 1.9023
22 33 67.85 214.521
22 34 227.538 450.278
22 35 452.279 640.816
22 36 663.756 921.301
22 37 814.175 1138.23
22 38 1167.51 1789.91
22 39 1060.16 1743.65
22 40 1129 2157.23
22 41 1078.47 2428.01
22 42 1188.41 2975
22 43 1240.84 3617.88
22 44 1383.97 4594.12
22 45 2275.04 8114.28
22 46 3052.77 11778.5
22 47 1.3137 36.0892
22 48 3.17249 13.8159
22 50 10.8401 -5.15432
22 51 -12.6453 3.92164
22 52 -1.31968 1.91478
22 53 17.0357 11.9145
22 54 2.64236 4.55634
22 56 -4.63009 1.67755
22 60 10.4729 4.42105
22 63 -0.589719 0.95637
22 65 -7.48198 2.641
23 33 67.9741 123.262
23 34 199.629 256.358
23 35 400.146 395.83
23 36 613.162 677.538
23 37 733.069 925.667
23 38 976.431 1376.9
23 39 1082.21 1546.72
23 40 946.719 1581.99
23 41 913.65 1758.36
23 42 1014.99 2098.62
23 43 1057.14 2753.9
23 44 1281.82 3689.75
23 45 1691.12 6001.93
23 46 2431.74 9096.85
23 47 20.9119 53.4907
23 49 7.223 1.27239
23 50 -6.81838 -8.7307
23 52 4.41384 3.69558
23 55 2.79736 5.20904
23 56 -1.24811 0.439642
23 58 -1.88213 5.5564
23 59 2.71777 9.95983
23 60 4.5299 14.0492
23 61 0.534176 1.72662
23 65 3.99554 -2.78022
24 33 37.1817 42.487
24 34 175.71 134.731
24 35 324.911 270.309
24 36 470.625 445.409
24 37 713.067 715.297
24 38 765.311 878.957
24 39 834.399 1163.57
24 40 797.403 1262.6
24 41 846.76 1419.17
24 42 859.926 1730.16
24 43 838.973 2103.12
24 44 1066.06 2807.67
24 45 1386.38 4341.66
24 46 1662.22 6141.58
24 47 19.7693 41.8233
24 52 -4.36051 2.78327
24 53 0.117143 5.79459
24 56 -7.9408 2.81914
24 59 4.2823 -2.45857
24 60 6.6761 -6.09125
24 61 4.7743 16.4506
24 62 2.63829 33.9334
24 63 0.0297082 8.95815
24 65 -2.85936 1.10436
25 33 47.0393 33.4799
25 34 134.268 95.9316
25 35 350.085 217.649
25 36 393.856 343.677
25 37 532.484 615.295
25 38 704.703 810.644
25 39 780.492 1015.43
25 40 700.781 1035.73
25 41 834.023 1274.31
25 42 878.579 1538.47
25 43 703.146 1512.7
25 44 850.056 2050.11
25 45 1181.49 3625.85
25 46 1139.25 4113.17
25 47 18.2836 21.2787
25 48 5.69607 1.81672
25 49 14.3811 -0.357912
25 50 -10.0792 4.8968
25 52 10.8365 -5.42116
25 56 -2.76918 0.9903
25 57 -7.14696 -0.414216
25 59 6.84416 1.94344
25 60 2.76162 -1.64655
25 65 -4.78802 1.68954
26 33 23.1534 12.0906
26 34 123.742 43.7435
26 35 270.846 158.364
26 36 312.146 241.662
26 37 466.542 469.784
26 38 604.831 623.982
26 39 716.078 873.112
26 40 516.137 712.919
26 41 726.738 1023.06
26 42 751.586 1206.51
26 43 621.2 1257.76
26 44 682.659 1506.98
26 45 958.843 2617.49
26 46 901.498 3042.69
26 47 16.0038 14.3291
26 48 11.0578 -0.703844
26 49 5.89282 1.29962
26 50 12.6217 11.4509
26 52 2.72951 -2.72844
26 56 -2.56394 0.921143
26 57 -23.1856 6.32646
26 65 -1.20268 0.386389
27 33 35.2183 -2.72935
27 34 92.6654 30.401
27 35 184.021 92.3036
27 36 264.2 204.873
27 37 422.626 422.488
27 38 560.122 590.625
27 39 723.128 810.173
27 40 479.765 671.809
27 41 589.861 869.427
27 42 649.142 973.714
27 43 623.436 1130.48
27 44 512.237 1109.44
27 45 815.288 2091.59
27 46 644.279 1825.12
27 47 5.55127 4.32068
27 48 5.31636 -0.657235
27 52 2.16487 9.95411
27 55 2.06704 -3.36531
27 56 -2.71064 0.997153
27 57 -12.19 4.72653
27 62 1.76506 4.13058
27 63 0.463024 1.08112
27 65 -2.66755 0.87023
28 33 23.2362 7.12267
28 34 57.3975 26.7567
28 35 155.775 81.8867
28 36 250.279 148.988
28 37 353.94 258.237
28 38 485.857 488.985
28 39 615.675 675.843
28 40 410.41 567.549
28 41 577.317 750.845
28 42 619.4 895.564
28 43 503.867 836.871
28 44 456.94 949.264
28 45 621.524 1541.29
28 46 579.154 1742.38
28 47 12.3521 8.8704
28 50 3.83923 3.00982
28 52 12.3462 9.04297
28 55 -2.11326 7.97929
28 56 -5.62596 -1.05463
28 57 -6.27959 2.57327
28 63 2.12185 4.62286
28 65 -2.62166 0.810606
29 33 22.334 2.27307
29 34 38.0659 12.7297
29 35 99.5013 37.0766
29 36 199.907 125.724
29 37 342.256 258.206
29 38 413.618 392.162
29 39 510.173 528.195
29 40 426.566 553.36
29 41 440.62 584.731
29 42 462.465 644.676
29 43 442.853 707.119
29 44 305.811 598.425
29 45 551.954 1211.98
29 46 308.536 946.408
29 47 3.42828 -4.79931
29 48 -19.4512 -0.013059
29 50 16.3563 13.4569
29 52 -10.6954 0.180039
29 54 -4.38779 2.06629
29 55 -10.1344 2.15072
29 56 -5.12162 3.2579
29 57 -4.67986 2.08214
29 59 4.16834 -0.465728
29 63 2.15048 4.33195
30 33 26.2277 2.04548
30 34 46.475 28.9786
30 35 99.0408 37.1967
30 36 196.864 110.984
30 37 342.313 228.217
30 38 386.502 323.503
30 39 461.349 478.716
30 40 403.311 509.192
30 41 333.08 443.358
30 42 507.699 691.423
30 43 390.324 537.226
30 44 250.147 478.091
30 45 447.171 959.845
30 46 221.437 658.073
30 47 4.27602 9.6998
30 48 11.7607 19.6365
30 49 -3.93299 3.75642
30 50 6.21688 6.87256
30 51 12.6559 2.64618
30 52 -2.993 2.72991
30 53 0.719956 0.953259
30 54 -6.66069 2.69111
30 55 -9.66722 -1.46724
30 56 5.74357 -0.353181
30 59 12.5031 -11.9886
30 64 2.69438 5.96272
31 33 42.6081 2.22311
31 34 42.95 29.8311
31 35 84.8839 39.8215
31 36 149.167 85.6114
31 37 267.454 199.754
31 38 297.479 259.477
31 39 362.812 348.287
31 40 366.718 410.813
31 41 253.571 329.212
31 42 413.441 583.163
31 43 326.004 483.143
31 44 217.648 396.995
31 45 375.27 697.816
31 46 138.301 443.221
31 47 4.45313 20.4781
31 48 -14.1412 -10.6688
31 50 24.9883 14.0487
31 51 3.04939 -5.18113
31 52 -2.40359 6.05857
31 53 3.76592 5.25158
31 54 -4.99386 2.03713
31 56 1.37785 0.89137
31 58 5.79132 -1.04709
31 59 5.36725 -0.238185
31 63 0.109471 0.0939769
31 64 1.94445 3.96636
31 66 6.46402 8.99734
32 33 41.1361 -1.71031
32 34 32.7448 21.503
32 35 90.3296 35.1897
32 36 85.106 54.2713
32 37 207.339 142.759
32 38 257.247 224.315
32 39 321.602 281.551
32 40 364.61 420.843
32 41 223.671 287.719
32 42 303.805 461.462
32 43 303.601 455.178
32 44 232.882 372.919
32 45 335.965 616.386
32 46 80.0974 233.916
32 47 11.7065 -10.8247
32 50 -8.58718 6.42474
32 53 3.14922 4.49887
32 54 9.95507 3.11182
32 56 3.85222 -0.281351
32 57 4.68058 -0.803948
32 59 5.78123 1.87591
32 63 4.03664 3.5004
32 64 9.56969 9.42754
32 65 -2.6553 2.98584
33 33 20.7274 -5.9434
33 34 18.9813 3.51893
33 35 105.835 0.397437
33 36 93.0146 37.7121
33 37 183.317 110.345
33 38 242.259 204.64
33 39 289.564 274.053
33 40 213.564 225.339
33 41 199.878 271.104
33 42 236.423 263.605
33 43 297.826 495.264
33 44 184.059 339.427
33 45 187.466 399.569
33 46 45.8908 136.652
33 47 -13.3078 6.16151
33 49 13.2281 -14.3827
33 50 7.03518 -1.68288
33 53 9.07168 7.19779
33 54 -12.9586 8.58666
33 56 1.66988 -0.0295854
33 57 9.78426 -1.81352
33 60 3.35175 -3.41589
33 64 6.34617 5.14576
33 65 2.25592 4.33031
34 33 14.1197 -0.0151015
34 34 15.9265 -2.43389
34 35 68.6558 22.9154
34 36 71.4813 37.2675
34 37 167.009 104.94
34 38 219.897 189.481
34 39 259.402 245.717
34 40 188.955 215.461
34 41 174.937 225.502
34 42 153.423 226.485
34 43 194.886 292.96
34 44 161.152 260.523
34 45 151.677 301.173
34 46 50.8087 137.038
34 47 -2.08025 1.29692
34 49 11.9528 6.62964
34 51 0.00567876 8.35149
34 53 3.78806 7.06157
34 54 2.51113 4.01223
34 56 8.64469 0.459344
34 57 7.16157 -2.31105
34 63 7.38917 1.83189
34 65 8.05953 9.01636
34 66 0.611283 1.24587
35 33 10.009 -4.10406
35 34 8.01665 0.420287
35 35 50.0946 14.7968
35 36 93.7385 42.8085
35 37 106.074 72.2264
35 38 197.317 151.769
35 39 152.761 158.871
35 40 180.717 199.737
35 41 188.615 215.86
35 42 166.685 213.049
35 43 195.136 250.148
35 44 180.846 268.829
35 45 90.6272 194.918
35 46 46.339 96.2083
35 47 -4.50492 1.95165
35 48 -2.2546 -0.535513
35 49 15.5002 8.25923
35 52 4.31512 -0.513511
35 53 -9.63026 4.74292
35 54 3.78035 5.85133
35 55 -5.58116 -2.24331
35 56 -0.501533 10.378
35 57 -5.85097 23.8916
35 65 5.9476 4.52784
35 66 3.52995 6.8085
36 33 3.76106 0.316146
36 34 6.71491 0.367991
36 35 41.4795 13.6193
36 36 71.4451 31.9576
36 37 93.4399 56.587
36 38 163.297 137.829
36 39 163.788 149.995
36 40 177.796 170.659
36 41 175.373 207.17
36 42 141.689 192.825
36 43 190.904 237.012
36 44 140.007 213.236
36 45 96.0169 227.671
36 46 24.9298 42.1277
36 47 3.87001 3.36918
36 48 8.51603 1.09241
36 49 13.4118 11.4888
36 52 7.04604 3.55579
36 54 7.72327 11.0034
36 56 17.5822 7.44039
36 59 -12.0202 -2.67636
36 65 5.28213 3.98016
36 66 2.21037 3.93639
37 33 3.68395 29.8668
37 34 7.63408 0.770647
37 35 24.5955 11.7114
37 36 45.8237 17.0511
37 37 111.305 51.5341
37 38 128.311 101.132
37 39 140.749 138.829
37 40 127.388 135.27
37 41 163.712 176.078
37 42 134.59 181.14
37 43 166.057 196.807
37 44 122.588 196.699
37 45 106.175 206.623
37 46 11.0966 23.7529
37 47 -12.0223 2.59993
37 48 -13.4092 14.1288
37 49 48.8956 37.9157
37 50 -9.76748 19.4354
37 52 17.2431 6.47933
37 53 -4.26534 4.60217
37 54 12.7771 15.1663
37 55 -4.21021 0.41583
37 57 9.49257 -5.15233
37 59 -8.91506 5.88061
37 61 3.98273 -4.00569
37 62 -4.54849 -2.51996
37 65 5.78216 4.52915
38 33 10.9864 4.49617
38 34 7.90878 0.894359
38 35 16.3804 8.18475
38 36 33.7057 9.98509
38 37 128.778 62.7348
38 38 129.267 87.2675
38 39 144.017 139.81
38 40 141.792 130.622
38 41 154.409 171.961
38 42 142.063 203.858
38 43 163.572 171.733
38 44 105.146 164.843
38 45 96.7548 180.523
38 46 36.1151 61.1741
38 47 0.800151 -24.0665
38 48 -5.21831 46.2002
38 49 12.4787 8.88344
38 50 5.21379 3.59241
38 51 -11.6589 8.65132
38 52 -12.0501 7.78186
38 56 -1.69627 5.34283
38 57 20.9518 -11.5731
38 59 3.80118 1.60688
38 64 9.54753 -2.76364
38 66 4.16242 3.31807
39 33 -5.37241 -6.90839
39 34 24.3591 11.1304
39 35 10.311 3.51281
39 36 19.4427 10.7228
39 37 61.333 42.3047
39 38 135.375 74.4414
39 39 131.669 133.031
39 40 101.099 103.475
39 41 117.433 129.51
39 42 104.676 140.473
39 43 116.809 181.584
39 44 71.4608 119.523
39 45 77.007 139.54
39 46 13.5862 25.5464
39 47 11.0021 26.3901
39 48 37.5476 29.0394
39 50 15.8655 2.86045
39 51 3.76967 3.84669
39 53 0.772633 0.371031
39 54 11.0204 -0.937538
39 57 10.8356 -0.911437
39 58 -5.35552 -0.315253
39 59 8.7187 3.73221
39 61 -1.90188 4.24179
39 65 12.2238 -4.53645
39 66 8.13391 6.78684
40 33 1.07055 4.94661
40 34 16.9158 11.5739
40 35 0.569841 7.0251
40 36 18.2524 27.6854
40 37 53.0955 17.5402
40 38 79.8634 48.4398
40 39 129.201 105.607
40 40 83.5919 81.867
40 41 89.3254 94.7406
40 42 94.3943 129.019
40 43 71.4045 115.45
40 44 72.6368 120.292
40 45 44.7491 104.025
40 46 10.106 22.7376
40 47 -4.40516 0.966364
40 48 11.7662 10.5297
40 49 5.6324 2.22728
40 50 12.7484 9.63718
40 51 7.61281 5.37627
40 52 4.69503 4.8416
40 53 2.18055 1.04622
40 57 6.3693 -8.62374
40 59 7.07218 2.74802
40 60 3.0851 3.60494
40 62 -2.48311 5.31333
40 66 12.0515 10.9094
41 33 1.1625 4.27485
41 34 6.66813 12.2974
41 35 0.754874 5.91371
41 36 0.990489 1.13139
41 37 40.7359 14.2771
41 38 47.0002 38.6956
41 39 114.868 85.1479
41 40 107.989 105.084
41 41 81.7751 87.2515
41 42 77.584 112.138
41 43 80.3271 84.5204
41 44 42.9687 57.6937
41 45 36.0779 61.3624
41 46 30.6146 15.2958
41 47 7.48969 8.55484
41 48 3.13173 9.09408
41 50 -12.2125 -5.7394
41 51 1.46398 3.98405
41 52 11.5305 5.41972
41 53 -2.60586 1.27526
41 54 0.0802954 0.0407799
41 55 -3.91379 3.49931
41 56 -3.59247 0.290294
41 58 4.12009 0.243065
41 59 10.2256 5.36877
41 60 21.9026 19.0476
41 65 5.45853 13.775
41 66 7.1162 8.07463
42 33 4.17688 4.85318
42 34 5.0586 5.51902
42 35 7.90228 7.4491
42 36 3.28269 9.12883
42 37 23.8582 11.1353
42 38 65.6546 42.0099
42 39 82.4316 64.5222
42 40 81.1216 99.1227
42 41 64.7834 78.7286
42 42 86.9428 150.737
42 43 81.5 131.364
42 44 60.609 100.678
42 45 27.5828 59.0987
42 46 6.24515 37.1097
42 48 0.607633 14.5239
42 49 2.07033 -3.34516
42 51 -7.15768 5.45514
42 52 7.88667 6.06109
42 54 -1.78003 -0.732132
42 55 2.83936 2.09566
42 56 -4.48818 6.70798
42 57 0.714736 0.864662
42 59 0.559228 10.4347
42 63 4.83112 3.30656
42 65 8.18761 12.2697
42 66 0.369383 8.62509
43 33 6.71282 16.0469
43 34 11.5125 0.858706
43 35 5.14222 1.51899
43 36 2.61064 5.73167
43 37 23.3196 20.9552
43 38 43.6742 36.2318
43 39 98.7675 65.4147
43 40 52.6244 60.198
43 41 66.4057 84.8227
43 42 82.8097 126.959
43 43 83.6891 93.1229
43 44 62.9372 121.53
43 45 15.3981 26.5204
43 46 -6.19068 0.448459
43 47 8.47076 -0.798153
43 49 0.958539 0.345456
43 50 4.66102 1.46249
43 51 1.53673 8.26853
43 52 8.17787 8.04478
43 54 -4.2655 3.95488
43 56 -0.0961951 0.638979
43 57 4.42674 19.0399
43 58 6.1358 -0.810416
43 59 -9.25682 3.25535
43 60 2.12559 2.01054
44 33 7.1606 14.5961
44 34 12.1322 14.4897
44 35 2.00812 7.90028
44 36 2.55697 6.19656
44 37 26.2845 7.788
44 38 40.1536 30.4218
44 39 51.9382 45.4838
44 40 57.8731 64.4167
44 41 53.9212 66.1154
44 42 84.4502 93.0505
44 43 81.0683 125.661
44 44 38.862 75.564
44 45 32.3386 34.4519
44 46 1.7634 1.41351
44 49 3.98576 4.78791
44 50 3.06436 1.17234
44 53 3.69645 0.971843
44 54 23.8072 14.5311
44 56 -4.54273 -3.87565
44 57 2.9642 4.58376
44 59 -4.39301 1.41677
44 64 -3.55351 7.48298
45 33 4.08345 5.10481
45 34 18.6427 16.1068
45 35 1.85638 6.29849
45 36 1.93215 8.88025
45 37 16.4691 18.003
45 38 29.0038 27.9998
45 39 35.7187 30.793
45 40 26.2111 37.0617
45 41 68.8312 70.1959
45 42 55.9635 49.9208
45 43 53.2678 91.5362
45 44 36.7365 41.6842
45 45 10.2842 27.4041
45 46 3.83603 3.12595
45 47 4.91072 -2.27088
45 49 8.87145 -7.47644
45 50 7.65984 0.6437
45 51 -0.0878959 -0.666963
45 54 11.4967 4.13785
45 55 3.20455 6.40367
45 56 -15.3225 2.53719
45 57 1.494 3.14823
45 59 -0.0942238 0.0306807
46 33 5.65134 8.96005
46 34 -1.12485 1.21523
46 35 11.7775 9.22766
46 36 3.26669 4.46947
46 37 13.562 18.4436
46 38 18.4744 -0.690969
46 39 44.4502 28.5444
46 40 27.806 22.5653
46 41 55.073 76.959
46 42 34.2083 51.1731
46 43 27.945 40.3558
46 44 35.3697 52.2186
46 45 29.4165 43.7024
46 46 4.80944 14.4312
46 47 1.41856 -0.734356
46 49 -1.72907 9.83976
46 50 4.79903 2.31349
46 53 0.97933 5.20557
46 54 21.958 4.58753
46 56 17.6495 15.2841
46 58 -8.4102 3.74899
46 66 5.29444 24.4405
47 33 0.0783604 0.161892
47 34 6.49461 8.08782
47 35 -2.65338 10.1546
47 36 3.91403 6.25191
47 37 7.45797 5.8689
47 38 16.503 15.8157
47 39 44.9142 25.6115
47 40 35.7678 31.0378
47 41 29.7287 42.4389
47 42 49.717 46.3988
47 43 5.13994 19.6705
47 44 39.4037 75.5311
47 45 11.0208 47.9283
47 46 6.38775 26.9547
47 47 2.09917 -0.83542
47 48 7.62943 2.29549
47 49 -3.5985 14.0686
47 50 1.87039 0.7997
47 54 14.5362 29.725
47 55 3.40867 2.91191
47 60 3.00331 -5.66754
48 33 1.2577 2.51053
48 34 7.86907 9.69947
48 35 -3.60788 7.3302
48 36 13.8623 17.2563
48 37 27.025 21.269
48 38 0.991261 1.508
48 39 37.2767 22.6219
48 40 27.2594 28.1287
48 41 6.18787 10.0852
48 42 27.4421 30.829
48 43 17.8992 18.7573
48 44 18.8967 33.6111
48 45 5.8367 6.14053
48 46 14.8766 2.46435
48 47 14.6413 4.65413
48 48 -0.545643 9.0133
48 50 2.98024 1.29193
48 51 -26.5408 15.6566
48 52 -0.268946 -4.417
48 54 -8.44303 0.544255
48 55 -20.5317 -2.56229
48 56 11.1548 27.6553
48 59 5.36529 2.61712
48 64 15.1799 -4.00748
48 65 -7.20833 -2.47899
49 33 1.35189 2.58051
49 34 6.59502 7.44742
49 35 -0.30633 -1.33658
49 36 7.95253 7.56422
49 37 9.64183 14.4009
49 38 4.20085 2.47466
49 39 50.6714 31.6087
49 40 16.028 20.7134
49 41 19.1791 25.733
49 42 17.6074 11.4775
49 43 12.1202 5.47038
49 44 32.2586 36.3796
49 46 8.93357 -4.62178
49 47 2.8078 2.46093
49 49 -8.71992 1.89948
49 50 5.93431 2.00568
49 51 -17.3495 15.0381
49 52 8.59555 12.2653
49 54 18.8465 -1.96647
49 55 -14.0422 6.58335
49 56 2.46355 1.81701
49 58 -1.55253 0.312316
49 59 8.74411 -2.94846
49 64 1.93132 5.44863
49 65 -3.7269 -9.38111
49 66 -1.16663 1.98047
50 34 0.506276 6.70789
50 35 1.96545 2.44984
50 36 6.77369 6.76355
50 37 11.3378 12.0904
50 38 3.71849 7.15844
50 39 25.4578 14.5853
50 40 11.3926 3.88254
50 41 16.8953 10.902
50 42 28.3882 34.7289
50 43 6.75839 7.55297
50 44 18.9561 29.3963
50 45 2.15406 5.64594
50 46 5.90732 -0.145723
50 47 3.18034 3.13113
50 49 -3.84299 -1.28009
50 50 0.468709 4.41245
50 51 8.25954 21.7897
50 54 4.14716 2.29902
50 55 2.20249 3.86241
50 56 12.2937 14.0751
50 58 -10.6255 19.6156
50 64 10.1844 2.07362
51 33 2.52041 3.32796
51 34 0.959782 5.92777
51 35 4.44408 5.52801
51 36 15.3409 4.59338
51 37 12.3203 15.6362
51 38 11.1782 8.89723
51 39 22.2323 14.689
51 40 2.44786 2.89451
51 41 6.84295 9.06391
51 42 36.2808 60.4024
51 43 9.86618 -2.14103
51 44 1.73675 16.9622
51 46 15.5272 -3.24983
51 47 -0.774246 -0.527611
51 48 1.817 0.434711
51 49 9.97843 5.16723
51 50 -3.70691 8.01943
51 51 9.52346 17.3674
51 52 1.48594 4.36248
51 54 15.1467 9.04077
51 55 -2.75569 11.6763
51 56 11.4068 26.1759
51 57 5.83374 34.2799
51 58 -8.06383 31.5509
51 60 3.71759 -16.1947
51 65 -5.8523 1.5244
52 34 2.72249 3.35546
52 35 6.25989 6.61302
52 37 28.8414 0.639237
52 38 27.3373 13.6627
52 39 24.9395 18.3804
52 40 14.34 6.62159
52 41 16.5849 11.9416
52 42 29.8853 35.6229
52 43 15.7268 12.1969
52 44 -3.6542 1.76508
52 46 -4.19455 2.36819
52 47 10.046 9.37228
52 48 10.8163 5.9693
52 49 19.1354 8.00957
52 50 7.82395 3.43409
52 51 12.0622 10.8013
52 52 11.8368 14.4762
52 53 -2.05089 5.76162
52 54 -4.07785 10.8099
52 55 -0.746918 2.0833
52 56 9.94583 6.82805
52 57 -6.36974 4.21945
52 58 2.62398 10.72
52 59 -4.15547 4.3022
52 60 3.77437 11.8102
52 66 0.0823834 0.136715
53 34 -5.60622 10.3698
53 35 12.7553 13.6845
53 37 5.51367 5.08626
53 38 14.7009 7.57315
53 39 45.7552 35.1361
53 40 15.3921 18.9736
53 41 14.7582 15.5134
53 42 2.81299 4.81986
53 43 7.98721 19.8773
53 44 -8.98771 17.1663
53 46 -4.20577 -2.20451
53 47 16.3414 11.0292
53 48 5.14039 6.00428
53 49 -0.825579 -7.07002
53 50 12.9718 -1.02223
53 51 11.3565 15.9197
53 52 24.4364 13.621
53 53 2.70882 18.1596
53 54 3.09665 19.8711
53 55 -5.57772 33.2246
53 56 19.3083 17.9126
53 57 1.9832 5.44817
53 58 14.3053 16.7143
53 59 -4.54723 -0.179478
53 61 -5.74642 0.775178
53 62 -8.7135 4.36704
53 63 5.50862 -1.9515
53 65 -4.46521 3.40308
54 35 15.1488 17.0887
54 37 -9.30789 -3.92348
54 38 17.2734 13.8274
54 39 38.5637 12.5305
54 40 14.7268 13.0608
54 41 18.4234 31.7689
54 42 2.27667 6.58914
54 43 11.7831 22.8413
54 44 7.67341 22.2943
54 46 7.21234 7.94957
54 47 -6.09034 2.31077
54 48 31.6367 15.9248
54 49 -10.5289 -10.8083
54 50 0.794887 -6.84821
54 51 1.63998 1.88147
54 52 12.272 9.94571
54 54 0.142245 1.2439
54 55 -1.70343 10.1329
54 56 0.244212 15.8952
54 57 8.3926 6.56441
54 59 -4.17816 9.7875
54 61 -4.92746 0.0601155
54 62 9.97651 1.53955
55 33 2.00067 6.33427
55 35 11.9496 12.0672
55 36 3.38837 3.70247
55 37 10.7218 10.3394
55 38 15.0559 10.0149
55 39 4.51639 17.4517
55 40 20.1363 10.9144
55 41 1.66416 6.85317
55 42 -0.581754 3.04937
55 43 3.71336 8.85637
55 44 11.5574 6.31023
55 45 7.31436 12.3217
55 48 -2.01557 15.1818
55 49 4.12765 4.50598
55 51 -15.6414 0.98564
55 52 18.5649 15.4308
55 53 11.3101 8.83928
55 54 2.81805 3.81161
55 56 4.11605 3.10816
55 57 -7.50556 -2.80803
55 59 -15.1334 -11.7423
55 62 10.2111 1.37278
55 65 3.46789 4.45695
56 35 3.62148 4.62509
56 36 6.5848 7.27476
56 37 2.30212 1.54148
56 38 9.07772 4.0389
56 39 14.4602 10.3953
56 40 7.68167 5.38476
56 41 3.7607 5.95894
56 43 5.0185 13.5935
56 44 5.82915 -0.827541
56 45 19.4192 22.7987
56 46 -3.6073 16.9424
56 47 -2.16741 -5.17318
56 48 11.7031 8.11481
56 49 -1.73182 5.88317
56 50 -3.67743 -4.92263
56 51 -14.1072 1.99068
56 52 12.2203 2.65754
56 53 14.8221 19.0137
56 54 12.3406 15.4484
56 55 5.06852 -1.79964
56 56 -0.506512 0.99215
56 58 6.71568 7.20647
56 66 -15.1715 5.98903
57 35 3.24472 3.20907
57 36 2.9755 12.8753
57 37 -2.69448 -2.15523
57 39 7.13194 5.67022
57 40 8.11035 10.6101
57 41 4.61487 8.82462
57 42 2.12219 7.61324
57 43 -0.398666 4.3828
57 44 5.44722 14.1222
57 45 5.1262 14.1857
57 46 9.78514 11.7883
57 47 -2.55903 3.01818
57 48 1.87157 1.67821
57 49 3.45348 5.75128
57 50 3.64998 6.04798
57 52 -2.5327 13.2587
57 53 -4.26711 2.33607
57 54 -1.62986 15.7488
57 56 0.198484 0.141654
57 57 -3.4931 1.99085
57 58 6.9731 8.08777
57 61 -5.39628 -1.63913
57 62 -4.23278 4.67375
57 63 15.6764 1.43311
57 66 -7.01851 3.49762
58 33 0.330694 -0.15017
58 35 1.96931 1.76122
58 36 -3.35499 3.73404
58 37 2.15864 1.52918
58 39 3.41648 1.96347
58 40 11.5465 16.3061
58 41 1.52497 10.3244
58 42 1.46318 6.04237
58 43 -9.3632 2.78925
58 44 -2.22888 8.86178
58 45 6.0071 37.0828
58 46 0.600461 40.7673
58 47 -5.52777 5.3807
58 48 13.6303 13.4257
58 49 3.49886 5.71651
58 50 3.17223 3.64818
58 52 -0.383925 2.05973
58 53 -5.12772 3.03747
58 54 -4.55687 16.9013
58 55 3.44595 -0.359992
58 57 8.27259 -1.46063
58 62 -3.29996 3.9942
58 64 -0.324898 3.66604
58 66 -3.45363 1.96248
59 34 -5.41494 1.37271
59 35 0.485048 0.439724
59 36 1.31265 2.24235
59 37 5.23557 -1.65196
59 38 2.21862 1.54755
59 39 12.8012 7.33206
59 40 1.61814 0.129567
59 41 23.2172 21.656
59 42 1.30421 5.41495
59 43 0.615578 2.41926
59 44 8.57181 29.9682
59 45 12.2097 19.0686
59 46 9.43127 23.5181
59 48 4.86159 2.16685
59 49 4.43557 9.65622
59 50 0.519166 0.771898
59 52 17.1346 15.9153
59 53 -11.5656 17.1849
59 54 -0.736789 2.74381
59 55 17.3967 -0.138513
59 56 -7.50957 -3.63297
59 57 4.37439 10.2956
59 59 3.96796 -3.33136
59 61 -10.2613 1.70399
59 64 12.5793 13.8007
60 36 5.84415 6.42486
60 38 2.4005 1.72989
60 41 18.7958 -1.64877
60 42 -3.91426 4.80339
60 43 2.34561 10.067
60 44 -6.09155 13.6932
60 45 13.2026 7.43383
60 46 25.0356 9.36902
60 47 6.10039 3.07198
60 48 10.2656 4.69392
60 49 20.8941 -0.653961
60 50 7.27187 10.7598
60 51 2.54326 4.38283
60 52 3.86614 -0.552112
60 53 -2.40347 8.26121
60 56 -4.31816 -2.26957
60 57 8.72491 11.4322
60 59 -8.54315 -3.97904
60 61 -9.50545 2.0724
60 64 10.4292 3.41906
61 33 7.51514 -4.70858
61 35 4.17257 3.40973
61 36 2.87497 2.58974
61 37 -3.7034 4.82731
61 38 5.87316 -3.388
61 40 1.94908 4.14837
61 42 3.98621 3.91527
61 43 4.0531 -0.776488
61 44 6.69569 9.35738
61 45 4.74908 3.68872
61 47 7.75782 2.55848
61 48 4.16634 2.21033
61 49 10.8005 13.4852
61 50 15.8035 17.1058
61 51 3.71013 6.93976
61 52 4.70476 20.0651
61 53 7.99884 3.28503
61 55 1.55409 -6.43316
61 56 7.96204 12.9554
61 57 -2.3156 1.61121
61 59 6.66395 8.57752
61 61 -15.3819 -3.64694
61 62 -5.31355 4.87079
61 63 0.685849 0.227525
61 65 7.38817 -7.4639
62 34 2.78876 -8.3246
62 36 1.58747 1.30671
62 37 1.34086 2.32417
62 38 1.95521 1.29216
62 40 3.79857 4.50695
62 41 -1.42257 10.1448
62 42 4.63006 4.60599
62 44 2.70893 10.3541
62 45 0.165475 0.646256
62 46 3.94921 1.58124
62 47 4.8647 -0.156442
62 48 8.86103 4.66596
62 49 10.7266 -0.72759
62 51 -5.16568 -3.09886
62 52 3.28611 12.1046
62 53 2.39734 1.99604
62 55 13.1183 -10.2875
62 56 8.09993 8.51874
62 57 3.00384 4.32266
62 59 6.72379 8.09612
62 61 -4.06577 -1.76414
62 62 -8.4358 5.42074
62 63 1.57896 17.9781
62 64 -7.99832 8.8353
62 65 3.03555 4.0155
63 33 0.964672 0.871491
63 35 3.25213 3.96909
63 36 10.6466 9.81679
63 37 1.3406 2.35699
63 38 5.48325 0.462739
63 39 5.36222 5.24983
63 40 4.64646 3.486
63 41 -5.70227 -1.83541
63 42 3.74302 3.80415
63 45 0.140246 16.7908
63 48 8.73062 4.41882
63 49 4.09829 0.174407
63 53 15.3802 6.36791
63 55 4.66772 -3.51733
63 56 3.36906 -0.64768
63 57 12.7566 12.624
63 59 3.34 3.84065
63 60 10.1929 10.6033
63 61 -2.82611 5.086
63 62 -6.20641 4.64156
64 33 6.71236 5.21139
64 35 6.55111 -19.2176
64 36 2.64209 2.08034
64 37 1.28802 2.31344
64 38 8.64145 -0.492976
64 40 4.08861 2.91662
64 41 5.48144 -3.02117
64 42 14.8621 13.7188
64 43 -4.92186 4.43239
64 45 5.10808 20.3997
64 46 2.91228 7.71679
64 48 9.27587 4.84197
64 49 20.1164 6.73136
64 50 3.96369 7.03072
64 51 4.6207 -3.77613
64 52 -6.03577 1.52707
64 53 2.76822 -1.80024
64 55 -21.8989 13.1639
64 56 -2.92189 -4.15329
64 57 -8.51286 -3.684
64 58 -4.31977 -1.52716
64 62 -2.13886 1.88189
64 65 11.2668 12.5334
65 33 5.5539 4.781
65 36 12.5319 7.47667
65 38 7.37991 -4.30422
65 41 5.65713 1.5703
65 47 7.56838 -2.75735
65 48 4.77803 -0.780848
65 49 9.49332 -6.29393
65 50 4.9093 -1.2305
65 55 -8.48046 1.05021
65 57 1.21526 2.67613
65 58 4.59629 8.18784
65 61 -4.95054 -0.681477
65 65 3.47599 7.30572
66 33 6.12574 5.53799
66 35 0.64235 -0.816795
66 36 3.08609 2.24309
66 37 0.300991 -0.202509
66 38 14.1027 -2.24732
66 39 0.156802 -0.463935
66 40 0.324186 -0.225174
66 41 2.07168 -0.791421
66 42 3.62985 2.31013
66 44 0.197862 -0.22302
66 45 1.44504 1.43628
66 46 0.675487 0.0219017
66 47 13.0749 13.2677
66 49 6.0225 1.82613
66 51 -1.33743 4.46915
66 52 4.17507 -8.87209
66 54 1.02747 -0.472357
66 55 1.21214 2.66174
66 56 4.94003 2.59763
66 58 10.3477 15.5492
66 63 0.443303 0.225971
