70.03 0.7 +/- 0.334664
70.03 0.8 +/- 0.309839
70.03 0.9 +/- 0.3
70.03 1 +/- 0.316228
100.46 0.7 +/- 0.334664
100.46 0.8 +/- 0.309839
100.46 0.9 +/- 0.3
100.46 1 +/- 0.316228
130.52 0.8 +/- 0.309839
130.52 0.8 +/- 0.309839
130.52 0.9 +/- 0.3
130.52 1 +/- 0.316228
160.09 0.7 +/- 0.334664
160.09 0.8 +/- 0.309839
160.09 0.9 +/- 0.3
160.09 1 +/- 0.316228
190.48 0.7 +/- 0.334664
190.48 0.8 +/- 0.309839
190.48 0.9 +/- 0.3
190.48 1 +/- 0.316228
221.06 0.7 +/- 0.334664
221.06 0.8 +/- 0.309839
221.06 0.9 +/- 0.3
221.06 1 +/- 0.316228
250 0.7 +/- 0.401248
250 0.7 +/- 0.401248
250 0.8 +/- 0.4
250 0.9 +/- 0.413521
