0 33 -7.79784 5.75704
0 34 1.07447 3.87496
0 35 2.14191 2.0925
0 36 -2.91577 1.69967
0 37 0.164012 5.23013
0 38 -0.6634 1.19178
0 39 -1.43026 0.859168
0 40 2.24402 -0.824096
0 41 -2.964 -0.159988
0 42 1.34663 -3.8641
0 43 0.541186 -1.45333
0 44 -1.69739 -0.633729
0 45 1.50936 0.933306
0 46 -0.558133 0.192703
0 47 -0.105812 0.528326
0 48 0.278757 -0.0484061
0 49 0.32837 0.133915
0 60 0.237041 -1.24193
1 33 11.4321 23.2594
1 34 5.44072 10.3811
1 35 7.60115 6.04403
1 36 2.40262 6.65171
1 37 -1.70823 4.64375
1 38 -13.7018 10.753
1 39 -0.979454 4.08468
1 40 2.16335 2.51096
1 41 -6.42917 1.51546
1 42 3.94919 1.67017
1 43 -3.7369 2.66789
1 44 3.9383 2.10221
1 45 -0.200316 0.673782
1 46 -1.17514 1.13327
1 47 -0.394746 2.73381
1 48 0.0706806 -0.758129
1 49 -0.345857 0.0538656
1 50 -0.142145 -0.0639714
1 51 -0.233937 -0.216122
1 54 0.00305505 0.00166116
1 58 0.0112023 -0.0324257
1 60 0.371898 0.303435
2 33 4.55361 34.9839
2 34 -0.884583 15.0162
2 35 -1.40286 15.1946
2 36 2.85622 8.73297
2 37 -0.0446967 12.8362
2 38 3.75885 -0.621064
2 39 -1.57805 3.08091
2 40 1.33455 4.78381
2 41 -4.91701 7.86674
2 42 -0.780941 3.85373
2 43 -2.63179 7.83546
2 44 -5.05827 3.25952
2 45 0.955559 4.14684
2 46 -4.4205 3.42736
2 47 1.45734 0.343152
2 48 0.288386 -0.355292
2 49 0.552912 0.207412
2 50 0.117578 -0.234616
2 51 0.53062 0.394771
2 53 1.10196 0.196379
2 56 -0.751123 0.195056
2 58 0.486468 0.731534
2 60 -0.474614 0.420903
2 62 -1.08753 0.557514
3 33 7.37668 41.293
3 34 12.455 15.8163
3 35 -0.300663 17.4328
3 36 6.0001 18.2853
3 37 6.79939 8.71241
3 38 8.6565 13.4026
3 39 1.76819 7.78942
3 40 8.54298 7.45712
3 41 7.62399 5.28871
3 42 -1.42541 5.31025
3 43 7.68023 5.75646
3 44 -1.5685 8.52383
3 45 -0.158767 4.64939
3 46 2.66051 3.33782
3 47 0.131871 2.69968
3 48 -0.117052 -0.990382
3 49 -0.282492 0.120903
3 50 -0.38915 0.0345182
3 51 0.688732 -0.485426
3 52 -0.911895 0.722208
3 53 -0.440788 0.366924
3 54 -0.0938754 0.234516
3 55 -0.253789 0.423881
3 56 -0.0144856 -0.176845
3 57 0.614312 0.37193
3 58 -0.00880483 -0.00383091
3 59 -0.129935 0.430076
3 60 -0.0879411 0.146664
3 61 -1.22821 0.824871
3 63 0.0836545 0.179083
4 33 -11.2738 51.8863
4 34 3.74499 14.6893
4 35 0.000786357 24.5419
4 36 -9.20083 27.6317
4 37 6.44493 15.1449
4 38 5.35291 20.3128
4 39 7.41015 23.2597
4 40 -5.16113 6.29952
4 41 5.36893 14.0065
4 42 11.0847 13.5978
4 43 -0.0906291 5.39571
4 44 0.0721797 7.36238
4 45 -0.624658 6.22655
4 46 2.30585 1.6214
4 47 -1.72835 -1.09237
4 48 0.492724 -1.65424
4 49 1.31372 1.34674
4 50 -0.171698 0.923591
4 51 -0.329159 -0.179625
4 52 0.782412 -0.0812654
4 53 0.860813 -0.164053
4 54 0.381386 1.00902
4 55 0.639911 0.115114
4 56 0.696145 -0.285061
4 57 -0.0197718 0.0709333
4 60 1.52115 0.69513
4 61 0.743343 -0.258818
4 62 0.0128822 0.00856932
4 63 -0.341163 -1.80755
4 65 -0.183754 0.0705989
5 33 8.64321 60.7469
5 34 6.80032 27.6172
5 35 -10.5686 22.2393
5 36 15.791 12.9453
5 37 -4.48065 22.9502
5 38 12.5799 25.2969
5 39 0.465463 16.8551
5 40 0.838259 10.5446
5 41 -5.92837 6.97268
5 42 9.15107 8.41963
5 43 1.537 7.88025
5 44 10.5799 6.44295
5 45 -3.36302 -1.27712
5 46 -0.880599 -0.721946
5 47 -2.44524 -0.67937
5 48 -0.693346 1.71346
5 49 0.105918 0.501142
5 50 0.00202381 -0.208139
5 51 2.33878 0.36185
5 52 -0.266303 0.8402
5 53 -0.296515 -0.892644
5 54 0.00673947 0.0563961
5 55 0.0330839 0.322639
5 56 -0.119285 -0.0682394
5 57 -0.67649 -0.281817
5 61 0.00799027 0.000332248
5 62 0.0865461 0.0352317
5 63 -1.18006 0.246549
5 64 1.27534 0.183626
5 66 -0.141556 0.136231
6 33 4.05776 48.1544
6 34 3.25953 18.5718
6 35 -1.5656 22.9703
6 36 13.7143 21.8226
6 37 22.3728 9.04091
6 38 7.04734 22.9543
6 39 8.46178 9.88872
6 40 -2.37645 17.455
6 41 -5.53276 9.80434
6 42 -7.08467 8.57632
6 43 -2.59072 8.8624
6 44 -1.34354 6.87386
6 45 5.67792 3.7851
6 46 -5.74282 2.07453
6 47 2.4764 1.05931
6 48 -0.570738 1.11274
6 49 1.79675 0.968698
6 50 -0.0953042 0.484865
6 51 0.607664 0.177158
6 52 -1.39242 0.415298
6 53 -0.177458 -0.0605976
6 54 0.986167 -0.386146
6 57 0.158949 -0.0130731
6 59 -0.10343 -0.00828035
6 60 0.180405 -0.0888602
6 61 -0.0615787 0.0061438
6 62 0.0243578 -0.0181908
6 66 -0.0340838 0.0533272
7 33 7.95319 51.1702
7 34 4.71017 28.4542
7 35 7.59715 18.1571
7 36 6.02675 19.5614
7 37 15.5499 16.4356
7 38 15.6974 16.1215
7 39 -6.67904 1.82727
7 40 -0.400803 5.13971
7 41 -0.700998 18.4715
7 42 11.5245 5.34374
7 43 3.25011 8.86794
7 44 6.93715 4.12778
7 45 -4.49319 9.05745
7 46 1.45127 1.3088
7 47 -0.302944 1.78749
7 48 -1.56968 2.22219
7 49 -0.248765 -0.324622
7 50 0.224783 0.399174
7 51 -0.00584325 0.679859
7 52 -0.819662 1.2794
7 53 -1.04493 0.289141
7 54 1.72888 1.94603
7 55 -0.10831 0.121249
7 56 0.140872 0.484298
7 57 0.117072 -0.132835
7 58 -0.00998906 -0.130877
7 59 0.234847 -0.487915
7 60 -0.00157744 -0.476609
7 61 -0.0384936 -0.0307023
7 64 0.050533 0.0341277
7 65 0.0195546 0.0740954
8 33 13.1486 46.901
8 34 -1.59552 19.7981
8 35 -10.6016 14.905
8 36 10.6256 13.8665
8 37 12.933 7.84501
8 38 17.9973 11.3459
8 39 9.62743 14.6768
8 40 17.3587 16.2716
8 41 3.04262 9.0388
8 42 10.7657 14.8087
8 43 -6.66594 0.963616
8 44 4.81481 5.05301
8 45 6.86822 4.77692
8 46 5.62163 1.83545
8 47 -3.7405 3.47033
8 48 1.67714 3.00812
8 49 1.73111 -0.47129
8 50 -1.41245 0.202073
8 51 -0.234111 1.90665
8 52 -1.75829 1.05877
8 53 1.64439 0.443322
8 54 -1.64798 0.365669
8 55 -0.989369 -0.577091
8 56 -0.882683 0.358525
8 57 0.0254885 0.0046443
8 59 -0.760073 -0.455961
8 60 0.560256 0.485256
8 62 0.116091 -0.0125975
8 63 -0.151579 -0.040246
8 66 0.001938 0.0823221
9 33 9.51944 35.8512
9 34 2.07987 18.7343
9 35 4.28739 16.036
9 36 -8.31858 9.33817
9 37 7.26693 15.7212
9 38 4.30854 8.23866
9 39 7.89733 4.49376
9 40 9.47186 3.63338
9 41 2.20792 14.7678
9 42 7.28913 6.72445
9 43 3.53729 6.74877
9 44 7.67116 0.283527
9 45 3.32396 2.24815
9 46 9.25353 0.407905
9 47 1.89121 0.423158
9 48 -1.15283 0.848026
9 49 2.26791 0.553969
9 50 0.775599 -0.549838
9 51 0.303075 -0.35644
9 52 2.21179 0.246577
9 53 -0.702473 -1.05201
9 54 -1.33172 1.00688
9 55 0.190968 -0.280963
9 56 3.74975 0.286479
9 57 0.583879 0.171961
9 59 -1.07984 0.15676
9 61 0.062754 -0.0655874
9 62 -0.462304 0.108252
9 63 -0.437102 0.220877
10 33 2.21626 30.9989
10 34 2.10559 10.2201
10 35 3.39006 13.6209
10 36 2.45145 9.48879
10 37 14.8838 0.245273
10 38 7.80634 11.8017
10 39 -7.02334 16.0101
10 40 9.62283 12.022
10 41 2.60814 10.4682
10 42 11.9832 11.3439
10 43 5.55642 13.7944
10 44 5.58402 4.65984
10 45 3.17731 -4.73436
10 46 -1.87914 1.0844
10 47 4.61232 2.40725
10 48 -1.30556 0.480249
10 49 1.50321 0.254019
10 50 -1.03096 1.10817
10 51 -0.858357 0.731261
10 52 -0.488724 0.425724
10 53 -2.12242 -0.233371
10 54 0.0754606 0.0149618
10 55 0.233962 -0.0458726
10 56 -2.32189 1.7104
10 57 -1.02144 -0.95695
10 58 0.696462 -0.305721
10 59 -0.91788 1.11325
10 60 -0.365246 0.012037
10 62 0.00629917 0.00179191
10 63 0.376169 0.116037
10 66 -0.126321 0.0502709
11 33 6.1455 25.0943
11 34 -3.54941 5.30963
11 35 1.42631 12.1037
11 36 12.5214 8.94344
11 37 5.70302 20.2615
11 38 12.4754 10.6672
11 39 3.27263 3.81996
11 40 6.11277 4.88886
11 41 9.12605 12.9761
11 42 5.08553 11.6065
11 43 9.24428 3.84658
11 44 5.8085 7.0778
11 45 4.36403 1.49516
11 46 8.14298 5.68734
11 47 4.45571 1.13863
11 48 0.825967 1.26963
11 49 0.153034 1.12328
11 50 0.677941 0.196759
11 51 -2.5674 1.22855
11 52 -0.867816 0.0283076
11 53 0.102746 0.384646
11 54 0.417508 0.782128
11 55 -0.242989 2.0721
11 56 -0.445513 -0.679921
11 57 0.965199 0.00519089
11 58 -0.404581 -0.384564
11 59 0.297698 0.554804
11 60 0.586731 -0.307775
11 61 0.0086997 -0.00620603
11 62 0.919845 -0.0765365
11 64 0.35285 -0.330001
11 66 0.325904 0.262849
12 33 3.43433 18.3812
12 34 6.74907 6.87349
12 35 7.12549 7.22112
12 36 3.42714 7.85617
12 37 6.08836 11.6274
12 38 6.68143 8.35553
12 39 5.48884 1.19509
12 40 5.4405 8.80303
12 41 6.04735 20.2911
12 42 5.30068 3.92124
12 43 4.2608 4.71878
12 44 0.465175 0.83582
12 45 6.64498 6.94917
12 46 -2.54435 -1.62539
12 47 3.41774 2.63616
12 48 2.16869 2.57583
12 49 2.51104 0.501927
12 50 -1.14738 0.227768
12 51 0.370586 0.385851
12 52 -0.34679 -0.671319
12 53 -0.524882 0.690984
12 54 -0.097581 0.135583
12 55 -0.8064 -0.153757
12 56 0.249193 -0.0268489
12 57 -0.254932 0.322089
12 58 0.893437 1.02545
12 59 2.57493 -0.46938
12 60 0.42166 0.163254
12 61 -0.147845 -0.127316
12 62 -0.961261 0.134777
12 64 -0.0910781 0.431346
13 33 2.50318 12.8759
13 34 4.66573 10.1537
13 35 5.49804 8.17058
13 36 4.71283 -6.70357
13 37 4.82776 2.29411
13 38 10.563 6.44629
13 39 -10.7719 14.823
13 40 7.49043 -4.79738
13 41 -2.97593 3.16509
13 42 10.7703 8.06996
13 43 -0.599194 3.39207
13 44 4.392 -2.77753
13 45 9.54123 3.31849
13 46 9.03317 0.388147
13 47 -3.41098 -1.74015
13 48 -2.11595 -0.829812
13 49 1.97534 1.1338
13 50 1.11542 1.5755
13 51 0.29916 0.270908
13 52 1.32766 1.36026
13 53 1.25538 1.02255
13 54 0.515782 0.589765
13 55 1.82078 1.10002
13 56 2.2845 -1.42615
13 57 0.170345 -0.0753103
13 58 -0.189412 -0.101523
13 59 1.49514 0.561828
13 60 0.0647192 -0.332873
13 61 0.512095 1.30504
13 64 -0.374475 0.022396
13 65 0.65202 0.25701
14 33 10.3111 5.2823
14 34 7.50335 2.60676
14 35 7.69147 7.36043
14 36 4.19235 1.7048
14 37 1.29205 -1.32463
14 38 2.85686 3.73167
14 39 -3.31291 6.7501
14 40 12.9392 -0.455997
14 41 11.7071 0.782758
14 42 4.90243 0.65968
14 43 13.3537 3.1546
14 44 5.37537 2.17087
14 45 1.12426 -1.91897
14 46 13.3094 6.42558
14 47 1.81234 4.158
14 48 0.533208 2.26146
14 49 1.20669 3.61357
14 50 1.97365 2.29193
14 51 2.57788 0.978982
14 52 -3.39224 2.70058
14 53 -0.301261 0.12058
14 54 1.25743 -0.891876
14 55 -0.183625 -0.461902
14 56 -0.24625 -0.395396
14 57 -0.795068 0.402634
14 58 0.52221 0.0639518
14 59 -0.0983706 0.0197629
14 60 1.0595 0.529363
14 62 -0.402454 0.370915
14 63 -0.0435366 0.119586
14 66 -0.356697 -0.178037
15 33 2.80937 6.41837
15 34 1.20596 1.15549
15 35 2.71653 -0.637373
15 36 1.01308 2.21953
15 37 5.28405 7.31241
15 38 1.57257 6.64035
15 39 6.93875 6.03196
15 40 5.00231 13.0065
15 41 1.60019 -0.522902
15 42 7.88337 1.54216
15 43 1.51153 -5.69062
15 44 0.822319 3.46921
15 45 3.49529 0.687955
15 46 2.77572 2.07865
15 47 6.84461 1.68951
15 48 4.3722 4.77215
15 49 -1.05113 -1.24444
15 50 -1.95561 -2.64625
15 51 0.498956 0.219953
15 52 0.526856 0.182166
15 53 1.16149 -0.512417
15 54 2.34939 0.772823
15 55 1.44335 0.908885
15 56 0.384051 -0.495692
15 57 1.483 -0.50876
15 58 -0.192387 0.241442
15 59 0.77126 0.111648
15 60 -0.714921 -1.64256
15 61 -0.0367646 0.0720617
15 63 0.391429 -0.612097
15 64 -0.795513 0.219599
16 33 4.64151 4.18614
16 34 -1.27557 2.37024
16 35 5.23358 -1.28183
16 36 8.19569 2.94234
16 37 3.52524 1.49521
16 38 -0.656895 4.35814
16 39 -1.07185 -0.500571
16 40 3.97563 5.70379
16 41 12.949 2.70175
16 42 -4.27215 9.28483
16 43 7.69842 2.62712
16 44 6.40218 -0.368518
16 45 3.37446 4.52703
16 46 5.29653 1.43838
16 47 3.33599 2.90528
16 48 -0.544465 1.79148
16 49 7.68736 -0.86988
16 50 -0.687523 -0.274538
16 51 0.754233 0.18127
16 52 1.00985 0.54649
16 53 1.0129 0.183541
16 54 -2.22305 0.897344
16 55 0.343523 1.24733
16 56 -0.349939 0.0955443
16 59 -1.1976 0.249897
16 61 1.17626 0.640367
16 64 0.71954 -0.522503
17 33 2.57153 -2.03698
17 34 1.31209 -3.32197
17 35 6.79203 1.22533
17 36 5.49091 6.69631
17 37 0.650801 -3.50745
17 38 14.143 0.613882
17 39 14.3205 1.15896
17 40 9.22624 -0.847187
17 41 5.84211 4.69456
17 42 4.29925 -0.817616
17 43 13.0586 5.14235
17 44 -0.855373 1.76546
17 45 -0.0988567 -0.0266471
17 46 3.46444 1.98893
17 47 2.07433 1.25329
17 48 7.88816 0.188081
17 49 1.02897 -2.2978
17 50 -3.24949 -0.596574
17 51 1.30072 0.755548
17 52 -0.0291878 -0.700666
17 53 -1.3101 1.86721
17 54 0.165763 -0.0234172
17 55 -2.11246 4.6056
17 56 0.0406223 0.0320614
17 57 1.77223 1.65035
17 58 0.0126753 -0.000437701
17 59 -1.0711 0.120518
17 60 0.120772 0.0147259
17 61 0.934594 0.0304964
17 62 -0.0119991 -0.00974388
17 63 0.195845 0.190858
17 64 -0.83897 0.0470713
17 65 -0.0555183 -0.0551552
18 33 0.409322 -0.124818
18 34 12.1111 -4.33432
18 35 7.70187 -2.57603
18 36 2.14801 0.0544427
18 37 -1.02847 1.83401
18 38 9.79711 6.02804
18 39 8.14515 -1.4878
18 40 2.41414 -3.06926
18 41 7.47291 7.97828
18 42 14.5187 8.39265
18 43 -5.8962 3.5376
18 44 3.67498 -1.32129
18 45 7.00246 -4.08576
18 46 1.53331 -0.988197
18 47 -1.1562 2.13261
18 48 6.76236 -0.479135
18 49 0.0507888 2.73255
18 50 -1.24152 -0.835395
18 51 -0.255296 1.39462
18 52 0.977416 -0.263462
18 53 -1.6007 1.44108
18 54 -0.315207 0.170136
18 55 -0.850168 1.48574
18 56 0.693094 0.72045
18 57 -1.85977 -0.339891
18 58 0.0706594 0.289561
18 59 -0.514371 -0.235332
18 60 -0.0490115 0.125379
18 61 -0.138371 -0.258978
18 62 0.181057 0.040384
18 63 0.20476 0.168477
18 64 0.154593 1.52784
18 65 0.477347 -0.139345
18 66 -0.104647 0.0427423
19 33 2.55607 -2.38398
19 34 2.0689 -5.71511
19 35 4.06875 1.12262
19 36 7.30121 -8.82616
19 37 -2.85224 7.5842
19 38 12.1775 6.9146
19 39 8.04268 3.92511
19 40 1.93925 -2.53357
19 41 5.06442 0.258057
19 42 6.76181 3.76748
19 43 2.44633 -0.126291
19 44 3.74676 -3.67156
19 45 4.86487 2.43803
19 46 2.03162 -0.244401
19 47 -2.25268 -1.6765
19 48 -2.49148 2.55066
19 49 3.81188 -0.49223
19 50 1.07842 1.82379
19 51 -1.24521 1.75124
19 52 0.135433 2.3537
19 53 1.25074 -0.443285
19 54 0.312825 -0.131159
19 55 0.248334 -0.202952
19 56 0.0917634 1.0132
19 57 -0.22346 -0.919011
19 58 0.700664 0.354636
19 59 0.0243803 -0.0256589
19 60 0.532778 0.778578
19 61 0.0946366 0.355528
19 63 0.640342 1.29202
19 64 -0.190106 0.438674
19 65 -1.06115 -0.00498402
19 66 0.0448578 0.0639513
20 33 7.34199 -0.293746
20 34 9.64271 -2.48409
20 35 1.59799 -3.72604
20 36 6.75205 -7.29035
20 37 2.0782 -4.40047
20 38 5.88967 5.90358
20 39 7.49025 2.49137
20 40 1.00683 -2.62875
20 41 6.94519 2.8814
20 42 2.30221 6.18994
20 43 3.25595 3.04863
20 44 7.56212 3.88623
20 45 7.44578 3.36922
20 46 4.3132 5.14253
20 47 2.35503 2.69358
20 48 1.27731 1.77186
20 49 3.77231 3.27879
20 50 -0.785313 0.226044
20 51 1.55483 2.45381
20 52 -1.52228 2.28793
20 53 -1.85321 1.36447
20 54 3.94506 -1.82524
20 55 -0.618702 -0.00842985
20 56 2.24465 1.6832
20 57 -1.39496 -0.185978
20 58 0.449342 0.825245
20 59 0.13228 0.145968
20 60 -0.74351 0.509612
20 62 0.155935 1.29655
20 63 -0.714762 0.346008
20 64 -0.0116524 -0.091202
20 65 -0.832026 -0.239768
20 66 -0.0496283 0.0275834
21 33 6.20894 0.136482
21 34 4.72865 2.25998
21 35 3.91905 -2.59347
21 36 7.57476 -6.9481
21 37 7.35541 -0.10298
21 38 4.8406 3.20152
21 39 10.4561 3.53007
21 40 7.58899 -0.843245
21 41 10.4934 3.92322
21 42 4.98327 3.39167
21 43 4.9619 -0.363379
21 44 6.86732 0.597921
21 45 3.17805 -1.44265
21 46 9.15172 -0.298055
21 47 3.72891 3.58311
21 48 -0.0103842 -0.513009
21 49 2.61031 -0.411938
21 50 1.80593 1.82599
21 51 1.19406 0.259816
21 52 -0.893006 2.14782
21 53 1.63513 1.41762
21 54 -0.432958 -0.580303
21 55 -0.500453 0.341267
21 56 -2.12987 -0.238516
21 57 -1.23187 0.939406
21 58 0.341627 -0.284139
21 59 0.546187 -0.334166
21 60 -0.472444 0.477853
21 61 0.0428138 -0.00775024
21 62 -0.606395 -0.682269
21 63 0.546507 -0.102787
21 64 -0.0265044 0.0593137
21 65 -0.165233 -0.00255723
22 33 4.59818 0.301884
22 34 -5.96972 -1.59229
22 35 11.8279 2.28318
22 36 -2.32186 3.18045
22 37 3.82274 1.6921
22 38 8.78425 1.66915
22 39 5.29863 3.86634
22 40 10.2288 0.347703
22 41 8.04549 -2.03211
22 42 6.81419 -2.30226
22 43 4.74986 -2.23514
22 44 4.37084 -3.75398
22 45 6.69868 -5.46721
22 46 -1.78427 2.5744
22 47 0.825695 1.66281
22 48 3.15484 0.815874
22 49 2.18545 0.964452
22 50 -1.11921 -0.290875
22 51 4.88072 4.92221
22 52 -3.38471 -0.963235
22 53 -1.48391 0.860977
22 54 0.151024 0.87512
22 55 -0.357059 -0.0864473
22 56 0.271639 -0.99464
22 57 -0.149671 0.104214
22 58 -0.357056 1.37749
22 59 -0.670259 0.567974
22 60 0.71765 -0.26771
22 61 0.036792 0.00353831
22 63 0.632716 1.14026
22 64 -1.08266 -0.473302
22 66 0.0238815 -0.0149069
23 33 2.88256 -2.53527
23 34 -1.40151 0.526879
23 35 6.64074 -0.576614
23 36 4.44172 3.33048
23 37 -2.2335 1.98452
23 38 8.64078 0.0872574
23 39 2.15265 0.712092
23 40 3.21334 0.684556
23 41 -3.66547 -1.95912
23 42 3.156 1.41449
23 43 7.32064 0.170387
23 44 5.44341 1.84865
23 45 6.16559 -3.44924
23 46 2.77979 6.86023
23 47 1.98952 0.0710984
23 48 2.38813 3.86898
23 49 -2.41871 1.82857
23 50 1.70417 -1.1738
23 51 -0.97655 0.480234
23 52 2.00155 -0.0823267
23 53 -1.71992 -0.286808
23 54 -0.154287 0.182914
23 55 1.37881 -0.167497
23 56 0.25496 1.3903
23 57 0.180037 0.00516654
23 58 0.162837 0.740791
23 59 0.296094 -0.443665
23 60 -0.115036 1.18677
23 61 0.0367287 0.137584
23 62 0.777967 0.691245
23 63 0.973331 0.320886
23 64 0.983631 0.289349
23 65 0.444125 0.619975
23 66 -0.165201 0.0357007
24 33 1.1817 1.00074
24 34 4.81937 -2.50671
24 35 9.38591 -0.259395
24 36 5.90442 2.61321
24 37 6.86411 -4.33321
24 38 4.45162 -5.59086
24 39 -0.756572 -6.94204
24 40 9.48832 0.193068
24 41 -2.19561 2.61497
24 42 6.25784 -2.22559
24 43 6.22235 2.20122
24 44 5.82756 2.53394
24 45 -1.049 -0.418462
24 46 -0.108429 3.92329
24 47 1.44731 0.796357
24 48 2.25419 4.50158
24 49 0.995179 -1.27586
24 50 3.2426 1.73847
24 51 3.0796 -0.687304
24 52 -1.36136 1.9838
24 53 2.20203 -0.07109
24 54 0.876886 -1.92043
24 55 0.086165 -0.270716
24 56 -1.01835 -0.350564
24 57 -0.378716 -0.66234
24 58 0.210146 -0.616131
24 59 -0.142821 0.78796
24 60 1.22216 -0.970196
24 61 0.450045 0.601992
24 62 -0.405054 0.817509
24 63 0.55299 -0.226193
24 64 1.32896 -0.458118
24 65 -0.0556545 0.0648549
25 33 0.675452 -0.33691
25 34 5.55035 -0.451139
25 35 7.42522 -1.17901
25 36 11.2824 -6.23698
25 37 7.10545 -1.9408
25 38 -1.64612 1.32497
25 39 6.15738 4.29912
25 40 6.66384 -1.70241
25 41 -6.41755 -0.257497
25 42 8.21565 -0.675068
25 43 9.34909 2.87396
25 44 2.40919 -0.945343
25 45 3.30681 -0.772409
25 46 0.941269 -0.762017
25 47 3.61563 0.456298
25 48 2.69406 -2.44946
25 49 3.20323 2.15412
25 50 -2.77677 0.888378
25 51 -1.21395 1.9036
25 52 4.26588 0.667802
25 53 0.499835 2.57847
25 54 1.30266 -0.407516
25 55 0.277878 0.0575375
25 56 -0.254886 1.41488
25 57 -0.307932 0.00861167
25 58 -0.118143 0.215911
25 59 -0.0795916 1.38483
25 60 -0.00215505 -0.00965416
25 61 0.764436 0.283838
25 62 0.706763 0.443075
25 63 0.492012 0.510267
25 64 0.864243 1.77266
25 65 -1.11348 -0.105867
26 33 2.07485 -0.775061
26 34 8.41096 -1.52749
26 35 2.19181 -1.1597
26 36 -0.423908 -2.34907
26 37 2.8609 -5.46103
26 38 5.71292 2.95394
26 39 6.8727 0.363051
26 40 11.6974 2.15433
26 41 5.27156 -0.746723
26 42 -0.402422 1.66835
26 43 -0.986926 -1.89619
26 44 1.23568 0.216834
26 45 -2.57629 -0.143607
26 46 2.02798 6.29554
26 47 0.907333 1.10797
26 48 3.04014 -2.05182
26 49 3.59911 -1.63617
26 50 1.92013 2.50563
26 51 2.12891 -0.174585
26 52 -2.26029 0.336661
26 53 0.0506098 0.0138533
26 54 2.04203 3.04683
26 55 0.771997 0.266734
26 56 0.490988 0.124638
26 57 -0.792787 1.81119
26 58 -0.119443 0.222131
26 59 0.798753 1.14599
26 60 0.25614 0.208567
26 61 -1.37351 0.465815
26 62 -0.0704601 0.0511337
26 63 -1.19982 0.265017
26 64 0.0120107 0.00586809
26 66 -0.264231 0.830965
27 33 1.91255 -0.739611
27 34 1.52274 -2.03901
27 35 0.664112 -2.43665
27 36 4.28601 0.478954
27 37 0.727797 -3.21318
27 38 5.7521 -0.297692
27 39 1.75742 -1.89428
27 40 5.95727 3.81489
27 41 6.66302 -1.60566
27 42 7.96403 3.93009
27 43 -4.44702 3.08548
27 44 6.61338 -1.18729
27 45 -0.694615 3.65406
27 46 7.52953 0.727412
27 47 4.99162 -3.38028
27 48 0.0370851 0.503251
27 49 2.6899 2.83006
27 50 -1.80752 3.58661
27 51 -0.644201 2.11599
27 52 -0.643404 -1.11744
27 53 0.12901 0.722953
27 54 0.71341 2.33648
27 55 2.31417 0.673774
27 56 -0.16947 0.430786
27 57 1.19238 -0.88027
27 58 -1.18524 0.051529
27 59 0.278027 0.4969
27 60 0.182616 -0.18767
27 61 -0.794591 0.0423738
27 62 0.300627 0.0770195
27 63 -0.558304 0.303491
27 64 0.0129759 0.0566817
27 65 0.710469 0.0822159
27 66 0.119065 0.248576
28 33 3.3455 0.118784
28 34 1.35204 2.25248
28 35 7.50639 -1.25789
28 36 1.5127 -2.59358
28 37 -1.77041 -0.486316
28 38 7.75535 -0.407988
28 39 14.2022 3.23084
28 40 5.0333 -0.43752
28 41 3.45144 0.283301
28 42 4.5247 1.75456
28 43 12.2876 -2.95007
28 44 4.62346 3.52007
28 45 3.65196 1.42622
28 46 3.74832 2.64378
28 47 3.57286 0.66568
28 48 1.32975 2.21987
28 49 -0.52948 3.32603
28 50 0.0656511 1.14618
28 51 4.75758 -2.6762
28 52 2.52212 0.92443
28 53 1.24342 0.777993
28 54 2.35753 -0.824637
28 55 -0.54414 4.24769
28 56 0.103819 0.173334
28 57 1.05487 -0.252461
28 58 -0.167745 -0.421433
28 59 0.575437 -0.184555
28 60 0.206308 0.40941
28 61 -1.07063 0.963043
28 62 0.0891559 0.00200571
28 63 1.35066 0.959673
28 64 0.149458 -0.237588
28 65 0.0576058 -0.0658049
28 66 0.0216691 0.00488672
29 33 3.85638 -1.68277
29 34 7.95536 2.05185
29 35 1.82856 -5.0946
29 36 3.38363 -1.79599
29 37 4.16405 1.73078
29 38 -0.707795 0.0604741
29 39 0.788147 1.442
29 40 8.90365 -4.18688
29 41 4.51258 -0.301585
29 42 6.23511 5.49778
29 43 3.16535 0.153921
29 44 5.22612 3.75789
29 45 1.79072 1.07983
29 46 0.382256 -0.0443165
29 47 0.354746 1.23088
29 48 1.02382 -0.0821809
29 49 3.49318 -0.488663
29 50 2.54846 4.01886
29 51 -0.970431 1.17682
29 52 0.197468 1.34844
29 53 2.88628 -0.448601
29 54 0.103907 0.0237903
29 55 2.64671 2.3807
29 56 0.249859 -0.315968
29 57 0.0227541 0.734493
29 58 -1.72709 -0.297341
29 59 -0.495071 -0.0909649
29 60 0.796228 -0.0932654
29 61 0.0156555 0.0170517
29 62 -0.0195435 0.0137731
29 63 -0.1846 0.516827
29 65 -0.00940827 0.04806
29 66 -0.122511 -0.0143159
30 33 2.29073 -1.46562
30 34 6.61396 -1.42536
30 35 5.41376 0.867877
30 36 1.5547 -2.96356
30 37 4.89455 -0.720242
30 38 5.99038 3.17234
30 39 6.25583 -5.96317
30 40 8.57611 -3.93579
30 41 7.92202 -4.28188
30 42 3.86288 1.01115
30 43 12.0621 0.030015
30 44 2.48452 2.93093
30 45 1.21385 0.269772
30 46 5.91843 1.48568
30 47 1.06706 1.7323
30 48 0.340266 2.19829
30 49 -0.333855 0.9544
30 50 0.985791 1.64275
30 51 0.935018 1.75862
30 52 -1.13379 0.963661
30 53 0.168907 -0.160177
30 54 2.22901 1.00047
30 55 0.604378 0.134418
30 56 0.53336 -0.279268
30 57 -1.08209 1.33473
30 58 -1.20176 -0.0380729
30 59 -1.77651 -0.358815
30 60 0.225673 0.2937
30 61 1.31978 1.37098
30 62 -1.02031 0.448343
30 65 0.144294 -0.0342314
30 66 0.215385 -0.0925835
31 33 2.22318 -0.115409
31 34 7.08756 -0.409305
31 35 3.55251 -3.69442
31 36 5.94309 0.921217
31 37 -1.98033 -0.63624
31 38 -1.49344 1.02195
31 39 3.18788 1.17826
31 40 8.22912 -0.592486
31 41 3.74156 5.54398
31 42 6.13002 -0.145862
31 43 2.90489 -1.76428
31 44 5.81321 -2.10245
31 45 4.94374 -0.93103
31 46 1.66852 4.43024
31 47 -0.488079 1.00047
31 48 6.15461 0.488442
31 49 0.501687 0.164857
31 50 1.81285 1.05096
31 51 0.520353 -0.233595
31 52 -0.749557 2.7105
31 53 0.049987 0.302167
31 54 -0.429836 3.16782
31 55 2.0073 0.352558
31 56 -1.1427 -0.645623
31 57 1.29512 0.310767
31 58 -2.6726 -1.44886
31 59 0.0958707 0.148872
31 60 -0.317024 0.673491
31 61 0.38926 1.53063
31 62 0.808316 1.28406
31 63 -0.556992 -0.102666
31 64 0.278674 0.384116
31 65 -0.145444 0.00182612
31 66 0.760391 0.249795
32 33 2.76093 -3.63624
32 34 6.48879 -0.791045
32 35 1.69365 0.561863
32 36 2.68483 2.63645
32 37 1.6891 2.27875
32 38 5.406 6.58561
32 39 6.28979 2.45975
32 40 3.78186 1.70513
32 41 8.23661 1.73467
32 42 4.83302 2.12764
32 43 2.11993 -2.79646
32 44 5.09736 2.80137
32 45 3.04577 -0.475126
32 46 4.82121 5.28175
32 47 -0.494476 0.163798
32 48 5.45371 -0.276274
32 49 -0.055797 1.71008
32 50 1.98219 -1.30078
32 51 0.996017 2.84476
32 52 2.9637 1.99297
32 53 1.10206 1.69349
32 54 -0.0970223 -0.173369
32 55 -0.480327 0.852274
32 56 -1.39941 2.50221
32 57 0.0293702 -0.00954415
32 58 0.257396 0.161822
32 59 0.302285 0.360568
32 60 0.735179 -0.15883
32 61 -0.210448 1.55181
32 62 0.217046 -0.133798
32 63 0.197952 0.390442
32 64 1.74547 -0.214515
32 65 -1.17905 -0.699024
32 66 0.688556 -1.53344
33 33 2.26158 -3.05718
33 34 3.8499 -5.20903
33 35 1.61788 0.377988
33 36 3.22013 1.85427
33 37 5.07631 0.962601
33 38 5.05573 -4.34809
33 39 8.22145 -3.40068
33 40 -0.176609 2.78069
33 41 4.0877 1.17269
33 42 -6.39036 -0.448014
33 43 -1.25414 -1.09765
33 44 -1.88615 -0.789976
33 45 -0.783166 3.92751
33 46 4.60393 0.141037
33 47 -0.594456 4.14519
33 48 3.41518 3.27425
33 49 -1.51977 0.349915
33 50 -0.706202 -0.561511
33 51 2.56436 2.11733
33 52 2.01427 0.650957
33 53 1.17471 2.76891
33 54 0.514134 1.96421
33 55 0.0976838 0.0540695
33 56 -0.0964684 1.11583
33 57 -0.550215 -0.121628
33 58 -0.988234 -0.3805
33 59 1.40782 0.610889
33 60 -0.314091 -0.58622
33 61 0.00988879 -0.374482
33 63 -1.26615 -0.361121
33 64 4.98426 3.1858
33 65 -1.50866 0.736514
34 33 1.52884 -0.239712
34 34 2.69276 -3.7931
34 35 1.92039 2.20897
34 36 5.22732 -1.67226
34 37 2.84007 1.07728
34 38 3.25852 -0.983819
34 39 1.59643 4.69031
34 40 -3.34828 2.64577
34 41 4.64151 0.829512
34 42 2.44289 6.68905
34 43 7.93599 4.66729
34 44 2.71158 5.97541
34 45 5.72763 -0.518356
34 46 1.53705 1.50845
34 47 4.74173 0.421233
34 48 2.07098 0.256145
34 49 -0.175284 2.32297
34 50 0.280383 -0.0106119
34 51 2.44497 -0.200167
34 52 1.82098 -0.349827
34 53 0.710534 0.649733
34 54 0.00861968 1.36752
34 55 1.2037 0.571257
34 56 -0.34808 0.386148
34 57 -0.805817 -0.53515
34 58 1.60987 1.51854
34 59 0.509941 0.120907
34 60 -1.51602 0.422756
34 61 0.435677 0.505444
34 63 1.16598 0.449204
34 64 -0.00623973 -0.011513
34 65 0.713218 0.21423
34 66 -0.124784 -0.0824827
35 33 4.05353 -1.29433
35 34 4.42355 0.715872
35 35 12.2778 -2.49645
35 36 3.13259 1.78161
35 37 0.726967 -1.64084
35 38 4.20234 3.25267
35 39 9.55021 3.58014
35 40 7.12297 1.11943
35 41 1.5791 -5.212
35 42 5.92116 7.04595
35 43 -1.89156 2.41445
35 44 3.40048 -0.349964
35 45 5.09914 1.11142
35 46 5.25302 -5.81858
35 47 6.04362 2.69799
35 48 0.0189728 0.256514
35 49 0.696057 3.51735
35 50 0.450477 2.4865
35 51 2.26034 0.439432
35 52 1.26823 0.994352
35 53 1.22284 -0.34866
35 54 -1.71404 -0.586517
35 55 -0.763976 -0.119355
35 56 -0.609363 -0.956926
35 57 -0.290095 0.395523
35 58 0.466869 1.61306
35 59 -0.884357 -0.041072
35 60 -0.669653 0.705302
35 61 3.71444 -0.482179
35 62 0.211189 0.237628
35 63 -0.238551 -0.0713717
35 64 0.574138 0.658141
35 65 0.379339 0.157284
35 66 0.0504126 -0.0731057
36 33 3.59056 -0.484287
36 34 7.27479 -4.03351
36 35 4.55341 -4.4982
36 36 5.78454 2.16052
36 37 5.4232 -2.19139
36 38 4.06332 2.85821
36 39 4.34779 -2.29163
36 40 7.86989 0.365947
36 41 6.40498 -0.215083
36 42 5.65567 4.36973
36 43 0.338758 2.15198
36 44 7.72572 5.86695
36 45 5.09832 2.99848
36 46 -2.01571 -4.58968
36 47 5.47197 -0.672894
36 48 0.140285 -0.534906
36 49 -0.921903 -0.246535
36 50 0.172914 3.18319
36 51 -0.36162 1.85866
36 52 -1.85258 -1.42721
36 53 -0.413135 1.96102
36 54 -0.125081 0.161082
36 55 1.06443 0.332165
36 56 1.43645 -0.199343
36 57 0.830358 0.135422
36 58 0.572715 2.02657
36 59 -0.68792 -0.489499
36 60 0.626206 0.785495
36 61 0.100191 -0.0415233
36 62 -0.645061 0.272523
36 63 -1.68819 2.16152
36 64 -0.033589 0.273068
36 65 1.11577 -0.124192
36 66 -0.123163 -0.0639346
37 33 5.19766 -1.82735
37 34 3.88073 -0.146184
37 35 2.78858 0.233981
37 36 4.19116 -6.44722
37 37 -2.7013 -0.37786
37 38 -3.64464 -1.94722
37 39 -4.44698 4.94209
37 40 -1.87356 0.174275
37 41 0.343195 -0.229066
37 42 0.0791394 -2.13243
37 43 4.95765 0.81712
37 44 4.32283 2.55677
37 45 10.5179 1.35773
37 46 0.436409 -2.7009
37 47 3.87433 1.43255
37 48 -1.90668 -0.424042
37 49 1.44607 3.56674
37 50 0.947557 2.42818
37 51 0.237281 0.443995
37 52 1.46001 0.609357
37 53 1.42588 -0.610219
37 54 -0.614025 -0.0733657
37 55 -1.87113 2.41643
37 56 0.718431 1.08254
37 57 -0.447512 0.895248
37 58 0.312036 0.0427097
37 59 1.36861 -0.263198
37 60 1.26971 0.0557382
37 61 -0.111661 0.112851
37 62 -0.0509196 0.165845
37 63 0.882237 -1.36711
37 64 0.0857735 -0.209119
38 33 3.57082 1.79631
38 34 -2.10604 -7.44637
38 35 7.18184 -2.9299
38 36 -3.25582 -1.66732
38 37 2.93807 -1.90103
38 38 1.01119 1.56496
38 39 8.04578 -0.674146
38 40 11.2892 0.000620554
38 41 2.19537 -2.00993
38 42 4.41913 -0.243523
38 43 10.5566 4.04419
38 44 3.59668 0.304665
38 45 3.12056 -2.02586
38 46 1.59149 -1.71809
38 47 -2.59378 0.892994
38 48 6.3401 0.594966
38 49 3.5483 0.840002
38 50 0.565013 3.62482
38 51 3.90326 0.207193
38 52 1.33302 1.60533
38 53 -2.89736 1.75539
38 54 -1.66253 0.321793
38 55 0.978559 -0.0289694
38 56 0.119391 1.37053
38 57 0.715718 -0.216401
38 58 -0.495195 0.820204
38 59 0.404751 -0.65904
38 60 2.36493 0.666754
38 61 1.02584 0.2834
38 62 0.0934311 0.0283355
38 65 2.98913 0.249204
39 33 0.868677 -0.676905
39 34 7.86439 -3.01655
39 35 2.22375 1.06001
39 36 -0.632978 -4.14522
39 37 11.536 0.901364
39 38 7.09959 -0.277749
39 39 7.68764 7.86016
39 40 3.9472 1.39827
39 41 0.0919645 1.77746
39 42 6.76032 0.492457
39 43 4.21178 -1.73287
39 44 0.811644 2.15322
39 45 4.97458 2.47145
39 46 4.0226 4.61921
39 47 0.559381 3.99336
39 48 -0.405136 1.92965
39 49 -1.28119 -0.485325
39 50 5.37602 1.49577
39 51 2.93792 2.21348
39 52 2.05817 1.18445
39 53 -0.247396 -0.24161
39 54 -0.423364 1.42072
39 55 -0.803623 -0.484436
39 56 -1.59725 -0.458994
39 57 1.15677 -1.10338
39 58 1.0146 1.48781
39 59 0.874195 0.263726
39 60 -1.4741 -0.316682
39 61 -0.159771 -1.18372
39 62 1.59538 0.590366
39 63 -0.284706 -0.0855457
39 64 0.793404 1.116
39 65 2.23739 0.854538
40 33 2.13405 0.481075
40 34 2.02245 -3.39792
40 35 -1.07422 -1.27896
40 36 -0.785827 -0.362452
40 37 3.93997 -0.568117
40 38 -0.568991 -0.0820486
40 39 0.412791 2.35445
40 40 1.02793 1.27716
40 41 -2.89967 -2.92494
40 42 3.87986 -0.921707
40 43 4.51919 -1.77424
40 44 8.36496 -0.925049
40 45 6.04537 2.08295
40 46 4.58703 0.537007
40 47 -0.311586 0.717284
40 48 4.09733 0.943576
40 49 4.45713 -0.625031
40 50 1.53849 -0.0214096
40 51 4.25856 0.0240117
40 52 0.567571 -2.23441
40 53 -0.341918 1.78655
40 54 0.471767 -0.0463398
40 55 1.05973 -0.145107
40 56 1.42413 -0.0822795
40 57 -3.25569 -0.707809
40 58 -0.970735 0.176374
40 59 -1.72923 1.33211
40 60 1.52927 1.422
40 61 -1.01611 0.0367236
40 62 -0.035081 -0.221229
40 63 0.381832 0.296075
40 64 0.382478 -0.0551781
40 65 -1.11852 -0.0679702
41 33 1.14522 -1.53162
41 34 3.5944 -6.85672
41 35 4.21996 0.423979
41 36 5.06187 -1.3262
41 37 1.07306 -4.02025
41 38 3.29645 -0.314059
41 39 4.86683 2.81375
41 40 3.77703 -2.90275
41 41 0.912277 -3.37091
41 42 4.38256 1.16623
41 43 1.45865 -2.30842
41 44 4.81592 1.71489
41 45 5.32955 -1.72931
41 46 2.86644 0.956297
41 47 4.62756 3.259
41 48 -1.31433 3.74015
41 49 1.53126 2.2723
41 50 -0.773234 0.602681
41 51 1.40733 0.539037
41 52 0.109136 1.50209
41 53 0.237057 1.03283
41 54 2.06976 1.59533
41 55 0.0641815 1.44618
41 56 0.695007 1.4101
41 57 0.534412 0.19842
41 58 1.95358 0.203449
41 59 1.5106 -0.686471
41 60 -0.393283 -0.0654885
41 61 -1.19944 0.758275
41 62 -1.10543 0.248067
41 63 0.0572684 -0.0179679
41 64 0.75144 0.114224
41 65 1.32124 0.343804
41 66 0.418121 0.105997
42 33 2.12914 1.01234
42 34 -0.501059 2.76612
42 35 7.33093 -3.13656
42 36 -0.235758 -2.27747
42 37 1.40434 -0.0154242
42 38 7.73402 -1.08496
42 39 4.06151 -2.24002
42 40 1.35429 1.82841
42 41 3.62454 0.686607
42 42 5.27675 -1.06738
42 43 -0.205671 -0.969167
42 44 5.67654 2.73283
42 45 6.30635 2.16937
42 46 2.45431 4.71128
42 47 -0.899539 -2.32519
42 48 -0.12421 4.09037
42 49 -0.731726 3.19236
42 50 -0.194139 0.229684
42 51 1.40909 -0.0812982
42 52 2.39859 1.30268
42 53 0.0822058 -1.20418
42 54 0.543727 -1.61082
42 55 0.893942 -0.310624
42 56 1.32254 -0.130614
42 57 -0.269542 1.67862
42 58 0.425064 1.61273
42 59 1.06821 0.538101
42 60 0.205679 -0.0386904
42 61 0.903432 1.33784
42 62 -0.0337057 -0.214408
42 64 0.659831 -0.137878
42 65 0.778952 -0.4476
42 66 1.0705 0.27358
43 33 2.38752 -0.681822
43 34 3.46158 -0.243285
43 35 -0.896284 1.845
43 36 4.71114 -1.22838
43 37 3.65246 -2.26609
43 38 3.12643 -0.196307
43 39 -3.31474 -3.17068
43 40 5.12097 -0.937987
43 41 7.21789 -2.02702
43 42 -1.1149 -3.16085
43 43 5.25919 -0.566883
43 44 0.424334 -1.5169
43 45 -1.2098 -2.80869
43 46 6.34179 1.87987
43 47 1.19527 2.04011
43 48 4.84604 1.15478
43 49 3.12273 0.215433
43 50 -0.634786 -1.58613
43 51 5.71761 1.0197
43 52 -0.862754 0.511613
43 53 1.94075 0.743809
43 54 2.17711 -0.799154
43 55 3.03186 0.701241
43 56 1.1712 0.138862
43 57 1.21104 1.69638
43 58 -0.216092 0.154011
43 59 -0.0765555 0.0528615
43 60 0.978933 0.555388
43 61 0.122172 -0.0479927
43 62 0.239037 0.645444
43 63 0.363728 1.44392
43 64 -0.0425813 -0.823849
43 65 -1.84891 0.433407
44 33 0.489784 -1.33853
44 34 -2.58421 -4.32337
44 35 -0.778761 -0.825339
44 36 3.54128 -2.73314
44 37 -2.14561 -1.36714
44 38 4.85878 -2.86469
44 39 3.0006 -1.73605
44 40 7.47983 -0.251568
44 41 8.66058 -3.15375
44 42 -4.11789 1.18027
44 43 3.78147 1.12611
44 44 -2.28512 2.27539
44 45 -4.77074 2.41041
44 46 -0.997673 2.10327
44 47 -2.48436 1.37551
44 48 1.96499 1.17441
44 49 4.51829 1.34709
44 50 0.246389 3.43269
44 51 1.74614 -0.828439
44 52 1.89225 2.03563
44 53 1.08385 3.7572
44 54 -0.937601 0.432456
44 55 -2.76544 0.672582
44 56 -3.30556 -0.0169681
44 57 0.730818 1.98375
44 58 0.230734 1.67976
44 59 2.39237 1.0316
44 60 -0.0525867 0.746028
44 61 -1.07169 0.100694
44 62 -0.551513 -0.0890597
44 63 -0.924164 0.190442
44 64 0.0875258 -0.0904513
44 65 0.670018 0.332973
44 66 0.186993 1.17619
45 33 2.44122 -1.09043
45 34 1.84923 -0.234363
45 35 0.809238 -1.4705
45 36 6.10697 -0.969054
45 37 1.97894 2.62374
45 38 5.64737 -1.60421
45 39 0.550932 0.248512
45 40 4.55428 1.12589
45 41 4.76 1.43163
45 42 -1.76217 2.4791
45 43 1.7895 -3.60683
45 44 3.38547 4.40933
45 45 -3.64898 0.176942
45 46 4.52302 3.33335
45 47 2.23844 -0.897161
45 48 0.468366 2.8497
45 49 4.30184 0.229992
45 50 -0.34256 -0.470786
45 51 1.52518 2.02738
45 52 0.703153 0.0332572
45 53 -1.36461 3.14276
45 54 0.750445 -0.431704
45 55 -1.18289 1.43352
45 56 0.4516 -0.434613
45 57 -0.518959 2.20515
45 58 1.85562 0.692596
45 59 -0.312957 -0.299448
45 60 -0.579973 0.11416
45 61 -0.953613 0.0222912
45 62 -0.018536 -0.0505774
45 63 -0.95739 -0.0317199
45 64 0.00761093 0.593483
45 65 0.00422442 0.00552337
45 66 -0.128177 0.291343
46 33 1.29071 0.168981
46 34 0.607131 -0.92714
46 35 2.95311 0.630965
46 36 5.41124 -1.30205
46 37 0.156356 0.34318
46 38 5.10829 2.91773
46 39 7.31499 -3.22668
46 40 -1.39045 0.537238
46 41 4.82863 2.04863
46 42 4.03804 1.19853
46 43 3.59898 0.958553
46 44 4.85942 1.29066
46 45 1.40892 -2.39526
46 46 -0.252254 -2.15302
46 47 2.18513 2.12767
46 48 3.14651 0.179689
46 49 -1.29356 -0.401548
46 50 1.7946 3.81566
46 51 0.556495 -1.10117
46 52 1.51613 0.00841152
46 53 2.5511 1.96801
46 54 0.136991 0.282488
46 55 0.0153439 0.225581
46 56 -0.495056 -0.923479
46 57 -0.623792 0.943264
46 58 -1.61245 -0.694028
46 59 -1.80074 -0.933064
46 60 -0.0311715 0.00908748
46 61 -0.41043 -0.393393
46 62 0.123959 -0.00377722
46 63 -1.40188 -1.6138
46 64 1.76197 0.738809
46 65 -0.104194 0.101624
46 66 0.261314 0.0453687
47 33 1.5464 -0.0605359
47 34 7.36552 -2.337
47 35 3.12709 1.88996
47 36 3.52297 -1.73012
47 37 1.69149 1.31967
47 38 -0.454107 0.914898
47 39 -2.6863 -3.74115
47 40 -1.12787 -0.195994
47 41 -2.6988 -2.60607
47 42 -1.38838 3.86981
47 43 5.67055 -1.21672
47 44 8.41915 -0.218359
47 45 2.62091 -2.94587
47 46 1.2019 -0.941496
47 47 -2.94759 -1.08241
47 48 2.05967 1.30912
47 49 1.70918 -0.510758
47 50 -0.356631 0.587652
47 51 5.98202 -1.05253
47 52 -1.60166 0.475277
47 53 -1.88917 2.02544
47 54 1.55404 -0.0423544
47 55 0.323398 -0.348375
47 56 -0.508219 0.487049
47 57 -0.273688 0.124912
47 58 0.0631554 -0.627393
47 59 0.478287 0.759677
47 60 1.63848 1.28497
47 61 -1.32691 0.545451
47 62 -0.922805 0.349794
47 63 0.487726 -0.594827
47 64 2.17301 1.29977
47 65 1.12204 -0.00702032
48 33 5.59335 -0.410249
48 34 -0.0424376 -0.720973
48 35 6.85494 -1.54253
48 36 -1.79765 0.442836
48 37 -2.31839 -2.51241
48 38 9.13119 1.50284
48 39 8.58128 -1.21222
48 40 3.6802 -2.15984
48 41 2.0491 2.55651
48 42 0.536033 1.39945
48 43 1.61358 -0.892374
48 44 0.953519 -2.29371
48 45 -2.34958 -0.531142
48 46 4.30018 4.72632
48 47 -0.81619 0.70971
48 48 -0.641073 5.95898
48 49 1.44281 1.85411
48 50 1.63298 0.177873
48 51 -3.04867 2.66762
48 52 5.69397 0.291618
48 53 -1.48051 0.147537
48 54 0.398533 0.142755
48 55 1.09336 0.349944
48 56 -1.34111 0.875911
48 57 0.362105 0.183277
48 58 -0.869666 0.100597
48 59 0.128029 -0.726637
48 60 -0.358033 0.85816
48 61 -0.0483828 -0.417287
48 62 -0.038993 -0.0670824
48 63 0.0301007 0.150219
48 64 0.769681 0.558809
48 65 1.77556 1.27399
48 66 -0.0383071 -0.0461161
49 33 0.571276 0.248529
49 34 4.56157 -1.34036
49 35 5.41315 -4.00804
49 36 -1.74071 0.00470673
49 37 -1.16223 -2.11535
49 38 6.68419 -2.37509
49 39 5.88294 0.0430897
49 40 4.4845 2.68266
49 41 4.44884 2.45407
49 42 7.4739 1.14017
49 43 2.14364 2.95808
49 44 7.87153 -1.83344
49 45 2.04763 0.449706
49 46 3.84095 0.886193
49 47 -1.16069 0.484236
49 48 3.0632 4.12799
49 49 1.68815 0.483985
49 50 -0.174758 1.61943
49 51 1.05866 -1.437
49 52 7.04038 1.38164
49 53 -0.104028 0.714584
49 54 -0.449764 1.13784
49 55 -1.58538 -0.120664
49 56 2.80121 1.63952
49 57 0.455946 -0.915561
49 58 -1.87868 0.433897
49 59 2.91152 0.396268
49 60 -1.84169 1.02417
49 61 -0.22255 0.301191
49 62 1.01472 0.227689
49 63 -0.249343 0.0230991
49 64 -0.0139752 0.4862
49 65 -0.0873596 0.249768
50 33 1.98643 -0.377915
50 34 4.91107 -2.33034
50 35 -0.583743 -4.08043
50 36 0.540433 1.22922
50 37 3.65403 -4.32375
50 38 0.194461 6.26456
50 39 0.389794 0.870919
50 40 -1.52573 0.877762
50 41 1.49649 -0.599648
50 42 7.16391 -3.2555
50 43 1.87102 -1.16497
50 44 1.50443 3.66844
50 45 7.28299 -0.239626
50 46 -1.49581 4.52498
50 47 -0.60051 0.695413
50 48 1.15008 1.20372
50 49 3.15617 -1.29665
50 50 -0.409759 0.0300496
50 51 -0.883607 0.329785
50 52 -0.259796 -0.730674
50 53 0.195935 -0.873297
50 54 0.493979 -1.14311
50 55 -1.27666 1.65421
50 56 -0.712327 -0.77318
50 57 0.0204023 2.16444
50 58 2.03126 1.24822
50 59 -0.412829 -0.607927
50 60 1.13275 0.0587294
50 62 -1.35348 -0.492165
50 63 0.481797 0.763493
50 64 -0.227567 0.439164
50 66 -0.189239 0.0266092
51 33 4.56351 -1.50352
51 34 5.14382 -2.80204
51 35 1.07808 -0.255856
51 36 4.76853 -3.47907
51 37 2.62423 3.32005
51 38 10.5914 -4.39405
51 39 -2.88469 0.507986
51 40 1.94102 0.44404
51 41 4.6104 2.39164
51 42 2.64183 1.21431
51 43 5.13061 -0.91421
51 44 5.97978 -0.230405
51 45 5.75193 -1.38596
51 46 4.1039 -2.99457
51 47 -1.0884 3.78802
51 48 4.76952 5.32283
51 49 2.40606 -0.0952283
51 50 4.04597 -0.875964
51 51 2.2057 -1.46004
51 52 2.34693 0.900245
51 53 0.223287 2.15061
51 54 1.78688 -0.420252
51 55 0.338232 3.47664
51 56 -1.77028 0.0273923
51 57 0.812184 2.21474
51 58 0.263179 -0.0285931
51 59 0.991618 0.50172
51 60 1.9578 1.04808
51 61 0.271922 -0.351944
51 62 0.34263 0.202364
51 63 -0.125279 0.267147
51 64 -0.42205 -0.0805085
51 65 -0.280941 -0.165509
51 66 0.0509258 0.0726633
52 33 -2.53701 0.471887
52 34 -1.45927 -2.41486
52 35 0.0102494 -1.08697
52 36 4.26074 -2.17636
52 37 3.59107 0.114318
52 38 4.5999 0.344597
52 39 0.679933 0.216413
52 40 2.90149 1.86836
52 41 1.73587 0.0559544
52 42 8.42973 -1.96337
52 43 3.2806 4.0273
52 44 -1.41564 2.17327
52 45 -1.88775 -0.0207146
52 46 -0.97586 1.75418
52 47 3.74894 -0.672355
52 48 1.14643 1.42433
52 49 1.4493 1.13232
52 50 -0.438262 0.327472
52 51 2.56344 1.17181
52 52 3.90256 -0.943237
52 53 3.52808 0.942814
52 54 0.457162 -1.34194
52 55 -0.336489 -0.6094
52 56 0.923353 1.3622
52 57 0.954439 1.74506
52 58 3.30258 -0.531652
52 59 0.45665 0.915339
52 60 0.456415 -0.324194
52 61 -0.191838 0.0399015
52 62 1.14524 0.528811
52 63 0.205098 -0.274315
52 64 0.604205 0.0345733
52 65 0.0594006 0.00842243
53 33 2.0299 -0.128562
53 34 2.61406 -0.336245
53 35 4.46534 -0.711934
53 36 -3.72239 0.421886
53 37 -6.55893 1.44221
53 38 2.68886 0.484444
53 39 6.63294 -2.99583
53 40 -3.03474 0.614487
53 41 10.9539 2.5931
53 42 2.58108 2.75422
53 43 5.7875 1.96445
53 44 2.61753 -0.0137574
53 45 -0.827563 2.79846
53 46 -6.42589 1.8871
53 47 2.57226 -0.537563
53 48 1.76096 -2.86851
53 49 2.78787 0.958049
53 50 -2.58445 -0.921045
53 51 -0.661268 3.41252
53 52 2.24244 2.92502
53 53 1.16899 2.0711
53 54 1.95956 0.253855
53 55 2.20262 0.339081
53 56 -0.228654 0.262043
53 57 0.319404 -1.07433
53 58 1.254 0.0393971
53 59 0.043809 0.0164394
53 60 0.414923 0.205141
53 61 0.674137 0.0491157
53 62 0.931789 -0.528646
53 63 0.540586 0.17362
53 64 -0.59601 0.183332
53 65 0.482078 0.0421848
54 33 -0.484169 -2.26659
54 34 4.95231 -0.213434
54 35 4.97401 -3.89656
54 36 9.05004 -1.1791
54 37 6.09536 2.04943
54 38 -1.42136 0.232954
54 39 3.8544 1.35966
54 40 -2.86921 -1.84364
54 41 3.31987 2.51649
54 42 0.434016 5.61065
54 43 7.71749 2.04276
54 44 5.19324 2.23929
54 45 2.49823 0.381818
54 46 -3.72897 0.332261
54 47 -2.75445 -2.34891
54 48 2.38749 -0.129017
54 49 0.328519 1.78759
54 50 2.6171 1.41838
54 51 1.13809 1.46851
54 52 1.4374 1.1244
54 53 -2.67917 0.436504
54 54 -0.294777 0.538132
54 55 0.121448 2.24238
54 56 -2.03367 -0.178732
54 57 0.115031 -0.159411
54 58 -1.06103 -0.881457
54 59 -0.738219 1.7301
54 60 0.523876 -0.0904949
54 61 1.55571 1.36102
54 62 -2.1679 -0.772271
54 63 0.0468444 -0.132236
54 64 -0.376699 -0.221309
54 65 0.507701 -0.833218
55 33 1.79288 -1.12785
55 34 2.99252 0.432095
55 35 7.95617 -0.603393
55 36 -1.41307 -1.82331
55 37 1.51225 -1.53752
55 38 6.28537 -3.05157
55 39 6.56436 -2.81189
55 40 8.52032 0.871717
55 41 -0.332969 -1.72369
55 42 5.95114 4.53625
55 43 0.0265835 2.56545
55 44 0.677906 0.418313
55 45 5.88523 1.12883
55 46 2.69247 2.3669
55 47 -2.50726 0.738424
55 48 -0.793515 2.39007
55 49 -0.879967 4.19305
55 50 3.45312 -0.229917
55 51 0.954591 -0.307018
55 52 2.19095 -0.243632
55 53 5.73427 -0.184152
55 54 -1.20478 3.15531
55 55 -0.541185 1.22938
55 56 1.4816 0.463414
55 57 0.437679 0.0320754
55 58 -2.49427 0.145469
55 59 0.18482 0.102518
55 60 -1.4976 1.24809
55 61 -0.125151 0.8911
55 62 -0.323227 0.378828
55 63 -0.0672235 0.0120158
55 64 0.354534 -0.0955982
55 65 0.192091 -0.0246021
55 66 0.0437681 0.00860191
56 33 4.04802 -0.0602209
56 34 0.95401 1.46409
56 35 4.36398 -0.498488
56 36 1.66191 -0.0616181
56 37 3.71739 0.305054
56 38 0.642467 -0.512771
56 39 5.22897 2.97395
56 40 10.7139 -0.0738159
56 41 2.83326 0.052192
56 42 3.90795 -1.11839
56 43 4.61402 4.14538
56 44 6.17817 -2.57554
56 45 -2.58942 -4.893
56 46 1.99804 0.6719
56 47 7.24044 0.487341
56 48 1.6275 1.29428
56 49 -4.01208 1.12954
56 50 0.793803 -0.463528
56 51 1.98649 -0.249195
56 52 1.4853 0.86396
56 53 0.267874 1.19238
56 54 3.58097 0.708463
56 55 -1.30281 0.266647
56 56 -1.74545 1.01306
56 57 1.09728 -0.86797
56 59 -0.752312 -0.11252
56 60 0.266881 1.24633
56 61 1.46038 1.2435
56 64 -0.729796 0.472982
56 65 1.10977 -0.343472
56 66 0.064125 -0.0268405
57 33 0.719451 -0.884618
57 34 1.86884 0.0346547
57 35 4.74032 -2.37038
57 36 -0.774748 2.14704
57 37 9.84201 -3.99521
57 38 2.28804 0.252788
57 39 4.61042 -0.932382
57 40 3.11868 2.94592
57 41 -1.64401 -1.99404
57 42 5.33012 0.813322
57 43 5.32079 1.68767
57 44 5.40478 -2.0455
57 45 5.02277 1.49625
57 46 1.6902 -0.109931
57 47 2.1408 1.16276
57 48 2.1696 0.55946
57 49 -2.58488 4.33768
57 50 0.215616 1.24463
57 51 -1.79632 -0.517659
57 52 2.80236 -2.40972
57 53 2.20385 -0.437221
57 54 3.67863 -0.0575883
57 55 -1.77902 -0.420437
57 56 -0.237461 0.841081
57 57 1.75252 -0.375243
57 58 2.57962 -0.578265
57 59 -1.33718 -0.00651812
57 60 -0.160041 -0.188707
57 61 1.43524 0.694731
57 62 1.23147 0.0470556
57 63 -0.598191 0.132921
57 65 -0.000863011 0.58237
57 66 1.27601 0.295227
58 33 1.97166 -0.142589
58 34 5.12243 -1.29327
58 35 3.88907 2.32779
58 36 2.62349 -0.706599
58 37 4.36497 1.05383
58 38 7.88555 -2.66982
58 39 6.57823 -1.34378
58 40 5.76886 0.843029
58 41 4.79821 0.801845
58 42 1.79807 2.89244
58 43 7.09206 -2.15226
58 44 1.36513 3.2337
58 45 4.45781 3.24511
58 46 0.845404 3.24725
58 47 1.32639 3.3249
58 48 -0.220555 -1.47411
58 49 0.380585 1.12436
58 50 -0.630532 0.147934
58 51 -3.47049 0.625945
58 52 0.725068 -3.00644
58 53 -2.25041 0.665105
58 54 2.03507 1.03484
58 55 1.42335 1.38334
58 56 -1.30604 2.56046
58 57 1.08124 -0.676812
58 58 -0.747114 -0.591939
58 59 -1.0437 0.017888
58 60 1.97688 -1.10398
58 61 -0.470028 1.00477
58 62 0.929675 0.436615
58 63 1.1939 -0.968117
58 64 -0.199215 0.0340387
58 65 1.77035 0.958756
58 66 0.89301 0.00467338
59 33 2.07437 0.602707
59 34 1.40071 -1.52389
59 35 5.98897 -2.14568
59 36 7.43096 0.139333
59 37 6.09548 -1.64091
59 38 3.5366 -4.79237
59 39 6.07623 2.03617
59 40 -3.04021 1.14028
59 41 3.20823 3.95136
59 42 -0.777585 0.31595
59 43 6.93445 2.78085
59 44 5.52884 -0.382591
59 45 0.644463 -1.37956
59 46 3.04776 -0.0200039
59 47 0.206111 -0.232994
59 48 2.11401 1.03525
59 49 -0.593128 2.49386
59 50 -6.16192 -2.09375
59 51 0.404045 -0.143869
59 52 1.49338 2.39451
59 53 0.225328 1.97299
59 54 -0.357237 1.19934
59 55 -1.31682 0.0540129
59 56 1.39832 0.59207
59 57 0.941682 -0.572411
59 58 -0.395445 -0.0475625
59 59 0.322942 -0.410763
59 60 -0.196562 0.00349609
59 61 -0.462533 1.63999
59 62 -0.0804621 1.06994
59 63 0.62436 -0.459094
59 64 1.2177 -0.20051
59 65 0.225549 0.116354
59 66 -0.124024 0.175511
60 33 5.28452 -0.0818756
60 34 7.2436 0.228799
60 35 1.04193 3.63654
60 36 -0.864282 0.139181
60 37 10.2288 -3.18845
60 38 0.233527 1.87575
60 39 6.26874 3.62809
60 40 5.98022 1.93814
60 41 1.55767 3.72236
60 42 7.67151 -0.254402
60 43 1.35809 2.12505
60 44 2.91407 -0.456482
60 45 1.74141 1.09156
60 46 0.617508 -2.50923
60 47 -0.680575 -2.38012
60 48 -1.4636 1.04511
60 49 4.48594 -0.652321
60 50 0.948605 1.41135
60 51 -0.079965 0.0899124
60 52 -2.38361 1.38803
60 53 0.114323 0.327802
60 54 0.23411 0.550215
60 55 0.366231 -1.76123
60 56 1.09715 0.75578
60 57 1.36154 0.581698
60 58 -0.238635 0.545306
60 59 0.530506 1.76296
60 60 -0.882241 0.0351372
60 61 0.0870856 0.154849
60 62 -1.37672 1.24615
60 63 0.908187 -0.148055
60 64 -0.377714 0.529959
60 65 1.09511 -0.0464887
61 33 2.82059 -1.49318
61 34 4.21217 -2.51525
61 35 4.53039 -1.85419
61 36 -2.12862 0.863897
61 37 1.44748 -3.63768
61 38 3.20313 1.09514
61 39 4.06266 3.31384
61 40 2.83311 -1.47983
61 41 0.575378 3.68543
61 42 -0.476979 0.816698
61 43 0.482111 1.58082
61 44 1.89032 1.49996
61 45 3.52673 0.638088
61 46 0.997651 3.89237
61 47 2.25185 2.29217
61 48 0.18767 -0.28206
61 49 0.00316904 -1.97142
61 50 2.33677 0.766846
61 51 2.26666 1.39331
61 52 4.3528 1.79624
61 53 0.210947 0.147679
61 54 -0.49603 0.792598
61 55 0.67419 0.53144
61 56 0.763731 0.885983
61 57 3.66519 -0.373425
61 58 -0.163595 0.034549
61 59 -1.10118 1.00879
61 60 1.46791 1.4348
61 61 1.11262 -0.121668
61 62 1.80439 0.323042
61 63 0.224624 -0.574767
61 64 0.0915024 -0.225183
61 65 0.413501 0.00588852
62 33 2.77772 -0.559055
62 34 0.689684 -3.05175
62 35 5.16972 -0.961964
62 36 2.86791 0.561835
62 37 5.03896 -1.43227
62 38 -0.0268714 4.07804
62 39 1.99152 -0.800079
62 40 -1.54668 -3.38342
62 41 -1.15681 -0.144025
62 42 -1.93632 -3.30055
62 43 -0.310226 2.53795
62 44 4.87843 0.282449
62 45 0.0354701 2.16267
62 46 3.44008 4.17375
62 47 4.70563 1.00574
62 48 0.718901 1.41175
62 49 -2.10975 -0.114717
62 50 4.52241 2.8827
62 51 0.663273 2.19361
62 52 1.01692 -0.161362
62 53 0.0656647 1.19372
62 54 2.36613 -1.32398
62 55 1.74263 2.35102
62 56 0.444496 0.0927929
62 57 -0.314085 -1.22142
62 58 0.777518 0.960979
62 59 0.445963 -0.186618
62 60 0.18799 0.30442
62 61 -0.27061 0.402282
62 62 0.198664 0.343922
62 63 0.236764 0.14271
62 64 0.093385 0.17874
62 65 1.18515 -0.150856
62 66 0.996944 0.564373
63 33 1.05217 -2.65773
63 34 1.80659 -0.581615
63 35 -0.661879 1.49461
63 36 1.91565 0.403979
63 37 4.01361 -1.70704
63 38 1.84267 -0.446856
63 39 1.44745 -4.671
63 40 4.09327 -1.03606
63 41 1.0792 0.686378
63 42 3.0929 -2.0344
63 43 3.31259 1.14642
63 44 1.19333 -2.06896
63 45 8.81494 0.178675
63 46 0.508491 0.868596
63 47 3.16831 -0.77353
63 48 3.91344 1.13435
63 49 4.5173 0.496276
63 50 -0.554895 -0.161449
63 51 1.83907 0.46648
63 52 1.08659 -0.987794
63 53 3.58651 0.630789
63 54 0.313492 1.12568
63 55 -0.275758 1.59789
63 56 2.6375 -0.353194
63 57 1.91922 -1.3273
63 58 1.23222 0.743769
63 59 1.12528 0.647541
63 60 1.24222 0.124338
63 61 -0.180513 -0.373295
63 62 0.576374 1.4401
63 63 -0.788269 -0.148659
63 64 0.797616 0.768987
63 65 -0.229895 0.598142
63 66 0.0180239 0.0241774
64 33 5.20061 -0.714359
64 34 -0.924366 -1.7026
64 35 3.57919 1.58715
64 36 -1.10361 -0.455369
64 37 6.48891 1.05309
64 38 3.16937 -2.29733
64 39 2.65008 -2.05292
64 40 6.30175 -3.14554
64 41 4.90916 0.0818066
64 42 6.07328 2.54359
64 43 5.86276 1.08842
64 44 1.11749 0.539982
64 45 4.31528 4.23001
64 46 2.00517 0.576998
64 47 3.73678 3.32462
64 48 2.93577 1.43044
64 49 5.14775 0.437036
64 50 -0.0968523 3.57925
64 51 2.42101 -0.307911
64 52 1.31369 0.752714
64 53 0.884681 1.02342
64 54 0.0750322 0.774339
64 55 1.07474 0.129173
64 56 2.16914 -0.2456
64 57 -0.145906 -0.146725
64 58 0.126857 0.154067
64 59 0.138006 0.565588
64 60 0.531648 -1.16767
64 61 -0.338963 -0.0386069
64 62 -0.11257 -0.415043
64 63 -0.235579 1.11138
64 64 0.0152969 0.320462
64 65 0.2428 0.563241
64 66 0.017016 0.0745254
65 33 0.761575 -0.608406
65 34 2.3313 -1.05862
65 35 5.26634 -0.802117
65 36 4.13424 -1.75988
65 37 5.48883 -1.81325
65 38 5.32272 -1.57792
65 39 6.36092 2.45962
65 40 1.02333 0.499554
65 41 3.90465 -0.450136
65 42 7.20694 -0.813172
65 43 4.98879 1.1837
65 44 2.58094 1.74232
65 45 5.45885 1.88073
65 46 3.86333 2.17491
65 47 1.44124 1.41097
65 48 2.43863 -0.104953
65 49 2.01842 1.92114
65 50 1.0868 -0.287318
65 51 1.63034 0.69445
65 52 4.09208 -0.826802
65 53 2.53455 0.431042
65 54 -1.36313 2.29239
65 55 2.75221 0.986701
65 56 0.351824 -0.09695
65 57 0.26007 -0.0714045
65 58 0.312698 -0.0879877
65 59 1.85398 1.05071
65 60 0.436093 0.735912
65 61 -0.407273 0.848624
65 62 -0.559679 0.297147
65 63 0.0532412 0.537021
65 64 0.549392 0.685754
65 65 0.373997 0.169433
65 66 0.743943 0.546144
66 33 1.02229 -0.809342
66 34 2.93472 -1.96943
66 35 5.47994 -1.98175
66 36 6.59346 0.798779
66 37 6.10795 -0.271212
66 38 3.59638 0.976281
66 39 2.66775 -0.874072
66 40 3.04792 -0.191961
66 41 3.77376 -1.09795
66 42 3.04051 -0.601932
66 43 5.77073 1.90837
66 44 4.19435 0.707221
66 45 5.02015 -1.19574
66 46 3.34981 0.329209
66 47 2.03383 -0.586894
66 48 1.59233 0.605509
66 49 1.2874 0.2444
66 50 0.899203 1.09141
66 51 2.73134 1.17349
66 52 1.90108 0.613535
66 53 2.21549 0.256209
66 54 1.05314 2.34604
66 55 0.936338 1.1696
66 56 1.9212 1.36706
66 57 0.962103 1.00947
66 58 0.850383 0.476344
66 59 1.89868 -0.0339902
66 60 0.542269 0.851679
66 62 0.592918 -0.0625467
66 63 -0.0992215 0.0391932
66 64 0.366526 -0.299251
66 65 -0.0221327 -0.408258
66 66 0.574592 0.17869
67 33 0.791694 -0.355515
67 34 0.588484 -0.316293
67 35 0.883312 -0.238302
67 36 1.28815 0.00262328
67 37 1.35825 0.140596
67 38 1.39779 0.0151839
67 39 0.8834 0.407764
67 40 0.884526 -0.223944
67 41 0.301074 0.175394
67 42 0.862528 -0.116457
67 43 0.704196 0.214191
67 44 0.703532 0.128642
67 45 0.731494 0.294997
67 46 0.728642 0.238705
67 47 0.55165 0.0959621
67 48 0.599041 0.232595
67 49 0.25562 0.258459
67 50 0.549422 0.134515
67 51 0.608855 0.589937
67 52 0.615222 0.14418
67 53 0.425611 0.570167
67 54 0.364163 0.240245
67 55 0.0918526 0.0228597
67 56 0.509704 0.298292
67 57 0.558237 -0.0531463
67 58 0.164229 0.0740733
67 59 0.237958 0.0367005
67 60 0.197141 0.279453
67 61 -0.0395452 0.0415977
67 64 0.0656961 -0.0207294
67 65 -0.0035621 0.00408628
67 66 0.257431 0.124784
