0 33 -0.174311 2.10696
0 34 -0.364493 0.373511
0 35 -0.00941465 0.106429
0 36 0.709122 -0.541348
0 41 0.601439 -0.912166
1 33 0.168574 3.88505
1 34 1.17138 -1.24438
1 35 -0.574001 0.430268
1 36 0.426495 -0.0116238
1 37 -0.466525 -0.202219
1 41 -0.154679 0.0572679
1 43 -0.369631 0.466779
2 33 -0.429494 5.80987
2 34 0.352374 -1.53325
2 35 0.324402 2.13036
2 36 1.93707 0.239005
2 37 -0.023577 0.0290933
2 38 1.54799 -0.198531
2 42 0.926013 0.65668
2 44 0.890951 0.155895
2 45 0.458867 -0.537337
3 33 1.5447 6.04408
3 34 0.0258682 0.547782
3 35 -1.38327 0.241195
3 36 -1.08212 0.304056
3 37 0.987712 0.884872
3 39 0.166915 0.425746
3 40 -0.758509 0.417966
3 42 0.510876 -0.143567
3 43 0.251259 0.0333179
4 33 2.88104 8.91406
4 34 0.0500528 -0.771699
4 35 1.17842 0.062453
4 36 1.40545 3.16035
4 37 -0.398454 0.366256
4 38 -0.105391 -0.0314762
4 39 0.958378 0.248607
4 41 0.0285306 -0.00765633
4 42 0.199838 0.0152646
4 44 -0.00523109 -0.02758
4 54 -0.348342 -0.0220531
5 33 -1.55747 12.6466
5 34 4.12252 0.309167
5 35 -1.38949 0.0865974
5 36 1.40406 -0.54933
5 37 0.533051 0.106787
5 38 -1.80635 -0.868201
5 39 0.784991 0.184546
5 41 -0.831514 0.039829
5 42 -0.0860164 0.193235
5 44 -0.0124768 -0.0164105
5 50 -0.0657318 0.0786972
6 33 1.29057 11.8184
6 34 2.50016 2.84248
6 35 3.56314 1.71479
6 36 4.26385 -0.353388
6 37 0.900981 -0.114924
6 38 0.693576 0.561544
6 39 -1.27821 -0.845994
6 40 -0.729259 -0.100453
6 41 0.12089 0.0927167
6 42 -0.329697 -0.0796244
6 43 -0.333841 -0.301721
6 44 -0.0693535 0.122459
6 46 0.0917626 -0.1945
7 33 0.936694 14.7184
7 34 5.6893 3.64884
7 35 -2.44543 -3.02867
7 36 2.74701 2.40193
7 37 -1.15967 0.0513008
7 38 -4.20525 0.926159
7 39 0.0146215 -0.00847423
7 40 -0.0805347 0.661506
7 41 -0.538302 0.457809
7 42 0.717801 -0.0526738
7 44 -0.00883936 -0.0207973
7 47 -0.13255 0.182038
7 49 -0.00472766 0.338537
7 57 -0.534965 0.113198
7 63 0.604493 -0.16284
8 33 2.61574 15.1045
8 34 2.06918 -0.371543
8 35 0.586742 4.44688
8 36 -0.052733 0.654265
8 37 0.600326 -0.0562065
8 38 -0.116055 0.47016
8 39 0.599892 0.314497
8 40 -0.165694 0.212681
8 41 1.35467 0.462062
8 42 -0.533949 -1.01414
8 43 0.0909338 0.0829666
8 49 -0.332616 0.475895
8 50 0.525272 0.426942
8 57 -0.0292617 0.00390559
8 63 1.96188 -0.655265
9 33 0.497034 16.4406
9 34 -0.0579498 3.45301
9 35 2.35911 3.86684
9 36 0.0711559 -0.816972
9 37 -0.322624 0.181787
9 38 0.884732 0.610754
9 39 -1.9995 0.781605
9 41 -0.040245 0.0149852
9 42 -0.316131 0.23131
9 43 0.379067 0.0670364
9 44 0.233801 0.174326
9 45 -0.153482 -0.0127306
9 46 0.0723174 0.0531226
9 47 0.774186 -0.00963144
9 50 -0.681711 0.154383
9 52 0.159518 0.213534
9 57 -0.0849907 -0.0126591
10 33 1.41118 18.3016
10 34 3.90358 -0.231256
10 35 -0.00183311 -1.74253
10 36 2.5232 0.622936
10 37 0.366979 0.849428
10 38 -0.970849 -2.12431
10 39 -0.873097 -0.312462
10 40 0.295366 0.0697281
10 41 0.00517456 0.0251862
10 43 -0.259274 0.00377095
10 44 0.63646 0.37282
10 45 -0.174704 0.0253201
10 47 0.609057 -0.462413
10 50 0.109345 0.0154092
11 33 6.13173 18.5392
11 34 1.71492 0.170822
11 35 -4.11918 -2.38905
11 36 0.472918 0.788622
11 37 -1.43722 1.28134
11 38 0.243742 -0.831131
11 40 -0.22641 0.891582
11 41 0.454988 0.054821
11 42 0.510587 0.22457
11 43 -0.791111 -0.187715
11 44 0.928249 0.491549
11 48 0.608799 0.123334
11 51 0.4071 1.18977
11 52 -1.07668 -1.08131
11 54 0.762164 -0.585127
11 55 -0.489308 -0.24529
11 56 -1.19072 -0.764841
11 64 0.0118752 0.0086548
12 33 -0.593887 21.2628
12 34 -4.04411 1.58018
12 35 -1.26805 8.07098
12 36 0.304205 2.36531
12 37 4.44994 0.477041
12 38 -0.0225765 0.0484917
12 39 0.0902886 0.270438
12 40 -0.637365 0.888326
12 41 0.047946 0.00512534
12 42 -0.393425 0.639653
12 43 -0.553072 0.692984
12 44 0.328258 -0.678022
12 46 0.247771 0.437499
12 47 0.426132 0.54811
12 48 0.0559199 -0.00257879
12 55 -0.841228 -0.114514
13 33 5.14124 25.6733
13 34 2.92488 -0.58431
13 35 6.7842 2.93333
13 36 -1.63061 0.623921
13 37 1.71629 -0.0508071
13 38 -0.434303 0.291112
13 39 -0.0334427 0.535625
13 40 0.326982 0.186456
13 41 -0.445022 0.0773965
13 42 -0.311717 0.8174
13 43 0.414885 0.726356
13 44 -0.489069 0.690232
13 45 -0.628327 0.214962
13 46 0.173671 0.288441
13 50 0.29547 0.172766
14 33 -1.75542 23.1242
14 34 11.2186 2.99359
14 35 2.37769 3.9805
14 36 1.53581 2.40015
14 37 0.557119 -1.89645
14 38 0.684418 1.30928
14 39 -0.438019 1.78765
14 40 0.154374 -0.144161
14 41 0.581876 -0.286697
14 43 0.704007 0.548249
14 44 -0.569361 0.379751
14 46 0.129745 0.291434
14 47 0.00374729 0.00432579
14 56 0.0123846 0.0256014
14 61 -0.315628 0.0339125
15 33 -0.0546462 22.9487
15 34 0.746394 -0.0724601
15 35 3.15829 2.5479
15 36 1.10879 0.592703
15 37 -1.01824 1.22977
15 38 0.30363 1.28083
15 39 0.316248 1.07172
15 40 0.999832 -0.0845793
15 41 -0.103708 -0.231906
15 42 0.644172 0.226206
15 43 1.7186 1.01867
15 44 -0.476235 0.466517
15 45 -0.0441757 0.0685957
15 46 -0.0580857 0.675963
15 48 -0.112361 -0.0764181
15 50 -0.543982 -0.265333
15 51 -1.1873 -0.695635
15 56 -0.138895 0.554472
16 33 4.70583 18.559
16 34 1.63996 2.38635
16 35 2.06295 -0.377341
16 36 -0.13546 0.0993477
16 37 1.77082 0.00457262
16 38 -0.219572 1.28833
16 39 -0.0762948 0.210081
16 40 -1.48339 1.76296
16 41 -1.85331 0.30817
16 42 -0.0750158 0.185287
16 43 -0.426695 0.0719416
16 44 -1.32838 0.100457
16 46 -1.24546 -0.183313
16 47 0.291237 -0.110542
16 48 -0.730056 0.314348
16 49 -0.170488 0.131031
16 50 -1.58668 0.459402
16 54 -0.115171 0.176906
16 60 -0.0735454 -0.152248
17 33 1.65628 22.889
17 34 6.60226 -1.46764
17 35 -2.55186 1.93334
17 36 -0.111812 2.55526
17 37 -0.27439 -1.00834
17 38 0.992572 3.19542
17 39 2.51898 0.604514
17 40 -0.0201336 0.41318
17 41 0.777045 0.744807
17 42 -1.57743 0.523895
17 43 -0.301116 -0.449461
17 44 -0.184693 0.435964
17 45 0.0103701 0.27108
17 46 -0.0272047 0.0538519
17 47 0.31064 -0.454682
17 48 -0.111631 0.882832
17 49 -0.119622 -0.0664248
17 51 -0.332196 -0.215135
17 56 -0.446262 0.205551
17 58 0.175569 0.2466
18 33 2.53104 22.9665
18 34 10.1071 2.29217
18 35 -1.20433 1.98483
18 36 4.21797 3.18464
18 37 -2.4317 2.83239
18 38 1.02815 1.68863
18 39 -0.204134 0.902263
18 40 0.468509 0.658223
18 41 -1.00132 1.17769
18 42 0.569459 -0.879063
18 43 -0.485459 1.20402
18 44 0.516718 0.111326
18 45 0.175695 0.0970314
18 46 0.151654 0.225597
18 47 -0.0711983 -0.11872
18 48 0.137606 0.0755506
18 49 0.0467023 0.227385
18 53 0.0824933 0.403466
18 54 0.0965209 0.00511514
18 56 0.0926177 -0.027277
18 58 0.137704 0.00718527
18 65 0.156329 0.204323
19 33 6.39827 13.1929
19 34 0.36114 0.845589
19 35 -3.68547 -1.14549
19 36 0.470193 1.09052
19 37 -2.59875 -0.53283
19 38 -0.291201 -0.920636
19 39 -0.595796 -0.326466
19 40 0.0579057 -0.00764864
19 41 0.451147 -0.30129
19 42 0.0978417 0.224257
19 43 1.80997 -0.243781
19 44 0.905723 0.0476907
19 45 -0.0516881 -0.0211509
19 46 0.366123 1.29529
19 48 0.35837 0.273803
19 49 -0.392093 -0.134061
19 50 -0.189185 0.0609773
19 53 0.395217 -0.707371
19 58 0.21157 -0.000719866
19 61 0.03162 0.0936823
20 33 -1.62177 19.1578
20 34 -1.90997 0.98632
20 35 4.33681 3.14274
20 36 3.29445 3.65924
20 37 -1.04202 3.67673
20 38 0.977737 0.301383
20 39 2.01695 1.67892
20 40 0.174397 0.871673
20 41 -0.0152235 0.0885237
20 42 -0.0734266 -0.169828
20 43 -1.61062 0.122494
20 44 -0.967943 -1.35791
20 47 -0.589301 -0.334712
20 48 -1.02705 0.480108
20 49 -0.0822088 0.133052
20 52 0.26843 -0.0647617
20 53 -1.13135 -0.213023
20 57 0.2248 0.222691
20 60 0.0364382 0.0493204
21 33 -2.52049 16.5645
21 34 0.377741 -1.48398
21 35 1.82987 0.111363
21 36 0.0634853 0.769587
21 37 -0.00950102 2.94287
21 38 2.15336 0.446819
21 39 1.5009 -0.311484
21 40 -0.970729 -0.856026
21 41 0.127124 0.0524278
21 42 0.0780085 0.336854
21 44 0.372665 0.692704
21 45 -0.339673 0.528445
21 46 0.589514 0.445586
21 49 0.0284608 0.0134628
21 50 0.0586132 0.0483436
21 55 0.0351055 -0.222733
21 56 -0.0807146 0.000728163
21 57 -0.467481 -0.771898
21 60 -0.571719 -0.07598
21 65 0.119949 0.0230134
22 33 -1.37945 19.8826
22 34 2.78494 -1.17753
22 35 -2.61101 1.10638
22 36 1.00951 1.13138
22 37 1.38204 2.47958
22 38 1.86051 0.780131
22 39 -0.967903 0.366258
22 40 1.1228 0.87497
22 41 0.436425 0.148911
22 42 -1.38371 0.103491
22 43 1.00691 -0.347128
22 44 0.36523 0.28656
22 45 0.181094 -0.285214
22 46 0.104062 -0.0402141
22 50 -0.0389927 0.374639
22 53 0.0103389 0.162858
22 55 -0.0494461 -0.0146035
22 56 -1.9584 0.21997
23 33 2.04115 19.7463
23 34 5.47472 1.1267
23 35 0.853736 1.34941
23 36 0.197042 2.19514
23 37 -0.0183854 2.96742
23 38 0.918039 1.10148
23 39 -2.32028 0.132945
23 40 0.691058 -0.0462137
23 41 0.013671 -0.0354776
23 42 0.855877 -0.558165
23 43 -0.802085 0.346496
23 44 0.0941493 -0.323097
23 45 -0.109241 0.0081651
23 46 -0.446566 0.267115
23 48 -0.0214501 0.0177644
23 53 0.109277 -0.101004
23 54 -0.0455102 0.244166
23 56 -0.0882982 0.030551
23 59 0.227044 0.0084111
23 66 0.0862777 0.0707036
24 33 0.82694 15.4507
24 34 -4.16109 -1.09203
24 35 4.47491 2.00577
24 36 2.85858 1.27258
24 37 -1.35861 2.02562
24 38 1.17783 0.254481
24 39 0.642145 0.259545
24 40 -0.421187 0.738607
24 41 -0.837581 0.194699
24 42 0.382065 -0.362261
24 45 2.86042 0.411037
24 46 -0.0199216 0.0320568
24 47 -1.09447 -0.950332
24 48 0.966446 -0.505755
24 57 0.015798 -0.00272516
24 58 -0.0229181 -0.0138996
24 63 0.34446 -0.226805
24 66 0.029887 -0.00305082
25 33 1.88729 13.3307
25 34 4.06821 -2.30474
25 35 0.00866345 -1.19143
25 36 2.03043 2.41292
25 37 -3.60643 1.81752
25 38 0.531774 -0.0225528
25 39 2.02054 0.094229
25 40 0.940507 0.78395
25 41 0.298759 0.140058
25 42 0.256776 -0.163576
25 44 -1.16229 0.350941
25 45 0.123734 0.440782
25 46 0.316691 0.114582
25 48 0.140586 -0.449826
25 49 0.207701 -0.278172
25 53 -0.643616 0.389361
25 55 -0.318718 0.797448
25 57 -0.0659887 0.0682077
26 33 -1.4315 17.2052
26 34 6.65171 1.07536
26 35 -0.0283463 1.44041
26 36 1.96953 0.567932
26 37 3.10788 -0.819241
26 38 0.53462 -1.41389
26 39 1.66654 1.55106
26 40 0.466383 0.168277
26 41 -1.13923 -0.565346
26 42 0.235801 0.0621742
26 43 -0.736734 0.508561
26 44 0.505751 -0.109923
26 45 1.15619 -0.348152
26 46 0.346925 1.04714
26 47 0.134164 0.020721
26 48 -0.549429 0.0992163
26 49 -0.579473 0.22581
26 53 -0.112187 -0.0889752
26 64 -0.303217 0.0456399
27 33 2.72219 15.0149
27 34 -1.31744 2.24152
27 35 -5.18271 2.1781
27 36 1.63178 1.82443
27 37 1.75156 -0.138354
27 38 -1.01581 0.398472
27 39 -2.61478 1.75526
27 40 1.28851 1.42053
27 41 -1.63882 1.10657
27 42 0.782726 0.215399
27 43 0.119106 0.0481073
27 44 -0.266627 0.0953024
27 45 -0.967156 -0.123446
27 46 0.195055 0.203997
27 47 1.36126 -0.941856
27 52 0.208644 -0.0723406
28 33 2.88161 11.4321
28 34 5.99029 -0.781588
28 35 0.0630517 -1.87899
28 36 0.733937 -0.218705
28 37 -4.26969 1.91841
28 38 0.501441 0.913811
28 39 2.38829 -0.771807
28 40 0.48505 0.527391
28 41 -0.117848 0.132487
28 42 0.0186758 0.953595
28 43 0.426027 0.814833
28 44 -0.0992752 0.244593
28 45 0.0763175 0.0605888
28 46 -0.685012 -0.259962
28 47 -0.516083 -0.0348152
28 48 0.295808 0.0498306
28 49 1.38825 0.454826
28 54 -0.220625 -0.105822
28 57 -0.0829225 -0.286844
28 63 0.907898 0.892176
29 33 -0.651016 13.2723
29 34 3.03304 0.241839
29 35 -1.33042 -0.26676
29 36 0.752967 1.34518
29 37 0.319614 1.32693
29 38 1.00948 -0.443779
29 39 2.48431 1.93858
29 40 0.596113 0.365581
29 41 0.41892 0.454846
29 42 -0.811947 1.04204
29 43 -0.364679 -0.0636084
29 44 -0.304626 0.428289
29 45 0.123967 1.37628
29 46 0.00180741 0.0218418
29 47 0.429293 -0.0560093
29 48 -0.00638287 0.00250539
29 54 -0.191309 0.018613
29 63 -0.36197 0.232474
30 33 3.77169 10.551
30 34 -3.64836 2.18887
30 35 8.88186 1.73136
30 36 2.33379 0.991767
30 37 -0.35023 1.32647
30 38 0.496791 -0.360867
30 39 0.68852 -0.862736
30 40 0.191932 1.00708
30 41 -1.71572 0.0632668
30 42 2.75649 -0.215325
30 43 1.72418 0.595303
30 44 0.880064 0.0826953
30 45 -0.208953 0.681387
30 46 -0.977255 -0.63266
30 47 -0.763275 0.681129
30 48 0.0742551 -0.0868678
30 50 0.0341643 0.447681
30 52 0.959719 -0.575165
30 53 0.467103 -0.385522
30 55 -0.0914087 -0.279061
30 66 0.204914 0.206676
31 33 0.751532 8.38639
31 34 -0.5096 1.33909
31 35 -0.335963 3.89428
31 36 2.85341 -0.59191
31 37 0.191446 0.605452
31 38 0.213626 1.45467
31 39 3.16844 -0.294217
31 40 -0.416546 1.10162
31 41 0.271005 -0.121443
31 42 0.525766 0.349189
31 43 -0.074087 1.10063
31 44 1.59357 0.513517
31 45 -0.453625 0.649299
31 46 -0.0402277 -0.0226794
31 47 0.395136 0.152599
31 48 0.111528 0.00321733
31 49 -0.394304 -0.221371
31 50 0.324219 0.155671
31 52 0.0154192 -0.0528035
31 53 0.0203562 -0.00440167
31 57 -0.260098 1.30083
31 66 0.47826 0.586224
32 33 0.596255 8.6855
32 34 5.09989 2.76626
32 35 7.09282 -5.57994
32 36 2.16017 0.37369
32 37 1.28714 -0.42326
32 38 1.97734 1.02163
32 39 -1.58294 -0.425053
32 40 1.43929 -0.126895
32 41 0.275716 0.326057
32 42 -1.22564 0.674712
32 43 1.34469 0.511718
32 44 0.297232 0.0914016
32 46 -0.0451575 0.203485
32 47 0.832009 -0.529929
32 48 -1.04701 1.2469
32 49 -0.192755 0.080512
32 50 0.0789122 0.0567763
32 52 0.0708247 -0.00569613
32 54 0.980375 0.0462585
32 55 0.15087 0.0116893
32 57 -0.0976421 0.24231
32 66 0.0144435 0.0139577
33 33 0.991 7.90868
33 34 1.93294 -1.0608
33 35 3.35932 4.04491
33 36 -0.378396 1.18421
33 37 0.408184 0.974056
33 38 0.987743 -0.50642
33 39 2.18981 0.589963
33 40 0.905071 -0.454523
33 41 0.481698 0.541477
33 42 0.0278882 -0.00405299
33 43 -0.195662 -0.869174
33 44 -0.34356 0.598657
33 45 -0.436163 -0.201544
33 47 0.70498 -0.185009
33 48 0.0979949 -0.0383651
33 49 -0.418043 -0.0801924
33 50 0.0512198 -0.00415546
33 51 0.198488 -0.080813
33 52 -0.234502 0.691085
33 53 -0.308881 -0.360276
33 56 -0.869369 -0.148875
33 62 0.020141 0.0315073
33 66 -0.129314 0.130676
34 33 1.10547 8.78596
34 34 0.388531 0.269317
34 35 0.621082 2.76356
34 36 0.0380928 0.435784
34 37 -0.54598 0.343752
34 38 3.76964 1.60056
34 39 -0.433058 -0.0650059
34 40 -0.307725 0.727569
34 41 -0.761967 0.22341
34 42 -0.251449 1.22294
34 43 0.606038 -0.22843
34 44 0.522316 0.0217976
34 45 0.0296885 -1.16625
34 46 0.0192165 0.00139964
34 49 -0.24419 -0.136295
34 50 -0.0492383 -0.0968271
34 52 0.204064 0.306221
34 55 0.020204 0.11417
34 57 0.639742 0.466828
35 33 -0.206713 4.85404
35 34 -2.93323 -0.639665
35 35 5.02211 3.8539
35 36 3.34171 1.14046
35 37 2.17997 1.8808
35 38 -3.15134 -2.26226
35 39 -0.0544432 -0.825844
35 40 0.403731 -0.250467
35 41 4.11356 0.474567
35 42 -0.537157 1.72658
35 43 1.03681 1.3662
35 44 0.0577198 0.0798681
35 46 -0.0833209 0.121175
35 49 -0.770875 -0.670862
35 50 -0.0132827 0.00894003
35 51 -0.49531 -0.358628
35 52 -0.373776 0.224237
35 54 1.34686 0.00591148
35 56 0.158471 -0.246082
35 57 0.633635 1.13302
35 58 1.01352 0.860699
35 60 0.575373 -0.00632148
36 33 4.7868 5.0495
36 34 2.36783 -0.763361
36 35 0.518156 2.81778
36 36 1.04325 0.794507
36 37 2.13759 0.63703
36 38 0.767173 3.09396
36 39 0.469549 1.9048
36 40 0.431482 -0.0246844
36 41 0.394072 -0.608563
36 42 0.434355 -0.0872265
36 43 0.0531042 -0.643853
36 44 -0.0994471 0.475296
36 45 -0.208498 0.20317
36 46 0.357791 -0.117242
36 47 0.346038 0.224658
36 48 0.0574885 0.529108
36 49 -1.04675 -0.296315
36 51 -0.840161 0.346981
36 53 0.650855 0.369603
36 54 0.00205156 0.00337072
36 58 -0.748701 0.126715
36 60 6.50207e-05 0.000502551
37 33 4.55171 8.11018
37 34 8.3136 3.39526
37 35 4.49601 -0.936452
37 36 1.70549 1.52738
37 37 1.51604 -0.691694
37 38 -1.17835 -1.03175
37 39 -0.83808 0.70969
37 40 0.996323 -1.12216
37 41 1.29577 1.08711
37 42 -0.472368 0.972246
37 43 0.391746 -2.32377
37 44 0.0675159 -0.0285448
37 45 -0.0793656 0.0736512
37 46 0.522708 0.478082
37 47 -0.0512815 0.0276867
37 48 -1.41566 -1.02556
37 49 0.0301868 0.0292001
37 51 0.0585739 0.101549
37 53 -0.922857 -1.25967
37 54 -0.47268 1.19278
37 55 -0.54647 -0.390526
38 33 4.31891 4.83318
38 34 2.69785 0.0633185
38 35 2.07218 -0.628002
38 36 -3.3223 0.132524
38 37 -0.748507 0.167926
38 38 -0.151335 0.567557
38 39 -0.430172 1.53104
38 40 2.31823 1.66012
38 41 -0.558396 0.76158
38 42 -1.03154 -1.54712
38 43 1.07314 0.555963
38 44 0.0155619 0.00721811
38 45 -0.147981 -0.013244
38 46 0.841589 0.61601
38 47 1.00885 -0.162705
38 48 -0.798334 0.261413
38 49 -0.0205763 -0.255689
38 53 0.144774 -0.0433506
38 54 -1.24867 1.69331
38 56 0.0606673 0.457011
39 33 3.4309 3.31618
39 34 2.78731 -1.07406
39 35 2.39881 1.54647
39 36 1.08137 0.0493147
39 37 1.84335 -0.142023
39 38 0.735852 0.953765
39 39 1.15694 0.725754
39 40 0.600528 -0.0177814
39 41 -0.145302 -0.52425
39 42 -1.74268 -0.0879142
39 43 0.00326822 0.0955557
39 44 -0.0504858 -0.320723
39 45 -0.00248397 -0.491502
39 46 0.748721 0.31532
39 47 1.15301 0.626325
39 48 0.129352 -0.107933
39 49 0.444417 -0.0578224
39 51 0.193367 0.0222974
39 54 0.428879 0.0728364
39 56 0.676985 -0.329967
39 61 0.0140061 -0.0237012
40 33 2.85155 4.43843
40 34 2.05927 1.83063
40 35 2.74183 -0.708384
40 36 0.0855261 1.74118
40 37 3.50534 0.904431
40 38 1.95035 1.18461
40 39 0.0490373 0.47942
40 40 0.0762672 -0.108578
40 41 0.0888542 0.0696989
40 42 -0.839174 0.154119
40 43 0.697873 1.12312
40 44 -0.493886 -0.0413607
40 45 -0.906342 0.0694816
40 46 -1.96996 1.3479
40 47 0.46528 0.216444
40 48 -0.0715388 0.107993
40 49 -0.370695 -0.185437
40 50 -0.346953 0.13229
40 51 0.0203001 0.0278617
40 55 1.12054 -0.187922
40 57 -0.100874 -0.1114
41 33 1.65682 3.34774
41 34 -0.90803 -1.05975
41 35 1.677 1.73434
41 36 2.69693 1.2473
41 37 1.44501 0.231229
41 38 -1.01456 -0.324676
41 39 0.718884 0.624098
41 40 0.686115 -0.644079
41 41 -0.0722952 -0.0408281
41 42 -0.426222 -0.0106224
41 43 0.117593 0.0455577
41 44 1.37396 -0.135028
41 45 -0.01902 -0.0372114
41 46 -0.114439 0.0610114
41 47 -0.740495 -0.417007
41 48 1.18763 0.254324
41 49 0.881187 0.289518
41 52 0.028778 -0.0157764
41 53 -0.0113426 0.786745
41 54 -0.456947 0.348675
41 55 -0.416951 0.0564567
41 56 0.305772 -0.231536
41 62 0.107776 -0.359845
41 65 1.04789 -0.065918
42 33 4.9102 1.93867
42 34 0.620751 -0.10435
42 35 1.97749 -0.273144
42 36 1.47131 0.801984
42 37 -0.825229 1.04801
42 38 1.06956 0.444439
42 39 1.10862 2.84722
42 40 1.82339 -2.6768
42 41 -1.61255 0.421287
42 42 0.0802443 0.125862
42 43 0.200117 -0.133562
42 44 -2.27102 -0.268642
42 45 0.597633 -0.0794025
42 46 -0.170126 0.403152
42 47 -0.0143879 0.0173139
42 48 -0.0988352 0.0579047
42 49 0.0423986 -0.0487573
42 51 0.283704 0.442417
42 55 -0.207729 0.0939944
43 33 3.31622 0.909792
43 34 4.89279 0.641981
43 35 3.60183 0.916354
43 36 1.78092 -0.100245
43 37 2.60551 1.05573
43 38 2.55306 0.653783
43 39 -0.476094 1.19709
43 40 0.44535 -0.25311
43 41 0.0806908 -1.40575
43 42 2.32271 1.14947
43 43 0.330969 0.0899476
43 44 0.28116 0.0393396
43 45 0.425784 -0.112544
43 46 0.00301477 -1.07244
43 47 -0.165093 0.233681
43 49 -0.463902 -0.0492091
43 51 0.245237 0.0783464
43 53 0.00187628 -0.000682899
43 55 0.189602 0.221998
43 61 0.0231033 -0.0200081
44 33 1.31548 3.0612
44 34 1.20846 1.42576
44 35 3.13181 1.04001
44 36 -0.701039 2.38619
44 37 8.61987 1.84218
44 38 0.31676 0.432261
44 39 -0.90323 0.48885
44 40 0.608401 -0.839244
44 41 -0.367124 -0.147476
44 42 2.04899 1.15298
44 43 -0.144006 -0.698
44 44 -0.0533913 0.103567
44 45 1.40917 0.0140737
44 46 -0.823241 0.75066
44 48 0.0681459 0.402531
44 49 0.449908 0.106845
44 51 -0.602643 1.45832
44 55 0.0116302 -0.0237139
44 56 0.0571321 0.401111
44 60 0.0993438 -0.308802
44 61 0.256851 0.000589226
44 62 0.67233 0.366262
44 63 -0.761111 -0.13604
45 33 2.5761 1.35185
45 34 2.3062 -1.37166
45 35 1.69046 1.1422
45 36 -1.35508 1.26579
45 37 -0.0725397 -0.67149
45 38 0.432016 0.996007
45 39 1.24779 -0.103575
45 40 -0.0575865 1.89499
45 41 -0.630837 0.00613559
45 42 0.430336 -0.434811
45 43 0.318304 -0.35508
45 44 -1.09077 0.365885
45 45 0.190818 0.0568132
45 47 0.198738 0.291345
45 48 0.23005 -0.087693
45 49 -0.279351 0.178409
45 50 -0.260529 0.320117
45 51 -0.173709 -0.0418443
45 52 0.0566664 -0.573477
45 53 0.045599 0.0343562
45 54 -0.0500048 0.00168765
45 55 0.156325 0.0551326
45 58 0.145856 0.107558
45 59 2.56503 0.363739
45 61 0.644992 -0.162341
45 62 -0.79186 0.0344458
45 66 0.0765364 0.341997
46 33 2.44614 0.0421223
46 34 3.21818 -0.517674
46 35 3.1494 2.09647
46 36 0.104384 -0.438781
46 37 -1.41852 2.13921
46 38 -0.74717 -0.762142
46 39 0.424812 -0.249891
46 40 1.02546 0.868448
46 41 1.53501 -0.101278
46 42 -0.661206 -0.373828
46 43 -0.479776 0.257895
46 44 0.371126 0.0183125
46 45 0.666507 0.367817
46 46 -0.395004 0.0276026
46 47 -0.387069 0.326245
46 48 -0.128705 -0.10835
46 49 -1.48534 -0.138117
46 50 -0.383822 0.0209183
46 51 0.832258 0.274873
46 52 -0.255308 -0.369556
46 55 0.429142 -0.0680754
46 59 0.673466 0.408572
46 66 -0.112284 0.259665
47 33 3.08421 1.19045
47 34 3.69818 -0.642534
47 35 -4.28908 -2.4695
47 36 1.13525 0.174179
47 37 4.03197 0.976679
47 38 2.52663 1.09314
47 39 -0.624026 -1.25156
47 40 -0.173451 1.64487
47 41 1.53911 1.97017
47 42 0.83405 0.275375
47 43 0.511737 -0.411527
47 44 0.0269324 0.0216134
47 45 -0.13685 -0.0197524
47 46 0.648266 0.430939
47 47 0.466181 -0.947028
47 48 -0.262933 -0.219524
47 49 -0.0490927 0.0114415
47 50 -0.0435076 -0.336108
47 51 0.467489 0.627505
47 53 0.0379405 0.0459444
47 54 0.0378972 0.175567
47 55 0.572147 0.513708
47 56 -0.0285019 0.0145482
47 62 0.0797766 0.0620283
47 65 -0.0594105 0.085543
48 33 1.12291 0.630213
48 34 4.83766 -1.04847
48 35 -1.00313 1.69761
48 36 1.97883 0.349228
48 37 -2.2799 1.72152
48 38 0.887958 0.296948
48 39 2.21369 -1.4096
48 40 0.442972 0.480612
48 41 0.935429 1.54879
48 42 1.51139 -0.408881
48 43 -0.178067 -0.0381698
48 44 0.682127 -0.136747
48 45 0.748799 1.25349
48 46 0.323078 2.38379
48 47 0.957026 -0.180994
48 48 -0.12897 0.277652
48 49 0.249281 0.283255
48 50 0.441957 -0.158904
48 51 -0.743698 -0.102653
48 53 -0.196984 -0.211386
48 60 0.162683 -0.127432
49 33 -0.262332 2.133
49 34 1.29148 -0.269898
49 35 -0.766371 -1.75252
49 36 -1.64231 0.19375
49 37 -0.645868 3.73639
49 38 2.1341 0.820536
49 39 1.33621 1.63254
49 40 1.68509 0.239735
49 41 -0.346166 0.600755
49 42 0.575494 1.76216
49 43 1.18377 0.550379
49 44 1.23563 1.6067
49 45 0.406002 0.305498
49 46 0.843096 1.05935
49 47 -0.998169 -0.676748
49 48 0.146981 0.0797642
49 49 0.80978 0.618764
49 51 1.17419 0.326688
49 52 -0.142021 0.105322
49 56 -0.16143 0.171849
49 58 0.191759 -0.0258175
49 60 -0.0676885 -0.0174088
49 61 0.0525603 0.207841
50 33 -0.298981 0.118549
50 34 0.962296 2.60769
50 35 2.52741 -0.0876589
50 36 1.34783 0.73401
50 37 -1.53386 0.0882667
50 38 -0.935958 1.17974
50 39 0.90372 -1.34837
50 40 -0.0604701 0.506265
50 41 2.43799 2.62065
50 42 -0.657588 0.0164384
50 43 0.0909006 -0.152947
50 44 -0.229307 -0.215369
50 45 -0.113328 -0.820729
50 46 0.91268 1.59835
50 47 0.0959749 0.0472562
50 48 0.159607 -0.593505
50 51 -2.06667 0.0577154
50 54 0.696112 0.418286
50 55 0.324879 0.808441
50 56 0.351358 0.08387
51 33 2.50459 -0.477494
51 34 2.99055 1.56539
51 35 1.52028 -0.878261
51 36 -0.573154 -0.886734
51 37 0.987957 0.618233
51 38 1.09387 -1.90975
51 39 -0.823498 -0.933628
51 40 1.8702 1.85808
51 41 -0.179604 0.936147
51 42 0.446322 -0.355644
51 43 -1.07568 0.0827677
51 44 -0.344018 0.438951
51 45 0.310921 0.705453
51 46 -0.322233 0.605378
51 47 -0.869557 0.616026
51 55 1.20159 -0.205972
51 56 -0.648343 0.232221
51 59 0.477139 -0.35968
51 66 -1.30237 0.205955
52 33 0.886694 0.202522
52 34 1.13859 0.0177577
52 35 -0.0918669 0.0024396
52 36 -1.32625 -0.217705
52 37 0.903644 0.593729
52 38 1.55621 0.725842
52 39 0.185314 0.0605843
52 40 0.996771 -0.15174
52 41 1.60573 0.55417
52 42 -0.830242 1.84843
52 43 0.737823 0.0149606
52 44 2.3095 0.598454
52 45 -1.01205 0.744197
52 46 1.60428 -0.998384
52 47 -0.251243 0.639509
52 48 0.027936 0.040658
52 49 0.569859 0.387552
52 50 0.00778733 -0.0314443
52 51 -0.0105371 0.012763
52 56 0.575428 -0.0157796
52 57 -0.359069 0.0635764
52 66 -0.000187587 0.000292957
53 33 0.97308 0.850662
53 34 1.77372 0.101615
53 35 1.6444 -0.669445
53 36 4.77163 -0.822391
53 37 1.78668 1.67551
53 38 0.015811 -0.485002
53 39 0.535482 2.2061
53 40 1.37235 0.973907
53 41 0.99981 -0.384032
53 42 -0.251142 2.0282
53 43 -0.00422129 -0.245699
53 44 1.04902 0.252252
53 45 0.649691 0.0899779
53 46 -0.351588 0.164048
53 47 1.21342 -0.207327
53 48 -0.354867 -1.001
53 50 1.07555 1.06393
53 55 0.00807804 0.00676078
53 57 -1.2032 0.574585
53 60 0.303756 0.0692188
54 33 0.740889 0.226937
54 34 0.727607 0.936067
54 35 -2.72509 -1.47101
54 36 -1.07984 -1.49842
54 37 3.29931 0.858787
54 38 -2.15718 1.69648
54 39 -1.18866 -0.632671
54 40 0.105079 1.21405
54 41 2.67405 -1.53701
54 42 -0.0837895 0.525757
54 43 -0.0255535 0.951677
54 44 1.47553 0.939877
54 45 -0.468352 0.0893996
54 46 0.0365116 0.239096
54 47 -0.429293 0.524616
54 48 -0.473816 -0.825883
54 50 -0.165538 -0.115685
54 52 -0.524552 0.458409
54 54 -0.0684934 0.111617
54 55 2.04179 -0.696903
54 56 -0.173257 0.431529
54 58 1.85835 0.711586
54 61 0.601024 0.254835
55 33 0.253672 0.394809
55 34 -0.464331 0.650743
55 35 3.13795 -1.45989
55 36 2.41538 0.267035
55 37 1.94087 -0.993771
55 38 1.3796 -0.272713
55 39 1.816 -0.176816
55 40 0.671113 -0.241278
55 41 1.6585 1.33708
55 42 0.686614 0.227677
55 43 -0.513932 -0.145999
55 44 -0.0675784 -0.814277
55 45 0.10642 -0.0970399
55 46 0.22956 0.133209
55 47 1.11466 1.61174
55 48 0.23802 -0.00825422
55 49 0.243702 0.188216
55 51 -0.0778811 0.119484
55 53 -0.0441912 0.148058
55 54 -0.603211 0.18959
55 55 0.63447 0.123228
55 56 0.0574517 -0.0350342
55 57 0.0167488 0.0164245
55 58 -0.80225 0.934419
55 60 -0.0743285 -0.054264
56 33 -0.363265 0.389192
56 34 -0.810367 -1.42609
56 35 1.30904 -0.0118114
56 36 -0.922512 0.127877
56 37 1.406 2.70678
56 38 0.699529 0.64702
56 39 -0.0993369 0.107737
56 40 2.39667 -1.03827
56 41 -1.01262 1.34127
56 42 2.37925 -1.12392
56 43 0.0562949 0.00921766
56 44 0.1234 1.76653
56 45 -0.0148112 -0.0228038
56 46 2.11756 -0.41497
56 48 0.758935 0.471332
56 49 -0.745666 0.345929
56 50 -1.70467 -0.0910798
56 51 -0.253337 -0.0276413
56 52 0.0764372 0.384842
56 54 -0.980293 -0.216375
56 58 -0.00309143 -0.00120884
57 33 1.1736 0.653205
57 34 -0.324783 -1.81242
57 35 2.26547 -1.16597
57 36 0.194624 -0.441235
57 37 0.303986 0.96451
57 38 1.02643 0.145007
57 39 0.0512983 -1.40788
57 40 -1.39129 -0.301575
57 41 0.703772 -0.247746
57 42 1.01537 0.0411516
57 43 0.171892 0.730884
57 44 0.76893 -0.202763
57 45 -0.260904 0.102517
57 46 1.91929 0.581325
57 47 0.364003 -0.142118
57 48 0.836487 1.28448
57 49 0.124224 0.0536827
57 50 -0.18382 -0.0179916
57 51 0.29604 -0.332331
57 53 -0.502626 -0.349871
57 54 -0.245608 0.0360966
57 56 0.242025 0.257921
57 58 -0.072258 0.0381303
57 59 -0.328578 -0.165481
57 64 0.373476 -0.0675541
58 33 0.613161 0.162292
58 34 2.17449 0.947422
58 35 3.07257 0.907582
58 36 2.3202 -0.735396
58 37 0.8457 -0.0953023
58 38 0.48172 -2.00719
58 39 1.46858 0.327192
58 40 -0.653638 -0.113047
58 41 0.78436 0.708474
58 42 2.06705 0.857241
58 43 0.238978 0.595782
58 44 0.0597256 1.01485
58 45 -0.520652 0.515249
58 46 1.86689 -0.362913
58 47 0.68085 -0.46598
58 50 0.0243676 0.010598
58 51 -0.683818 0.670147
58 54 0.429145 0.586029
58 56 -0.868007 0.50263
58 57 -0.246401 -0.0176544
58 59 0.0406902 -0.0242397
58 65 1.50864 1.43094
59 33 1.2702 0.528942
59 34 0.354232 -0.75466
59 35 3.6316 0.265443
59 36 1.93448 -0.614631
59 37 -0.39436 1.66566
59 38 1.20472 0.472454
59 39 0.0607993 0.457754
59 40 0.334523 0.207046
59 41 0.409638 0.862093
59 42 -3.02775 1.32983
59 43 0.753107 -0.387229
59 44 -1.23505 -0.258429
59 45 0.404176 0.102374
59 47 -0.226499 0.905842
59 48 0.760219 -0.553099
59 50 0.0936754 -0.133682
59 51 -0.450188 0.129723
59 53 0.116757 0.0469648
59 54 0.822918 -0.68299
59 58 -0.204657 -0.0252311
59 64 0.651161 0.438934
59 65 0.0442227 -0.346015
60 33 4.50233 -0.0932546
60 34 1.47439 -0.153734
60 35 0.833437 -0.877289
60 36 -0.433476 0.777732
60 37 0.393771 0.593396
60 38 0.981088 -0.213111
60 39 0.332956 -0.400349
60 40 -0.193372 -0.309995
60 41 -0.891411 -0.621793
60 42 0.0478528 -0.0172836
60 43 0.139501 0.0118468
60 44 -0.225695 0.961991
60 45 -1.06795 -0.561281
60 46 -0.34278 -0.272072
60 47 -0.045855 0.0475731
60 48 -0.239129 -0.791591
60 49 0.00826486 0.000304047
60 50 -0.00759966 0.0493053
60 51 0.0527166 -0.522109
60 52 -0.177174 -0.0910211
60 53 0.137066 0.0785242
60 54 0.343325 -0.106464
60 56 -0.179683 -0.211064
60 61 -0.430573 -0.159699
60 64 0.928347 0.0781231
61 33 0.243447 -0.17222
61 34 2.10559 0.678142
61 35 -0.190644 -1.52171
61 36 0.557649 -1.07189
61 37 -0.618545 -0.682424
61 38 0.68087 -0.224813
61 39 -0.218021 0.218846
61 40 -1.59076 0.307893
61 41 0.248691 0.700203
61 42 -0.3077 0.42008
61 44 -1.01607 0.653097
61 45 -0.0306557 -0.0214117
61 46 1.16858 1.61563
61 48 1.25017 0.105302
61 49 0.953587 1.17401
61 50 1.4052 -0.597236
61 53 0.0563681 0.074737
61 55 -0.326315 -0.0156908
61 56 -0.366028 -0.0526475
61 64 -0.3382 -0.913367
62 33 1.89524 0.708925
62 34 0.343332 1.66929
62 35 1.16261 -0.468526
62 36 1.7287 0.647844
62 37 -1.51334 2.36792
62 38 -0.843544 -0.280439
62 39 0.222717 -0.0513093
62 40 0.238908 -0.300173
62 41 -0.487604 0.276917
62 42 0.820989 0.817819
62 44 -2.0901 0.210069
62 45 -0.421981 0.196575
62 46 0.544219 -0.630359
62 47 -0.592383 -0.282437
62 49 0.387668 1.11735
62 50 -0.0833255 -0.0584088
62 54 0.305377 0.238057
62 55 0.916638 -0.453937
62 56 0.0792411 -0.00232637
62 60 0.0369718 0.00151038
62 63 0.042985 0.0570128
63 33 2.58638 -0.522805
63 34 0.565274 -0.412614
63 35 1.9788 1.44637
63 36 0.162657 0.420839
63 37 0.263112 -0.282051
63 38 0.870387 -0.892
63 39 3.22791 0.227494
63 40 -0.0255508 0.566375
63 41 -0.204808 0.210038
63 42 -0.0527735 0.730687
63 43 -0.533434 -0.678972
63 44 1.47621 1.40964
63 45 0.383637 -0.35525
63 46 -0.472431 0.61733
63 48 0.138465 0.034783
63 49 0.300346 -0.505417
63 50 0.0480437 -0.00663442
63 52 0.0943228 0.0247525
63 66 -0.00985511 -0.00539562
64 33 0.0770372 0.376714
64 34 3.37736 -2.37899
64 35 0.72668 -1.20213
64 36 0.0583714 0.206815
64 37 -0.150087 -0.0622551
64 38 -0.156778 0.287902
64 39 2.94736 0.101057
64 40 0.739593 -0.0546933
64 41 0.428732 0.104126
64 42 -0.156212 -0.383218
64 43 -0.0864719 -1.79601
64 44 0.418802 -1.06701
64 45 0.384458 -0.107782
64 46 0.567496 0.564954
64 47 -0.00890382 -0.0358443
64 50 -0.16415 0.424883
64 52 -0.42263 0.70427
64 58 -0.00248998 -0.035855
64 66 0.0142872 0.0136556
65 33 2.14198 0.435822
65 34 2.23632 -1.1165
65 35 0.931061 0.0661379
65 36 0.630366 0.0850357
65 37 0.277932 -0.170482
65 38 -0.210926 0.300764
65 39 2.60606 1.47146
65 40 0.192733 0.329014
65 41 0.0385183 0.226165
65 42 -0.323869 0.202267
65 43 1.25939 0.57346
65 44 0.342684 0.0169121
65 45 0.528207 0.62348
65 46 0.0413284 -0.25345
65 47 0.765183 -0.653357
65 48 0.385385 0.0325255
65 51 -0.0675556 -0.00359505
65 54 0.381596 -0.107747
65 56 0.365231 -0.125646
66 33 1.00697 0.367646
66 34 1.64255 0.646196
66 35 2.29129 -0.53224
66 36 1.25044 0.44972
66 37 1.3149 0.242398
66 38 0.453716 -0.417763
66 39 2.13893 0.526574
66 40 0.456467 0.184453
66 41 0.932812 0.544961
66 42 0.083408 -0.203867
66 43 -0.0136531 0.466934
66 44 0.0118941 -0.0406241
66 45 0.417908 -0.495383
66 46 -0.185502 0.245576
66 47 -0.0368601 -0.066783
66 48 0.0513928 0.0702052
66 49 0.140695 0.152157
66 50 0.0642556 -0.0119458
66 54 -0.180542 0.172744
66 55 0.0837979 0.0300611
66 56 0.125905 -0.109496
66 58 0.105544 -0.122958
66 59 -0.338135 -0.0140671
66 62 0.267023 0.390524
66 63 -0.358448 -0.00194531
67 33 -0.0135647 0.0826509
67 34 0.021728 -0.0355273
67 35 0.461382 0.17495
67 36 0.310799 0.155159
67 37 0.00479531 -0.00763837
67 38 0.0240258 0.0364449
67 39 0.526849 0.345192
67 40 0.108183 0.01925
67 41 0.105997 0.0638927
67 42 -0.0400613 -0.126693
67 43 -0.016618 0.0228811
67 44 -0.0367156 -0.0508619
67 45 0.0607022 0.149878
67 46 -0.0618916 -0.0873034
67 47 0.000104403 0.0316896
67 50 -0.0162891 0.0188756
67 51 -0.0128373 0.0534859
67 52 0.0225611 0.00685051
67 54 -0.0308438 0.0256744
67 55 0.0464424 0.0435808
67 58 0.0429053 -0.00674073
67 62 -0.0279912 0.0321708
