0 33 -0.274499 2.46627
0 34 -1.07078 1.7331
0 35 -1.27032 -0.863237
0 36 -0.51908 -0.10277
0 37 0.141695 0.967744
0 38 -0.0677758 0.175158
0 39 0.633501 0.213494
0 41 0.00153008 -0.00218962
0 45 0.128926 -0.0693425
1 33 -0.888238 8.00327
1 34 1.40603 -0.211196
1 35 0.493257 5.00073
1 36 -1.58226 0.168206
1 37 -1.24078 0.638296
1 38 0.470618 1.53597
1 39 -0.484219 -0.125366
1 41 0.732404 0.355144
1 43 -0.310757 -0.190214
1 46 0.640189 -0.13262
1 48 -0.132441 -0.225469
1 51 -0.160683 0.287074
1 52 0.00122569 0.00397988
1 56 -0.0745993 -0.155432
2 33 0.341874 11.7671
2 34 -0.801112 1.98905
2 35 3.17789 0.981045
2 36 -0.607779 1.96564
2 37 1.17093 0.357185
2 38 1.88314 -1.60547
2 39 0.0666093 -0.0618096
2 40 -0.990976 0.57619
2 41 1.03249 0.3425
2 42 0.0687124 0.297369
2 43 0.339473 -0.707967
2 44 0.0039965 -0.010072
2 46 0.216783 0.290069
2 50 -0.244663 -0.0390227
2 51 -0.628255 -0.497058
3 33 7.32184 14.3704
3 34 -4.2188 3.02349
3 35 -1.42934 5.22135
3 36 0.258932 1.67364
3 37 -1.43478 -0.641045
3 38 1.57421 0.187181
3 39 -0.377296 -0.266616
3 40 1.9105 0.679916
3 41 -1.10579 0.0883496
3 42 -0.236888 0.0975396
3 43 -0.18909 0.326348
3 45 0.067026 0.101285
3 47 0.538963 -0.45379
3 49 -0.0377584 0.0202275
3 52 -0.787291 0.47557
3 53 -0.0459868 -0.100806
3 65 0.00326 -0.00284503
4 33 1.12437 21.5834
4 34 0.101927 5.11196
4 35 -2.02781 3.33147
4 36 3.66094 0.25211
4 37 4.48909 -0.690839
4 38 1.97563 -0.497036
4 39 0.155169 -1.7093
4 40 0.0127057 0.026212
4 42 0.649868 0.979796
4 43 -0.321628 0.0301061
4 44 -0.199996 -0.453131
4 46 0.723735 0.103617
4 47 1.13268 0.196872
4 49 -0.636234 -1.47009
4 52 0.748871 0.534061
4 55 0.292178 0.420067
4 65 0.0339204 0.155637
5 33 -0.0134935 22.7475
5 34 2.82389 0.227896
5 35 3.28376 0.187333
5 36 2.91663 -0.0849912
5 37 2.22737 -1.75096
5 38 -0.293358 0.892837
5 39 1.33719 0.647486
5 40 -1.48857 1.05453
5 41 0.294159 0.0698006
5 42 0.941406 -0.328659
5 43 -0.36128 -0.100215
5 44 0.562966 -0.442908
5 46 0.431295 1.30255
5 47 1.12568 0.346703
5 49 0.364869 0.200611
5 50 -0.0240993 0.0174258
5 53 0.352815 -0.126782
5 54 -0.119366 0.0601504
5 58 0.834003 -0.176608
6 33 2.4025 28.0019
6 34 -2.52109 2.88113
6 35 6.1037 1.71945
6 36 -1.20882 5.60728
6 37 -1.46301 3.22444
6 38 -0.498073 2.04188
6 39 0.527764 -0.935767
6 40 -0.550397 0.416273
6 41 0.143262 -0.159611
6 42 0.247332 0.436992
6 43 0.0450851 -0.0188528
6 44 -0.884506 1.53705
6 45 -0.0049289 0.0126093
6 46 0.340201 -0.0207724
6 47 -0.172995 0.0157432
6 48 -0.0264674 -0.0330187
6 49 0.191251 0.0558335
6 51 0.0940583 -0.234066
6 52 -0.626111 0.256935
6 53 -0.0456852 0.033197
6 57 -0.0230659 0.119785
7 33 7.03435 27.4571
7 34 4.34015 9.78392
7 35 6.91283 4.84501
7 36 -6.23899 4.04314
7 37 -3.30778 4.10722
7 38 0.154016 0.485737
7 39 -1.20055 0.605406
7 40 2.91102 1.19875
7 41 0.533475 0.278595
7 42 -0.687834 -0.690852
7 43 0.00142607 0.0294208
7 44 1.24896 0.0565664
7 45 -0.169965 0.0204855
7 46 -0.52176 -0.353483
7 47 0.630935 0.886319
7 49 0.0547624 0.0207877
7 54 0.0480442 0.0367824
7 66 -0.0698989 -0.00407416
8 33 -3.09759 26.3391
8 34 -0.628472 1.1091
8 35 1.25071 4.54342
8 36 0.461064 3.18928
8 37 0.9812 5.76501
8 38 2.46254 2.145
8 39 -1.20722 1.47588
8 40 1.50754 0.0726848
8 41 1.53851 -0.830533
8 42 -0.0269019 1.57395
8 43 -0.245423 -0.168994
8 44 0.128238 0.206218
8 45 0.48974 0.0321136
8 46 0.404433 -0.0726786
8 47 0.128281 0.113591
8 48 0.125718 -0.224193
8 49 0.102431 0.0840783
8 50 0.339985 0.305791
8 51 -0.659388 0.98086
8 53 0.0963251 0.00457414
8 54 0.521707 -0.0138368
8 61 -1.33821 -0.2666
9 33 1.44189 29.3997
9 34 3.94825 8.21911
9 35 -0.541723 4.73698
9 36 -5.97479 2.3859
9 37 4.91336 2.12441
9 38 0.110919 -1.20528
9 39 3.09594 0.685858
9 40 0.187117 1.24393
9 41 0.635499 0.34662
9 42 0.670813 0.344353
9 43 0.355648 -0.315578
9 44 0.0325163 -0.0100707
9 45 0.744788 -0.124151
9 46 0.123979 1.64309
9 47 -0.948935 -0.730833
9 48 -0.061408 0.124821
9 49 0.445302 0.0742299
9 50 0.074672 0.223947
9 52 0.105482 -0.148241
9 54 1.19907 0.480324
9 61 -0.635648 -0.334733
10 33 2.06282 30.0545
10 34 2.15731 8.3576
10 35 2.17254 -0.757747
10 36 1.20418 1.75671
10 37 -4.89936 4.49152
10 38 1.4322 2.60017
10 39 -2.45755 0.24889
10 40 2.8202 -0.376114
10 41 1.96505 -0.311613
10 42 1.00807 0.122256
10 43 -2.69068 0.0520355
10 44 0.10902 -0.456497
10 45 0.677042 0.679086
10 47 0.0847743 0.220109
10 48 0.335082 0.500807
10 53 -0.0213035 0.00801874
10 61 -0.0244306 -0.0448174
11 33 3.72816 27.7444
11 34 0.0895715 9.25742
11 35 -4.03493 10.4634
11 36 5.15768 6.39758
11 37 2.0868 3.95987
11 38 -3.99579 0.752498
11 39 2.03362 1.24867
11 40 -1.06879 0.929948
11 41 0.00334126 0.855635
11 42 1.63307 0.967709
11 43 0.127766 -0.106174
11 44 1.58286 0.351583
11 45 3.98961 -1.08364
11 46 -0.584111 0.46683
11 48 0.245738 -0.0589362
11 59 -0.0439099 -0.012082
12 33 2.98428 29.203
12 34 -6.03257 7.59572
12 35 -3.01292 3.01585
12 36 -8.02569 4.62557
12 37 4.23141 -3.84089
12 38 1.50831 2.15985
12 39 0.379345 1.04349
12 40 -0.0149877 1.01395
12 41 2.24217 0.474206
12 42 -0.594406 0.516754
12 43 -0.059312 -0.0473237
12 44 1.00971 0.812779
12 45 2.51924 0.409081
12 48 0.822356 0.162177
12 49 0.0554213 0.0712675
12 50 0.534703 1.09683
12 51 0.00643225 0.00378988
12 53 -0.0710276 0.0580067
13 33 10.1817 27.3026
13 34 2.65109 0.982829
13 35 -4.29114 1.58526
13 36 6.13964 -0.527485
13 37 4.34292 0.937054
13 38 -0.79237 1.87328
13 39 -4.59874 0.162019
13 40 1.42815 0.624233
13 41 -0.0408254 -0.130132
13 42 -0.0369608 0.639048
13 43 0.679305 0.670732
13 44 -0.862337 0.0489155
13 45 0.578089 -1.32077
13 46 -1.47783 2.35231
13 47 0.00676141 0.00123454
13 48 -0.885737 -0.721946
13 49 2.30802 1.04193
13 50 0.0256894 0.00414392
13 51 0.308374 -0.0523589
13 52 -0.0662259 0.390666
13 54 -0.448118 0.227636
13 56 -0.000949563 -0.00119538
13 57 0.442428 0.155286
13 59 -0.221491 0.0587758
13 61 0.283337 0.063549
13 63 -0.329224 0.141117
14 33 3.28189 24.7704
14 34 -2.04812 6.25671
14 35 7.3455 2.26122
14 36 3.04861 1.94996
14 37 7.16436 0.93979
14 38 -0.896575 2.02637
14 39 -2.03728 1.40917
14 40 2.54105 -0.600707
14 41 -3.04418 -0.938898
14 42 0.397956 -0.273038
14 43 0.868508 0.940676
14 44 -0.415648 0.312395
14 45 -0.570378 0.652832
14 46 0.683784 0.861378
14 47 1.22394 0.507298
14 48 -0.00702262 -0.00810278
14 49 0.12442 1.32557
14 50 -0.108831 -0.259213
14 52 0.686954 -0.0040862
14 53 0.525276 0.0683313
14 57 -0.445345 -0.0609752
14 58 -0.513106 0.115871
14 59 -0.0090636 0.00298422
14 62 -0.789496 0.556431
14 64 0.078921 0.0278858
14 66 -0.166042 0.0376495
15 33 -2.12715 24.5625
15 34 8.47136 6.02221
15 35 -1.51745 2.06609
15 36 -1.66497 0.213239
15 37 0.729933 4.47502
15 38 3.19812 -0.0151379
15 39 -5.1111 2.85742
15 40 3.84091 6.28686
15 41 0.627603 -0.32632
15 42 4.11722 1.94634
15 43 -1.99243 -0.55498
15 44 -1.66135 0.821625
15 45 0.036015 0.137898
15 46 0.291582 0.107108
15 47 1.46228 0.0887905
15 48 0.0694674 -0.0221277
15 49 1.02582 0.256202
15 52 -0.18577 -0.593501
15 53 -0.289704 0.417278
15 55 0.451749 -0.142266
15 57 0.679846 1.67498
15 58 -0.0293699 0.116621
16 33 8.88618 22.7195
16 34 2.30059 4.9518
16 35 3.71304 5.15229
16 36 1.62125 5.09775
16 37 -7.93456 3.08351
16 38 1.71616 2.08285
16 39 1.47832 2.12148
16 40 -2.55253 2.38683
16 41 -1.61404 0.818421
16 42 0.156688 0.908711
16 43 1.77662 1.24653
16 44 0.647472 0.219673
16 46 0.360242 0.183781
16 47 -0.164239 -0.0297121
16 48 -0.0738259 0.0455714
16 49 0.0181087 0.0313383
16 52 -0.0122076 -0.00468276
16 53 0.39452 0.339149
16 54 -0.750515 0.436917
16 55 0.237492 -0.158589
16 57 -1.56624 -0.859214
16 63 0.300484 -0.0860312
16 66 0.01706 0.0121876
17 33 -4.43052 20.124
17 34 -7.38514 3.80703
17 35 -2.29559 3.94216
17 36 1.50288 6.8855
17 37 6.22463 3.49961
17 38 -7.07217 2.28944
17 39 -2.20099 0.572336
17 40 -1.39229 1.22042
17 41 0.544047 -0.263672
17 42 1.02627 -0.0397448
17 43 -1.30594 0.433882
17 44 -0.342629 -2.24762
17 45 -0.183038 0.00395446
17 46 0.370682 -0.586994
17 47 0.0981422 0.102889
17 48 -0.116217 0.0729088
17 49 0.228194 0.304803
17 50 0.391347 0.0662875
17 52 0.0138401 -0.00999546
17 53 0.363808 -0.191519
17 55 0.213538 -0.662964
17 59 0.293074 0.121868
17 60 -0.422455 -0.084434
17 65 -0.15785 0.0420979
18 33 -2.0488 17.2653
18 34 9.0498 0.815898
18 35 5.85979 0.103893
18 36 2.79738 0.201418
18 37 9.80907 4.57305
18 38 3.01111 1.7847
18 39 1.58674 2.70534
18 40 3.25231 2.90257
18 41 -1.93954 1.16566
18 42 1.32904 -2.1106
18 43 -0.773195 2.2685
18 44 0.218035 0.185474
18 45 2.65277 -0.26879
18 47 0.199067 0.334879
18 48 0.403495 -0.870597
18 49 -0.0420787 0.0470793
18 50 -1.00058 0.423065
18 52 0.0234069 -0.0699701
18 53 -0.353108 -0.0652994
18 57 0.206985 0.403789
18 60 0.126724 0.0187421
18 62 0.322234 -0.207761
18 63 0.0211308 -0.0327395
19 33 2.98313 18.6766
19 34 6.14481 2.31037
19 35 12.8818 3.91597
19 36 7.44826 -1.45475
19 37 -1.68711 0.326681
19 38 1.00378 4.10472
19 39 2.15527 0.541327
19 40 2.39931 0.0687968
19 41 -1.22395 -0.222118
19 42 -1.51773 -0.855358
19 43 -0.201802 -1.01528
19 44 0.699668 0.692029
19 45 0.516789 -0.162931
19 46 0.28589 1.41967
19 47 1.45954 -0.209701
19 48 -0.942483 -0.0167831
19 49 -1.52274 -1.13638
19 50 -0.0216254 -0.399063
19 52 -0.010121 -0.311327
19 54 0.000921709 0.000222451
19 56 -0.493714 -0.0966078
19 57 -0.00598569 -0.00233356
19 58 -0.0621428 0.0223825
20 33 5.00266 15.0413
20 34 1.2777 -2.99123
20 35 5.05589 0.0864627
20 36 5.61982 3.32649
20 37 1.07061 -0.563944
20 38 -2.2508 0.3601
20 39 2.82982 2.27505
20 40 3.43328 2.11252
20 41 0.995884 2.48907
20 42 0.00532133 0.00940041
20 43 0.543715 0.056112
20 44 1.17571 0.804548
20 45 1.23755 -0.40585
20 46 -0.3842 0.226578
20 47 -0.122109 -0.224461
20 48 0.117242 -0.511026
20 49 0.583272 1.01316
20 51 -0.00465991 0.0173763
20 52 0.349092 0.111874
20 54 0.0232185 0.0467294
20 57 -0.193214 -0.458057
20 61 -0.11043 0.123046
21 33 2.89962 9.48301
21 34 -4.77218 -1.11848
21 35 9.43399 2.80043
21 36 5.53765 4.11101
21 37 -1.49766 2.37878
21 38 -0.427397 -1.03203
21 39 0.182764 0.737489
21 40 0.9843 1.53936
21 41 0.218319 4.1007
21 42 -0.0224238 0.71768
21 43 1.33184 1.034
21 44 1.85701 -1.26728
21 45 2.57666 1.07955
21 46 -1.33551 0.046131
21 47 0.0343369 0.0257562
21 48 -0.902364 0.347469
21 49 -0.158739 0.934818
21 50 -1.07537 0.291708
21 51 1.12802 0.777967
21 52 0.224148 0.0356828
21 53 0.180416 -0.0362346
21 56 -0.483828 0.349238
21 57 0.109141 -0.630323
21 58 -0.701226 0.370693
21 60 -0.255089 -0.102258
22 33 0.966662 11.3239
22 34 10.3603 0.567068
22 35 6.29555 -6.11311
22 36 1.79071 -6.26949
22 37 5.1508 -2.02884
22 38 5.15177 1.13999
22 39 -0.52509 -0.915543
22 40 -2.38599 -1.27895
22 41 -0.845268 0.70921
22 42 -0.616923 1.34371
22 43 3.56015 -0.178576
22 44 -0.563268 -0.241358
22 45 0.508553 -0.459533
22 46 -0.0717175 0.442632
22 47 0.829056 0.313129
22 48 -0.0967911 0.0161238
22 49 -0.0783255 2.45986
22 50 -0.682882 -0.0124822
22 51 0.605222 -0.66568
22 54 -0.900381 -0.105756
22 61 0.524883 0.812064
22 66 -0.0102125 0.00997405
23 33 3.86783 6.85612
23 34 -5.12546 2.44504
23 35 7.94381 -1.49738
23 36 0.693912 0.585618
23 37 5.55463 -0.280174
23 38 3.24526 0.743967
23 39 2.06723 -0.573112
23 40 1.68155 0.131783
23 41 0.295716 3.07049
23 42 -3.53325 1.41655
23 43 3.74812 -0.951541
23 44 -0.0228826 2.28979
23 45 0.0464407 -0.139038
23 46 0.4214 1.53138
23 47 0.288427 -0.588144
23 48 -0.0702162 0.467898
23 49 0.294934 -0.281118
23 50 -1.27107 0.896602
23 51 0.00457249 -0.00767973
23 52 0.0235974 -0.195686
23 53 0.246721 -0.126626
23 59 0.478047 0.478044
24 33 -1.62707 6.14364
24 34 2.3419 1.88627
24 35 5.25307 4.61177
24 36 6.57162 3.45529
24 37 9.13925 1.94582
24 38 2.22895 2.68979
24 39 0.71817 3.21928
24 40 2.42602 -1.10996
24 41 0.103292 -0.0575659
24 42 0.981336 1.64195
24 43 3.01905 3.83071
24 44 -0.327668 0.164443
24 45 0.386292 0.153462
24 46 0.457384 0.631364
24 47 -0.123454 -0.00413049
24 48 0.438428 0.355854
24 49 0.0857285 0.0138807
24 50 -1.16105 0.0568192
24 52 -0.121138 -0.00740409
24 53 -0.153705 -0.257876
24 54 -0.0122618 0.02424
24 55 -0.20717 0.169986
25 33 1.9781 6.25159
25 34 2.68258 -0.347364
25 35 10.8763 2.3445
25 36 6.49907 2.80701
25 37 3.41418 -0.17964
25 38 -0.831891 2.38292
25 39 2.83826 1.64316
25 40 0.82741 2.1552
25 41 2.58177 2.43146
25 42 3.37979 1.46615
25 43 1.60727 0.301263
25 44 1.26424 1.05961
25 45 0.0980275 -0.000126516
25 46 0.21299 0.260354
25 47 0.00754772 0.00633084
25 48 0.597671 0.592133
25 49 0.860041 0.569677
25 50 -0.0962042 0.822801
25 51 0.258322 -0.383924
25 52 0.116439 0.139361
25 53 0.623705 -0.323517
25 58 -0.37105 -0.629562
25 61 -0.0474787 0.0539089
25 63 0.0415694 -0.0349995
26 33 3.01682 4.54092
26 34 10.2978 0.788488
26 35 1.01755 -0.413507
26 36 2.34838 1.92031
26 37 7.34701 0.548408
26 38 -0.36747 1.13766
26 39 1.40095 2.5474
26 40 -0.151002 0.650782
26 41 -1.83515 -0.83554
26 42 0.417622 2.39019
26 43 1.97155 0.496337
26 44 -1.614 0.939114
26 47 -0.237884 -0.211115
26 48 0.568481 0.318758
26 49 -0.866475 0.71125
26 51 -1.3851 -0.0397148
26 58 0.10816 -0.0690287
26 61 0.213324 -0.127726
27 33 3.25534 3.45634
27 34 -0.452366 2.00806
27 35 7.39792 -0.429283
27 36 3.75389 -2.30508
27 37 4.59817 0.42479
27 38 0.362867 6.30821
27 39 1.33725 -0.894932
27 40 0.322217 1.78224
27 41 -1.06243 1.00774
27 42 2.05815 1.63541
27 43 1.712 3.10843
27 44 -0.462708 -0.371147
27 45 0.417032 -0.0752327
27 46 1.03338 0.822061
27 47 -0.65012 -0.0358805
27 48 -1.27228 1.59299
27 49 -0.264282 -0.950282
27 50 0.010025 0.0147028
27 51 -0.299578 0.629194
27 52 0.480958 -0.191264
27 53 -0.517548 1.10075
27 54 0.149081 0.14001
27 55 -0.47489 0.894552
27 58 0.740537 -0.504947
27 59 -0.341076 1.25161
27 60 1.80376 0.165657
27 63 1.23828 0.0446308
27 65 0.0118599 -0.187693
28 33 2.56411 1.63103
28 34 1.3934 -0.810471
28 35 1.64588 0.10826
28 36 -0.440463 -1.07257
28 37 3.40704 -0.364886
28 38 2.02355 1.06032
28 39 4.19242 2.14015
28 40 1.91659 -0.0394311
28 41 0.569589 0.659482
28 42 -0.619367 1.68098
28 43 1.1586 1.10964
28 44 0.50798 1.37623
28 45 0.76588 0.277894
28 46 0.986017 0.036708
28 47 -1.26524 0.395573
28 48 -0.287842 -0.1738
28 49 -0.304025 0.119021
28 50 -0.0999459 0.183665
28 51 -1.25897 0.582997
28 52 -0.075982 0.00782397
28 54 -0.14434 0.102967
28 56 0.856024 0.489172
28 60 -0.216962 -0.249255
28 61 0.804213 0.212746
28 65 -0.583787 -0.102985
29 33 0.810126 0.536824
29 34 5.7556 0.0305031
29 35 4.66182 -3.32278
29 36 4.25849 1.60752
29 37 4.11304 0.641673
29 38 -4.13873 1.07922
29 39 3.0447 -0.797358
29 40 6.08568 0.121805
29 41 -3.48825 1.98936
29 42 -0.349717 0.608704
29 43 3.81847 -0.491223
29 44 1.97995 -0.136379
29 45 0.0838338 0.0374132
29 46 1.01611 0.800121
29 47 -0.617504 -0.44089
29 48 -1.28907 0.613
29 49 0.671193 0.0668968
29 51 -0.34335 0.201135
29 52 0.0357442 0.0616115
29 54 0.424163 0.895889
29 56 -0.16248 0.131099
29 57 0.458218 -0.361555
29 58 -0.0257546 0.000209027
29 61 -0.0890012 -0.047687
29 62 1.20349 -0.153772
29 65 -1.02714 0.00335139
30 33 4.13127 2.48172
30 34 5.30803 -0.46429
30 35 4.99525 2.76095
30 36 3.8208 -1.8586
30 37 0.839037 5.09242
30 38 2.18275 1.38796
30 39 3.35174 0.505005
30 40 -1.96748 -0.448015
30 41 -0.635785 1.26696
30 42 -2.70986 -0.134731
30 43 1.43639 0.541828
30 44 -0.678688 -0.292231
30 45 -0.59719 0.525797
30 46 -0.676689 0.309052
30 47 -1.09749 0.156642
30 49 0.699203 0.88371
30 51 0.142234 -0.0152556
30 54 0.192517 0.850766
30 55 -0.592227 0.81106
30 56 -0.420708 -0.0384392
30 64 -0.00674413 0.0412647
30 65 0.00728267 -0.0843086
30 66 -0.0223177 -0.127494
31 33 4.43976 1.74634
31 34 6.21286 -0.818423
31 35 3.35531 -1.39752
31 36 3.97717 -0.694701
31 37 -0.914443 0.152077
31 38 -0.772784 3.20548
31 39 2.38874 -1.3396
31 40 0.180236 -0.797287
31 41 2.71543 0.445529
31 42 -1.20453 1.42424
31 43 1.03972 2.50223
31 44 0.558614 0.148975
31 45 -0.960936 -1.43727
31 46 0.469552 0.310998
31 47 0.0571343 -0.128052
31 48 0.246277 -0.724299
31 49 -0.375476 1.29843
31 50 -0.242757 0.170196
31 52 -0.644576 0.745627
31 54 0.132401 0.274636
31 55 -0.809316 -0.430089
31 58 -0.204466 0.105172
31 59 -0.800018 0.953573
31 64 -0.635013 1.07033
31 65 0.232307 -0.0674653
32 33 6.06741 -0.491674
32 34 2.42516 0.229178
32 35 1.96873 0.0315021
32 36 2.32554 1.17134
32 37 -0.302862 -0.729659
32 38 2.04769 0.792658
32 39 1.63187 -0.673128
32 40 -0.100005 -2.00671
32 41 -0.187686 -0.339235
32 42 -0.0709398 -0.306029
32 43 -0.205324 0.186721
32 44 -0.620607 0.0766292
32 45 -0.162595 -1.01197
32 46 0.0582374 0.620922
32 47 -0.391897 -0.171407
32 48 0.0693571 0.287866
32 49 0.115627 0.258556
32 50 -0.770401 -0.00110259
32 52 -0.0698181 -0.01123
32 53 -0.225023 0.185324
32 56 -0.0211604 -0.0260314
32 65 -1.66621 -0.112021
32 66 -0.0180858 -0.00329289
33 33 4.0942 1.98305
33 34 5.7075 -2.59337
33 35 -1.48658 -1.0092
33 36 4.57152 0.901613
33 37 2.50144 -2.58299
33 38 0.987428 2.46948
33 39 2.88814 0.013399
33 40 -1.11672 2.94585
33 41 -1.53868 -0.400587
33 42 0.581117 0.440295
33 43 3.23122 0.279395
33 44 0.950285 -0.638348
33 45 0.0828922 0.0354519
33 46 -0.24892 0.202433
33 47 -0.565651 0.612497
33 48 -0.955604 0.0876455
33 49 -1.3455 -1.66802
33 51 0.335968 0.0821962
33 54 -0.0617586 0.0571341
33 55 0.422914 -0.0924761
33 57 -0.00057568 0.000121043
33 61 1.00728 0.791951
34 33 2.50569 1.46097
34 34 -3.06165 0.599662
34 35 3.88891 4.23353
34 36 -1.17903 0.804111
34 37 4.71581 2.99843
34 38 1.99424 2.17874
34 39 1.23537 -3.15869
34 40 1.20833 -0.0103108
34 41 -1.08249 1.69879
34 42 0.634525 -3.16225
34 43 -1.4048 0.325502
34 44 -0.144741 1.14771
34 45 -0.00382588 0.538999
34 46 0.142881 -0.163545
34 47 -1.037 -0.40399
34 48 0.842232 0.570121
34 49 2.08848 -1.57872
34 50 0.493964 0.244571
34 53 0.0177896 -0.028992
34 54 -0.0365685 -0.023878
34 55 -0.0879929 0.0456962
34 57 -0.907494 1.29357
34 60 0.947573 -1.01731
34 61 -0.034153 0.043495
35 33 2.58567 -0.300049
35 34 7.88924 1.10071
35 35 -1.87942 -5.08377
35 36 -0.997924 -0.201498
35 37 4.88572 5.04689
35 38 2.3447 1.31603
35 39 4.37156 -0.272338
35 40 -1.79401 1.76411
35 41 3.75894 0.808215
35 42 1.01638 1.87104
35 43 0.298743 2.40187
35 44 -0.653256 0.542864
35 45 -2.6751 1.44863
35 46 0.215038 0.0381789
35 47 -0.627553 0.17179
35 48 0.416825 -0.231654
35 49 -0.341136 0.404014
35 50 1.63276 0.681715
35 51 0.629895 -0.292271
35 52 0.0677576 -0.042928
35 54 -0.0618962 0.0134928
35 55 0.238517 0.146967
35 60 -0.944421 0.562095
35 62 -0.130087 0.0717483
36 33 0.679143 1.97582
36 34 2.46083 -2.60859
36 35 4.51864 0.433643
36 36 5.59243 0.967841
36 37 1.61494 1.89391
36 38 1.02984 -0.833547
36 39 4.34513 2.31011
36 40 0.299789 0.500207
36 41 0.640729 2.49668
36 42 0.0640679 0.412917
36 43 -0.562077 0.213178
36 44 0.280899 1.60207
36 45 0.593005 0.458875
36 46 -0.829072 0.682589
36 47 0.322757 0.35208
36 48 -1.70638 -0.498173
36 49 0.132743 0.0791261
36 50 0.221438 0.570088
36 51 -0.154006 -0.0304795
36 53 -0.171819 0.00218094
36 54 0.00260324 -0.0170138
36 55 0.674944 0.0658381
36 58 -0.064302 0.0365766
36 60 -0.675991 -0.0993853
36 61 -0.0292689 0.0723258
36 62 -0.662044 -0.0504866
37 33 2.44016 0.0630477
37 34 1.54265 -1.72733
37 35 8.83288 -0.701023
37 36 3.26841 -1.56481
37 37 -1.17166 3.65242
37 38 -1.75084 -0.696717
37 39 4.77373 1.06717
37 40 3.22794 1.89223
37 41 0.533847 3.08829
37 42 2.02105 -1.22384
37 43 0.206688 -0.305126
37 44 -1.34579 0.672391
37 45 2.18699 1.3006
37 46 1.66757 -0.523043
37 47 -0.39501 -0.0285541
37 48 1.48053 0.457286
37 49 0.0930016 0.237201
37 50 1.61097 1.22629
37 51 -0.948409 -0.229897
37 52 -0.242772 -0.0517712
37 55 -0.322908 0.00971118
37 59 0.0730155 0.180431
37 60 0.104242 0.203878
37 64 0.578139 -0.00542009
37 65 -0.157626 -0.0710348
38 33 2.74022 0.783946
38 34 2.95834 -0.125987
38 35 4.00572 -0.16353
38 36 -0.67064 -0.617666
38 37 4.33208 -1.19492
38 38 1.41024 0.167248
38 39 -3.1033 0.501967
38 40 -0.459696 1.76471
38 41 0.451159 2.00686
38 42 3.95333 -1.27107
38 43 -0.364614 0.249984
38 44 0.183099 0.825825
38 45 1.26391 0.748926
38 46 0.508167 -0.0450541
38 47 0.697084 -1.15797
38 48 -3.18822 2.56685
38 50 0.116479 -0.104496
38 51 0.857186 0.163326
38 52 -0.0464435 -0.625246
38 53 0.0631634 -0.139535
38 54 0.130048 0.0637148
38 60 -0.422077 -0.00410407
38 61 0.790358 0.279676
38 62 0.432285 0.306024
38 64 -0.00107318 -0.000329294
39 33 3.43703 -1.56461
39 34 0.935337 0.398875
39 35 3.22816 -1.37251
39 36 -0.0597521 -1.43544
39 37 3.63242 2.84237
39 38 9.24876 0.28571
39 39 -1.83925 1.8388
39 40 2.04542 1.01995
39 41 -1.58366 -2.21753
39 42 0.0558754 1.26082
39 43 -2.90459 0.93654
39 44 -0.940062 -1.03234
39 45 0.150101 -0.942576
39 46 1.37874 0.844253
39 47 0.949598 2.39059
39 48 -0.103772 1.36798
39 49 -0.467924 -0.177765
39 50 -0.774071 -0.56209
39 51 -0.616535 -0.337508
39 52 0.340814 -0.489767
39 53 0.0579158 0.0225536
39 54 -0.0331214 -0.125368
39 55 -0.101274 0.0359109
39 57 0.340159 -0.275974
39 60 -0.0759414 -0.0726399
40 33 -0.488328 0.36093
40 34 3.31917 -0.375951
40 35 0.384768 1.5121
40 36 -1.61559 -0.556019
40 37 1.87807 -1.18526
40 38 0.0379414 0.27206
40 39 -2.20376 0.0735048
40 40 0.871516 1.55477
40 41 1.82982 0.349287
40 42 1.18113 1.65267
40 43 1.27383 1.05753
40 44 1.30248 -0.00751644
40 45 0.519006 -0.294988
40 46 1.06147 0.367363
40 47 2.27204 0.797451
40 48 1.07443 1.2061
40 49 1.52854 -0.750643
40 50 0.306253 0.0617702
40 51 0.752919 0.388021
40 52 0.905204 0.316654
40 53 0.537709 0.147082
40 54 0.286001 -0.0484121
40 56 -0.144653 0.24811
40 60 -0.0381233 -0.11469
40 61 0.171871 -0.0528234
40 62 0.0343628 0.00328419
40 64 -0.868086 0.00443522
41 33 2.5935 1.07293
41 34 -2.23125 1.35141
41 35 -1.86126 0.666902
41 36 2.01338 1.43585
41 37 0.107842 -2.26246
41 38 2.60555 2.14718
41 39 -0.0306024 0.815841
41 40 1.80787 0.689706
41 41 -0.630391 3.00301
41 42 0.638221 2.22875
41 43 -0.337609 -0.458931
41 44 2.8875 1.84404
41 45 -0.843095 0.50235
41 46 0.560492 -0.409539
41 47 0.0491393 -0.110544
41 48 -1.53328 -1.44423
41 49 -0.655631 0.0287303
41 50 -0.563878 0.400135
41 51 0.0387244 0.0498558
41 52 1.10589 0.972631
41 53 -1.44144 0.355266
41 54 0.0819396 0.0173946
41 55 -0.0566639 0.0245536
41 56 0.171582 0.145729
41 57 -0.131721 0.105328
41 59 -0.892902 -0.184818
41 61 0.15149 0.167213
41 63 0.0184882 -0.00442061
42 33 1.36404 -0.647564
42 34 3.48471 3.0587
42 35 -3.45574 -0.252354
42 36 1.43518 0.0675801
42 37 5.08243 2.21466
42 38 0.785365 -0.5287
42 39 0.857714 0.415219
42 40 3.05938 -1.0012
42 41 4.96526 2.08238
42 42 1.31096 0.665439
42 43 1.827 0.323771
42 44 0.502617 1.67965
42 45 -3.06086 0.450512
42 46 -0.33068 0.328908
42 47 0.207467 0.816659
42 48 -0.422577 -1.49041
42 49 -0.808137 -0.756928
42 50 -1.14175 0.433348
42 52 1.90221 0.754998
42 53 0.151562 0.720464
42 54 -0.0458411 0.0194827
42 55 0.822824 -1.17361
42 56 0.416124 -0.327317
42 58 -0.161812 -0.748888
42 59 -0.291772 -0.557514
42 61 0.0609226 0.957445
42 63 0.296813 0.337402
42 64 -0.0479387 0.0361864
43 33 -0.903812 0.573817
43 34 4.49098 0.89994
43 35 7.53009 2.3838
43 36 2.7386 0.123057
43 37 -1.26651 1.28502
43 38 3.39283 1.17806
43 39 0.266511 1.51253
43 40 -0.236501 -0.846316
43 41 -0.405479 0.888781
43 42 -2.59283 -2.34053
43 43 1.34761 -0.656581
43 44 5.44363 0.455198
43 45 -0.0137701 -0.00792553
43 46 -0.82463 0.109459
43 47 0.217392 -0.205149
43 48 -1.00293 -0.69209
43 50 -0.969188 0.215442
43 54 0.618446 0.219697
43 55 0.689166 0.39617
43 56 -0.414997 -1.64955
43 57 0.502433 -0.015065
43 58 0.166469 -0.420795
43 63 0.562267 -0.0208927
43 66 0.241313 0.219696
44 33 1.66784 2.65763
44 34 2.99472 -0.932027
44 35 0.611422 -1.42374
44 36 5.48453 0.489357
44 37 3.18528 1.26875
44 38 0.941305 1.34354
44 39 0.262495 -1.3323
44 40 2.14039 -0.97814
44 41 1.15396 -0.540683
44 42 -0.475801 -1.08845
44 43 0.0551253 0.488051
44 44 -0.0627532 0.738537
44 45 -0.142384 -0.00124476
44 46 -1.11609 0.979667
44 47 -0.298768 0.753306
44 48 -0.324756 -0.0528489
44 49 -0.179017 -0.0973381
44 50 -0.276317 0.13527
44 52 0.0204968 -0.0128652
44 53 -0.541332 0.407672
44 54 0.704312 -1.14991
44 55 -0.441859 0.0548055
44 57 -0.703093 0.360204
44 59 -0.0585982 0.328333
44 62 -0.502784 1.22602
44 63 0.142978 -0.0818246
44 66 -0.133957 0.0650025
45 33 0.900101 3.98652
45 34 3.36422 -1.51212
45 35 1.35209 1.20224
45 36 3.14906 -1.15522
45 37 0.375557 -1.44086
45 38 -0.285743 -0.426324
45 39 2.25948 1.6894
45 40 2.95772 -0.892039
45 41 1.56812 -0.552179
45 42 -2.43822 2.5822
45 43 1.34095 0.237841
45 44 0.607842 -1.79993
45 45 0.570039 -0.456508
45 46 -0.176925 1.72952
45 47 -0.350542 -0.0737729
45 48 0.141517 0.301231
45 49 -0.0340393 0.147678
45 50 2.7186 0.392584
45 53 -0.00594732 -0.00363294
45 54 -0.0240459 -0.00638935
45 55 0.184535 -0.189253
45 61 -0.168042 -0.0185626
45 62 1.44995 0.00850805
46 33 4.10032 1.32998
46 34 -1.77971 -0.376675
46 35 0.562358 -0.565683
46 36 5.82198 1.96808
46 37 0.0778221 0.147951
46 38 5.63414 -0.555361
46 39 -0.320269 0.839352
46 40 2.89979 -0.360826
46 41 2.24064 2.36108
46 42 1.56477 -0.333718
46 43 0.110564 0.19008
46 44 -1.76038 -0.191675
46 45 -0.358452 0.235315
46 46 0.935988 0.433654
46 47 0.019253 0.695193
46 48 -0.563996 0.314695
46 49 -1.08315 0.932964
46 50 -2.01773 -0.650115
46 51 0.146091 -0.498825
46 52 1.32901 0.61662
46 53 0.240683 0.773008
46 56 -0.0866971 -0.0526664
46 57 0.605925 -0.103235
46 60 0.0637994 -0.936869
46 61 0.146439 -0.295322
46 62 0.411717 0.33352
46 63 0.690655 0.100632
46 65 -0.0429653 -0.0385318
47 33 1.21198 -0.245655
47 34 4.59564 3.63956
47 35 2.52514 -1.26095
47 36 3.07079 -1.51229
47 37 -0.599821 -0.411998
47 38 3.89204 -0.933304
47 39 1.01677 0.152352
47 40 0.0410791 -0.0785228
47 41 0.138413 -0.558544
47 42 1.77071 0.552672
47 43 0.977457 0.695852
47 44 -2.36773 -0.265462
47 45 0.646841 -0.510218
47 46 0.457784 0.618443
47 47 -0.4625 -0.226792
47 48 0.798707 -0.308905
47 49 -1.96867 1.14726
47 50 0.640087 -0.215599
47 51 0.602169 0.253375
47 52 0.54332 0.0413522
47 53 -0.914707 0.44606
47 55 0.0372693 -0.234547
47 56 0.0876392 -0.0617022
47 60 0.824286 0.556397
47 61 0.145556 -0.248146
47 62 0.849229 0.324274
48 33 0.605644 1.15278
48 34 3.39214 -0.85977
48 35 -0.0181865 -1.4887
48 36 5.28842 -0.36066
48 37 2.0396 1.41997
48 38 -2.13866 0.345002
48 39 0.902657 2.0232
48 40 -0.463452 1.23299
48 41 -0.10014 0.830942
48 42 2.39906 0.167036
48 43 0.822586 1.31962
48 44 -0.255422 -0.132146
48 45 -0.0811891 0.0679831
48 46 1.3298 -0.184003
48 47 -0.836002 -0.474452
48 48 0.114216 0.131486
48 49 0.0893236 0.666628
48 50 1.2842 0.0439236
48 51 0.795937 -0.146776
48 52 -0.255591 0.592691
48 53 -0.269195 -0.130689
48 54 0.0600076 -0.106839
48 57 0.0147339 -0.00508717
48 59 0.0226033 0.0287533
48 60 1.27425 -0.519035
49 33 -1.02518 -0.0646498
49 34 3.41993 0.901064
49 35 9.22589 0.00633605
49 36 -0.936084 1.94167
49 37 -0.297061 1.03836
49 38 0.503096 0.241558
49 39 -1.02037 -0.212833
49 40 2.57094 -0.250828
49 41 0.957885 -0.0368647
49 42 1.5764 -0.723122
49 43 -1.45525 0.666597
49 44 0.53612 0.161879
49 45 -1.20155 1.06357
49 46 0.396254 0.411201
49 47 -0.679444 -0.402629
49 48 -0.505445 -0.0490998
49 49 -0.971919 -1.65546
49 50 1.01185 -0.0993984
49 51 3.00456 1.83945
49 52 0.774196 -0.287341
49 53 -0.706178 -0.0904558
49 57 0.148974 -0.00170254
49 58 -0.0637326 -0.543138
49 59 -1.19796 0.401798
49 60 0.464453 -0.0860419
49 61 0.128788 0.107369
49 63 -0.302257 1.09575
49 65 -0.147182 -0.0596381
50 33 0.933135 -0.683695
50 34 5.95068 -0.904958
50 35 0.268476 -2.23532
50 36 1.75125 -0.0318649
50 37 -0.347284 0.491213
50 38 1.89637 1.57832
50 39 0.670662 -0.701809
50 40 -2.94085 0.499216
50 41 -0.619798 -0.0699393
50 42 -0.490791 -1.64789
50 43 0.620357 0.816409
50 44 0.373582 1.55437
50 45 0.606365 -1.02331
50 46 0.109048 0.0264123
50 47 -0.400853 0.118686
50 48 -0.861451 0.00601913
50 49 0.710639 0.78962
50 50 0.791141 -0.186204
50 51 -0.582953 -0.25941
50 53 -1.82644 0.323404
50 54 0.272853 0.0653803
50 57 -1.37033 -1.5591
50 59 -0.232641 0.0305432
50 61 -0.178725 0.621467
50 62 -0.115607 0.218038
50 63 -0.331927 0.056912
51 33 3.20607 -1.46133
51 34 1.40452 -3.43156
51 35 1.88725 -1.48316
51 36 0.631039 -0.859324
51 37 1.10193 -1.40455
51 38 0.356706 1.92832
51 39 -0.906665 0.544836
51 40 0.00491147 1.34275
51 41 2.40202 -0.407085
51 42 -0.280092 1.61382
51 43 1.72399 -0.324663
51 44 -0.126196 -1.0216
51 45 0.490656 0.974438
51 46 -0.350466 0.039639
51 47 -0.932687 0.303706
51 48 -0.551277 0.54233
51 50 0.60174 0.587674
51 51 0.0214368 0.054413
51 52 0.261848 -0.0665227
51 53 0.743932 0.0836293
51 54 0.865866 0.71591
51 55 0.411154 0.34828
51 56 -0.753852 0.843892
51 57 0.590101 -0.192195
51 58 0.0035131 0.0209544
51 59 0.0964087 -0.207961
51 61 0.389158 0.129603
51 63 -0.047592 0.586203
52 33 0.575251 0.504123
52 34 -0.178662 1.50883
52 35 -0.337441 -0.674465
52 36 0.646373 0.544014
52 37 -0.0435768 -0.225559
52 38 2.8292 -2.33581
52 39 3.24495 -1.69635
52 40 4.02037 1.86075
52 41 0.911409 -0.889659
52 42 -1.49105 1.28094
52 43 1.49315 0.350493
52 44 1.94463 0.044509
52 45 1.69468 0.880921
52 46 -1.36116 0.705514
52 47 -0.480716 0.0100288
52 48 0.54416 -0.382321
52 49 1.91499 0.534054
52 50 -0.580525 1.34701
52 51 -0.40144 -0.246398
52 52 -0.458124 -0.777196
52 53 1.69679 0.243337
52 54 1.23095 -0.877379
52 55 -0.0910052 0.180067
52 56 -0.41624 0.171291
52 57 -0.869872 0.741774
52 58 1.11885 -0.567089
52 60 -0.516932 -0.0777088
52 61 -0.411673 0.452943
53 33 2.60378 0.149922
53 34 0.0260932 -1.68412
53 35 -1.57604 -1.28346
53 36 -0.991585 -0.301505
53 37 1.5618 0.358946
53 38 2.61437 -2.23913
53 39 1.50406 1.58348
53 40 1.72411 -0.46125
53 41 -2.07548 -0.616221
53 42 -1.18513 0.134342
53 43 -1.19741 -1.28412
53 44 -2.05467 3.51721
53 45 -0.576756 1.11307
53 46 -0.756452 -0.283373
53 47 -0.254528 1.28799
53 48 -0.152529 0.0450742
53 49 0.731683 -0.817085
53 50 -0.189165 0.06256
53 51 0.216881 0.1318
53 52 0.241855 -0.0581478
53 54 -0.124254 -0.246135
53 57 0.000725225 0.00270147
53 59 0.575956 -0.559207
53 63 -0.0150626 -0.0172358
54 33 1.70593 0.36297
54 34 1.43477 -1.19056
54 35 -1.60924 -1.02743
54 36 2.88295 -0.0835087
54 37 1.56527 2.97124
54 38 3.27338 2.16556
54 39 0.908277 0.630503
54 40 2.04845 0.423765
54 41 2.77614 0.420073
54 42 -2.56313 0.16891
54 43 1.55847 0.467559
54 44 -1.01291 -0.479053
54 45 0.202295 0.492253
54 46 2.07463 -1.09992
54 47 0.887513 -1.41525
54 48 0.234601 -0.174462
54 49 -0.0305307 0.0195838
54 50 -0.0719824 0.0264961
54 51 0.0276283 -1.13587
54 52 1.71079 -0.145819
54 54 -0.343532 1.01561
54 55 0.636151 0.481064
54 56 -1.15526 -1.21716
54 62 -0.0125152 0.00341583
55 33 3.93576 -1.52288
55 34 0.706994 -1.15734
55 35 -0.0859544 -2.04749
55 36 1.04434 3.36538
55 37 2.57318 -0.552172
55 38 0.969182 -0.333448
55 39 0.486043 -1.18518
55 40 0.270705 0.272989
55 41 2.26703 -1.45932
55 42 -1.38204 -0.944366
55 43 1.45876 -0.472017
55 44 0.733481 3.43487
55 45 0.041478 0.605162
55 46 0.536186 0.699703
55 47 0.982161 0.530572
55 48 1.05575 2.40573
55 49 0.892791 -0.559845
55 50 -0.539385 1.42603
55 51 0.154897 0.108806
55 52 -0.176286 -0.0768752
55 53 0.176837 0.751295
55 54 -1.54562 0.693004
55 55 -0.17085 -1.17321
55 56 0.49549 0.405087
55 57 0.827027 -0.115832
55 58 -0.291857 -0.449409
55 59 0.233072 -1.02671
55 61 1.67574 2.24742
56 33 0.795693 0.526948
56 34 0.588762 -1.9529
56 35 2.82122 -0.978885
56 36 1.90859 -0.128736
56 37 -2.23864 2.1982
56 38 0.28875 0.310662
56 39 1.91897 -1.16528
56 40 1.78678 0.276996
56 41 2.46596 -0.218865
56 42 -0.671743 0.692167
56 43 -2.14232 -0.899954
56 44 1.53259 0.661943
56 45 -2.53154 1.02722
56 46 -0.105278 0.0457454
56 47 2.78617 -1.22378
56 49 0.228731 0.299085
56 50 -0.292784 0.392953
56 51 -0.00779431 0.00262033
56 52 -0.0630891 0.0703691
56 53 -0.0189728 -0.0367245
56 54 -0.0107349 -0.171381
56 55 -0.530344 0.700961
56 56 -0.200648 0.421973
56 58 -0.0383133 -0.00812992
56 59 -0.92919 -0.933363
56 61 0.685298 -0.453673
56 65 -0.0667988 -0.127014
57 33 3.01208 -0.398756
57 34 0.436272 0.798014
57 35 -1.37718 0.295183
57 36 -0.272198 -0.649463
57 37 0.61273 1.08369
57 38 5.25475 2.4413
57 39 2.54425 -0.810082
57 40 -0.499158 1.5782
57 41 3.0616 2.72184
57 42 0.677853 0.489025
57 43 -0.404302 -0.75932
57 44 -0.657117 -0.0183111
57 45 0.171146 -0.606705
57 46 -2.12783 1.24527
57 47 -0.0927816 0.619047
57 49 -1.02617 -0.493795
57 50 0.110159 -0.745139
57 51 0.203365 0.00872774
57 52 -0.768656 0.703009
57 53 0.317251 0.0696756
57 55 -1.10048 -1.3694
57 57 1.48458 -0.644549
57 59 0.44611 0.149433
57 60 0.00308628 -0.00280483
57 66 -0.0341179 -0.262371
58 33 1.68343 0.132532
58 34 -0.812433 -1.01593
58 35 2.85265 0.0329599
58 36 4.49635 -2.0303
58 37 1.58255 -0.337057
58 38 2.7801 0.341189
58 39 -0.80212 0.112203
58 40 -0.158112 1.0316
58 41 1.36263 -0.758712
58 42 1.69914 0.820575
58 43 -0.210813 2.87791
58 44 0.346991 0.154763
58 46 -0.238202 0.122249
58 48 -0.669861 0.548739
58 49 0.102533 0.00979702
58 50 0.401051 0.392012
58 52 -0.881725 0.69273
58 53 0.615309 0.0271245
58 54 0.48277 0.204126
58 55 -0.594222 -0.290764
58 56 0.32102 0.0787841
58 57 1.15711 0.695905
58 58 -1.06189 0.445645
58 60 -0.00261308 0.00339818
59 33 -0.13593 -0.0475616
59 34 1.89619 1.26912
59 35 2.44448 -0.526971
59 36 0.930353 2.46726
59 37 1.07966 -0.259788
59 38 0.326477 2.07016
59 39 1.2153 -1.14847
59 40 1.00579 -0.170491
59 41 2.09609 0.261746
59 42 1.15785 0.637849
59 43 0.516713 -1.00443
59 44 -1.68879 -0.915585
59 45 -0.288825 0.105761
59 46 -0.322839 0.270256
59 47 1.26901 -0.175809
59 48 0.283047 0.0992475
59 49 0.26177 0.277256
59 50 1.29172 -0.864336
59 53 0.243332 -0.104723
59 54 -0.969238 -0.425807
59 55 -0.505289 0.411438
59 64 0.234586 -0.147656
59 65 -0.812715 0.749005
60 33 0.919681 0.881215
60 34 2.06931 -0.587302
60 35 1.33699 0.255029
60 36 -0.804889 0.0977783
60 37 0.627125 1.16396
60 38 1.73607 -0.549887
60 39 0.646724 -1.27162
60 40 3.08088 -0.560736
60 41 2.16818 1.38806
60 42 0.200484 1.35951
60 43 1.16105 -0.394453
60 44 0.98426 1.8578
60 45 0.152287 -0.0761761
60 46 1.09879 -0.113
60 47 -0.332395 0.481206
60 48 -0.937407 0.984387
60 49 -1.55232 0.578121
60 50 -0.180883 0.138414
60 51 0.411628 -0.0200914
60 52 0.721647 -0.196802
60 53 -0.0421793 0.210561
60 54 0.0177046 -0.000404641
60 55 -0.80696 0.491511
60 56 0.0306586 -0.103015
61 33 1.16151 0.847748
61 34 0.300597 0.620127
61 35 -0.860953 0.03616
61 36 1.91936 1.81641
61 37 4.40898 -0.878976
61 38 0.276978 -0.299077
61 39 -0.399628 -0.788638
61 40 -1.20386 1.05889
61 41 1.4938 0.125033
61 42 3.20912 1.25438
61 43 -0.0793218 0.418795
61 44 1.20714 0.146062
61 45 0.228224 -0.134497
61 46 -0.33174 -0.334595
61 47 1.95052 2.1233
61 49 0.987806 0.804422
61 50 -1.05488 0.0970011
61 51 0.177099 -0.889998
61 52 0.410276 0.154908
61 56 0.550013 -0.485271
61 57 -0.849679 0.723864
61 59 0.418001 0.348355
61 63 0.0708592 -0.0378469
61 64 0.271474 0.210415
61 65 -0.699268 1.11877
62 33 1.34493 -0.828974
62 34 1.3274 1.94748
62 35 1.68166 -1.2085
62 36 1.05264 1.25611
62 37 0.0232332 -0.379011
62 38 1.96254 0.61862
62 39 -2.09639 1.40764
62 40 0.888303 -1.40775
62 41 -1.01604 0.240428
62 42 1.09524 1.89406
62 43 0.41823 -0.592191
62 44 -0.796905 0.778547
62 45 -0.547279 0.111086
62 46 1.38562 -0.213646
62 47 1.78325 1.04984
62 48 0.371806 -0.277152
62 49 -0.514062 -0.0261568
62 50 -0.830369 0.103647
62 51 0.191487 -0.120989
62 52 0.0495729 0.125071
62 53 -0.450355 -0.685545
62 54 -0.031581 -0.0392808
62 55 0.144939 0.00413891
62 56 0.0848516 0.0504752
62 57 0.0809319 -0.0249505
62 58 0.972529 0.47364
62 59 0.214955 0.138861
62 62 0.108611 0.14534
62 64 0.470142 -0.388644
63 33 1.91352 0.802657
63 34 2.3087 -0.976235
63 35 0.820118 0.868325
63 36 0.796536 1.05316
63 37 0.234332 1.9995
63 38 0.615382 0.400793
63 39 1.75152 -1.21218
63 40 0.744615 0.353236
63 41 0.121974 0.349702
63 42 -0.277982 1.20092
63 43 1.27168 1.02833
63 44 0.939159 1.43246
63 45 0.633199 0.0796728
63 46 0.14026 -0.0472125
63 47 -0.242316 -0.0591235
63 48 0.192725 0.533356
63 50 -0.338424 -0.0768483
63 52 0.2568 0.0126423
63 54 -0.145785 0.416685
63 55 0.19583 0.126024
63 57 -0.0181937 -0.233461
63 62 0.116645 0.882291
63 64 -0.190792 -0.155427
64 33 2.56688 1.56852
64 34 -1.1848 0.275316
64 35 4.79873 -1.90486
64 36 2.60966 1.0225
64 37 0.0747021 0.168424
64 38 0.952488 1.62615
64 39 1.50039 -0.588084
64 40 -0.822332 -0.541934
64 41 0.889919 0.0218837
64 42 0.948468 1.81934
64 43 -0.648758 -0.398916
64 44 1.13189 -0.847422
64 45 -0.276645 0.774445
64 46 0.277046 -0.0772802
64 47 0.894394 -0.363128
64 48 1.1846 1.3329
64 50 0.420787 -0.295851
64 51 0.596211 -0.365715
64 52 0.442018 -0.474727
64 53 -0.577632 -0.189882
64 54 0.443632 -0.0373479
64 55 0.718534 0.808631
64 57 0.209469 0.361381
64 63 0.116409 0.0526246
64 65 -0.316919 0.101876
64 66 0.332649 0.555233
65 33 2.5307 -0.122555
65 34 0.996226 -0.917307
65 35 1.47861 -1.17481
65 36 -0.490924 -0.275957
65 37 3.07959 0.347004
65 38 -0.949812 1.02997
65 39 2.93201 -0.945069
65 40 1.76351 -0.0157887
65 41 0.704066 2.04496
65 42 0.385351 1.30391
65 43 1.38604 2.15806
65 44 0.693348 0.49975
65 45 -0.843612 -0.241072
65 46 1.44834 0.500073
65 47 -0.174767 0.131582
65 48 0.70279 0.995362
65 49 0.376832 0.117504
65 51 -0.264571 -0.137856
65 52 -0.333968 -0.114977
65 53 0.097629 0.0969884
65 54 0.105187 -0.171429
65 55 0.678231 0.263484
65 57 0.00188219 -0.0575067
65 58 0.0839413 0.208674
65 59 0.834258 -0.0137962
65 60 -0.0363613 -0.0128175
65 61 -0.00700134 0.00783247
65 66 0.429885 0.443287
66 33 2.02479 0.0560493
66 34 0.292549 -0.245406
66 35 1.976 0.430021
66 36 0.887967 -0.683832
66 37 2.77786 -0.312226
66 38 1.32985 0.868566
66 39 1.87034 0.952616
66 40 1.40078 1.15063
66 41 1.42695 0.265398
66 42 0.907071 0.608765
66 43 0.784403 0.342224
66 44 0.384818 1.27644
66 45 0.275989 0.273749
66 46 0.158343 0.0646338
66 47 0.507602 0.335081
66 48 0.408349 -0.214401
66 49 0.229257 0.443849
66 51 0.329645 0.281697
66 52 -0.166125 -0.0328313
66 53 0.230792 0.0854554
66 54 0.779722 1.21534
66 55 0.076036 0.116434
66 56 0.740496 0.468272
66 58 0.513552 0.129895
66 61 0.0167439 0.00255006
66 62 0.30448 0.157043
66 63 0.100858 0.147284
66 66 -0.162832 -0.210662
67 33 0.328179 0.193446
67 34 0.072319 0.231343
67 35 0.427989 -0.105394
67 36 0.16707 -0.128889
67 37 0.412447 0.17109
67 38 0.205852 -0.0194721
67 39 0.151887 0.110632
67 40 0.218238 0.150132
67 41 0.397072 0.0195824
67 42 0.328974 0.204703
67 43 0.211262 -0.0484615
67 44 0.155711 0.107278
67 45 0.0694014 0.0614018
67 46 0.080275 0.0412236
67 47 0.0804044 0.163543
67 48 0.0711715 0.0286767
67 49 0.0731655 -0.0294284
67 51 0.00826392 0.136675
67 52 -0.00559904 0.0153734
67 54 0.0648418 0.00688136
67 55 0.0779126 0.00782728
67 56 0.175576 0.0392298
67 57 0.00363726 0.0114056
67 58 0.0389804 0.0581011
67 59 -0.00948964 0.0421402
67 62 -0.0932654 0.0625359
67 63 0.0622637 0.072827
