0 42 0.000332315 0.000348746
1 40 -3.66418e-05 -0.000315439
1 41 0.000199834 0.000126153
1 43 -5.84729e-05 0.000212197
2 35 9.70532e-05 3.24324e-05
2 37 9.48666e-05 0.00014142
2 39 -2.70824e-05 0.000216879
2 41 7.22715e-05 7.44553e-06
2 42 -9.98963e-06 -2.61933e-05
3 35 -8.0729e-05 5.16189e-05
3 36 0.000163211 6.40912e-05
3 37 -0.000418701 -1.415e-06
3 38 -9.64204e-06 3.38079e-05
3 39 4.21185e-05 7.76112e-06
3 40 -0.000302481 -0.000210333
3 41 0.000261836 -0.000189501
3 43 -0.000377773 -0.000239839
3 46 7.34221e-05 0.000209833
4 33 -0.000178995 -5.82906e-05
4 35 6.36091e-05 4.25662e-06
4 36 -0.000126509 0.000261605
4 38 -0.000111339 0.000244592
4 39 -0.000307876 0.000206321
4 40 0.000124586 -0.000109699
4 41 0.000253841 -0.000126966
4 44 0.000457151 6.67153e-05
4 45 -0.000193911 -6.7121e-05
5 33 -2.70355e-05 -0.000183982
5 34 8.532e-05 -9.71653e-05
5 35 0.00024466 -0.000242403
5 36 1.89604e-05 8.29322e-06
5 37 6.03755e-05 1.05745e-05
5 38 0.000248985 -0.000139642
5 39 0.000184986 0.000234467
5 40 -0.000133082 0.000174786
5 41 0.000376856 0.000244451
5 43 -0.000234861 -7.50183e-06
5 47 -0.000450752 9.76385e-05
5 48 0.000246457 0.00036757
5 52 0.000182864 -9.02185e-05
6 33 0.000129721 -2.05848e-05
6 34 0.000116202 -0.000199656
6 35 -9.86076e-05 -3.82163e-05
6 36 0.00125906 -0.000589505
6 38 0.000120223 -0.000294088
6 39 -5.59152e-05 0.000182541
6 40 8.89704e-05 7.86188e-05
6 41 -0.000443172 -0.000159234
6 42 0.000235569 8.93691e-05
6 43 2.82128e-05 0.000222416
7 33 0.000529934 7.0124e-05
7 34 -0.000695097 0.000134839
7 35 0.000159496 -0.000278561
7 36 0.000108319 0.000264809
7 37 -0.000951996 0.000285393
7 38 0.000124126 -4.55305e-07
7 40 0.000514951 0.000227689
7 41 7.18893e-05 -3.75427e-06
7 47 -0.000359357 0.000134376
7 51 0.000357108 -5.1035e-05
7 52 -3.14147e-05 0.000408725
7 55 -0.000392263 -0.000231768
8 33 0.000178822 7.00288e-05
8 35 -0.000141586 -0.000293564
8 37 -0.000387857 0.00023982
8 38 0.000241322 -0.000184612
8 39 0.000449404 0.000204197
8 40 0.000722348 -0.000122403
8 41 -0.000334919 0.000264257
8 42 -1.97621e-05 9.74665e-05
8 45 3.5205e-06 9.26266e-06
8 46 0.000218087 -9.31948e-05
8 53 -4.14593e-05 4.00783e-05
9 33 -0.000412166 -0.000160396
9 36 5.02951e-07 -6.36748e-09
9 37 -0.000697945 -9.47775e-05
9 38 -0.000264387 3.80175e-05
9 39 0.000256781 -1.13806e-05
9 40 0.000205494 0.000705352
9 41 4.87324e-05 0.000228768
9 42 0.000162488 -0.000329211
9 43 -5.42467e-06 2.51391e-05
9 44 0.000698246 0.00024882
9 45 0.00083682 0.000476273
9 49 -8.61591e-05 0.000142258
9 51 7.96432e-05 -0.00013227
10 33 -0.000236177 7.53121e-05
10 35 -0.000281924 0.000242476
10 36 0.000403984 0.00022462
10 38 -2.23603e-06 0.000420461
10 39 7.53773e-05 0.000287811
10 40 0.000353834 -0.000236307
10 41 8.2898e-05 8.91064e-05
10 42 0.000760726 6.86095e-05
10 43 0.000354465 0.000147475
10 49 0.000333909 0.000137786
10 63 -0.000194463 0.00017067
11 34 0.000253818 -4.76207e-05
11 35 -0.000179036 0.000143346
11 36 0.000617219 -3.72381e-05
11 37 4.62294e-05 0.000198983
11 38 0.000404183 -5.82265e-05
11 39 -0.000365846 -0.00044373
11 40 0.000343994 0.000494475
11 41 -2.42135e-05 0.000329813
11 42 -0.0004025 -0.000168827
11 43 -0.000154033 0.000508312
11 44 -0.000479388 -3.19611e-05
11 45 -0.000173756 5.57494e-05
11 46 -8.43956e-05 7.45817e-05
11 48 3.71372e-05 2.91877e-05
11 51 0.000147135 0.000148168
11 52 -0.00028269 0.000348619
12 33 0.000194198 -0.000117924
12 34 9.23292e-05 -2.75006e-05
12 35 -5.19492e-05 3.06807e-05
12 36 -0.000275065 2.30685e-05
12 37 9.96072e-05 3.36728e-05
12 38 -0.000301756 -0.000305405
12 39 0.000122442 7.70857e-05
12 40 -0.00011063 -5.9772e-05
12 41 -8.399e-05 -1.78987e-05
12 42 -0.000389935 0.000262105
12 43 0.000499481 0.000134292
12 44 7.49971e-05 0.000415779
12 45 8.80517e-05 3.09338e-05
12 46 0.000805461 0.000273939
12 48 -0.0002294 0.000163339
12 56 0.000352106 0.000334954
13 33 -0.000417461 -2.45203e-05
13 34 0.000402218 7.58696e-05
13 35 -9.65678e-05 -0.000542112
13 36 0.000294731 0.000218738
13 37 0.000227735 0.000256
13 38 0.000428142 0.000161161
13 39 -5.25688e-07 0.000298217
13 40 0.000526559 6.40577e-06
13 41 0.000117883 3.44265e-05
13 43 0.000108573 0.000278752
13 44 0.000203356 0.000456514
13 58 -4.49431e-05 -7.5397e-06
13 60 -3.63252e-05 -4.81841e-05
13 65 0.00043075 -1.53506e-05
14 35 -0.000103059 -8.2728e-05
14 36 0.000464024 0.000523934
14 37 0.000189936 -0.000124697
14 38 0.000513012 -4.94812e-05
14 39 1.22039e-05 -0.00016509
14 40 0.000376027 2.44875e-05
14 42 -6.39765e-05 5.063e-05
14 43 0.000253289 9.88765e-05
14 45 5.6508e-05 0.000288009
14 46 0.000166544 0.000103176
14 54 9.37854e-05 -0.000259371
14 60 0.000346598 -0.000234408
15 34 0.000478325 2.50728e-05
15 35 0.000309136 -0.000357265
15 36 -0.00048308 -0.000383177
15 37 0.000689427 0.000199799
15 38 0.000343082 -0.000261895
15 39 0.000351958 5.43294e-05
15 40 0.00171807 0.000458921
15 41 5.84975e-05 -5.98245e-05
15 42 0.000863527 4.87057e-05
15 43 0.000158223 2.55491e-05
15 45 3.67444e-05 0.000120844
15 48 -4.6011e-05 7.83998e-05
15 49 0.00016601 -1.19791e-05
15 50 -5.94734e-05 2.59494e-05
15 54 -2.39027e-05 0.000258291
16 33 -5.35013e-05 -3.69064e-05
16 34 0.000231251 -7.77343e-05
16 35 2.23188e-05 -2.86536e-05
16 36 0.000419373 -0.000248586
16 37 0.000530027 0.000185439
16 38 -2.98173e-05 -4.19061e-06
16 39 -0.000214274 7.65293e-05
16 40 0.000171611 -0.000988331
16 41 0.0011245 -8.11181e-05
16 42 0.000540947 0.000446813
16 43 0.000511658 7.62053e-05
16 44 -3.41755e-05 5.72275e-07
16 45 -0.00041357 -0.000192389
16 52 -0.00035736 0.000221389
16 54 -8.88535e-05 0.000346846
16 56 -3.075e-05 0.00013666
17 34 0.000293704 9.0555e-05
17 35 0.000324454 -5.75217e-05
17 36 0.000538371 9.72111e-05
17 37 0.000175716 -0.000469611
17 38 -0.000190594 4.25458e-05
17 39 -0.000464848 8.30213e-05
17 40 0.000553891 0.000874125
17 41 0.000443467 4.07788e-05
17 42 -0.000135466 0.000116125
17 43 0.000372135 0.000181759
17 44 7.13451e-05 -2.11737e-05
17 45 2.79293e-05 -2.26311e-05
17 46 -4.84803e-05 -0.00011759
17 48 -0.000376039 0.000125417
17 53 0.000434048 0.000168632
17 55 1.63437e-05 4.81946e-05
17 59 0.000221405 0.000385915
17 66 0.000218267 0.000208797
18 33 2.45671e-05 -0.000350088
18 34 6.17376e-05 -6.36598e-05
18 35 0.000313163 0.000150703
18 36 -0.000181293 0.000207633
18 37 -0.000361646 -3.83344e-05
18 38 0.000124319 2.20182e-05
18 39 9.66936e-05 -4.43351e-06
18 40 -0.000444664 -0.000112229
18 41 0.000356435 -0.000590859
18 42 -0.00040274 -0.000133825
18 43 0.000295029 0.000283771
18 44 0.000110304 -0.000108378
18 48 -0.000105262 0.000255854
18 49 1.42258e-05 5.61187e-06
18 50 0.00033265 0.000310415
18 51 3.39012e-05 1.16861e-05
19 33 0.000235567 0.000122337
19 34 0.000347839 -0.000261705
19 35 0.000394779 0.000138168
19 36 0.000483016 0.00046772
19 37 0.000196506 -0.000349228
19 38 0.000298494 -0.000478987
19 39 -0.000531368 0.000207596
19 40 -0.00035759 -8.25793e-05
19 41 -0.000172344 0.000109063
19 42 -0.000309124 5.35347e-05
19 44 -0.000491721 0.000272842
19 47 -0.000100074 -2.69217e-05
19 49 -0.000394835 -3.55567e-05
19 50 0.000617333 0.000374547
19 54 -9.55831e-05 -0.000173039
20 34 -6.14213e-05 9.75432e-07
20 35 -3.53616e-05 -1.51563e-05
20 36 -0.000226968 0.000190866
20 37 0.000303153 -4.85055e-05
20 38 0.000290815 0.000216931
20 39 -9.09733e-05 -4.07657e-05
20 40 0.000259244 0.000266607
20 41 0.000489479 9.75443e-05
20 42 -0.000215252 -0.000427014
20 43 6.08234e-05 3.11048e-05
20 44 0.000114031 -0.000500568
20 45 -0.000286399 -7.38918e-06
20 46 -5.22614e-05 3.37322e-05
20 48 -0.000392459 -0.000163626
20 49 -0.000246794 -1.27356e-05
20 51 -6.05229e-05 1.26348e-05
20 55 -0.000115474 0.000266031
21 33 5.65793e-05 -5.41058e-06
21 34 -0.000387487 6.00265e-05
21 35 0.000143353 -0.000121142
21 37 0.000122632 1.61457e-05
21 38 -0.000487931 -0.000383738
21 39 9.80042e-05 -0.000308712
21 40 0.000498805 5.33505e-05
21 41 0.000384349 0.000425627
21 42 0.00168025 5.80715e-05
21 43 0.000123251 2.21236e-05
21 44 0.00035098 5.24766e-05
21 46 0.000220872 3.1564e-05
21 47 -0.000240068 0.000128931
21 49 5.60029e-05 7.85413e-05
21 52 0.000342162 0.00032752
21 56 3.11653e-05 0.000101141
22 35 0.00011452 -0.000135507
22 36 0.000730341 -0.000562152
22 37 0.000484914 0.000411901
22 38 3.74382e-05 0.000123726
22 39 5.1296e-06 0.00016439
22 40 0.000604499 -0.000233331
22 41 0.000876709 0.00020679
22 42 0.000417982 0.000390709
22 43 -0.000283177 0.000248536
22 44 0.0001582 0.000197224
22 45 -2.84538e-05 -1.49652e-07
22 48 -0.000148447 0.000164362
22 50 -0.00029881 0.000328809
22 51 -0.000480173 0.000144472
22 54 -0.000275255 0.000229142
22 56 -1.71544e-06 5.88191e-07
22 59 0.000103991 8.00261e-05
22 62 0.000171149 -3.89556e-05
23 33 -3.10431e-05 -4.18368e-05
23 34 0.000713968 -0.000212659
23 36 0.000347698 0.000202063
23 37 0.000295864 3.74238e-05
23 38 0.000466928 -0.000182583
23 39 0.000102583 -0.000153339
23 40 0.00109801 -0.000138212
23 41 -0.000407494 0.000620731
23 42 0.000541511 -5.51806e-05
23 43 0.000363479 -7.85291e-06
23 45 -2.84135e-05 8.26924e-07
23 46 8.48723e-05 0.000483835
23 50 -0.000229391 0.000146766
23 51 2.76778e-05 -1.17587e-05
23 52 -0.000353301 4.07008e-05
23 63 0.000243578 -7.12947e-05
24 34 4.02599e-05 -2.11598e-05
24 36 -0.000316894 -0.000429142
24 37 -0.000237122 0.000407801
24 38 -0.000483851 0.000174014
24 39 0.000412149 0.000152049
24 40 0.000462457 -0.000338512
24 41 -0.000378332 -0.000133846
24 42 -0.000122593 4.15982e-05
24 43 0.000356547 -0.000185359
24 45 -0.000155478 -2.64521e-05
24 48 0.000437912 0.000143397
24 50 0.000158969 -5.40182e-05
24 51 0.000244014 0.000154909
25 33 -0.000300421 1.88554e-05
25 34 -0.000374217 -0.000606138
25 36 0.000630771 0.000143697
25 37 0.000259795 2.23986e-05
25 38 -7.74707e-05 -0.000712307
25 39 0.000326889 2.16503e-05
25 40 7.25399e-05 -1.01474e-05
25 41 0.00030831 -0.000238052
25 42 0.000159712 -3.32405e-05
25 43 5.44296e-05 1.55255e-05
25 44 7.40277e-05 0.000376875
25 45 0.000851201 0.000305622
25 46 -3.14191e-05 0.000507347
25 48 0.00010468 -0.000105178
25 49 0.000147623 0.000325007
25 50 0.000380169 -3.75534e-05
25 52 0.000276008 4.83005e-05
25 54 -0.000409669 -6.92059e-05
25 63 -0.000292672 6.18357e-05
26 34 0.000144978 -0.000131539
26 35 0.00042937 -6.05779e-05
26 36 -0.000984657 6.45704e-05
26 37 0.000141933 -0.000190244
26 38 0.00102539 0.000311204
26 39 0.000583928 -0.00011495
26 40 -5.06576e-06 -6.52186e-05
26 41 0.000468625 -0.000167329
26 42 5.91442e-05 3.8168e-05
26 43 1.47181e-05 0.000249593
26 44 0.000216574 -0.000261156
26 46 6.56456e-05 9.41208e-05
26 51 0.000199047 1.94807e-05
26 52 -6.72094e-05 4.62693e-05
26 55 7.55016e-06 1.16799e-05
26 59 -0.000373916 -3.45825e-05
26 65 -0.000358151 -0.000295987
27 33 5.43146e-05 -4.23154e-05
27 34 0.000155145 -0.000106863
27 35 -0.000335454 1.9684e-05
27 36 -0.000451962 0.000148958
27 37 4.6636e-05 -0.000193028
27 39 -0.000452553 -1.68223e-05
27 40 -0.000772852 6.38683e-05
27 41 0.000108043 0.000326119
27 42 -0.000225103 0.000288513
27 43 0.00144994 -0.00018859
27 44 7.89505e-05 1.06835e-05
27 46 8.93101e-05 4.62488e-05
27 47 -0.000190843 0.000244068
27 49 0.000242747 4.08092e-05
27 50 0.000155323 0.000162491
27 52 -9.97071e-06 -8.30063e-06
28 33 -7.06068e-05 -5.75947e-05
28 34 -0.000138309 0.000118963
28 35 -0.000124769 -0.000106446
28 36 0.000481006 5.44448e-06
28 37 0.000304379 -6.53097e-05
28 38 0.000110806 5.5467e-05
28 39 1.77838e-05 -2.63034e-05
28 40 0.000262629 0.000848229
28 41 -1.118e-05 0.000141644
28 42 0.000152637 -7.89041e-05
28 43 0.000386693 1.20489e-05
28 44 0.000139203 0.000215963
28 46 0.000157536 7.96594e-06
28 47 0.000161273 -4.0317e-05
28 48 -0.000166849 -0.00011138
28 49 0.00017625 -5.11944e-06
28 50 -8.80752e-05 -6.57039e-05
28 56 -0.000315172 7.24004e-05
28 58 -0.000231828 0.000204929
28 59 0.00014691 0.000263264
29 34 0.000170104 -5.53066e-05
29 37 -0.000335766 0.000143171
29 38 3.12859e-05 0.000224858
29 39 0.000451015 6.72579e-05
29 40 -0.000185111 -5.07931e-06
29 41 0.000545314 9.70839e-05
29 42 0.00022628 -9.55605e-06
29 43 0.000164899 0.000387307
29 44 -0.00013859 -3.04445e-05
29 45 -0.000155778 9.07651e-05
29 48 0.000115108 0.000165547
29 49 8.35907e-05 8.8664e-05
29 50 9.85771e-06 8.48468e-06
29 66 -3.20002e-05 -1.47486e-05
30 33 3.0246e-05 0.000143994
30 34 0.000179485 9.79856e-05
30 35 0.000135394 3.64791e-05
30 36 0.000246977 -0.000152841
30 37 0.000504139 -0.000154389
30 38 0.000124326 -5.61713e-05
30 39 0.000170481 -0.000207549
30 40 0.000857715 0.000183294
30 41 -0.000601086 1.59406e-05
30 42 0.000787124 0.000629567
30 43 -0.000262204 9.0229e-05
30 44 -0.000154106 -0.00020199
30 45 -0.000583408 0.000174444
30 46 0.000175377 -0.000166786
30 47 0.000447927 -0.000170816
30 48 -0.00025948 0.000361533
30 50 -4.38449e-05 -7.11058e-05
30 51 -0.00045329 4.68373e-05
30 52 5.90168e-06 1.02302e-05
30 54 -0.000146443 6.73257e-05
30 55 -1.18384e-05 5.11331e-06
30 59 2.85319e-05 -7.34086e-06
31 34 0.000115935 0.000175552
31 35 0.00068559 8.0891e-05
31 36 0.000446375 -0.000111647
31 37 0.00029763 -0.000366158
31 39 0.000146308 0.000546868
31 40 5.20733e-05 7.56385e-05
31 41 0.000671709 3.4746e-05
31 42 -0.000825804 0.00045961
31 43 0.000463631 0.000134914
31 45 -4.82962e-05 -2.06481e-05
31 47 7.25747e-05 0.000467627
31 48 3.85915e-05 -9.81162e-05
31 49 -0.000429295 -1.94036e-05
31 51 0.00026336 -9.82062e-05
31 54 0.000168442 -5.23539e-05
31 55 -0.000170636 -0.000178051
31 58 3.81186e-05 2.6721e-05
32 33 1.15207e-05 -1.89334e-05
32 34 0.000232226 -0.000142452
32 35 0.000110174 0.000113443
32 36 1.26529e-05 4.11283e-05
32 37 -5.95599e-05 -0.000127695
32 38 0.000100263 0.000163037
32 40 5.55388e-05 -1.14473e-05
32 41 -0.000709348 -0.00030281
32 42 -0.00017447 -0.000132379
32 43 0.000396119 -0.000109968
32 45 0.000292082 0.000275675
32 46 0.000472102 -0.000217772
32 47 -0.000121869 0.000192782
32 48 3.15814e-05 -4.98059e-05
32 51 -0.000197562 0.000229264
32 52 -4.15804e-05 8.01958e-05
32 54 -0.000289165 -0.000241853
32 56 -0.000406676 6.25576e-05
33 35 0.000228886 -0.000225017
33 36 7.10732e-05 3.6413e-05
33 37 -0.000573863 0.000304509
33 38 0.000104841 2.53397e-05
33 39 -0.000475543 -0.000201848
33 40 0.00020658 6.90893e-06
33 41 -0.000560366 -0.000165164
33 42 6.43522e-05 5.40907e-05
33 43 0.000799877 0.000499618
33 44 0.000666047 -2.29817e-05
33 45 -0.000368217 -0.000158544
33 46 -0.000496397 0.000191707
33 48 0.0004068 0.000245791
34 35 0.000510433 2.29255e-05
34 36 4.43357e-05 -1.64763e-05
34 37 -5.84469e-05 -0.000298823
34 38 0.000217192 -0.000386174
34 39 -9.63138e-05 7.92598e-05
34 40 -6.93148e-05 -0.000217194
34 41 0.000622779 0.000378299
34 42 -5.93814e-05 9.40948e-05
34 43 0.000740261 0.000370943
34 44 -0.000409362 -0.000861022
34 45 0.000563277 -0.000227965
34 46 5.03327e-05 -1.37004e-05
34 49 2.64499e-05 3.20414e-05
34 50 6.75392e-05 -0.000128518
34 52 -4.92219e-05 -9.4757e-05
34 56 0.000157142 -5.3676e-05
35 34 0.000102928 -4.30019e-05
35 35 1.09682e-05 5.00489e-05
35 36 0.000628665 0.000131899
35 37 -0.000206996 -0.000498135
35 38 0.000427372 6.01144e-05
35 39 0.000342409 5.68586e-05
35 40 -0.000166502 6.79208e-05
35 41 -0.000478667 4.21308e-05
35 42 -0.000160296 -6.21683e-05
35 43 0.000189742 1.77403e-05
35 44 0.000430314 -0.000135815
35 45 0.000275981 -0.000319293
35 46 -5.87626e-05 5.61724e-05
35 51 -0.000399608 -0.000144909
35 55 0.000254986 0.00031482
36 33 3.4328e-05 -4.65454e-05
36 34 0.000521102 -0.000139736
36 35 3.16286e-05 -0.000105929
36 36 0.000145081 0.000219371
36 37 0.000370722 0.000317311
36 38 -0.000382112 -0.0005319
36 39 0.000420943 -0.000259035
36 40 -0.000192877 8.79913e-05
36 41 -0.000318737 -3.19511e-05
36 42 -8.21584e-05 -0.000201608
36 45 -0.000484901 -0.000240302
36 47 0.000214035 -0.000199825
36 50 1.04185e-05 1.40293e-05
36 54 0.000246535 0.000274743
36 56 -0.000215764 -0.000234727
36 58 -0.000167577 1.02896e-05
36 65 -0.000140812 0.000362927
37 33 9.25985e-05 -9.5626e-05
37 34 7.0866e-05 5.66224e-06
37 35 -0.000187499 -6.69599e-05
37 36 0.000408496 -0.000119812
37 37 -0.000254266 -0.000248811
37 39 0.000577465 0.00031689
37 40 0.000733431 0.000229262
37 41 -0.000327784 0.00022731
37 42 -0.000243123 0.000159749
37 44 0.000158041 -1.4904e-06
37 45 7.18063e-05 0.000142698
37 46 -0.000346646 -6.85334e-05
37 47 0.000212986 -1.66906e-05
37 49 -0.000308968 0.000336884
37 52 0.000371087 -0.000147912
37 54 9.68701e-05 6.54002e-05
37 61 0.000106695 -5.15474e-05
37 63 0.00043181 -0.000225341
38 33 0.000396093 -0.000255823
38 34 -0.00055417 -0.000194853
38 36 -0.000220619 -0.000166117
38 37 -2.69782e-05 1.65886e-05
38 38 0.000199989 2.24469e-05
38 39 -2.62904e-05 0.000172968
38 40 0.00041348 -3.42694e-06
38 41 6.65736e-05 -1.45714e-05
38 42 -3.04569e-05 0.000542636
38 43 -0.000495316 8.42924e-05
38 44 -0.000755893 -0.00015719
38 45 0.000397696 -1.5763e-05
38 47 8.00403e-05 -0.000165715
38 48 -0.000188707 6.51332e-05
38 52 0.000131278 -5.48812e-05
38 54 0.000337368 0.000216188
38 57 0.000136681 0.000194375
38 59 0.000263572 0.00025507
39 33 -0.000142816 3.07884e-05
39 34 6.63863e-05 -8.14516e-05
39 35 6.68834e-05 -0.000259268
39 36 0.000133264 -0.000199741
39 38 0.00015602 -1.00924e-05
39 39 0.000482057 3.07606e-05
39 40 6.37791e-05 1.03523e-05
39 41 0.000303867 -0.000171847
39 42 0.000478239 -8.73773e-05
39 43 0.000278737 -0.000272348
39 44 0.000295614 1.15918e-05
39 45 0.000160533 0.0001618
39 46 0.000134778 0.000246319
39 48 7.98817e-05 -0.000190337
39 49 1.24863e-05 2.61478e-06
39 52 -0.000282614 0.000180115
39 53 -2.26666e-05 4.07279e-05
39 55 0.000323671 -0.000220663
39 56 0.000141743 -0.000195863
39 64 4.72979e-05 3.46753e-05
40 33 -0.000574362 0.000197609
40 36 -0.000409459 5.30786e-06
40 38 0.000113865 9.60487e-05
40 39 9.68203e-05 6.52591e-06
40 40 0.000119124 -0.000102187
40 41 0.000560818 -0.000178246
40 42 -0.000141782 3.15578e-05
40 43 0.000194731 -5.65067e-05
40 44 -0.000316038 0.000502624
40 46 0.000104238 0.000169762
40 47 -0.000458572 -0.000154068
40 54 7.93523e-05 0.000198815
40 60 -0.000266165 -0.000274142
40 63 0.000305781 8.8796e-05
40 64 -1.13061e-06 3.0696e-07
41 33 4.51846e-05 -0.000108771
41 34 -0.000230745 -1.27115e-05
41 37 0.00032058 -0.00033236
41 38 0.000525371 1.64048e-05
41 39 0.000370522 0.00012613
41 40 0.00017482 8.08214e-05
41 41 -0.000226731 0.000162546
41 42 1.05912e-05 0.000491226
41 45 7.0601e-05 5.09358e-05
41 48 7.53377e-06 -4.26603e-06
41 49 0.000805067 -0.000207921
41 50 -0.000282789 0.000126686
41 55 -0.000131088 9.3729e-05
41 57 -7.56664e-05 7.93135e-05
42 34 -0.0003875 -0.000123261
42 36 0.000547591 5.4441e-05
42 37 8.73571e-06 -6.20199e-06
42 38 -4.83648e-05 0.000433564
42 40 -0.0003439 0.000101152
42 41 -0.00114227 0.000124596
42 42 0.000265931 0.000104702
42 43 -0.000733252 0.00040828
42 47 0.000228694 0.00015001
42 48 5.70359e-05 -1.17867e-05
42 53 8.43967e-05 -3.16578e-05
42 55 4.35942e-05 4.91659e-05
42 56 1.96801e-05 5.83395e-05
42 57 5.72475e-06 2.87554e-05
42 62 -0.000459089 -0.000152266
43 33 2.27892e-05 -2.37584e-07
43 35 0.000247316 0.000400943
43 36 0.000353279 0.000421024
43 37 0.00097547 7.08979e-05
43 38 0.000248276 0.000574108
43 40 0.000338332 0.000148913
43 41 0.000335973 -0.000161401
43 43 0.000411108 -0.000197959
43 44 -0.000126192 -0.000245469
43 46 -0.000120845 0.000461269
43 48 8.45604e-05 0.00017925
43 49 -0.000328545 -0.000375332
43 53 -8.33853e-05 9.96393e-05
44 33 -0.000115549 -6.0949e-05
44 34 -0.000313554 0.000323641
44 35 -0.000220409 0.000304863
44 37 0.000124546 2.66424e-05
44 38 -0.000205204 0.000134143
44 39 0.00048657 -0.000317729
44 40 0.000541033 -0.000186991
44 41 1.27916e-05 1.81059e-05
44 42 0.000308076 -3.99083e-05
44 44 0.000609778 9.68638e-05
44 45 -0.000599838 0.000335593
44 46 0.000157522 0.000133374
44 48 0.000408513 0.000120288
44 50 0.000290804 5.62634e-05
44 52 0.000294542 0.00041539
44 54 8.53429e-05 -0.000116482
44 57 5.85814e-05 1.99963e-05
44 61 0.000257295 -0.000345157
45 34 0.000176046 3.62697e-05
45 35 -0.000310131 9.80945e-05
45 37 0.000205951 -0.000220166
45 38 -0.000216005 -0.000359176
45 40 2.5151e-05 -1.23554e-05
45 41 -5.36924e-05 2.04041e-05
45 42 1.93546e-05 6.70291e-06
45 43 -0.000329878 -0.000166015
45 45 0.000389736 8.96808e-05
45 46 9.40885e-05 5.98182e-06
45 47 0.000294232 0.000199086
45 48 9.42148e-05 -2.34525e-05
45 50 5.64376e-05 1.74385e-05
45 51 6.16334e-05 8.545e-05
45 53 -0.00021978 0.000269187
45 61 -9.9012e-05 4.3664e-05
46 34 2.06572e-05 -1.2027e-05
46 35 0.000611411 -0.000282156
46 36 0.000394347 0.000200006
46 37 0.000366845 -1.54222e-05
46 38 -0.000357011 -0.000132217
46 39 0.000247692 -0.000166417
46 40 0.000134074 -1.5708e-05
46 41 -0.000168097 1.43247e-05
46 43 7.21955e-06 0.000654077
46 44 0.00058305 0.000628751
46 45 0.000203403 -0.000177232
46 46 9.13231e-05 0.000376425
46 49 -0.000190276 -0.000254442
46 52 5.58329e-05 -6.04457e-05
46 53 -0.000330258 -0.000270067
46 54 0.000267577 -0.000235116
46 55 0.000205208 0.000215518
46 56 1.58742e-05 5.41591e-05
46 64 0.000186986 0.000308076
47 33 0.000210834 5.44193e-05
47 35 0.00048646 -0.000450709
47 36 0.00046545 -8.05201e-05
47 38 0.000140385 -9.95714e-05
47 39 0.000218459 0.000317354
47 40 0.000312352 -5.26957e-06
47 41 7.99111e-05 -6.29186e-05
47 43 0.000123131 0.000141651
47 44 -6.72419e-05 -7.86391e-05
47 45 0.000154014 0.000245995
47 46 8.87371e-06 1.41797e-05
47 48 0.000109415 0.000232847
47 49 3.3877e-05 5.13528e-05
47 51 -0.000175562 0.000336677
47 53 0.000572055 -6.46126e-05
47 57 -0.000131704 0.000212688
48 34 5.97996e-06 -5.82386e-05
48 35 -8.80654e-05 -0.000185561
48 36 0.000637544 -0.000239471
48 38 0.000483516 0.000126776
48 41 -0.000164212 -0.000163834
48 42 -0.000219406 -0.000420653
48 44 0.000320124 0.000134865
48 45 -3.01851e-05 0.000460068
48 46 4.75005e-05 0.000139923
48 47 7.06909e-05 -1.46954e-05
48 48 0.000205929 0.00010227
48 49 0.000261593 -0.000144025
48 53 2.29235e-05 9.08054e-05
48 56 -0.0003956 0.000162946
48 58 1.03254e-05 -9.38477e-05
48 59 -0.000122316 1.59561e-05
48 65 0.000265945 0.000133179
49 35 0.000206106 0.000184759
49 37 0.000610923 -0.000118118
49 38 0.000389145 -0.000236346
49 39 -0.000566664 0.000126129
49 40 -0.000197988 5.78721e-05
49 41 0.000575456 -0.000228833
49 42 8.43235e-05 5.76694e-05
49 43 0.000246727 -0.000104657
49 44 0.000288578 7.69027e-05
49 45 2.12412e-05 -0.000105565
49 46 3.40652e-05 4.76417e-05
49 47 -0.000250757 -0.000296309
49 48 0.000112814 3.17828e-05
49 49 -0.000446583 -5.96947e-05
49 51 9.95354e-05 0.00017384
49 55 5.3161e-06 6.90174e-05
49 56 0.000224448 0.000102472
49 58 6.10448e-05 4.46078e-05
49 59 0.000122056 0.000146112
49 63 -0.000411821 0.000122901
50 34 0.000265725 -0.000255913
50 35 0.00101719 0.000418731
50 37 0.000409569 -0.000248819
50 38 -0.000150151 -2.87247e-06
50 39 8.28155e-05 0.000134631
50 40 1.41902e-06 0.000475931
50 41 0.000159506 -3.64513e-05
50 43 0.000644533 -0.00016367
50 44 0.000627867 -0.000431605
50 45 6.12225e-05 6.11562e-06
50 48 -0.000439667 3.15277e-05
50 52 -0.000161246 0.000203246
50 53 -0.000347178 -0.000275183
50 57 -0.00040558 -5.27307e-07
50 58 0.000126615 0.000133275
50 64 -0.000206025 0.000154946
51 34 0.000565006 5.27453e-06
51 37 0.000509502 0.000149415
51 38 0.000744578 0.000330836
51 39 0.000236104 9.56718e-05
51 40 -0.000347464 0.000230747
51 41 0.000510428 0.000233753
51 42 0.000249948 0.000348594
51 44 -0.000222503 6.36724e-05
51 45 0.00038472 0.000107293
51 47 0.000263042 0.000214936
51 48 0.000180663 5.65257e-05
51 50 -0.000340907 0.000315011
51 53 0.000200029 0.000143494
51 54 6.97154e-05 -0.000118464
51 58 -0.000145594 0.000198528
51 61 -5.0279e-05 -1.4866e-05
51 63 3.13076e-05 6.63995e-06
52 33 9.35836e-05 8.95489e-05
52 34 0.000709925 -0.000156837
52 35 -0.00010341 9.95375e-05
52 37 0.000209735 -0.000104922
52 38 8.28463e-05 8.85051e-05
52 39 -0.000167915 0.000317722
52 40 -5.65979e-06 0.000199574
52 42 0.000468481 -4.54562e-05
52 43 6.6812e-05 0.00042055
52 44 -8.53597e-05 -4.98957e-05
52 45 0.000408555 -0.000126324
52 46 0.000186523 0.000231388
52 47 0.000622071 -0.000105064
52 49 6.63123e-05 2.5588e-05
52 50 0.000183791 -0.000163162
52 51 -0.000101777 0.00019277
52 52 0.000396065 -4.32216e-05
52 53 0.000414428 0.00022022
52 54 0.000396175 8.37274e-05
52 59 -0.000386534 0.000224007
52 61 -2.75883e-05 9.34014e-06
52 63 5.3914e-05 0.000200514
52 64 0.00026707 -0.000215249
53 37 -0.000199027 -0.000442038
53 38 0.000252747 0.000165872
53 39 6.32981e-05 -0.000514327
53 40 0.00012647 -0.000133488
53 43 0.000421524 0.000103493
53 44 -0.00040485 -8.9588e-05
53 47 3.11732e-05 -2.60433e-05
53 48 9.48793e-05 -2.65668e-05
53 49 0.000254024 5.14516e-05
53 51 -0.000132139 0.000156856
53 52 -0.000355327 0.000320751
53 55 0.000316711 -8.30215e-05
53 59 0.000123506 0.000548342
54 35 -9.42037e-05 -7.69079e-05
54 36 -0.000267079 -0.00015601
54 37 0.000213693 -0.000160823
54 38 -0.000275548 -0.000140768
54 41 0.000535645 0.000190369
54 43 0.000246984 0.000134563
54 44 0.00010954 0.000370163
54 46 0.000210401 5.4726e-05
54 47 -0.000122849 0.0001988
54 49 0.000120567 -9.47381e-06
54 50 6.67786e-05 0.000239879
54 51 -3.68706e-05 1.17873e-06
54 52 -0.000368037 0.000337368
55 33 6.03291e-05 -1.27968e-05
55 35 3.99957e-07 -3.40909e-06
55 36 0.000418448 0.000338122
55 37 0.000232839 8.34945e-05
55 38 0.000279606 8.95781e-05
55 39 0.000242788 0.000382227
55 40 1.33296e-05 -0.000158771
55 41 0.000597771 8.64139e-05
55 42 4.26966e-06 0.000235049
55 43 -1.42218e-06 0.00043274
55 44 3.87911e-05 4.11274e-05
55 45 0.000528489 -7.26466e-05
55 46 0.000243448 -0.000116611
55 48 0.000143283 1.86469e-06
55 49 0.000147514 -5.82502e-06
55 56 0.000156107 -0.000102977
55 57 -5.34761e-05 0.0002492
55 62 -0.00010646 -4.49871e-05
56 35 1.03537e-05 -1.1109e-07
56 36 -0.000226123 0.000310542
56 38 8.70174e-05 0.000201426
56 40 4.41219e-07 -7.73239e-08
56 41 0.000213083 0.000222232
56 43 -0.000411949 5.56561e-05
56 44 -7.86739e-05 0.000101713
56 45 0.000152668 -0.000219543
56 46 0.000153263 2.03949e-05
56 47 -0.000122766 -2.55746e-05
56 48 0.000114107 0.000200674
56 49 0.000264355 -4.93443e-05
56 51 0.000359508 -0.000150264
56 53 0.000102285 -3.48739e-05
56 56 0.000138276 -8.25002e-05
56 58 -0.000316291 -4.93728e-05
57 34 0.000383948 5.556e-06
57 35 0.000269941 -3.63466e-05
57 37 -0.000292519 0.00012304
57 38 0.000597771 -7.60016e-05
57 39 0.00052185 -0.000133455
57 40 0.000457572 -5.71711e-05
57 42 0.000384069 -0.00026999
57 44 0.00012934 0.000165814
57 45 -0.000493139 -0.000144055
57 46 0.00014247 -0.000186789
57 47 -0.000418294 0.000179029
57 49 -0.000346804 3.14058e-05
57 52 0.000180716 -0.000121562
57 62 2.73975e-05 5.85314e-05
58 33 2.34219e-05 1.00255e-05
58 34 5.67163e-05 -7.53281e-06
58 37 0.000336223 9.15228e-05
58 38 0.000316701 -0.000340203
58 39 0.000278105 -0.000251103
58 40 3.67104e-05 8.72508e-06
58 41 0.000299727 0.000357982
58 42 -2.50663e-05 -0.000107417
58 44 -0.000317429 -0.000277083
58 45 0.000225708 2.68753e-05
58 46 -0.000149515 0.000604589
58 47 0.000345475 0.000130946
58 51 1.49893e-05 -1.25471e-05
58 52 -0.000207112 6.43237e-05
58 56 1.94341e-07 -5.94611e-05
58 57 4.98798e-05 9.16015e-05
58 59 0.000446678 0.000308234
58 60 0.000278779 0.000239565
59 33 0.000234565 -0.000166754
59 34 0.000149612 6.02449e-05
59 36 0.00035016 1.69859e-05
59 37 -0.0005732 -0.000183204
59 38 -8.29781e-05 -0.000404801
59 39 0.000305411 0.000169773
59 40 -7.94849e-05 -6.50727e-05
59 41 6.74296e-05 -0.000116588
59 43 8.06388e-05 -0.000173739
59 44 0.000369319 5.63427e-05
59 47 1.18046e-05 9.80265e-06
59 48 0.000108343 0.00033629
59 49 -0.000385158 0.000315111
59 51 3.09372e-05 -1.65126e-05
59 52 -0.000307591 0.000204355
59 62 2.79874e-05 -7.38251e-06
60 33 3.14502e-05 -4.12779e-05
60 34 0.000157908 0.000242794
60 35 -7.75528e-05 0.000193851
60 36 -4.27164e-05 3.81929e-05
60 37 0.000215735 -0.000160511
60 39 0.000420657 0.000209429
60 41 -8.4723e-05 0.000207874
60 42 0.000234583 0.000132035
60 44 -0.000153073 0.000112374
60 46 0.000115828 0.000330031
60 47 3.62773e-05 0.000284762
60 53 8.30051e-05 0.000100353
60 54 0.000158915 0.000161033
60 58 0.000173551 0.000289464
60 60 0.000349247 0.00010313
60 66 0.000420902 0.000187047
61 34 7.95239e-05 0.000101241
61 35 0.000388846 -0.000435193
61 36 -0.000416398 0.000184565
61 37 -7.5352e-06 -0.000105137
61 38 5.9197e-05 -3.35969e-05
61 39 0.000235905 0.000202092
61 40 0.000418536 0.00011992
61 42 0.000763299 9.57256e-05
61 43 0.00017777 -8.64632e-05
61 44 0.000362876 -0.0001037
61 45 0.000166724 0.000199597
61 47 0.000697006 -4.98939e-05
61 50 -0.00024332 3.27313e-05
61 52 0.000164184 -7.86596e-06
61 53 0.000428796 0.000141098
61 58 -0.000336232 -0.000217843
62 33 0.000115331 0.000228181
62 34 0.000609528 -0.000100894
62 37 6.15657e-05 -0.000307364
62 40 4.03094e-05 -0.000159158
62 41 0.000263823 3.2136e-05
62 42 5.32567e-05 3.37699e-05
62 44 -0.000144263 -0.000250872
62 45 0.000130144 3.22453e-05
62 48 3.38513e-05 -4.03682e-06
62 49 3.94865e-05 -1.48592e-05
62 52 -2.60809e-05 8.18935e-06
62 53 -1.20133e-05 -1.95556e-05
62 55 0.000149413 5.97189e-07
62 57 4.09551e-06 3.04367e-06
62 65 -0.000210472 -3.92057e-05
62 66 0.000338075 5.77313e-05
63 34 0.000116784 0.000174991
63 36 0.000382988 0.000280447
63 37 0.000377108 -0.000165809
63 38 0.000424201 0.000204875
63 39 0.000643617 7.05295e-05
63 40 5.13632e-05 2.09558e-05
63 41 0.000199121 -0.000122128
63 42 -0.000236983 -1.13388e-05
63 43 0.000272754 -5.98993e-05
63 44 8.9104e-05 1.47583e-05
63 45 0.000115815 -6.87336e-05
63 46 -0.000128039 2.35633e-06
63 47 0.000381301 0.000215258
63 50 0.000655556 4.74638e-05
63 54 0.000539329 0.000303784
63 55 2.2191e-05 5.73725e-05
64 34 0.000318141 -2.51437e-06
64 35 -0.000247506 -1.93855e-05
64 36 -0.000233873 0.000253401
64 37 3.28969e-05 0.000120169
64 38 5.44153e-05 3.1939e-05
64 40 0.000187882 5.66619e-06
64 41 0.000366143 -0.000171738
64 42 0.000272904 -0.000171332
64 43 0.000110278 -1.75927e-05
64 45 0.000150226 0.000202338
64 47 0.000123177 -0.0003687
64 48 8.6929e-05 -4.37583e-07
64 49 -2.32812e-05 1.38164e-05
64 54 0.000283846 -0.000107555
64 56 0.000170148 0.000131889
64 58 3.81473e-05 1.36432e-06
64 63 -9.11682e-05 -1.66768e-05
65 35 0.000460056 0.000169928
65 37 0.000235169 -2.11583e-05
65 41 -6.76982e-05 0.000101555
65 42 5.59092e-05 2.53694e-05
65 45 -3.50078e-05 -1.87651e-05
65 48 4.64739e-05 3.43513e-06
65 51 0.000533367 0.000192244
65 55 0.00023195 0.000137938
65 58 3.39043e-05 -3.62672e-06
65 61 1.55547e-05 1.04341e-05
66 39 -1.52851e-06 1.00003e-06
66 40 0.000277796 -9.71083e-05
66 42 0.000106304 2.50862e-05
66 43 -0.00045382 -0.000142962
66 44 0.00042947 -0.000167445
66 49 0.000284252 0.000127519
66 50 0.000109104 3.11117e-06
66 51 0.000302592 1.99411e-05
66 62 -0.000120918 -4.83517e-05
67 36 0.000109095 -0.000363221
67 37 0.000572105 -0.00010595
