0 34 -0.00016802 0.000227237
0 38 5.77805e-05 3.45962e-05
0 40 -0.000304851 -0.000225877
0 42 8.22973e-06 -9.30103e-06
0 43 0.000401513 0.00027233
1 40 -0.000280765 0.000324491
1 42 0.000312842 0.000163168
1 44 -5.62896e-05 -3.6061e-05
1 47 1.54989e-05 1.96923e-05
1 49 0.000265873 -8.65862e-05
1 50 0.000322544 6.66166e-05
1 53 -2.14275e-05 4.49156e-05
1 57 -0.000429388 -0.000141956
2 34 -0.0006897 1.9931e-06
2 35 -1.91268e-08 -2.88655e-08
2 36 -0.000473426 -7.30975e-05
2 37 0.000769503 -0.000416992
2 38 1.92929e-05 -4.46116e-05
2 39 -0.000226035 9.72264e-06
2 40 -8.78928e-05 -2.15593e-05
2 42 -0.000442893 0.000216396
2 43 0.000383024 7.29173e-05
2 44 7.90307e-05 9.09781e-05
2 45 -3.70882e-05 0.00014484
2 46 -9.35686e-05 6.81361e-05
2 48 -5.13532e-05 9.55541e-06
2 49 0.000336932 0.000270559
2 51 -0.000278743 0.00038109
3 33 -6.34965e-06 -6.85542e-05
3 34 -0.000185569 0.00036424
3 35 8.51714e-05 0.000115552
3 36 -4.54068e-05 9.52203e-05
3 37 0.000110586 2.6174e-05
3 40 -0.00049521 -0.00018945
3 41 0.000416082 0.000188693
3 42 -9.49566e-05 -0.000202935
3 44 2.651e-05 4.00689e-05
3 46 4.88472e-05 -0.000103698
3 48 0.000306019 0.000288064
3 49 2.08208e-05 -3.89609e-05
3 50 0.000305154 0.000121675
3 54 -0.000481554 7.69181e-05
3 57 -9.39096e-05 0.000193033
4 34 -5.24868e-05 0.000230733
4 35 0.000448471 6.92556e-05
4 37 0.000993186 -0.000498874
4 39 0.000288897 9.38749e-05
4 40 -0.00012336 0.000146998
4 41 0.000367131 -7.09647e-05
4 42 0.000146974 -0.000616071
4 43 0.00045675 0.000193015
4 44 0.00040583 -0.000251045
4 45 4.58358e-07 3.09038e-08
4 46 -0.000468065 -8.33738e-05
4 47 0.000180985 1.71537e-05
4 48 -0.000240607 -4.64432e-05
4 49 0.000185606 0.000382514
4 50 -0.000353712 -7.42456e-05
4 51 0.000246493 0.000417575
4 53 -0.000633094 0.000178133
4 54 -0.000186105 2.40156e-06
4 55 0.000636472 5.77068e-05
4 58 2.63383e-05 2.3587e-05
5 34 0.0003836 -6.44862e-05
5 35 -0.00038752 0.000119522
5 36 -0.00022942 -0.000285836
5 37 0.00030871 -0.000235055
5 38 -0.000514156 -3.42385e-05
5 39 -0.000695347 -0.00105734
5 41 0.000244892 0.000387726
5 42 -0.00045538 -0.000157446
5 43 5.79621e-05 -4.05736e-06
5 44 2.69149e-05 -4.86274e-05
5 45 0.00031088 -9.73922e-05
5 46 0.000556897 -8.71653e-05
5 47 0.000410621 0.00069454
5 48 6.55143e-05 0.000127982
5 49 0.000169033 9.42348e-05
5 50 -0.000439177 0.000168695
5 51 0.00029568 -8.06954e-05
5 52 -0.000500835 -4.68062e-05
5 54 1.6322e-05 -0.000190583
5 59 0.000291156 -4.45844e-05
5 61 -5.7508e-05 3.09603e-05
6 33 0.000183101 0.000183297
6 34 0.000197241 -0.000420446
6 35 -0.000566843 6.70622e-06
6 36 0.00013393 0.000190296
6 37 0.000475261 5.3266e-05
6 38 0.000575836 0.000326261
6 39 5.75266e-05 -3.34301e-05
6 40 0.000293862 -0.000129603
6 42 1.45312e-05 8.46674e-05
6 43 -5.25484e-05 -0.000189845
6 44 0.000543448 3.45342e-05
6 45 -5.28086e-05 0.00081238
6 47 -5.35694e-05 7.59081e-05
6 48 0.00015074 -5.29045e-06
6 49 0.000466296 0.000234987
6 50 0.00021816 0.000137868
6 53 -0.000235379 0.000377666
6 54 0.000345574 7.39208e-06
6 55 -0.000216038 0.000368791
6 56 0.000206981 0.000358338
6 57 0.000196657 0.00017926
6 64 -0.000462665 0.000187128
7 33 0.000215173 -0.000353573
7 34 7.1535e-05 -0.000339997
7 35 0.000507636 0.000256819
7 36 8.85729e-05 1.94396e-05
7 37 -6.60848e-05 0.000130092
7 38 -0.000210461 0.000149429
7 39 0.00078445 0.000370918
7 40 -9.58293e-05 -0.000306631
7 41 0.000445338 0.000181509
7 42 -0.000109467 0.000178656
7 43 -0.000113303 -1.86303e-05
7 44 0.000566639 0.000345957
7 45 0.0013735 -0.000281041
7 46 0.00027538 -9.8123e-05
7 47 0.000200537 -1.36598e-05
7 48 0.000534582 0.000202796
7 49 -0.000131992 -3.83667e-05
7 50 0.000205222 0.000358832
7 51 1.82408e-05 6.29452e-05
7 53 -0.000399216 -0.000297973
7 54 0.000634894 0.000105559
7 55 -2.19567e-05 -7.99287e-06
7 58 -0.000238188 -0.000312769
7 64 3.49577e-05 0.000404284
8 33 -0.000418681 0.000102864
8 34 -0.000207467 0.00094424
8 36 0.000769356 -0.000454721
8 37 8.16273e-06 -0.000139815
8 38 0.000186744 -0.000189694
8 39 -0.000245605 -5.28736e-05
8 40 -0.000346883 0.000269577
8 41 0.000402398 1.26921e-05
8 42 0.000276642 0.000462797
8 43 -0.000301373 -0.000277631
8 44 -1.97534e-05 2.15654e-05
8 45 3.49314e-05 3.11366e-05
8 47 0.000182199 -0.000486341
8 48 0.000299909 -0.000670369
8 49 0.000166229 -0.000129343
8 50 0.000443564 -0.000383901
8 51 6.47847e-05 0.00045711
8 52 0.000198808 0.000164804
8 54 -3.42446e-05 6.11171e-05
8 55 0.000417977 -6.51899e-05
8 57 6.52849e-05 5.19524e-05
8 58 -0.000295833 0.000132125
8 59 -7.48437e-05 4.43963e-05
8 63 -3.05898e-05 0.000130093
9 34 -0.000891987 -0.000118592
9 35 0.000265023 -0.000271387
9 36 0.000301082 0.000404696
9 37 0.00101012 7.99334e-05
9 38 0.000191511 0.000403315
9 40 9.5093e-05 1.94825e-05
9 41 0.000223195 -0.000124898
9 42 -0.000584923 0.000112583
9 43 6.70284e-05 -0.000319193
9 44 0.000347413 0.000372658
9 45 -0.000124097 -0.000688429
9 47 0.000184574 -0.000353815
9 48 8.42769e-05 8.28708e-05
9 49 2.93084e-06 2.83052e-06
9 50 5.6101e-05 0.000126407
9 51 -3.44991e-05 -6.80625e-06
9 52 -5.73979e-05 1.50468e-05
9 53 0.000151875 3.50403e-05
9 54 0.000308465 -0.000387979
9 55 0.000160178 0.000509401
9 65 7.7572e-05 9.9256e-05
10 34 -4.72108e-05 -0.000178127
10 35 -0.000148517 -4.58919e-05
10 36 0.000337428 0.000303334
10 37 0.000212078 3.10115e-05
10 38 0.000149337 0.000519847
10 39 0.000479146 0.000187781
10 40 0.000978317 0.000379099
10 41 -0.000348823 0.00037372
10 42 0.000596087 0.00044342
10 43 0.000545462 4.36678e-05
10 44 -0.000115702 0.000135495
10 45 0.000122284 -0.000372608
10 46 2.91225e-06 -1.72808e-07
10 49 4.4606e-06 6.04701e-05
10 50 0.000408421 0.0002293
10 51 -0.000134859 0.000261947
10 52 -7.26919e-06 0.000349478
10 53 -0.000151996 2.33174e-05
10 54 -0.00019269 0.000264064
10 55 0.000363461 0.000290034
10 56 -0.000357531 -5.80172e-05
10 57 -0.000190587 0.000731894
10 59 0.000347176 0.000280757
10 61 0.000338125 5.36348e-05
10 64 -0.000284512 0.000415921
11 33 0.000233798 -0.00017824
11 34 -0.000371301 2.61004e-06
11 35 7.08031e-05 -0.000149558
11 36 0.000439739 0.000304206
11 37 0.000218919 0.000118753
11 38 0.000531062 -0.000204067
11 39 0.000228835 0.000240939
11 40 0.000229508 -2.16684e-05
11 41 -0.000139769 -0.000137317
11 42 0.000818002 0.000563377
11 43 -0.000570084 -0.000410859
11 44 -4.07532e-05 -9.46922e-06
11 45 9.08241e-06 -4.46151e-06
11 46 0.00037245 0.000168044
11 47 -0.000181855 3.98266e-05
11 48 3.43726e-05 6.21889e-05
11 50 0.000255254 1.11765e-05
11 51 0.000119894 -0.000657426
11 52 -1.23849e-05 0.000474331
11 53 -3.76458e-05 9.57197e-05
11 54 0.000365877 -0.000100228
11 55 0.000178441 0.000190911
11 56 4.62215e-05 -4.37935e-05
11 57 2.80018e-05 9.22937e-06
11 58 0.000199776 9.52016e-05
11 59 -0.000259403 -7.42697e-05
12 33 0.00035066 -0.000103984
12 34 -0.000144944 -0.000146565
12 35 -0.000105519 -0.000500949
12 36 0.000316263 -0.000417801
12 38 -0.000364983 -0.000185934
12 39 0.000255412 3.73145e-05
12 40 -0.000458384 0.000566184
12 41 -2.426e-05 8.33926e-05
12 42 0.000428358 0.000130354
12 43 0.000359849 -0.000800742
12 44 5.94395e-05 -7.87844e-05
12 45 -0.000196545 -3.52633e-05
12 46 0.00026118 -4.80102e-06
12 47 1.23068e-05 -9.2276e-05
12 48 0.000304171 4.90812e-05
12 49 0.000257138 -0.000216871
12 50 -0.000382602 0.000258535
12 51 2.79419e-06 4.31997e-06
12 52 7.49962e-05 -0.000417297
12 54 0.000168748 0.000346424
12 56 0.000855577 0.000100766
12 66 3.2605e-05 -1.24839e-05
13 33 0.00033125 0.000160823
13 34 0.000230196 -0.00063334
13 35 0.000205337 -4.67704e-05
13 36 -0.000593388 3.80692e-05
13 37 0.000494895 -0.000202158
13 38 -1.27884e-05 -0.000200916
13 39 0.000268013 -0.000134344
13 40 0.000115662 0.000205693
13 41 -0.00040572 -0.000261797
13 42 0.000745788 0.000728296
13 43 0.000410333 -0.000104895
13 44 -0.000148095 -0.00010444
13 45 0.000103487 -8.7378e-05
13 46 0.000370954 -0.000234468
13 47 -0.000316907 0.000122292
13 48 -0.000160329 9.10538e-05
13 49 0.000659429 0.000197918
13 50 0.000830499 -0.000366551
13 51 0.000190665 7.33501e-05
13 52 -0.000301459 0.000375104
13 53 0.000366516 -0.000210024
13 54 0.000230102 -6.05835e-05
13 55 0.000198066 0.000388487
13 56 0.000407734 0.000107236
13 57 0.00012269 -7.81667e-05
13 62 -9.22996e-05 1.83735e-05
13 64 -0.000352581 -0.000259173
13 66 2.77485e-05 1.50491e-05
14 33 -0.000161816 9.10069e-05
14 34 0.000771353 -0.000719578
14 35 0.000170715 -0.000206888
14 36 0.000191439 -0.000181646
14 37 -7.28009e-05 -0.000121398
14 38 -0.000275912 6.88751e-05
14 39 0.000327933 -0.000211511
14 40 0.000226687 0.00038258
14 41 8.75175e-05 -9.20502e-05
14 42 8.44406e-05 -0.000583824
14 43 0.00088449 -0.000208985
14 44 0.000286842 0.000233332
14 45 0.000169193 -6.16456e-05
14 46 0.000219942 8.09719e-06
14 49 0.000236011 -1.04779e-05
14 50 0.000677499 0.000524006
14 51 0.000292896 -0.000106378
14 52 -4.0862e-05 -8.4324e-05
14 53 7.57173e-05 0.000374427
14 54 0.000183825 0.000265801
14 55 -0.000162072 0.000456072
14 56 -0.000256694 0.00029849
14 58 -0.00010585 0.000237977
14 61 0.000298933 0.000148853
14 64 0.000159778 0.000161486
14 66 0.000288314 7.65182e-05
15 33 3.41122e-05 -1.90768e-06
15 34 0.000196198 2.52586e-05
15 35 -2.00728e-05 0.000173718
15 36 -0.000336402 -4.13146e-05
15 37 -9.54452e-05 -0.00013949
15 38 0.00025787 -0.000251448
15 39 0.000297232 -8.73795e-06
15 40 4.90893e-05 7.07997e-05
15 41 0.000278288 0.000225622
15 42 -3.40594e-05 -0.000134565
15 43 0.000403786 0.000240789
15 44 0.000467257 1.51222e-06
15 45 0.000278633 -0.000165726
15 46 0.000282669 0.000261631
15 47 -0.000222152 -0.000165595
15 48 -0.00027119 5.24648e-05
15 49 -0.00039298 -3.90846e-05
15 51 -0.000959538 -0.000170421
15 52 0.000138914 0.000163747
15 53 0.000272474 0.000217509
15 54 0.000579889 3.9338e-05
15 55 1.92973e-05 0.000232238
15 61 -0.000120013 0.000465735
15 62 -0.000434756 -0.000133255
16 34 6.43358e-05 -1.62395e-05
16 35 0.000408696 -0.000163441
16 36 -0.000397504 3.03002e-05
16 37 6.58517e-05 6.18895e-05
16 38 0.000174581 0.000278272
16 39 0.000408712 -0.000444216
16 40 0.000328736 -0.000394696
16 41 0.000236679 -9.50372e-05
16 42 -0.000331001 0.000563841
16 43 1.35202e-05 -0.000140465
16 44 0.000407779 -2.55831e-05
16 45 -0.000165711 -8.77248e-05
16 46 0.000246048 -1.47191e-05
16 47 4.95493e-05 -3.31176e-05
16 48 -0.000289061 0.000351899
16 49 -0.000283474 0.000529121
16 50 -7.6871e-05 -0.000135204
16 51 0.000610369 0.000427911
16 52 -8.37856e-05 -1.49109e-05
16 53 -0.000119985 0.000744129
16 55 -0.000172462 6.2874e-05
16 56 2.07225e-05 -3.8682e-05
16 57 -1.60011e-06 9.8334e-05
16 58 -6.39246e-05 1.63174e-05
16 60 0.000438461 0.000201177
17 33 0.000187459 -5.86359e-05
17 35 0.000114772 -0.000455273
17 36 0.000773304 0.000278838
17 37 0.00023174 -0.000175127
17 38 0.00122256 5.74176e-05
17 39 -4.50989e-05 0.000318259
17 40 0.000266573 -0.00023399
17 41 0.000198168 4.83822e-05
17 42 0.000262072 -6.0072e-05
17 43 0.000652774 0.000897298
17 44 0.000937727 0.000461802
17 45 0.000318715 -9.31869e-05
17 46 -9.87963e-05 -9.65313e-06
17 47 0.000834803 0.00034056
17 48 0.000240388 -0.00011146
17 49 -0.000138111 0.000714422
17 50 3.15798e-05 -2.00957e-05
17 51 0.000188964 0.00030207
17 52 -0.000753346 -0.000361372
17 53 -0.000531272 0.000108807
17 54 -0.000536052 -0.000121544
17 55 -5.3267e-05 6.88395e-05
17 57 -0.000365439 0.000133961
17 58 -7.8089e-05 0.000197689
17 60 0.000201489 -3.10239e-05
17 63 0.000141918 0.000102097
18 33 -0.000175504 -0.000311852
18 34 0.000327968 -0.000220885
18 35 0.000850387 -0.000311808
18 36 0.000309952 0.000133572
18 37 -7.03142e-05 -7.48834e-07
18 38 0.000572233 -7.21194e-05
18 39 -0.000217561 0.00024692
18 40 5.60576e-05 0.000501213
18 41 0.000216084 -0.000334559
18 42 0.000976571 -0.000660583
18 43 0.000502795 0.00015704
18 44 -0.000249592 0.000244775
18 45 0.000352311 6.60406e-05
18 46 -0.000794225 0.000161225
18 47 9.52106e-05 0.000838374
18 48 0.000140814 -0.000274003
18 49 -0.00030173 0.000203176
18 50 -4.42303e-05 0.000793897
18 52 -4.35045e-05 -5.33442e-05
18 53 0.000173754 0.000252259
18 54 -0.000119732 -9.64466e-05
18 57 4.7779e-06 -0.000349222
18 58 0.00013052 -3.5591e-05
18 61 -0.000342904 0.000286555
19 33 0.000380161 -7.64763e-05
19 34 5.16346e-06 -5.22367e-06
19 36 0.000176686 -0.000508985
19 37 7.81389e-05 0.00027273
19 38 0.000692111 -4.72979e-05
19 39 0.000160347 -0.000381335
19 40 0.000417364 -0.000128329
19 41 -8.88467e-05 -0.000104689
19 42 0.000637536 0.000377156
19 43 -0.000738791 7.0756e-05
19 44 0.000277035 -4.94639e-05
19 46 -0.000174583 -0.000157973
19 47 0.000387657 -0.000511244
19 48 2.58924e-05 -1.97296e-05
19 49 0.000400783 0.000431092
19 50 -8.89618e-05 4.9172e-05
19 51 -0.000306267 -0.000180992
19 52 0.000891513 -2.16817e-05
19 53 8.89618e-05 -8.08223e-06
19 54 0.000217984 6.36662e-05
19 56 6.15956e-05 -0.000137173
19 57 -0.00029467 0.00013597
19 58 1.16178e-05 4.35345e-05
19 60 6.42361e-05 -7.78458e-06
19 63 0.000168502 5.81221e-05
19 65 0.000347279 -0.000268647
19 66 7.72214e-05 6.5573e-05
20 35 0.000182714 -0.000141794
20 36 0.000295118 0.000268326
20 37 -7.39007e-05 -0.000286602
20 38 0.000408684 -0.000382869
20 39 0.000490856 -0.000339648
20 40 0.000216598 -9.16796e-05
20 41 -0.000208592 0.000110485
20 42 -0.000710623 0.000276705
20 43 0.000370152 -0.000267243
20 44 0.000899315 -0.000276862
20 45 0.00073023 -8.66203e-05
20 46 -0.000178031 0.0005351
20 47 1.74798e-05 -0.000160248
20 48 0.00058694 6.34106e-06
20 49 -0.000921338 0.000205302
20 50 -0.000709811 2.16833e-06
20 51 0.000289341 -0.00023638
20 53 -0.000292154 4.24243e-05
20 54 0.000410618 2.34025e-05
20 56 -0.00049705 0.000582962
20 57 -1.77018e-05 1.31069e-05
20 59 -0.000104964 -5.14427e-06
20 61 0.000573303 -0.000148487
20 62 0.000125322 -0.00046066
20 63 -0.000360497 0.000328754
20 65 -8.91734e-05 2.52797e-05
21 33 -1.29583e-06 -1.89454e-05
21 34 0.00031062 -0.000231046
21 35 0.000220935 -0.000386318
21 36 9.60979e-05 -0.000192722
21 37 0.000757211 0.000557143
21 38 0.000416548 -0.000517708
21 39 0.000101987 0.000212569
21 40 0.00013971 0.000453993
21 41 5.04863e-05 0.000571472
21 42 4.70535e-05 0.000319166
21 43 3.8516e-05 -4.35324e-05
21 44 4.7877e-05 -0.000239296
21 45 -4.76865e-05 -5.95343e-05
21 46 0.000314639 0.000324573
21 47 0.000107623 1.53642e-05
21 48 -0.000415646 0.000201152
21 49 -0.000333069 -2.92189e-05
21 50 0.000224864 -2.56943e-06
21 51 0.000315706 8.43588e-05
21 52 0.000478298 -0.000115449
21 53 0.000105696 -8.55258e-05
21 55 0.000346073 0.000516485
21 57 0.00016682 -1.73399e-05
21 66 -0.00013698 8.20359e-05
22 34 -0.000191712 8.76463e-05
22 36 0.000264455 -7.26531e-05
22 37 0.000385523 -0.00022984
22 38 0.000305519 6.44808e-05
22 39 8.0073e-06 -0.000137388
22 40 6.52645e-05 0.000667475
22 41 -0.000534551 0.000189779
22 42 0.000173576 6.13142e-05
22 43 5.70779e-05 -0.000375795
22 44 0.000471763 4.89868e-05
22 45 0.000170857 0.000257737
22 46 0.000411856 -4.35064e-05
22 47 0.000441446 0.000343068
22 48 0.000587323 0.000256468
22 49 0.000400076 4.03453e-05
22 50 0.000241201 0.000344325
22 51 -0.00027559 -0.000539146
22 52 0.000136301 6.392e-06
22 53 5.9266e-05 0.000100897
22 54 7.74836e-05 9.51163e-05
22 55 0.00090232 0.00032242
22 56 5.13385e-05 0.000140546
22 58 -9.10173e-05 0.000166131
22 59 0.000577764 0.000516237
22 64 0.000330629 0.000136816
22 65 5.96513e-05 0.000115955
23 34 2.93622e-05 -9.21092e-06
23 35 0.00015148 4.54866e-05
23 36 -0.000358894 0.000254363
23 37 0.000411855 0.000238228
23 39 0.000357934 -0.000418121
23 40 -0.000307431 -2.19836e-05
23 41 0.000568455 0.000371071
23 42 0.000526653 -4.91941e-06
23 43 0.000800108 -7.53721e-05
23 44 0.000101937 -6.73659e-05
23 45 0.00108644 0.000446354
23 46 -0.000423768 0.000278933
23 47 -0.000790956 0.000175472
23 49 -0.000500512 -2.09215e-05
23 51 0.000381374 0.000145554
23 52 0.000184573 -7.64033e-05
23 53 0.000115107 0.000179744
23 54 2.8763e-05 -1.12724e-06
23 55 0.000178757 -0.000114329
23 56 -4.92152e-05 2.29479e-05
23 57 0.000380228 -0.000159806
23 62 7.56933e-06 1.28881e-05
24 34 0.000610873 -0.000337594
24 35 0.000186937 -0.000183383
24 36 7.03648e-06 -4.014e-05
24 37 8.5966e-05 -9.47243e-05
24 39 0.000564877 0.000433375
24 40 0.000394384 7.19448e-05
24 41 0.000646968 -6.45376e-05
24 42 0.000286448 -2.35681e-05
24 43 0.000823539 0.000212476
24 44 0.000195397 -0.000606073
24 45 0.00055196 0.000107897
24 46 -0.000150558 0.00054169
24 48 -0.000162566 -0.000137031
24 49 0.000237423 -0.000242596
24 50 0.000373339 -0.000355542
24 51 4.37583e-05 7.07897e-06
24 52 0.000229064 -0.000141801
24 53 0.000254548 -0.000299954
24 54 -0.000191691 -0.000149683
24 55 -0.000307314 0.000180911
24 58 -0.000273865 -0.000117198
24 59 -0.000251547 0.000431553
24 60 0.000294774 0.000333805
24 61 9.96372e-06 8.19066e-06
25 33 -6.02102e-05 -6.42817e-05
25 34 0.000171207 -0.000311877
25 35 0.00057978 0.000151921
25 36 0.000164937 0.000464141
25 37 0.00101616 -0.000592798
25 38 6.05143e-05 0.000100023
25 39 -0.000228505 -7.36808e-05
25 40 0.000131688 0.000246068
25 41 0.00120028 0.000486141
25 42 -0.000204753 0.000112211
25 43 0.000296616 0.000185537
25 44 -0.000219617 0.000310173
25 45 -4.3019e-05 3.93583e-05
25 46 -0.000317308 0.000122687
25 48 0.000937905 -0.000261596
25 49 0.000147719 0.000356556
25 50 -0.000171268 -0.000126497
25 52 5.38329e-06 1.14815e-05
25 53 0.000239907 -2.07846e-05
25 54 0.000228842 0.000185968
25 55 -0.000353766 -1.41366e-05
25 56 0.000168959 3.49008e-05
25 57 -0.000106211 7.1125e-05
25 58 4.39282e-05 0.000191067
25 60 -4.11894e-07 0.000156372
25 61 0.000323826 0.000266292
25 63 1.16542e-05 1.31412e-05
26 33 0.000332059 -0.000186147
26 35 0.000300708 -0.000422049
26 36 6.04847e-05 2.57882e-05
26 38 0.000273274 -0.00066941
26 39 0.000192887 0.000294928
26 40 -0.000851692 -0.000578696
26 41 0.000695496 0.000515417
26 42 0.000291449 8.26967e-05
26 43 0.000363858 -0.000438925
26 44 0.000468542 0.000237945
26 46 2.15776e-05 1.57706e-05
26 47 -7.28766e-05 0.000725396
26 48 -0.000523075 0.00044004
26 49 0.000366816 0.000187295
26 50 0.000387524 -0.000761907
26 52 -0.00012206 0.000275889
26 53 9.47008e-05 6.43387e-05
26 54 3.07345e-05 0.000341805
26 55 -0.000247095 9.34485e-05
26 56 0.000134069 -7.5357e-05
26 57 -0.000363813 0.000368039
26 58 -0.00043603 -0.000104489
26 59 7.15652e-05 6.87206e-05
26 60 0.000113671 0.000393667
26 62 -0.00048941 -1.10188e-05
26 64 0.000216274 0.000160661
27 33 -0.000116766 -1.66779e-06
27 34 -1.92003e-05 -0.000317708
27 35 0.000198592 -6.37394e-05
27 36 0.000578628 0.00015666
27 37 0.000608303 -1.33063e-05
27 38 0.000573194 0.000104088
27 39 0.000534603 -0.000640655
27 40 5.59515e-06 8.98955e-05
27 41 5.95394e-05 -0.000345172
27 42 0.000647711 -0.00012406
27 43 0.000215321 -0.000136037
27 44 -2.43857e-05 3.3196e-05
27 45 7.13394e-05 0.000253872
27 46 0.000352256 -0.000595949
27 47 -0.000298102 0.000311212
27 48 0.000374342 -0.000441649
27 49 -0.000357461 -5.73223e-05
27 51 8.14411e-06 0.000265385
27 53 0.000108634 0.000158584
27 54 -0.00061503 1.40471e-05
27 57 -0.000101859 0.000116017
27 60 0.000307093 -0.000260639
27 63 -0.000364316 0.000190073
28 33 -0.000133862 -1.4875e-05
28 34 0.000270392 -0.000125727
28 35 0.000166707 -7.86592e-05
28 36 0.000576766 5.19512e-05
28 37 0.000330841 0.000339572
28 38 3.69184e-05 -7.04819e-05
28 39 4.5729e-05 -0.000177376
28 40 -0.000165718 0.00052072
28 41 0.000287558 -0.00038307
28 42 0.000456808 -0.000216648
28 43 0.00100482 -1.4722e-05
28 44 0.000635226 -0.000507052
28 45 0.000266132 0.000226926
28 46 3.8303e-05 -4.76994e-05
28 47 8.742e-05 -1.50623e-06
28 48 -3.69099e-05 6.7939e-05
28 49 -0.000674681 8.17833e-05
28 50 0.000602047 -0.00029919
28 51 -0.000229631 -0.000306946
28 52 0.000193556 -0.000283209
28 53 -0.000228095 -0.000119076
28 54 -2.30552e-05 -0.000180939
28 55 -0.000403726 2.36043e-05
28 56 0.000883278 -0.000180867
28 58 0.000391313 0.000479809
28 62 0.000122578 2.60369e-05
29 33 -0.00023443 4.7809e-05
29 34 0.000354498 -0.000279427
29 35 0.00103882 -0.000302994
29 36 0.000547666 0.000127164
29 37 -0.000367099 -0.000963044
29 39 -0.000401662 0.000290796
29 40 -0.000270345 -3.217e-05
29 41 -0.000464784 0.000228718
29 42 0.000638643 -0.000430821
29 43 -0.000260588 0.000310728
29 45 0.00140752 -0.000349707
29 46 -2.32063e-05 8.96058e-05
29 47 0.000488674 -5.07619e-05
29 48 0.000843502 -9.56382e-06
29 49 0.000673368 0.000243417
29 50 -0.000384738 -0.000432526
29 51 8.66439e-05 -6.40083e-05
29 52 9.52715e-05 -3.99055e-05
29 53 0.000114286 5.95141e-05
29 56 7.43189e-06 0.000142162
29 57 -0.000121109 0.000144306
29 58 9.27446e-05 0.000255898
29 59 0.000330919 0.000129689
29 61 0.000131273 1.84893e-05
29 63 1.86136e-05 4.68261e-05
29 64 5.65406e-05 1.97556e-05
29 65 0.000133074 0.000162818
30 34 0.000396489 -0.000265729
30 35 0.000194827 -0.000100813
30 36 0.00051467 -0.000133612
30 37 0.000271148 0.000262115
30 38 0.000506335 -4.73364e-05
30 39 -0.000127021 -5.70209e-05
30 40 0.000254461 -0.000204691
30 41 0.00082001 -0.000422331
30 42 -0.000247524 -0.000735191
30 43 0.000265601 2.28659e-05
30 44 0.000272213 0.000142623
30 45 -0.000832668 -0.000217708
30 46 0.000786544 -0.00116639
30 47 -0.000426775 -0.000168936
30 48 0.0001303 -0.000124781
30 49 0.000314307 7.55928e-05
30 50 -0.000309496 0.000239399
30 51 6.76933e-05 -0.000121623
30 52 -0.00067217 0.000535601
30 53 -0.00014133 -8.95292e-05
30 54 0.000568104 0.000430217
30 55 0.000204762 -0.000224666
30 58 0.000220608 0.000145595
30 59 1.04464e-05 -7.10656e-05
30 60 -0.000420563 0.000118978
30 61 4.93964e-05 0.000297614
30 62 0.000254171 0.000181569
30 64 0.000116447 -0.000152752
31 33 5.60382e-06 -3.36556e-06
31 34 0.000483458 -0.000229498
31 35 -3.63751e-05 -6.04722e-05
31 36 0.00015726 -0.000222797
31 37 0.000356097 -0.000131099
31 38 -0.000604196 -0.000174299
31 39 0.000143766 0.00038367
31 40 -0.000135733 -0.000323361
31 41 0.000287277 -0.000155896
31 42 0.0014325 0.000204778
31 43 -0.000114324 5.36743e-05
31 44 0.000605268 -0.000457285
31 45 0.000266271 -0.000269957
31 46 0.000105183 -0.000152784
31 47 -0.000230487 0.00018861
31 48 -0.000475405 0.000633166
31 49 -0.000420557 -9.69041e-05
31 51 0.000198622 0.000397316
31 52 -2.36573e-06 0.000184716
31 54 0.000470744 -0.000313005
31 55 8.56552e-05 1.1344e-05
31 56 -9.51093e-05 0.000109544
31 57 0.000354284 -4.31811e-05
31 59 0.000476736 0.00014947
31 63 -0.000338989 0.000164073
31 64 3.43963e-05 0.000150046
32 33 3.75309e-05 -3.79613e-05
32 34 0.000374263 -0.000107878
32 35 0.000567543 -0.000133415
32 36 0.000360033 -0.000382275
32 38 -0.000367738 0.000129535
32 39 5.64803e-05 -4.94252e-05
32 40 0.000246318 -3.26175e-05
32 41 0.000703073 -0.000241309
32 42 0.000650339 0.000513057
32 43 -0.000181768 7.58048e-05
32 44 -3.37762e-05 0.000328234
32 45 -0.000230403 -2.37993e-05
32 46 -0.000484531 -0.000171136
32 47 0.000174128 9.19421e-05
32 48 0.000459327 -0.000279901
32 49 0.00135869 0.000145819
32 50 0.000233796 0.000138208
32 51 -0.000204702 -0.000342559
32 53 0.000200698 0.000426137
32 54 -2.44102e-05 0.000345474
32 55 0.00020363 0.000195712
32 57 0.000272375 3.07608e-05
32 58 -4.01456e-05 -1.95128e-05
32 60 0.000126215 -0.000448564
32 61 0.000111304 0.000213
32 63 9.87808e-05 3.49166e-05
32 64 -0.000300965 0.000177261
32 66 0.000289645 0.00015023
33 34 0.000441041 -0.000208699
33 35 0.000194227 -0.000283128
33 36 5.83225e-05 0.000134508
33 37 0.000182633 -0.000196198
33 38 0.000681219 0.000467569
33 39 -0.000250871 0.000291285
33 40 0.000179147 -8.88535e-05
33 41 0.00073411 0.000101556
33 42 -0.000191424 -6.66209e-05
33 43 0.000495074 0.000285509
33 44 1.98363e-05 7.2803e-06
33 45 0.000463746 -0.000171732
33 46 0.000183265 5.59015e-05
33 47 -0.000230965 9.68325e-05
33 48 0.000196604 0.000316618
33 49 -0.000145223 0.000113642
33 50 0.000230958 4.592e-05
33 51 0.000479224 -0.000161883
33 52 0.000753386 0.000482375
33 53 0.000343855 5.8648e-05
33 54 -6.86403e-05 4.05231e-05
33 55 -0.000152906 2.26377e-05
33 56 -7.69364e-06 -0.000452627
33 57 -0.000235716 4.58336e-05
33 58 -9.13918e-05 -8.70353e-05
33 59 -0.000158796 -0.000276526
33 60 -6.33956e-05 6.02748e-06
33 61 0.000347996 -2.42765e-05
33 65 8.13199e-05 5.23239e-05
34 34 0.000301228 -0.000769381
34 35 4.76692e-05 -1.49293e-05
34 37 0.000108917 8.40364e-05
34 38 6.4016e-05 0.000331095
34 39 6.34711e-05 5.91509e-05
34 40 -0.000557028 -4.26421e-05
34 41 0.000393395 -4.8361e-05
34 42 -0.000908256 0.000209067
34 43 -0.000110784 0.000199557
34 44 -0.000424446 0.000278912
34 45 0.000350421 -3.59655e-05
34 46 9.86761e-05 6.51561e-05
34 47 0.00047494 0.000186947
34 48 0.000415317 -0.000248631
34 49 -0.000140571 -0.000655882
34 50 0.00104373 -8.69297e-06
34 51 0.000116407 -0.000144614
34 52 0.000351255 -3.13941e-05
34 53 0.000920799 0.000324687
34 54 8.38583e-06 0.000297518
34 55 8.1312e-05 0.000135443
34 56 0.000786257 0.00050395
34 57 0.000366363 -4.22936e-05
34 61 0.000273284 0.000255957
34 64 0.000233578 0.000228826
35 33 -0.000372602 -0.00029922
35 34 -1.17929e-05 0.000145226
35 35 -0.000220134 -0.000388272
35 36 -7.24911e-05 1.3747e-05
35 37 0.000252712 -0.000148142
35 38 0.000207988 0.000124991
35 39 -0.00050891 -4.19953e-05
35 40 -0.000447331 -9.49272e-05
35 41 0.000192925 -7.36322e-05
35 42 0.000134813 -0.000140036
35 43 -0.000261368 -0.000173033
35 44 -0.000929287 0.000330975
35 45 6.67935e-05 0.00028686
35 46 0.000178805 -0.00050889
35 47 0.000281575 -0.000168672
35 48 -0.000218063 -0.00021394
35 49 8.49286e-05 -0.000106314
35 51 8.87548e-05 -0.000330505
35 52 0.000379882 6.56787e-06
35 53 -0.000667837 -0.000140845
35 54 3.33981e-05 0.000135295
35 55 -0.000230912 -0.00016016
35 56 -0.000691001 0.000531834
35 57 -0.000663178 0.000933679
35 62 0.000331749 5.12539e-05
35 64 -0.000141891 0.000157266
36 34 9.79062e-05 1.63405e-05
36 35 0.000626994 -0.000136575
36 36 0.000193143 0.000204388
36 37 0.000407208 -0.000329053
36 38 3.41263e-05 -0.000157715
36 39 -0.000641985 0.000547542
36 40 -0.00011744 -0.000185517
36 41 0.000356565 -0.000529256
36 42 0.000228711 -0.000316841
36 43 0.000450678 0.00016823
36 44 0.000192171 8.28299e-05
36 45 9.02437e-05 -0.000283482
36 46 -0.000776774 0.0002768
36 47 -0.000484488 -0.000151304
36 48 0.00016277 -0.000274998
36 49 9.06151e-05 -0.000188476
36 50 0.000117746 1.07926e-05
36 51 0.000307832 0.0001485
36 52 -0.000104878 -0.000278689
36 55 -0.00038836 0.000163184
36 56 3.94259e-06 -4.99549e-05
36 57 -0.000233951 -3.24243e-05
36 58 0.000294057 0.00037925
36 59 0.00026714 0.000164796
36 60 0.000413981 -0.000227443
36 61 6.55678e-05 -8.87856e-06
36 62 -0.000318483 -7.11676e-05
36 63 0.00014387 -4.45467e-05
37 34 0.000144184 -0.000165028
37 35 0.000182572 -0.000244085
37 37 0.000430796 -0.000541289
37 38 0.000219343 -0.000404445
37 39 -0.000109611 -7.62674e-05
37 40 -9.06607e-06 -0.000377375
37 41 0.000207008 0.000138003
37 42 0.000373052 5.99074e-05
37 43 0.00031906 0.000134378
37 44 0.000506222 -0.000144166
37 45 0.000499195 -0.000362726
37 46 -0.000114724 0.000200721
37 47 0.00037439 -2.05467e-05
37 48 0.000354702 0.000182439
37 49 5.36376e-05 8.74125e-05
37 50 0.000974468 -0.000194826
37 51 -8.64563e-05 -0.000444674
37 52 0.000677909 -1.1835e-05
37 53 0.000201177 0.000160845
37 55 0.000263462 4.05536e-05
37 56 0.00018727 -0.000172846
37 57 -4.29784e-06 0.000156063
37 59 0.000348962 -0.000105545
37 60 -4.95012e-05 3.60212e-05
37 65 -0.000119961 -6.61459e-05
38 33 0.000326808 -0.000502941
38 34 0.000511327 0.000336532
38 35 0.000183356 -1.56765e-05
38 36 0.000141798 -0.000195579
38 37 0.000310585 -6.90571e-05
38 38 -5.2932e-06 -0.000112206
38 39 0.000814721 -0.000177399
38 40 0.000616032 0.000110964
38 41 0.000138457 9.79306e-05
38 42 0.000332188 0.000102341
38 43 0.000140605 -2.61298e-05
38 44 -0.000518763 -0.000835168
38 45 0.000655066 0.000108215
38 47 0.000215158 0.000714386
38 48 -0.000214624 -1.96377e-05
38 49 0.0003794 -0.000162742
38 50 -1.00309e-05 3.46617e-05
38 52 -0.000398778 0.000170384
38 53 -6.14563e-05 9.36463e-05
38 54 0.000173165 0.000425491
38 56 1.21881e-05 2.01326e-05
38 57 -5.25674e-05 -0.000181552
38 58 -0.000401322 -0.000268202
38 59 0.000318901 2.14101e-05
38 60 -0.000476047 0.000341072
38 61 -0.000165516 0.000226132
38 66 0.00013368 1.04428e-05
39 34 0.000179983 -2.46432e-05
39 37 -2.87402e-05 -4.47609e-06
39 38 5.64126e-05 2.89384e-05
39 39 0.000237499 -1.1677e-05
39 40 0.000144445 -3.72145e-05
39 41 0.000132107 -7.45185e-05
39 42 0.000700807 9.6516e-05
39 43 0.00100779 0.000372281
39 44 0.00103959 -0.000265289
39 46 0.00030657 0.00022223
39 47 6.86339e-06 8.65714e-05
39 48 0.000644066 -0.000225853
39 49 8.82799e-06 -0.000334687
39 50 -0.000291586 -0.000333281
39 51 0.00031516 0.000107872
39 52 0.000622812 -0.000408846
39 54 0.000226813 -0.000108712
39 55 -0.000458891 5.05884e-05
39 56 -1.50022e-05 -6.45324e-05
39 57 -0.000136722 3.01235e-05
39 58 -0.000119449 9.01062e-05
39 59 0.000177875 6.81655e-05
39 60 -0.000476303 0.000187546
40 33 2.28096e-05 -1.68309e-05
40 34 -0.000343191 -9.3814e-05
40 35 0.000610877 0.000183892
40 36 -0.000335327 5.63593e-05
40 37 0.000109334 -1.51043e-05
40 38 0.000291277 -8.91978e-05
40 39 -5.36603e-05 -0.000189803
40 40 0.000410239 -5.37174e-05
40 41 0.000534132 0.000164803
40 42 0.000862317 0.000224528
40 43 -0.000206993 -4.60793e-05
40 44 0.000687238 -5.67395e-05
40 45 3.06187e-05 -4.83969e-05
40 46 -0.000409774 -0.000166904
40 47 -1.54686e-05 -1.57094e-05
40 49 0.000671331 -0.000174992
40 50 0.000407185 -0.000293321
40 51 -0.000295935 0.000578896
40 52 -7.65677e-05 0.000280086
40 53 -0.000338718 0.00023877
40 54 0.000416981 -7.07981e-05
40 55 0.000407023 8.17359e-05
40 57 0.000302544 -0.000155953
40 58 0.000620911 0.000438574
40 59 7.05094e-05 -0.000133371
40 60 0.000101702 -7.15282e-06
40 61 -0.000125972 4.23033e-05
40 65 3.68165e-05 7.97144e-05
41 33 0.000270131 -0.000356059
41 35 0.00014779 -0.000116473
41 36 0.000110156 -8.43651e-05
41 37 0.000587043 0.000248516
41 38 0.000378477 -3.4212e-05
41 39 0.000364683 1.73395e-05
41 40 0.00156398 0.000186539
41 41 0.000915352 -7.03922e-05
41 42 -0.000285693 -6.8666e-05
41 43 -9.84635e-05 -0.000519036
41 44 0.000338904 0.000244321
41 45 2.16448e-05 -0.000493138
41 46 -0.000423269 -0.000387521
41 47 1.56519e-05 0.000296876
41 48 0.000218047 0.000363523
41 49 -3.90089e-05 -0.000334867
41 50 -0.000121659 3.12832e-05
41 51 0.000148501 1.14662e-05
41 52 9.3765e-06 -0.000125833
41 53 0.000111945 -0.000103654
41 54 0.000232029 7.95584e-05
41 55 -0.000395282 0.000283459
41 56 8.7419e-05 -4.99657e-05
41 57 -0.000584941 0.000685318
41 58 0.000187713 2.19031e-05
41 59 2.39251e-06 3.7717e-06
41 61 1.19359e-05 -9.11218e-07
41 65 2.41728e-05 2.66832e-05
42 33 -1.94861e-05 1.54983e-05
42 34 3.64823e-06 -7.48902e-09
42 35 0.000169018 0.000275163
42 36 3.90893e-05 7.39994e-06
42 37 -0.000228278 -0.00017435
42 39 -6.4845e-05 0.000262372
42 40 -0.000494437 -5.2029e-05
42 41 1.67904e-05 6.356e-05
42 42 5.19449e-05 -1.16476e-07
42 43 0.000380617 -5.66498e-05
42 44 0.000320655 -0.000182428
42 45 -3.9698e-05 0.000517993
42 46 0.0012747 0.000118548
42 48 0.000366707 0.000303981
42 49 -0.000154558 -0.000349979
42 50 0.00070852 0.000846791
42 51 -0.000536606 0.000493895
42 52 5.1705e-05 -0.000103118
42 53 -0.000381701 -0.000224184
42 54 -0.000409177 0.000260594
42 55 2.80643e-05 -5.05019e-06
42 56 0.000154689 -0.000106059
42 57 -0.00014068 1.46814e-05
42 58 0.0004153 0.000126075
42 59 0.000241061 0.000322817
42 60 -0.000681552 0.000107299
42 63 0.00049064 -0.000526277
42 66 0.000120058 7.81721e-05
43 34 -0.000445219 0.000432176
43 36 -9.4808e-05 -0.000125478
43 37 0.00041461 0.000247361
43 39 1.35269e-05 -5.84601e-06
43 40 -0.000230365 0.000124527
43 41 3.42507e-06 2.63259e-06
43 42 0.000457997 0.00020456
43 43 0.000403846 -5.22781e-05
43 44 5.73062e-05 0.000248715
43 45 0.00137399 0.00106365
43 46 0.00125506 4.48496e-05
43 47 -0.000273052 0.000114705
43 48 0.000399518 0.000419733
43 49 -3.63562e-05 -3.05341e-05
43 51 0.00038965 -0.000366049
43 52 7.35188e-05 4.21203e-05
43 53 0.000321634 6.73543e-05
43 54 -0.000603024 -0.000132731
43 55 0.000287431 4.12835e-05
43 57 0.000217464 9.90913e-05
43 58 0.000162966 0.000170184
43 59 0.000275024 0.0004
43 60 -0.000336478 1.34037e-05
43 61 0.000590962 -0.000232235
43 62 -0.000466172 -0.000295423
43 63 -0.000276568 -0.000373334
44 34 0.000313051 -0.000282689
44 35 0.000313691 -3.99795e-05
44 36 0.000194473 -0.000152462
44 37 -0.000152602 -0.000574909
44 38 -7.06959e-05 -8.99138e-06
44 39 0.000418461 0.000500405
44 40 -0.00024238 0.000202786
44 41 0.000392302 -0.000145487
44 42 -0.000250177 -4.6769e-06
44 43 0.000343371 -0.000621287
44 44 0.000671627 -0.000164786
44 45 0.00056377 -0.00055405
44 46 0.000109144 -6.57276e-05
44 47 0.00039738 -0.000130371
44 48 0.000607788 -0.000265081
44 49 0.000447996 0.000335418
44 51 0.000440657 0.000311136
44 52 -0.000260641 0.00043112
44 53 0.000181527 5.34307e-05
44 55 -0.000458301 0.000106368
44 56 0.000182431 0.000247182
44 58 -0.000179625 0.000107306
44 59 -0.000447518 0.000124239
44 60 0.000455488 0.000408894
44 61 0.000298738 0.000254088
44 62 0.000281084 -0.000132271
44 63 -7.83963e-05 1.4964e-05
44 65 3.79996e-05 2.22026e-05
44 66 -0.000318283 0.000136161
45 33 0.000337165 -0.000142105
45 35 0.000125661 -0.000253186
45 37 -0.000278675 0.00018598
45 39 0.000528577 -7.07976e-05
45 41 1.94817e-05 0.000255685
45 42 0.00083355 4.21201e-05
45 43 0.000127197 -0.000451067
45 44 1.69409e-05 0.000202881
45 45 0.000460997 -7.18608e-05
45 46 -0.000585408 0.000279718
45 47 -0.000213067 0.000240262
45 48 0.000284968 -0.000723879
45 49 0.000464776 -0.000531189
45 50 -4.39304e-05 0.00032946
45 51 0.000174154 0.000159585
45 52 0.000135985 -7.15691e-05
45 53 -0.000251298 0.000346574
45 54 0.000291338 -3.12807e-05
45 55 0.000106087 -1.87661e-05
45 56 0.00028321 0.000350814
45 61 0.000212681 -0.000341387
45 63 -3.55371e-05 4.73022e-05
46 33 0.000124838 7.6395e-05
46 34 0.000344663 -0.000317078
46 35 0.000116476 -1.58819e-05
46 36 -0.000191031 -6.13569e-05
46 37 0.000272218 9.033e-05
46 38 0.000732944 -4.6596e-05
46 39 0.000118567 7.94433e-05
46 40 -0.000309142 0.000299756
46 41 0.000569616 0.000172077
46 42 -1.90197e-05 -6.75766e-05
46 43 0.000184864 6.92538e-05
46 44 0.00016658 0.000134278
46 45 0.000249274 -4.55883e-05
46 46 0.00113782 4.91995e-05
46 47 -0.000461285 -0.000101254
46 48 -0.000290614 0.000276166
46 49 -0.000100924 -5.18702e-05
46 50 -0.000147131 0.000132013
46 51 -0.000196678 -0.000123208
46 53 0.000248317 -7.56409e-06
46 54 0.00012206 -5.49584e-05
46 55 -0.000506647 -4.44555e-05
46 57 0.000389389 -0.000157136
46 60 -0.000155455 0.000331559
46 61 4.97879e-05 1.39198e-05
46 62 9.09481e-05 -0.000193207
46 63 -0.000615765 0.000242016
46 65 -0.000108477 -0.000137336
47 33 0.000175624 -0.000244188
47 34 0.000556606 9.01336e-05
47 35 -0.000269002 -0.000445032
47 36 -0.000101131 -0.000428294
47 38 0.000299375 -0.000360472
47 39 -0.000211601 -0.000165918
47 40 -0.000169448 0.000219544
47 41 -0.000109172 -0.000419314
47 42 0.000428389 2.20671e-05
47 43 -0.000551622 -3.94393e-05
47 45 0.000126339 -1.08481e-05
47 46 0.000391847 0.000330989
47 48 0.000330321 -0.000315931
47 49 -0.000149487 0.000314608
47 50 -5.09513e-06 -7.43359e-05
47 51 0.000364481 0.000167223
47 52 -5.39591e-05 -0.000156461
47 53 0.000268875 0.000312513
47 54 0.000305434 0.000378275
47 55 0.000488396 0.000161884
47 56 0.000324838 0.000179899
47 57 -0.000781135 -6.79414e-05
47 58 0.000271395 9.65832e-05
47 59 0.000388428 -0.000204292
47 60 -0.000311912 -0.000158601
47 61 9.11131e-05 0.000296298
47 62 8.25147e-06 3.41619e-07
48 33 0.000318516 -0.000116166
48 34 7.76136e-05 -3.80958e-05
48 35 0.000612201 0.000642344
48 36 8.42864e-05 0.000147784
48 37 -0.000203753 0.000116624
48 38 -0.000575505 -0.000169355
48 39 0.00121681 -0.000335081
48 40 6.25607e-05 -3.96085e-05
48 41 0.0003596 -0.000163594
48 42 0.000400794 6.41872e-05
48 43 0.000776011 -0.00090586
48 44 0.00023649 -0.000188207
48 45 0.000183439 0.000128726
48 46 -0.000860233 0.000274644
48 47 8.16545e-05 9.43965e-05
48 48 0.000156365 7.72943e-05
48 49 3.59331e-05 -0.000146643
48 50 0.00020311 0.000331517
48 51 0.000196974 2.89339e-05
48 52 0.00021265 -0.000334821
48 53 0.00031467 -6.34399e-05
48 54 6.3896e-06 7.7784e-06
48 55 -6.10461e-05 -9.29074e-05
48 56 -0.000100872 -0.0001731
48 57 0.00015448 0.000162064
48 59 0.000406935 0.000107287
48 60 -4.26589e-05 0.000312627
48 61 -2.3908e-05 -0.000244399
48 62 -7.59898e-05 0.000123302
48 63 0.000313066 6.89679e-05
48 64 0.000419812 0.00012542
48 65 -0.000437132 2.55846e-05
49 33 0.000342869 -0.000123601
49 34 0.000295472 -0.000126544
49 35 0.000435336 -4.6307e-05
49 36 4.23253e-05 -1.4293e-06
49 37 0.000192793 0.000411629
49 38 0.000488203 -7.14632e-05
49 40 -0.000100363 -0.000375121
49 41 0.000529807 -6.53061e-05
49 43 0.000642516 0.000240688
49 44 -0.000549997 -0.00065194
49 45 0.000395591 0.000454164
49 46 0.000105626 -0.000250301
49 47 2.42724e-05 0.000148625
49 48 0.000177744 6.69354e-05
49 49 2.18066e-05 0.000399293
49 50 0.000371331 0.000281405
49 51 0.000408811 0.000106128
49 52 -0.000492886 -2.17713e-05
49 53 0.000659994 0.00043842
49 55 0.000517781 -6.74176e-05
49 56 3.20457e-05 7.54248e-05
49 57 -4.68779e-05 0.000110625
49 59 0.000309117 8.15106e-05
49 60 0.000481855 -9.05939e-05
49 62 -9.45136e-05 -0.000289785
49 64 -2.84459e-05 1.77835e-05
49 65 -0.00019818 -0.00011704
50 33 6.11473e-05 -3.94261e-05
50 34 6.17188e-05 -5.76905e-05
50 35 -0.000379103 -0.000280506
50 36 -0.000444826 1.94607e-05
50 37 0.000283464 1.29241e-05
50 38 4.34932e-05 0.000210818
50 39 -0.00028689 -3.70139e-05
50 40 0.000183453 1.44411e-05
50 41 -0.000228708 1.77732e-05
50 42 0.000401769 -7.5141e-05
50 43 2.18936e-07 -0.000165901
50 45 0.000494346 -1.85789e-05
50 46 -4.86195e-05 -0.000319035
50 47 0.000101154 6.66403e-05
50 48 -0.000554172 6.81261e-05
50 49 -0.000382764 -9.68901e-05
50 52 0.000449092 0.000135549
50 53 0.000112776 -9.6758e-05
50 54 -4.51666e-05 0.000217828
50 55 1.28816e-05 -3.84464e-06
50 57 0.000151677 0.000186304
50 59 -0.000151565 -0.000110396
50 60 6.19624e-05 0.000104212
51 33 6.51422e-05 -1.02961e-05
51 34 4.72327e-05 -7.3946e-05
51 36 -0.000199535 -7.79727e-05
51 37 0.00038077 3.42623e-06
51 38 0.000109711 -0.000126252
51 39 -0.000451873 0.000259661
51 40 0.000297872 -0.000515165
51 41 8.28904e-05 -0.000319122
51 42 0.00036476 -0.000349294
51 43 -0.00029353 0.000107408
51 44 9.58119e-05 5.32373e-05
51 45 0.000563136 -7.89486e-08
51 46 0.000283733 -0.000249853
51 47 0.000104993 -5.05561e-05
51 48 0.00045885 4.06566e-05
51 50 -0.000381608 2.95154e-05
51 51 0.000367402 0.000474558
51 52 0.000459846 -8.58331e-05
51 53 0.000175161 0.000274733
51 54 -0.000262278 -0.000579708
51 55 0.000638138 6.38631e-05
51 59 0.000203363 -5.15614e-05
51 60 0.000947304 7.50657e-05
51 61 1.74415e-05 -0.000122756
51 63 0.000310712 -9.73107e-06
51 65 -2.97538e-05 2.31395e-06
52 35 -0.000319556 4.67105e-05
52 36 0.000419946 -0.000355926
52 38 -0.000234667 -0.000349299
52 39 0.000432566 -3.16174e-06
52 40 0.000191797 -0.000217524
52 42 3.65889e-05 0.000519498
52 43 0.000324769 2.27335e-05
52 44 0.000125707 5.06753e-06
52 45 0.00014375 2.43281e-05
52 46 6.77324e-05 -4.85401e-05
52 47 -0.000186546 -7.03983e-06
52 48 0.000678683 0.000420022
52 49 -0.000270482 0.000241204
52 50 0.000432627 -0.000263152
52 51 0.000113473 -0.000377495
52 52 0.000388056 0.000164467
52 53 -4.43462e-05 0.000182941
52 54 8.04149e-05 0.000132625
52 55 0.000180523 0.000108188
52 56 0.000151561 0.000156112
52 57 -0.000288886 -0.000163877
52 58 -0.000233674 0.000185235
52 59 0.000163925 0.000493073
52 60 0.000704039 0.000658769
52 61 -0.000290316 0.000152837
53 36 -0.000411112 -0.000134064
53 37 1.58875e-05 -2.90888e-05
53 38 0.000507065 0.000343693
53 39 0.000424152 -8.41532e-05
53 40 3.69853e-05 -0.000366931
53 41 1.25692e-05 0.000769155
53 42 -1.69858e-05 -2.70839e-05
53 43 0.000418629 -0.000488984
53 44 0.000630574 -9.41916e-06
53 45 0.000608242 -6.31285e-05
53 46 0.000456345 -4.87184e-05
53 47 -0.000637308 -0.00048143
53 48 0.000830777 0.000757088
53 49 1.92827e-05 -2.61346e-05
53 50 0.000754817 0.000142441
53 52 0.000175486 0.000411397
53 53 0.000260782 0.000101183
53 54 0.000145205 -5.02327e-05
53 55 9.40347e-05 -2.13733e-05
53 56 0.000290307 -0.000211122
53 57 0.000374805 0.000105775
53 59 0.000170228 6.74246e-05
53 60 -0.000179592 2.02048e-05
53 61 0.000600143 0.000158713
53 62 4.15949e-06 7.23357e-06
53 63 -0.000228035 -0.000311565
53 65 -1.89579e-05 -1.15195e-05
54 34 0.000201774 -0.000355994
54 35 5.61569e-05 -8.38385e-05
54 36 0.000262329 4.99032e-05
54 37 0.000621525 -0.000302356
54 38 -6.33522e-05 -0.000258301
54 39 -0.00039332 1.57376e-05
54 40 -0.0003608 -6.19922e-05
54 41 -0.000724014 0.000123718
54 42 -0.000412674 0.000325197
54 43 0.00042134 5.07093e-06
54 44 0.000194302 -5.86408e-05
54 45 0.000361848 -0.000105964
54 46 0.000241349 -0.000399677
54 47 -0.000144246 -1.86847e-06
54 48 -0.000661366 0.000236875
54 49 -0.000506157 0.000265381
54 50 -0.000147318 -0.000246454
54 51 0.0011671 0.000628962
54 52 0.000311803 0.000257299
54 53 2.38979e-05 -1.30708e-05
54 54 0.00040117 -0.000177165
54 55 0.000232204 1.6584e-05
54 56 0.000744247 0.000353202
54 57 0.000339154 -0.000300249
54 58 -0.000282328 0.0002145
54 59 -0.00016585 -5.2452e-05
54 60 0.000529386 2.82148e-05
54 61 0.000334342 -0.000211828
54 62 3.47222e-05 2.05564e-05
55 33 3.15014e-05 0.000123591
55 37 0.00013863 -0.00030938
55 38 0.00015016 9.71914e-05
55 39 -0.000254549 0.000472434
55 40 0.000336228 -1.07683e-05
55 41 0.000674645 0.000380142
55 42 0.000358726 -0.000458
55 43 0.000302186 -0.000344021
55 44 0.000746224 -0.000135557
55 45 0.000157053 -0.000351122
55 46 0.000118923 -9.57791e-06
55 47 0.000429345 -0.000874307
55 48 0.000622457 0.00040965
55 49 0.000782435 -0.000195145
55 50 0.000408251 1.27668e-05
55 51 -0.000494358 -0.000284487
55 52 0.000735632 0.00047012
55 53 -7.517e-05 -0.00046861
55 54 -0.000176274 0.000302761
55 55 0.000555523 -6.74429e-05
55 56 7.02269e-05 7.19399e-05
55 58 0.00051253 -0.000441562
55 60 1.33181e-05 4.18919e-05
55 61 -0.000159431 -0.000103647
55 62 -2.52059e-06 1.09081e-06
55 63 0.000201831 0.000122488
55 64 -0.000630757 0.000212929
56 33 0.00026638 -9.93012e-05
56 35 0.00032039 0.000180992
56 38 9.85342e-05 -0.000295292
56 39 -3.54324e-05 -0.000337849
56 40 0.000464761 -0.000154274
56 41 3.92788e-05 -4.36225e-05
56 42 3.75986e-05 -0.000157553
56 43 -0.000101638 0.000445654
56 45 0.000560911 0.000470322
56 47 3.24427e-05 0.000186927
56 48 0.000567474 8.56192e-05
56 49 0.000643443 -0.000186732
56 50 0.000330285 0.000270078
56 51 0.000331102 -0.00010641
56 52 0.000124883 -5.31113e-05
56 54 8.79076e-05 0.000300638
56 55 0.000402084 0.000137038
56 57 9.83299e-05 5.23111e-05
56 59 -0.000248076 0.000154557
56 60 -0.000122849 0.000122584
57 33 0.000224429 -9.72226e-05
57 34 0.000176739 -0.000234007
57 35 -0.000771762 -0.000583203
57 36 -2.72243e-06 -0.000419652
57 37 -0.000328669 -0.00019204
57 38 -1.50266e-05 -0.000118295
57 39 0.000291491 -6.9902e-05
57 40 0.000129931 0.000126068
57 41 0.00108823 -0.000254149
57 42 0.000189507 0.0002427
57 44 0.000546683 -0.000391632
57 45 0.000190209 7.93289e-05
57 46 0.000903604 8.73063e-05
57 47 0.000471508 0.000113939
57 48 0.000371504 0.000378945
57 49 0.000232973 0.00038137
57 50 0.000178933 0.000601818
57 51 -0.000117323 0.000399026
57 52 0.000205164 -2.19306e-05
57 53 0.000533723 -4.11399e-05
57 54 0.000453463 0.000475401
57 55 1.74767e-05 5.38973e-06
57 56 0.000193087 -6.44504e-05
57 57 -1.98919e-05 -1.34384e-06
57 59 -9.46521e-05 -0.000356537
57 60 0.000324955 -0.000148229
57 61 -0.000343529 -0.000294368
57 62 0.000271231 9.98242e-05
57 63 0.000247484 -0.00014908
57 64 0.000479079 -1.19259e-05
58 33 0.000337594 -1.55997e-05
58 35 -0.000298539 -0.000524129
58 36 0.000251727 -0.000515036
58 37 0.000126018 -0.000441012
58 38 0.000299777 0.000335948
58 41 0.000690223 -0.000442976
58 43 0.000476348 5.03189e-05
58 44 0.000820397 -6.04486e-05
58 45 -7.17672e-05 -0.000288298
58 46 0.000385638 -0.000214142
58 47 0.000662656 -0.000568658
58 49 0.000347831 -0.000296619
58 50 0.000184245 0.000136438
58 51 0.00047899 0.000105082
58 52 0.00058053 -0.000185887
58 53 0.000165088 -0.000295354
58 54 0.00017395 -3.88408e-05
58 55 0.00043198 0.000294194
58 56 -0.000237995 0.000360429
58 57 0.000362294 0.00033856
58 58 -0.000244155 -0.000319936
58 59 7.5157e-05 0.000179815
58 61 7.19434e-05 -1.29488e-05
58 62 0.000630251 0.00015264
58 65 0.000336423 7.80365e-05
59 33 9.63339e-05 9.23847e-06
59 34 -0.000221272 -0.000372662
59 35 0.000173695 -0.000171482
59 36 0.000779373 -0.000665612
59 37 8.93182e-05 7.75007e-06
59 38 6.84465e-05 -0.000296342
59 40 0.000316761 0.000163575
59 41 -8.08782e-05 -0.000139949
59 42 -0.000158424 -0.000215416
59 43 -5.27643e-05 8.96113e-05
59 44 7.74817e-05 3.99232e-05
59 45 2.4769e-05 0.000256227
59 46 0.000431421 -0.000130453
59 47 0.000481464 0.000171615
59 48 0.00012288 2.12825e-05
59 49 0.000165658 -2.38349e-05
59 51 0.000268745 0.000185516
59 52 0.000346725 -0.000116104
59 53 -3.68937e-05 -4.219e-05
59 54 -0.000203021 -0.00027247
59 55 0.000561372 -0.000204645
59 56 0.000267907 5.91914e-05
59 57 -7.47702e-05 2.47769e-05
59 58 0.000317444 0.000347188
59 59 0.000503251 -0.000191723
59 61 -1.78253e-05 9.40373e-06
60 33 0.000205505 -0.000129802
60 35 0.000180503 7.04971e-07
60 37 -9.31957e-05 -9.75781e-05
60 39 -1.07098e-06 -6.61388e-07
60 40 0.000323199 0.000421871
60 41 0.000692958 0.000235029
60 42 0.000182664 -0.000309224
60 43 0.000851297 -0.00103243
60 44 0.000265748 0.000153491
60 45 0.000493973 3.21286e-05
60 46 0.000400911 -8.6466e-06
60 47 9.5934e-05 0.000289025
60 48 0.000127601 -0.000197138
60 49 -2.31016e-05 -7.49558e-05
60 50 0.000207244 -0.000383113
60 51 -0.000259848 -0.000167997
60 52 -0.000349335 0.000746919
60 53 -3.85865e-05 0.000116313
60 54 0.000189025 -0.000106891
60 56 0.000296515 0.000104173
60 58 7.08726e-05 -2.44037e-05
60 61 -0.000414923 2.81239e-07
60 63 4.8571e-05 -0.000238056
61 33 4.64335e-05 -0.000100171
61 34 0.000236162 0.000383527
61 36 0.000447444 -0.000186535
61 37 0.000161617 9.77749e-07
61 38 0.000260561 5.05796e-05
61 39 0.000228188 -0.000115299
61 40 8.70572e-05 0.000390593
61 41 0.000600677 8.75308e-05
61 43 6.8445e-05 -3.03616e-05
61 44 -0.00015839 0.000378563
61 45 6.55484e-05 -0.000118275
61 46 -2.64108e-05 0.000298779
61 47 -0.000114415 -0.000224568
61 49 -0.000331819 -6.71225e-05
61 50 0.000605067 -8.40678e-06
61 51 0.000135266 6.49978e-05
61 52 -3.65949e-05 -0.000405232
61 54 0.000313064 -8.99563e-05
61 55 0.000301118 0.000170536
61 56 0.00013516 0.00013478
61 58 -6.96324e-05 0.00017794
61 59 0.000195825 0.000193665
61 60 0.000237196 0.00018535
61 65 -4.79703e-05 1.04484e-05
62 35 -0.000425064 -0.000258571
62 37 0.00016106 0.000123269
62 39 0.000338875 -0.000266001
62 40 0.000205225 8.0235e-05
62 41 0.000356325 -0.000192036
62 43 1.50706e-05 1.20118e-06
62 44 0.000280078 -0.000760971
62 45 -0.000175993 -1.00197e-05
62 46 0.000867464 3.81373e-05
62 47 0.000460069 -0.000176928
62 48 -4.81384e-05 0.000135391
62 49 0.000726174 0.000313241
62 50 -3.42404e-05 -9.93874e-05
62 51 0.00039794 -1.32136e-05
62 52 -0.000236582 5.45896e-05
62 54 0.000268126 -0.000157803
62 56 -0.000191523 3.41397e-05
62 58 -0.000128266 0.000287051
62 60 -4.99656e-05 4.33691e-05
62 62 0.000768136 -0.000274468
62 63 0.000181514 -0.000102849
63 35 -6.32047e-05 -0.000275964
63 36 0.000246012 4.64136e-05
63 37 0.000135525 0.000223198
63 39 0.000400902 -9.96107e-05
63 40 0.000644121 -0.000349634
63 41 0.000518856 0.000103104
63 42 0.000128023 4.61669e-05
63 43 -3.18183e-05 0.000102921
63 44 -1.09499e-05 0.000436457
63 47 0.000530275 8.0987e-05
63 48 0.000130408 0.000345745
63 49 0.000558834 -4.23227e-05
63 50 -0.000493498 0.000648427
63 51 0.000298017 -0.000322387
63 52 1.89519e-05 3.631e-05
63 54 0.000350709 -0.000100889
63 55 0.000324819 8.24723e-05
63 56 -0.000160988 2.01459e-05
63 57 -0.000147974 9.95668e-05
63 60 0.000442528 9.36593e-05
63 61 -0.000169809 -0.000131564
63 62 0.000572836 0.000330713
63 64 2.21991e-05 1.54526e-05
63 66 -0.000203763 -0.00032968
64 33 0.000269473 3.97903e-05
64 34 0.00042831 4.06281e-07
64 36 0.000115318 2.18695e-06
64 38 0.000686625 -0.000223271
64 39 0.000535563 -0.000251824
64 40 0.000187083 -0.00012889
64 41 -0.000154687 -0.000380425
64 42 -0.00062934 -0.000318501
64 43 0.000582973 4.36301e-05
64 44 0.000911247 -0.000457307
64 45 0.000128636 3.4446e-05
64 46 -0.000379155 -0.000318549
64 47 -6.39314e-05 -1.19438e-05
64 48 7.32261e-05 0.000338327
64 50 0.000709014 -7.28651e-05
64 51 0.00014797 -0.000174274
64 52 0.000482351 0.000187577
64 53 -0.000252643 -0.000222125
64 55 -0.000292045 0.000264545
64 56 0.000341869 0.000193941
64 57 0.000285393 -0.000142269
64 62 -0.000402672 0.000105881
64 63 0.000404266 4.14085e-05
64 66 -0.000209555 8.82835e-05
65 33 0.000169261 0.000402463
65 34 0.000121671 -0.000279432
65 35 0.000121693 -0.000184471
65 36 0.000317478 -8.41402e-05
65 37 0.000809942 0.000227965
65 38 4.10346e-05 1.88037e-05
65 39 0.000549235 0.000192031
65 40 0.000357262 -0.000299223
65 41 0.000423027 -0.000172784
65 42 0.00064178 -0.000102743
65 44 0.000736125 0.000192308
65 45 0.000607663 -0.000135961
65 46 2.47258e-05 -7.75312e-06
65 47 -0.000128105 0.000378127
65 48 5.14945e-05 8.01654e-05
65 49 0.000382363 0.000114908
65 50 -0.000422804 0.000209618
65 51 0.000400627 7.20929e-05
65 52 -0.000129914 0.000197699
65 53 4.8202e-05 0.000472008
65 54 0.000288582 -0.00034848
65 55 -0.000120945 -0.000342072
65 56 9.76782e-06 2.2336e-06
65 60 0.000228229 0.00012058
65 63 7.84236e-05 -5.15745e-05
65 65 0.000360123 0.000121965
66 35 -0.000104064 0.000266096
66 38 0.000131092 -0.000103576
66 39 0.000124639 1.37487e-05
66 40 -5.09308e-05 -7.11021e-05
66 41 -0.000327011 -0.000473079
66 42 -0.000132219 0.000469855
66 44 7.38231e-05 -9.96739e-06
66 45 1.19053e-05 -4.12368e-05
66 47 0.000396834 9.79725e-05
66 49 0.000139035 2.86103e-05
66 50 0.000227628 -0.000175782
66 53 -0.000375302 0.000175496
66 55 -0.000218801 -0.000195476
66 56 0.00017148 -0.000163113
66 57 0.000456218 0.000181987
66 58 0.000371773 0.000201028
66 59 -7.9166e-05 5.40231e-05
66 60 0.000886152 -1.5908e-05
67 40 0.00019893 0.000374293
67 44 6.87148e-06 -4.77807e-06
67 49 0.000320361 0.000177147
67 51 0.000353315 0.000161915
67 54 0.000166813 -5.48796e-05
