0 39 7.16173e-05 -2.41561e-05
0 40 -6.0642e-05 -0.000202577
0 42 0.000208188 -0.000204313
1 33 -0.000466416 0.000140748
1 34 -0.000455721 0.000113774
1 41 0.000214554 3.13167e-05
1 43 7.58646e-06 3.05139e-05
1 44 -0.000166825 3.31786e-05
1 46 0.000578183 -5.29043e-05
1 47 -0.000224437 0.00019704
2 34 0.000189383 -0.000216052
2 35 -1.05142e-05 -2.04782e-05
2 36 0.000223458 -5.92958e-05
2 37 -0.000367929 0.000282609
2 38 3.69645e-05 -1.39847e-05
2 39 0.000478841 -0.000195308
2 41 -0.000197838 -0.000156318
2 42 -0.000300516 2.68166e-05
2 45 0.000324846 -0.000162762
2 46 -9.65046e-05 -3.04742e-05
3 34 0.000229164 6.69173e-05
3 36 -0.000389494 0.000504132
3 37 -0.000168807 -1.6956e-05
3 38 0.00049648 0.000464507
3 39 -4.96671e-05 0.000315609
3 41 0.000138336 0.00012487
3 42 -4.52634e-05 3.05891e-05
3 44 -0.000632542 7.63773e-05
3 45 -2.04612e-05 -3.22598e-05
3 46 3.53956e-05 9.06293e-05
3 48 0.000223904 0.000232694
3 51 -8.12237e-05 8.47622e-05
4 34 9.65794e-06 -2.05902e-05
4 35 -3.73092e-05 0.000433044
4 37 -0.000325537 0.000665604
4 38 0.000573005 -0.000342059
4 39 0.000131365 9.85716e-06
4 41 -6.38564e-05 0.00018909
4 42 7.45484e-05 -6.21081e-05
4 43 -0.000251633 -0.000181495
4 44 0.000138648 1.73108e-05
4 45 -0.000420118 0.000171865
4 46 0.000694718 0.000254361
4 47 1.88866e-05 3.14027e-06
4 49 2.11623e-06 -0.000222348
4 52 -0.000717091 3.13336e-05
4 58 1.96639e-05 2.09519e-05
4 65 -1.70641e-05 0.000204999
5 34 -0.000240842 0.000252038
5 35 0.000210618 -7.36995e-06
5 36 -0.000129259 0.000181311
5 37 -0.000561822 -0.000317586
5 38 -6.98977e-05 -0.000329138
5 39 -0.00103276 0.000138655
5 40 -0.000151914 -0.00042536
5 41 -0.000111856 -4.77885e-05
5 42 0.000168941 4.0813e-06
5 43 -0.00013971 0.000610664
5 44 0.000364377 -0.000151433
5 45 0.000138641 -5.8011e-06
5 46 -4.64819e-05 0.000331114
5 47 -0.000115403 -2.46888e-05
6 33 0.000261477 -2.21104e-05
6 34 0.000149129 8.21479e-05
6 36 0.000560563 -5.47651e-05
6 37 0.00114556 0.000194479
6 38 0.000469781 0.000189206
6 39 -1.6465e-05 -2.61764e-05
6 40 0.000597507 8.1804e-05
6 41 -0.000407881 0.000273732
6 42 -0.000185372 -6.36847e-05
6 43 0.000135125 0.000186512
6 44 -0.000167429 0.000145274
6 45 -0.000328335 0.000148706
6 46 0.000573602 -0.000109999
6 47 -5.99487e-05 5.81126e-05
6 53 0.000104913 -8.5139e-05
6 62 -0.000211373 0.000213046
7 34 0.000247681 0.000189175
7 35 -0.000355635 -0.000320413
7 36 -0.000373845 -9.46465e-05
7 37 0.00169483 -0.000406198
7 38 0.000191997 7.42604e-05
7 39 0.000113361 -6.96153e-05
7 40 -0.000452076 -0.000427354
7 41 -5.52497e-05 2.49858e-05
7 42 0.000180254 7.38056e-05
7 43 0.00048775 -0.000133677
7 44 -4.07704e-05 0.000435455
7 45 0.000748668 0.000376769
7 46 -0.000443389 -3.11974e-05
7 47 0.000249825 0.000185891
7 53 0.000102679 -0.0001675
8 33 0.000209846 -0.000108714
8 34 0.000139729 -7.33393e-05
8 35 -0.000163275 -0.000148417
8 36 0.000312801 0.000609565
8 37 -0.000210098 -0.000155401
8 38 0.000302755 0.000356869
8 39 0.000315167 -6.77594e-05
8 40 -0.000253205 4.04173e-05
8 41 -1.15998e-05 -0.000340373
8 42 -0.000651854 -0.000337007
8 43 0.000451662 -0.000180796
8 44 0.000176603 -0.000204475
8 45 0.000223944 0.000604887
8 46 0.00020981 0.000248145
8 48 0.000188073 0.000194923
8 49 0.000453448 0.000125982
8 50 1.32115e-05 5.54734e-06
8 51 -0.000420119 7.40197e-05
8 52 -0.000347713 -4.35577e-05
9 33 6.74966e-05 -4.14075e-05
9 35 0.00042578 -0.000175538
9 36 0.00089224 -0.00021498
9 37 -0.000110245 -0.000327249
9 38 0.000668122 -0.000555038
9 39 0.000295555 3.52669e-05
9 40 0.000132712 0.000102973
9 41 0.000131745 -0.00023501
9 42 0.000337785 0.000494438
9 43 0.000139574 1.54697e-05
9 44 -0.000417112 0.000196277
9 45 8.76909e-05 1.39635e-05
9 46 8.41189e-05 0.000373466
9 47 -7.51372e-05 9.84149e-05
9 48 2.27701e-05 0.000144292
9 49 0.000266858 0.000191392
9 50 -0.000218541 0.000353978
9 51 0.00036593 6.97522e-05
9 57 -6.14621e-05 -5.49057e-05
10 34 1.59769e-05 -1.23426e-05
10 35 0.000189012 -0.000156738
10 36 -0.000135684 -0.000648804
10 37 -0.000104419 5.99655e-05
10 38 8.70112e-05 8.752e-05
10 39 0.000137946 0.000619328
10 40 -0.000324824 -0.000124256
10 41 0.000263947 -6.82508e-05
10 43 0.000135629 0.0001368
10 44 0.000155551 -0.000102578
10 45 -0.000174045 0.00013154
10 46 -2.22627e-05 3.7515e-05
10 47 0.000246101 0.000200593
10 49 -0.000196707 9.81146e-05
10 57 -4.62199e-05 7.68562e-06
10 60 -0.00022651 0.000177892
11 33 0.000480339 -1.33577e-05
11 34 -0.000422496 7.40872e-05
11 35 0.00014152 9.31041e-05
11 36 -9.47001e-05 0.000251724
11 37 0.000339527 -0.000105204
11 39 0.000305814 -0.000368848
11 40 4.46485e-05 -0.000377656
11 41 1.89271e-05 -0.000309357
11 42 0.000590837 0.00032395
11 43 0.000432334 -0.000105976
11 44 0.000630365 -2.65901e-05
11 45 -0.000173067 -0.000265548
11 46 3.01543e-05 2.07723e-05
11 47 0.000161828 2.84757e-05
11 50 -0.000110603 -1.42285e-05
11 51 -3.30805e-05 6.69592e-05
11 53 -0.000457942 9.47641e-05
12 35 0.000505415 0.000216789
12 36 0.000705534 0.000788844
12 37 -7.54872e-05 0.000486395
12 38 -7.5137e-05 -6.65952e-05
12 39 0.000443769 0.000131581
12 40 5.83043e-05 0.000231243
12 41 0.000254863 -9.91194e-05
12 42 -0.000283992 -7.4717e-05
12 43 0.0002606 -0.00022905
12 44 0.000687803 -0.000319928
12 45 -0.000767984 2.18728e-05
12 46 2.08177e-05 0.000313354
12 47 0.000661929 0.000383732
12 48 0.000299088 8.30007e-05
12 49 -8.17387e-05 8.86877e-05
12 51 0.000237119 0.000187872
12 52 -0.000271674 -0.000396699
12 53 0.000416266 -0.00019436
12 56 -0.000158002 0.0002892
12 63 -0.00051772 0.000380624
12 64 -0.000117569 0.000162899
13 34 -0.000284986 0.000336314
13 35 3.07101e-05 6.74017e-06
13 36 0.000213452 0.000423109
13 37 0.000267397 -0.000155453
13 38 0.000333387 0.000384029
13 39 0.000671333 -0.000295057
13 40 -0.000470536 0.000440934
13 41 5.54491e-05 0.000573581
13 42 0.000163695 -0.000289429
13 43 -9.29241e-05 0.000375978
13 44 -0.000400686 0.000207479
13 45 0.00142818 0.000207501
13 46 0.000478656 0.000349597
13 47 0.00025877 -0.000145489
13 48 -0.000454105 0.000263508
13 50 0.000411808 0.000127894
13 51 -2.42864e-06 1.01987e-05
14 34 -0.000470634 -0.000414897
14 36 -3.2703e-05 -0.000439846
14 37 -5.57303e-05 -0.000156811
14 38 0.000844694 -0.000449197
14 39 0.000150259 -0.000107189
14 40 1.01208e-05 -0.000242228
14 41 2.14781e-05 9.90647e-07
14 44 0.000202401 -0.000469871
14 45 0.000138767 -9.58029e-06
14 46 0.00105488 -0.000266473
14 47 4.00809e-05 6.58633e-05
14 49 2.44474e-05 3.07211e-05
14 54 5.57134e-05 9.85884e-05
14 56 5.00304e-05 -4.15388e-05
14 59 0.000323601 3.26918e-05
14 62 0.000116426 -7.04145e-05
15 33 -4.48048e-05 -4.3697e-06
15 34 -0.000330828 -0.000175526
15 35 0.000513812 0.000383102
15 36 0.00103975 -0.000153575
15 37 0.000356996 -0.000307154
15 38 0.000353705 -0.000337188
15 39 0.00060223 0.000381985
15 40 0.000966183 -0.000136819
15 41 0.000222989 0.000491748
15 42 0.000253177 1.76069e-06
15 43 0.000249295 0.000317502
15 44 0.000338531 5.31292e-05
15 45 -0.000344413 0.000375641
15 46 0.00081757 0.00142252
15 47 -0.000143917 0.00101224
15 48 -0.000104848 0.000224848
15 49 0.000216309 0.000390402
15 50 0.000146583 0.00018865
15 54 0.00032771 0.000293515
15 57 -0.00037599 0.000270332
15 58 -5.20755e-05 0.000123806
15 59 -6.04378e-05 9.71838e-05
16 33 0.000317641 -6.83272e-05
16 35 6.20896e-05 0.000525886
16 36 0.000603103 -0.000726173
16 37 -0.000138518 -0.000153933
16 38 4.59389e-05 -0.000326531
16 39 0.000137705 -0.000196307
16 40 -0.000431501 -0.0001032
16 41 -0.000231015 0.000167526
16 42 -0.000292099 0.000200465
16 44 0.000316063 -0.000165253
16 45 -0.000125101 0.000285618
16 46 -8.61992e-05 0.00053109
16 47 -0.000438867 -0.000355254
16 49 -0.000173086 0.000328954
16 50 0.000272245 -8.55844e-05
16 51 -0.000447063 0.000452109
16 52 0.000109306 0.00038456
16 57 1.56096e-05 9.62621e-08
17 34 0.000278944 -0.000220481
17 35 -0.000346365 1.91922e-05
17 36 0.000797583 -0.000135764
17 37 0.000415882 8.70544e-05
17 38 0.000623404 -0.000184238
17 39 0.000498146 3.57201e-05
17 40 0.000379011 -0.000302835
17 41 0.00129231 6.38992e-05
17 42 0.000747109 -3.19075e-05
17 43 -0.000590873 6.50332e-06
17 44 0.000686486 0.00022939
17 45 -6.01273e-06 0.000208668
17 46 0.00030091 0.000227406
17 47 -0.000181349 0.000144957
17 48 -0.000134568 -0.000453073
17 49 -8.55025e-05 -1.91171e-06
17 50 -0.000322281 0.000221781
17 52 0.000279952 0.000306107
17 57 0.00034109 0.000104178
17 58 3.75046e-05 2.13894e-05
17 62 -0.000292223 9.23401e-05
18 33 -0.000477384 -0.000147758
18 34 0.000383894 -3.87081e-05
18 35 9.46546e-05 -4.32589e-05
18 36 0.000204188 7.52782e-05
18 37 0.000621851 0.000132068
18 38 0.000166996 -1.00383e-05
18 39 0.000151851 -0.000178311
18 40 -0.000321534 0.000326045
18 41 8.17194e-06 5.42947e-06
18 42 -8.92943e-05 -0.000361275
18 43 0.000452768 0.000127303
18 44 -0.00083107 9.55653e-05
18 45 -0.00014902 0.000140573
18 46 -0.000251284 0.000385785
18 48 2.94517e-05 5.81793e-05
18 49 -0.000298228 -2.0425e-05
18 50 -0.000179598 4.67081e-05
18 51 0.000128397 -5.11309e-05
18 52 4.07253e-05 1.90081e-05
18 53 -1.97941e-05 -8.72883e-05
18 56 0.00047853 -0.000124425
18 57 0.000112922 -0.000192549
18 58 -0.000121158 0.000192827
19 33 -4.72949e-06 -6.30564e-05
19 34 0.000223841 -0.00014692
19 35 5.83651e-05 2.71442e-05
19 36 0.000311862 -0.00033904
19 37 -4.61921e-05 -0.000177592
19 38 0.000596165 -1.24824e-05
19 39 0.000685823 -0.000218836
19 40 0.000406865 -5.30147e-05
19 41 0.000912308 -0.000188927
19 42 0.000198769 4.14735e-05
19 43 -0.000114301 -9.11648e-05
19 45 0.000713424 0.00014855
19 46 -5.56727e-06 0.000527459
19 48 0.000275643 -2.90398e-05
19 49 9.46017e-05 0.000164935
19 50 -0.000439049 -0.000124581
19 51 0.000295351 0.000355284
19 55 -8.96453e-05 3.8052e-05
19 56 0.00010666 0.000195727
19 59 -7.65109e-05 -0.000140994
20 33 9.95662e-05 -0.000208756
20 34 0.000397116 0.000554344
20 35 0.000561142 -5.7454e-05
20 36 0.000259709 5.75223e-05
20 37 0.000129234 1.50533e-05
20 38 0.000607062 -0.000399978
20 39 -0.000457021 0.000466399
20 40 0.000562624 -0.000125613
20 41 0.000381242 -0.000163593
20 42 -0.000130259 0.000460495
20 43 -0.00126641 0.000522797
20 44 -0.000164947 0.000485766
20 45 0.000404039 0.000141924
20 46 0.00026141 -0.000191131
20 47 0.000407017 0.000438209
20 48 0.000303557 -0.000361521
20 49 4.3833e-05 0.000105432
20 50 -0.00026289 0.00036042
20 51 0.000700461 -0.000335352
20 53 0.000405165 0.000176212
20 55 0.000202718 -3.2796e-06
20 60 0.000211945 0.000269876
21 33 0.000401913 -7.90945e-05
21 35 -0.000324471 -0.000232848
21 36 -0.000196586 7.16258e-05
21 38 -0.000598122 -0.000328021
21 39 0.000333059 7.32669e-05
21 40 0.000316106 9.26028e-05
21 41 0.000448338 0.000727452
21 42 1.44238e-05 2.65359e-05
21 43 8.91732e-05 0.000162778
21 44 0.000562592 -0.000164694
21 45 0.000164825 0.000157809
21 46 -0.000800197 -4.31494e-05
21 47 0.00032367 0.000138495
21 48 4.50347e-05 6.13335e-05
21 49 9.87585e-06 2.68848e-05
21 50 0.000111017 -5.46044e-05
21 53 -0.000226376 -1.53579e-05
21 54 0.000489214 -0.000182392
21 63 -0.000336751 -3.92682e-05
22 34 0.000264289 -0.000169747
22 35 0.000481853 -0.000406257
22 37 0.000568031 -0.000205358
22 39 0.000129824 0.000234506
22 40 0.000317475 -3.04069e-05
22 41 0.000159317 -0.000171438
22 42 0.000191693 -0.000257333
22 43 -0.000414362 -0.000257613
22 44 -0.000755698 -0.000523559
22 45 0.000331277 -5.21547e-06
22 46 0.000411781 0.000365976
22 49 0.000101119 -5.93431e-05
22 50 4.78681e-06 -2.57824e-05
22 51 -6.04933e-06 0.000330965
22 52 -4.33269e-05 9.94587e-05
22 53 -7.32793e-06 4.49279e-05
22 54 5.47444e-05 -0.000411402
22 59 -0.00034942 7.72902e-05
22 61 1.52993e-05 2.14706e-05
22 62 0.000309052 -1.10438e-05
22 63 9.30004e-05 8.04716e-05
23 33 0.000399166 -0.000142523
23 34 -0.000275107 -0.000117036
23 35 0.000303042 4.61628e-05
23 36 -2.41525e-05 1.32409e-07
23 37 0.000296981 -0.000155433
23 38 0.000486505 -0.000139277
23 39 0.000508699 0.00049358
23 40 -0.000184984 0.000148405
23 41 -0.000426708 -6.43229e-05
23 42 0.000144593 -7.7975e-05
23 43 -0.000122977 5.94648e-06
23 44 0.000186242 0.000423828
23 45 0.000676815 0.000181188
23 46 0.000172774 -1.50344e-05
23 47 -0.000331735 0.00039593
23 48 4.41765e-05 3.24201e-05
23 49 5.27046e-05 0.000138445
23 50 0.000215302 -0.000385182
23 58 -1.16051e-05 -3.47084e-05
24 34 0.000136528 1.2051e-05
24 35 2.18498e-06 -0.00020529
24 36 0.000756447 0.000358075
24 37 -0.000153126 -8.79261e-05
24 38 0.000431308 0.000350614
24 39 -0.000358843 4.18582e-05
24 40 0.000174326 -0.000220268
24 41 0.000432825 -5.65808e-05
24 43 0.000266497 -0.000203448
24 44 -1.89715e-05 0.000764831
24 45 3.37414e-05 -0.000631833
24 46 0.000623361 -0.000271305
24 47 -7.34891e-05 0.000667087
24 48 0.000293244 -0.000171553
24 50 -0.000178143 -2.4499e-05
24 52 0.000324349 0.000295803
24 58 -0.000155714 1.65757e-05
24 64 -0.000326788 0.000260868
25 34 8.68781e-05 -0.000210589
25 35 -5.3683e-05 -5.13317e-05
25 36 0.00118085 4.56306e-05
25 37 0.000327954 -0.000188207
25 39 0.000351299 0.000105304
25 40 -0.0001865 -0.000215722
25 41 -0.000217302 -0.000391072
25 42 0.000291735 -0.000281179
25 43 0.000313578 -5.54265e-05
25 44 0.000407458 -9.73496e-05
25 45 -1.25996e-05 -0.000368129
25 46 6.40829e-05 -0.000462468
25 47 0.000461268 -0.000220168
25 48 -4.51635e-05 -2.89825e-05
25 50 0.000171054 0.000366925
25 51 1.80544e-05 -1.04074e-05
25 52 -0.000373084 -0.000128361
25 53 0.0001907 0.00011382
25 55 0.000163094 0.000130062
25 57 7.4915e-05 0.00016012
26 34 0.000356265 -4.90646e-05
26 35 0.000129691 -9.01158e-05
26 36 0.000318566 -9.29233e-05
26 37 -3.13622e-05 -4.56039e-05
26 38 -0.000299613 -5.09905e-05
26 39 0.000449656 -4.39256e-05
26 40 -0.000150499 -0.000294197
26 41 0.000259809 0.000303626
26 42 0.000114878 0.000289723
26 43 -0.000303071 0.000177496
26 45 0.000383194 -0.000169501
26 47 -0.000119587 2.07219e-05
26 48 -7.69951e-05 3.24675e-05
26 49 -0.000566607 -0.000359009
26 51 0.000131313 5.49996e-05
26 56 0.000102035 0.000125234
26 60 -4.87039e-05 4.38998e-06
26 66 0.000103592 -2.2711e-05
27 34 0.000105093 -0.000250475
27 35 0.000193394 7.61059e-05
27 36 0.000284362 -0.00053668
27 37 -2.09601e-05 -0.000425584
27 38 -6.65076e-05 0.000436542
27 39 0.000878782 1.71085e-05
27 40 6.09268e-05 2.68351e-05
27 41 0.00012244 0.000512784
27 43 0.000421321 0.00014394
27 44 0.000479392 -0.000348574
27 45 0.000470035 0.000203501
27 46 7.34174e-05 0.000231476
27 47 6.05389e-05 4.4359e-05
27 49 -0.000439607 7.38887e-05
27 50 0.000453617 -0.000278839
27 51 4.63246e-05 4.19635e-05
27 52 -0.000243791 -0.000149403
27 56 0.000384232 0.000447307
27 60 -0.000211459 -7.45369e-05
27 65 -0.000190605 0.000363965
28 35 1.85731e-05 0.000171872
28 36 4.1105e-05 2.73906e-05
28 37 0.000152532 -0.00015001
28 38 0.00149531 0.000294249
28 39 0.00030578 2.09333e-05
28 40 0.000251803 -0.000141928
28 41 0.000676459 -0.000294654
28 42 0.000875965 0.000287656
28 43 0.000264445 6.30702e-05
28 44 -0.000116628 7.2586e-05
28 45 0.00103478 -0.000484851
28 46 0.00068896 7.44345e-05
28 47 6.57973e-05 0.000141032
28 48 -0.000528923 0.000333735
28 49 2.73865e-05 1.93032e-05
28 50 -0.000150803 0.000368787
28 52 0.000194112 -0.000201968
28 53 1.95598e-05 5.30447e-05
28 58 8.98113e-05 -2.89468e-05
28 63 0.000289792 -0.000174398
28 65 8.62817e-06 4.8325e-05
29 33 1.30999e-05 -4.16789e-05
29 34 -0.000324523 5.67058e-05
29 35 -4.15434e-05 9.33282e-06
29 36 0.00022978 0.000347699
29 37 0.000103202 -3.73154e-05
29 38 -0.000101198 -0.00037445
29 39 -0.000337841 -0.000221074
29 40 0.000195785 -8.34507e-05
29 41 0.000789864 -0.000314017
29 42 -4.70239e-05 -0.00012421
29 43 0.000860764 0.000146183
29 45 -7.86052e-05 1.04465e-05
29 46 0.000237312 -0.000229686
29 47 -0.000203422 0.000415257
29 48 -0.00032953 -0.000278931
29 50 -0.000409872 0.000199703
29 51 0.000364032 2.41224e-06
29 52 -0.000200125 6.18317e-05
29 59 0.000205616 0.000164227
29 63 -3.8036e-05 -3.77443e-06
30 33 0.000265009 -0.000450895
30 34 -0.000397316 0.000227583
30 35 0.000262776 -0.00017368
30 36 0.000349352 -0.000369558
30 37 -5.27826e-05 0.000335047
30 38 0.000370489 0.000217262
30 39 -0.000311198 -0.000210982
30 40 9.70142e-05 -1.86808e-05
30 41 0.000680785 -2.57945e-05
30 42 -4.87293e-05 0.000117825
30 43 0.000141351 0.000113723
30 44 -0.000206829 -3.22736e-05
30 45 0.000265423 -0.000506232
30 46 0.000373698 0.000108068
30 49 -0.000224378 3.81583e-05
30 51 -0.000287459 0.00021096
30 53 0.000167588 0.000348479
30 61 4.53518e-05 0.000130325
30 65 -0.000253929 0.00027253
31 33 0.0004791 -8.37777e-05
31 34 0.000128854 8.95862e-05
31 35 0.000444365 -9.98109e-05
31 36 0.00013275 -0.000103637
31 37 -0.000237606 0.000341909
31 38 -0.000679082 -0.000297558
31 39 -0.00014663 0.000272937
31 41 -0.000540301 -7.61536e-05
31 42 9.83332e-05 -0.000311435
31 43 0.00039863 -0.000223683
31 44 3.22777e-07 0.000139748
31 45 -6.20643e-05 -0.000238687
31 46 -0.000233208 -0.000318222
31 47 8.00389e-06 -1.92571e-05
31 48 2.44567e-05 -2.92355e-05
31 49 0.000339697 0.00015902
31 52 7.36641e-06 1.14162e-05
31 55 -8.80786e-05 1.0499e-06
31 57 -0.000209601 -8.30004e-05
31 60 -0.000318414 -0.000269628
31 65 0.000154655 -8.31122e-05
32 33 0.000537859 -9.91197e-06
32 35 2.67254e-05 -1.39243e-05
32 36 0.000480221 0.000189222
32 37 4.61943e-05 -3.36891e-05
32 38 0.000494784 -0.000408601
32 39 0.000280173 -0.0001398
32 40 3.14738e-05 0.000902872
32 41 0.00025971 0.000523402
32 42 0.000115003 7.71112e-05
32 43 0.000168807 0.000564014
32 44 -0.000506816 0.000227733
32 45 0.000992684 -0.000308422
32 46 0.000403751 1.07411e-05
32 48 -1.82361e-05 -0.000362752
32 49 0.000466079 0.000149142
32 50 0.000152589 -1.43729e-05
32 51 0.000251234 -1.93084e-05
32 52 0.000325825 0.000231453
32 54 0.00026258 -9.60093e-05
32 55 -8.34348e-05 0.00034685
32 59 -2.44751e-05 -1.73524e-05
32 63 0.000169289 -9.13977e-05
33 33 0.000226392 0.000175623
33 34 -0.000159469 -6.20964e-05
33 35 -9.12353e-05 0.000220999
33 36 -0.00036774 -0.000292238
33 37 0.000103589 -2.26261e-05
33 38 0.000443384 0.000443724
33 40 -0.000173442 -0.000305576
33 41 -0.000421587 0.000113231
33 42 -0.000629949 -8.11648e-05
33 43 0.000203325 0.000106923
33 44 0.000774238 -0.000438256
33 45 0.000199429 0.000458603
33 47 -0.000251344 -0.000245103
33 48 0.000582204 0.00018395
33 51 8.98312e-05 -0.000175688
33 52 0.000245107 -0.000356296
33 53 0.000250719 0.000324664
33 55 4.70591e-05 -0.000125511
33 56 0.00020584 6.78827e-05
33 59 0.000317746 0.00018797
33 63 -6.61639e-05 8.70023e-05
33 64 -0.000327856 1.81039e-05
34 33 0.000220565 -0.000374744
34 34 -0.000266417 -0.00030027
34 35 0.000387538 0.000187188
34 36 0.000560158 -0.000585548
34 37 0.000124906 0.000351259
34 38 7.29294e-06 -0.000110907
34 39 9.62682e-05 -0.000188815
34 40 3.1299e-05 -0.000104655
34 42 0.000294533 0.000257351
34 43 0.000198016 0.000154968
34 44 -0.000251153 -6.43434e-06
34 45 -0.000578606 0.000124462
34 46 0.000778282 -0.000108395
34 47 0.000284234 -7.44122e-05
34 48 -0.00103533 0.000298341
34 49 0.000602269 1.21472e-05
34 50 7.56639e-06 1.20303e-05
34 51 0.000302745 -0.000165057
34 52 0.000130263 0.000164933
34 53 -1.75525e-05 8.54313e-05
34 57 2.19595e-05 3.57478e-05
35 33 0.0002908 -0.000165797
35 34 7.25488e-05 -5.854e-05
35 36 0.000214319 9.44735e-05
35 37 0.000384584 2.46478e-05
35 38 -0.000111615 -0.000194149
35 39 0.000790089 0.000382875
35 40 -0.00014835 -0.000158501
35 41 0.000502704 -0.000319377
35 42 -0.00068997 -0.000392847
35 43 0.000321829 0.000240584
35 44 0.000575627 0.0001336
35 45 0.000229281 -0.000252297
35 47 0.000477348 -0.000100329
35 48 0.000122162 0.000201411
35 51 0.00010821 -0.000395516
35 56 -0.000101201 0.000276104
35 59 0.000326551 -0.000178689
36 34 -0.000158691 -0.000368703
36 35 0.000859945 -0.000875866
36 36 -4.11286e-05 0.000272426
36 37 0.000298168 -0.000236959
36 38 0.000959809 -3.97652e-05
36 39 0.0004591 -0.000380361
36 40 0.000752946 0.000464485
36 41 0.000108082 -3.14774e-05
36 42 -1.9502e-05 0.000374384
36 43 -0.000320484 4.60068e-05
36 44 0.000505275 -0.00036224
36 45 4.37479e-05 0.000304298
36 46 0.000213391 0.000229834
36 47 -0.000161017 0.000144159
36 48 0.000406393 0.000180894
36 49 -0.000163256 0.000298351
36 50 0.000569789 -9.12124e-05
36 51 3.13744e-06 9.95293e-06
36 56 4.59189e-05 -3.1372e-05
36 57 0.000335677 -0.000130742
37 33 -7.57677e-05 -0.000300496
37 34 0.000227163 -0.000178757
37 36 -0.000251243 0.000226418
37 37 0.00013116 -0.000296974
37 38 0.000137463 0.000156923
37 39 0.000589146 4.66239e-05
37 40 0.000132574 -8.50989e-05
37 41 -0.00063171 -0.000502446
37 42 -0.000196033 6.41031e-05
37 43 0.000546706 0.000519239
37 44 0.000169074 4.18699e-05
37 45 0.000233314 7.69796e-05
37 46 -0.000286962 0.00020704
37 47 0.000170171 -4.13627e-05
37 48 -6.35758e-05 0.000279563
37 49 -0.000100749 5.89976e-05
37 50 5.39667e-05 0.000102736
37 51 0.000612869 -7.58795e-05
37 52 0.000322595 9.0159e-05
37 53 -9.1738e-05 0.000376831
37 57 -0.000135229 -0.000369572
37 60 1.39009e-05 7.90812e-06
37 64 -0.000297597 0.000146833
38 33 0.000241929 5.84054e-05
38 34 0.000190599 2.24387e-05
38 36 -7.62776e-06 -0.00026142
38 37 -0.000319458 -5.68854e-06
38 39 9.36437e-06 0.000116242
38 40 4.73189e-05 6.59722e-06
38 41 0.000305608 -0.000221344
38 42 -0.000389375 -5.58389e-05
38 43 0.000275968 0.000978286
38 44 0.000136396 0.000138619
38 45 0.000155328 0.00032968
38 46 -3.68323e-05 -0.000164218
38 48 7.40397e-05 9.94779e-05
38 49 -1.41981e-06 0.000847299
38 50 0.000305688 -0.000235548
38 51 -0.000427246 -0.000130961
38 52 0.000392461 1.30862e-05
38 53 -0.000476886 5.53043e-05
38 55 -0.000400167 0.00028864
38 56 -0.000105771 -8.27533e-05
38 58 -0.000464029 -4.7865e-06
38 61 0.000405687 0.000213986
38 63 0.000164919 0.000115158
38 64 0.000149037 -2.38546e-05
39 35 0.000145548 -0.000117048
39 36 0.000166767 4.44832e-05
39 37 -8.87823e-05 -8.50419e-05
39 38 2.17716e-05 6.63343e-06
39 39 0.000587983 7.79782e-05
39 40 -0.000212909 0.000416824
39 41 0.00050439 -0.000235022
39 42 0.00030097 -0.000110528
39 43 9.8964e-05 -1.67678e-07
39 44 0.00023183 2.29785e-06
39 46 -3.87379e-05 5.16558e-05
39 47 -0.000240959 -0.000157323
39 48 -9.1693e-05 9.60606e-05
39 49 0.000189802 0.000322144
39 53 0.000123975 -0.000151556
39 64 -0.00030065 -0.000349618
40 33 3.3557e-06 -0.000387077
40 34 -5.26577e-05 0.000292787
40 35 0.000364385 -0.000350569
40 36 0.000315294 7.61046e-05
40 37 -2.85188e-05 -4.02038e-05
40 38 0.000756224 -0.000232927
40 39 0.000377975 -0.000272779
40 40 0.000301804 0.000159429
40 41 0.000551025 -0.000221046
40 43 9.52362e-05 -0.000286018
40 44 -0.00037127 0.00025663
40 46 0.000105695 5.94115e-05
40 47 0.000305237 -8.25763e-05
40 48 0.000133159 0.000176131
40 52 8.29347e-05 0.000125914
40 58 0.00045454 -0.00015883
40 60 0.000163487 8.07605e-05
40 63 0.000203857 -0.0002961
40 64 -3.83346e-05 1.91265e-05
41 36 -0.000286592 0.000207834
41 37 0.000164061 -5.69436e-05
41 39 -0.000170148 1.39337e-06
41 40 0.000184884 -4.77634e-05
41 42 0.000199276 0.000232627
41 43 1.55745e-05 1.53956e-06
41 44 0.000294583 3.40542e-05
41 45 -6.17173e-05 1.64889e-06
41 46 0.000343025 2.9459e-05
41 47 0.000401666 0.000465557
41 48 0.000456584 0.000320504
41 49 0.000388689 5.15263e-05
41 50 -8.78735e-05 -5.09605e-05
41 51 -0.000299153 -6.34849e-05
41 57 0.000361263 2.51689e-05
41 60 -8.87688e-05 1.53491e-05
41 62 -0.000149656 -0.000218276
42 33 0.000301903 -0.000254543
42 35 0.000418144 -0.000198675
42 36 0.000569459 7.91015e-05
42 37 2.50086e-05 -7.53729e-06
42 38 0.000599201 0.000209843
42 39 -0.000227246 -0.000284669
42 40 -9.23059e-05 2.57376e-05
42 41 0.000230873 0.000409506
42 42 0.000400525 -0.000581719
42 43 0.000700711 0.000317068
42 44 -0.000193573 0.000417357
42 45 0.000202712 0.000205539
42 46 -0.000130357 3.34286e-05
42 47 0.000192884 6.89742e-05
42 48 -0.000142707 -0.000221032
42 49 6.2134e-06 8.47963e-07
42 51 0.000103852 1.9284e-05
42 52 0.000270608 -0.000322955
42 56 0.000169766 0.000203959
42 57 0.000154692 -0.000211461
42 60 0.000356239 -2.91738e-05
42 61 0.000308883 -6.32332e-06
42 66 0.000242354 0.000248577
43 34 -0.000225834 -0.000523867
43 35 -0.000329627 -0.000183932
43 36 5.05629e-05 1.01763e-05
43 37 0.000234667 4.70951e-05
43 38 0.000591278 0.000684394
43 39 -5.98167e-05 -1.82359e-05
43 40 9.4403e-05 -3.89613e-05
43 41 -2.00101e-05 -0.000136447
43 42 0.000734913 0.00014755
43 43 0.000612775 0.000126985
43 45 -0.000241315 0.000319088
43 46 0.000141181 0.00045404
43 47 -0.000641392 -0.000100389
43 48 0.000633701 -0.000100843
43 50 0.000220518 0.000222867
43 51 0.000261858 0.000113274
43 52 -0.000137712 0.00047809
43 55 6.89838e-06 2.02762e-06
43 57 0.000362353 0.000210643
43 59 4.551e-05 1.17657e-05
43 60 0.000120632 6.9246e-05
43 62 0.000196791 0.000170125
43 66 5.61558e-05 0.000377515
44 33 8.78892e-05 -6.11628e-05
44 34 -0.000225505 -0.000362561
44 35 0.000139149 2.26741e-06
44 36 0.000249509 8.47043e-05
44 38 -0.00046427 -6.4779e-05
44 40 0.000837444 -0.000121445
44 41 0.000228384 0.000132885
44 42 -0.000210216 0.000276702
44 43 0.000511813 3.69339e-05
44 44 0.000858515 0.000155004
44 45 0.00046699 -3.50208e-05
44 46 7.91685e-05 7.63241e-05
44 47 2.51026e-05 -4.53364e-06
44 48 -0.000490203 -0.000467312
44 49 1.47176e-05 0.000505328
44 50 0.000448104 -3.15208e-05
44 51 0.000145056 -0.000180405
44 52 0.000316202 -0.000262796
44 54 -9.1494e-05 6.57177e-06
44 56 -0.000132138 -4.11337e-05
44 57 0.000127042 2.15609e-05
44 59 0.000347994 0.000194217
44 60 0.000393229 3.71816e-05
44 61 9.4232e-05 0.00014845
44 62 0.000392649 -0.000138207
45 33 0.00014283 -0.000232171
45 34 -0.00022261 -0.000295259
45 35 0.000748752 -0.000242126
45 37 -3.32272e-05 0.000191827
45 38 0.000254572 9.36433e-05
45 39 0.000445861 -0.000278511
45 40 0.000419812 0.000142778
45 41 -0.000435949 -0.0005089
45 42 0.000331982 -8.91357e-05
45 43 -0.000587697 -0.000117349
45 44 0.000146859 0.000115777
45 45 0.000240525 -0.00017129
45 46 0.000371046 8.19321e-05
45 47 -0.000718493 -0.00052204
45 48 -4.77094e-05 0.000494147
45 49 0.00033303 0.000370704
45 50 5.25301e-05 0.000167276
45 52 5.84515e-05 2.21662e-05
45 54 0.000435445 0.000424046
45 59 -0.000198813 0.000169266
46 33 0.000454575 -0.000406384
46 34 -4.59436e-06 -0.0001532
46 35 -5.86558e-05 -9.01631e-05
46 36 0.000303469 0.000421495
46 37 0.000687008 0.000359541
46 38 9.39197e-05 0.000288106
46 39 -0.000114254 -0.000161485
46 40 -8.74057e-05 3.51902e-06
46 41 0.00013819 0.000283824
46 42 0.000513684 -7.05531e-05
46 43 0.000676541 -0.000400104
46 44 1.03085e-05 1.10706e-05
46 45 0.000467838 -0.000112279
46 46 0.000115435 -0.000421113
46 48 0.000409489 0.000256825
46 49 0.00038587 -0.000408527
46 50 0.000303318 -4.68879e-06
46 51 0.000201627 1.20152e-05
46 54 0.000246986 3.07289e-05
46 55 0.000142355 -2.36105e-05
46 61 0.000343328 -2.83846e-05
47 33 0.000262613 -0.000106835
47 34 0.000290238 -0.000227699
47 36 3.74474e-06 -3.15719e-06
47 37 0.000226191 -8.18464e-05
47 38 0.000639357 -0.000103206
47 39 -0.000130388 -2.71391e-05
47 40 -0.000278006 -0.000166845
47 41 -0.000407133 -0.000333085
47 42 0.000249858 0.000277185
47 43 -0.000138738 -0.000112456
47 44 0.000506971 -0.000197392
47 45 0.000414807 0.000459486
47 46 0.000399138 -0.000294482
47 48 0.000196951 0.000439856
47 50 -5.44023e-05 -0.000215675
47 52 0.000166967 4.77377e-05
47 53 -0.000170109 -3.14397e-06
47 54 0.000692618 0.00043036
47 55 -0.000341932 -0.000166154
47 57 0.000204103 5.34863e-05
47 58 -1.12249e-06 6.57491e-06
48 35 0.000421329 -0.00015636
48 37 1.97469e-05 0.000172818
48 39 0.000370691 -0.000441087
48 40 -0.000152487 0.000137634
48 42 0.000288466 -0.000247369
48 43 5.21127e-05 0.000402001
48 44 9.94828e-07 -3.52868e-05
48 45 0.000503994 0.000240392
48 46 0.000311067 -4.29723e-05
48 49 0.000403684 0.000126166
48 50 0.000167601 1.9053e-05
48 51 2.88634e-05 -7.20482e-06
48 52 0.0001158 -3.69102e-05
48 54 8.1262e-05 0.000122494
48 57 0.000301598 0.000132725
48 59 0.000350322 0.000178201
48 60 2.58844e-05 -1.8418e-05
49 33 0.000481459 -0.000264182
49 35 -0.000116723 4.74657e-05
49 36 0.000278612 -1.73837e-05
49 37 -1.37973e-05 -9.25024e-05
49 38 0.000102841 -0.000106786
49 39 0.000157077 -0.000297295
49 40 9.55053e-05 -3.01152e-06
49 41 0.000264604 -0.000191711
49 42 0.00016243 -0.000118044
49 43 0.000341876 0.0001736
49 44 0.000199333 1.82028e-05
49 45 5.73404e-05 0.000313157
49 46 8.25122e-05 -0.00023235
49 47 0.000337253 -6.45632e-05
49 48 -0.000363161 0.000234594
49 49 6.02746e-05 0.000112672
49 50 -0.000300724 0.000123337
49 51 -0.000247435 0.000211841
49 52 -0.000270432 -0.000117445
49 54 0.000134367 0.000132176
49 55 2.4566e-05 6.11847e-05
49 60 1.02444e-05 6.1693e-06
49 63 0.000201997 -0.000286463
49 65 -8.0084e-05 0.000247008
50 33 0.000218081 0.000191604
50 34 0.000541876 -5.22706e-05
50 35 -0.000106478 0.000100442
50 37 0.000440737 -2.35121e-05
50 38 -0.000237782 -0.000789921
50 39 0.000103151 0.00024248
50 40 8.51851e-06 -1.51905e-05
50 41 0.000365355 -0.000434484
50 42 0.000493093 5.28219e-05
50 43 0.000317029 0.000148152
50 44 -0.000100221 0.000248995
50 45 0.000321585 0.000285517
50 47 0.000399622 -0.000227965
50 48 0.00041533 -0.000266967
50 49 -0.00032939 -9.2224e-06
50 50 0.000355007 0.000284404
50 51 -0.000288077 0.000249648
50 55 -0.000125276 0.000152447
50 56 0.000167802 9.0409e-05
50 58 0.000320566 0.000216482
50 60 -0.000150828 0.000153854
50 61 -0.000283958 -4.80583e-05
51 33 4.62717e-05 -0.000411279
51 34 2.43257e-05 -9.6435e-06
51 35 -2.87933e-05 4.43469e-05
51 36 3.02449e-05 8.46459e-07
51 37 0.000463796 -0.000342736
51 38 -0.000361864 9.15927e-05
51 39 5.32167e-05 -5.71085e-05
51 40 -0.000119549 0.000243018
51 41 -6.32709e-05 0.000201069
51 42 0.000276502 0.000627883
51 43 0.000401861 8.59076e-05
51 45 0.000111287 -6.25836e-05
51 46 0.000435683 -5.14487e-05
51 48 0.000295716 -0.000138246
51 49 0.000421615 -0.00012427
51 50 -0.000324548 0.000720305
51 51 0.000172071 -0.000104563
51 52 -0.000315513 0.000196696
51 55 0.000247686 -0.000286714
51 58 7.81515e-05 0.000201562
51 59 0.000296427 9.53262e-05
51 62 0.000171263 0.0001402
51 63 0.000326346 -7.05921e-05
52 33 0.000814254 -0.000257072
52 35 5.60683e-05 -2.28345e-05
52 36 0.000195008 -0.000159086
52 37 0.000345369 -0.000130678
52 38 0.0003911 -0.000336955
52 39 -0.000503844 -0.000475091
52 40 0.000108005 -0.000353642
52 41 0.000158647 -8.92875e-05
52 42 0.000325873 -0.000197747
52 43 5.48957e-06 0.00037643
52 44 -0.000444209 -0.00025042
52 46 0.00021142 7.79274e-06
52 47 3.76446e-05 9.03336e-06
52 49 0.000504223 0.000269171
52 50 -4.12485e-05 8.91624e-05
52 52 0.000449217 0.000156093
52 53 0.0001449 -0.000111836
52 54 0.000256723 0.000412819
52 55 0.000300182 -0.000362017
52 61 3.66482e-05 -1.25023e-05
52 62 -0.00028938 -0.00023874
52 64 0.000277459 -5.44071e-05
53 34 0.000131733 -5.4722e-05
53 35 0.00055891 2.73505e-05
53 36 -9.36448e-05 -0.000466959
53 37 0.000268763 4.31524e-05
53 38 -0.000123815 4.54826e-05
53 39 0.00023059 -5.04842e-05
53 40 -0.000296069 2.57013e-05
53 41 0.000406546 0.000445205
53 42 0.000748366 -6.98061e-05
53 43 -0.000299957 -2.97173e-05
53 44 8.35189e-05 2.9959e-05
53 46 0.000206733 3.27884e-05
53 47 5.49634e-05 8.46694e-05
53 48 0.000144796 -4.45439e-05
53 49 -0.000316494 0.000232992
53 50 0.000262823 -0.000234309
53 51 0.000447333 -0.000178379
53 52 0.000223141 -0.000413214
53 53 0.000435227 7.86631e-06
53 55 0.000102289 2.77569e-05
53 56 0.000365604 5.70155e-05
53 60 0.000281107 -0.000332298
54 34 -6.81078e-05 -7.27964e-05
54 36 0.000649515 0.000304127
54 37 0.000361901 -0.000318649
54 38 0.000705882 -1.50471e-05
54 39 0.000256958 -0.000201061
54 40 0.000990327 -6.63714e-05
54 43 0.000798665 0.000279974
54 44 0.000603189 -0.000173648
54 45 0.000601612 0.000369089
54 46 -7.5976e-05 3.72857e-05
54 47 -1.77532e-05 0.000162062
54 48 8.68938e-05 6.98274e-05
54 49 4.12267e-05 3.35622e-05
54 50 0.000652495 0.000452736
54 51 2.43504e-05 1.82293e-06
54 55 6.00774e-05 2.22756e-05
54 56 2.38825e-05 2.07643e-05
54 58 0.000131114 -0.000120211
54 63 -0.000422468 8.62423e-05
55 35 0.000306936 -0.000265038
55 36 0.000397074 -0.000777707
55 38 0.000203124 0.0002252
55 39 0.000223519 0.000120388
55 40 0.000402962 0.000607672
55 41 -0.000221415 0.000327556
55 42 5.35577e-05 0.000239211
55 44 -0.000770123 0.000587027
55 45 -0.000149094 -0.000142321
55 46 0.000381064 7.22516e-05
55 47 0.000126946 8.63771e-05
55 48 0.000162802 0.000199718
55 49 4.60419e-05 0.000413179
55 50 0.000193182 8.89512e-05
55 53 0.000218314 -1.22422e-05
55 54 0.00017578 -0.000450785
55 57 6.82247e-05 0.000229945
55 59 -4.24944e-05 -0.000227242
55 63 -0.000202493 6.35966e-05
55 64 -0.000297942 0.000191271
55 66 9.57258e-05 0.000316962
56 35 -0.000111574 -1.50302e-05
56 36 0.000101012 -0.000449896
56 37 7.57774e-05 1.03537e-05
56 38 -2.98015e-05 0.000221642
56 39 -0.00012263 -0.000187576
56 40 -0.000232967 7.14259e-05
56 41 8.98642e-05 0.00063029
56 42 0.000790688 0.000510826
56 43 -1.31349e-05 -0.000255918
56 44 0.000132424 0.000439155
56 45 -0.000124864 -0.000150666
56 46 0.000136252 4.99415e-05
56 47 -9.77496e-05 -0.000179806
56 48 0.000250439 0.000134194
56 51 0.000116936 6.93242e-05
56 54 0.000664963 -0.000153244
56 56 2.1539e-05 6.02202e-05
56 57 0.000606796 -6.60761e-05
56 59 0.000184819 -0.000284567
56 60 5.19199e-05 -2.43732e-06
56 61 -3.35467e-05 0.000142919
57 34 -0.000500511 -0.00013353
57 35 -0.000289158 -0.000261946
57 36 0.000261374 0.000107855
57 37 -0.000145574 0.000151903
57 40 0.000386274 -0.000192437
57 42 0.000110362 -0.000228512
57 43 1.56267e-05 -7.43327e-05
57 46 6.50304e-05 9.04541e-05
57 47 0.000289273 -0.000132587
57 49 0.000159574 -0.000141468
57 50 -4.88935e-05 0.000421416
57 51 0.000214477 -9.32093e-06
57 52 -0.000203366 0.000256026
57 55 0.000108137 1.09506e-05
57 60 -8.63647e-05 0.000431922
57 65 5.38866e-05 7.65975e-05
58 34 0.000243332 0.000214573
58 35 0.00039212 -2.47441e-05
58 36 3.62732e-05 -0.000225144
58 38 -2.16733e-05 0.000256341
58 39 -7.41124e-05 -8.87714e-05
58 40 3.4917e-05 0.000112607
58 41 0.000169032 -0.000130101
58 42 0.000272739 5.79529e-05
58 43 -1.79329e-05 -0.000441379
58 44 3.99359e-05 -9.83025e-06
58 45 0.000301199 -0.00016606
58 46 -0.00048354 0.000213027
58 47 -0.000402047 0.000153206
58 49 0.000183536 -0.000203832
58 50 2.80305e-05 2.08314e-05
58 51 -0.000232318 0.000148952
58 53 -0.000233317 9.66922e-05
58 54 0.000988178 -0.000413559
58 55 0.000574035 0.000163174
58 57 -0.000543831 0.000480269
58 58 0.000739074 0.00011735
58 60 2.08644e-05 3.64115e-05
59 34 -0.000231418 0.000254325
59 35 0.000727135 -0.000281312
59 37 0.000140834 -4.21699e-05
59 38 0.000120126 -9.07797e-05
59 40 -0.000332274 0.000295192
59 41 0.000603203 3.00785e-05
59 45 0.00057705 0.000288053
59 46 -0.000260598 -0.000251286
59 47 -0.000138695 0.000197291
59 48 -0.000154243 -0.00069806
59 49 -0.000212091 -9.3925e-05
59 50 -2.148e-05 -1.28318e-05
59 52 0.000147006 -2.46571e-05
59 56 0.000496808 -0.000118514
59 57 0.000511578 0.000314663
59 58 0.000523881 0.000490905
59 63 0.000153663 -4.38057e-05
60 34 -0.000253769 -0.000140165
60 35 0.00037229 -3.28442e-05
60 36 0.000352222 -4.11892e-05
60 37 0.000119205 0.000134717
60 40 5.98615e-05 -2.61711e-05
60 41 -0.000292355 4.6111e-05
60 42 -7.41318e-05 -0.000209448
60 43 -0.000250875 0.000206533
60 44 8.14333e-05 9.33282e-05
60 45 7.94666e-05 -2.29476e-05
60 49 0.000100744 0.000132507
60 52 0.000187328 0.000456393
60 55 -0.000221462 5.34199e-05
60 58 3.29625e-05 3.94098e-05
60 62 -0.000181757 0.000420425
61 34 0.000304444 -0.000168053
61 35 -3.1018e-05 2.02999e-05
61 36 -6.79432e-05 1.54314e-06
61 37 0.000188159 -0.000114915
61 39 0.000335103 -0.0002589
61 40 0.000755333 -0.000210835
61 41 0.000479515 0.000147029
61 42 0.000412481 0.000315296
61 44 -0.000265109 -0.000316985
61 45 0.000108265 4.02664e-05
61 47 -0.000314682 -0.000199474
61 48 0.000382374 0.000175558
61 49 6.09873e-05 0.000123769
61 50 0.000244911 2.8681e-05
61 52 0.000185206 -0.000445999
61 53 0.000364095 -0.000201316
61 57 5.95961e-06 -3.23693e-08
61 61 7.45673e-05 0.000202191
62 33 0.000541556 -0.000215591
62 37 0.000420031 -0.00044071
62 38 0.000579071 -0.000278277
62 39 0.000167331 4.64636e-05
62 40 0.000301582 -0.000123539
62 41 8.93085e-05 -0.000132225
62 42 0.000370222 0.000544941
62 44 0.000206537 6.78302e-05
62 45 0.000546133 0.000322744
62 46 -9.2732e-05 5.55803e-05
62 47 0.000691068 -0.000280602
62 48 0.000272782 2.44323e-05
62 51 3.25486e-05 2.18237e-05
62 57 0.000264862 0.000119338
62 58 8.45315e-05 0.000101423
62 60 0.000435341 3.47622e-05
63 34 0.000105844 -0.00030311
63 37 0.000401857 2.65062e-06
63 38 0.000228117 -0.000182335
63 40 0.000149275 0.000440345
63 41 0.000247687 -0.000219483
63 42 5.94338e-05 -7.27186e-05
63 43 0.000265125 -1.5773e-05
63 44 -0.000156069 0.000121554
63 46 -3.57412e-05 4.41945e-05
63 47 0.000211306 0.000152872
63 48 0.000144632 0.000138015
63 49 -0.000393869 0.000280393
63 50 0.000374455 0.000366921
63 51 0.000204587 0.000166179
63 53 1.91621e-05 5.12518e-06
63 54 0.000315723 0.000130329
63 56 0.000239733 -1.04098e-06
63 58 0.000171782 0.000264629
64 33 0.00035794 -9.54115e-05
64 34 -0.000164973 2.62668e-05
64 35 0.000113261 -0.000268183
64 36 3.72811e-06 1.30025e-06
64 37 0.000317779 6.73703e-06
64 39 1.29316e-05 -3.83598e-05
64 40 -0.00041831 0.000149903
64 41 3.09939e-05 1.91073e-05
64 42 0.000222382 -3.28788e-05
64 43 0.000175703 0.000179521
64 44 0.00036769 0.000365164
64 46 0.000283926 0.000335753
64 47 0.000172683 0.000212357
64 48 0.000126381 -3.61582e-05
64 50 0.000351272 0.000118674
64 54 0.000333368 3.73646e-06
64 55 0.000484321 5.78001e-05
64 56 -0.000126569 -0.000138679
64 58 0.000212286 0.000153611
64 59 -6.34002e-05 9.28241e-05
64 63 0.000478831 6.01602e-05
65 35 0.000239645 -0.000360866
65 37 -0.000196449 -0.000401059
65 38 0.000429741 -0.000127695
65 39 9.75317e-05 -8.16051e-05
65 40 0.000756379 -4.35208e-05
65 41 0.000265051 -0.000117362
65 43 1.9026e-05 3.79759e-05
65 44 0.000607135 0.000232172
65 45 0.000112938 -7.05464e-05
65 47 0.000497506 0.000110173
65 48 1.94449e-05 2.06409e-05
65 49 9.35779e-05 0.000157688
65 50 0.000100573 0.000348779
65 51 -0.000317817 -0.000225473
65 52 2.52997e-05 1.59446e-05
65 57 0.000448027 0.000122164
65 58 0.00017058 0.000139413
65 60 0.000140654 0.00042504
66 33 9.90058e-05 -7.18889e-05
66 35 0.000108224 7.34147e-05
66 36 0.000206495 -4.84707e-05
66 38 6.05406e-05 -1.24929e-05
66 39 0.000289263 -7.47052e-05
66 41 0.00111152 0.000255554
66 42 0.0002832 0.000253225
66 43 -0.000277707 -0.000144465
66 45 0.000355898 -0.000277655
66 46 0.000390129 0.000189407
66 47 9.59205e-05 1.79066e-05
66 48 1.94129e-05 1.08568e-05
66 51 6.60096e-05 7.56504e-05
66 56 0.000556842 0.000412019
66 61 3.93494e-05 4.04683e-05
66 64 -5.17178e-05 0.000441035
67 41 0.000175106 -0.000307455
67 43 0.000386431 -1.92354e-05
67 44 0.000357666 9.40883e-05
