0 33 29.8621 6214.06
0 34 -48.4558 10316.4
0 35 -2.30637 10665.9
0 36 9.73599 10970.6
0 37 48.4711 10897.1
0 38 -29.8883 10909.2
0 39 -44.981 11208.7
0 40 91.8413 11524.4
0 41 -4.65831 11891.3
0 42 -46.0894 12301.9
0 43 148.648 12993.5
0 44 113.29 13785
0 45 123.946 16310.3
0 46 -16.6552 22589.4
0 47 10.6047 106.075
1 33 142.149 17989.8
1 34 136.881 29495
1 35 219.999 30512.2
1 36 59.2432 31151.1
1 37 308.965 31625.3
1 38 213.3 32753.5
1 39 -40.9786 33886.6
1 40 246.087 34771.8
1 41 331.882 35245.3
1 42 483.983 35774.6
1 43 459.326 36879.8
1 44 443.849 40124.3
1 45 867.729 48938
1 46 1034.85 64622.2
1 47 0.723785 384.111
1 50 -5.07535 10.5619
1 62 9.12187 -1.39089
2 33 195.594 28574.3
2 34 196.901 47342.3
2 35 356.524 48388.2
2 36 387.111 48758.2
2 37 341.695 50191.3
2 38 408.92 51151.7
2 39 596.714 51999.2
2 40 761.236 52728.4
2 41 710.279 54207.7
2 42 1020.04 56793.7
2 43 1258.43 59888.1
2 44 1243.12 63634.1
2 45 1783.51 76020.3
2 46 3019.31 104895
2 47 25.0945 595.276
2 50 7.62932 2.68446
2 51 2.76189 5.88227
2 61 -5.58928 0.540646
3 33 405.38 37111.1
3 34 650.389 61707.5
3 35 635.25 63426.7
3 36 791.003 65176.1
3 37 656.304 66922.7
3 38 777.186 68449.5
3 39 977.372 68673.8
3 40 1519.08 69518.2
3 41 1642.11 70537
3 42 1694.48 71809.8
3 43 2147.12 75579.3
3 44 2475.35 81964
3 45 3222.91 97704
3 46 4397.96 133391
3 47 40.36 969.456
3 50 9.53749 1.67106
3 51 3.62835 8.01227
3 57 -10.7714 3.24532
3 61 -6.37429 -7.71569
4 33 320.972 43007.2
4 34 1062.41 71417.3
4 35 1075.12 72866.1
4 36 1182.82 74411.7
4 37 1052.75 74922.3
4 38 1121.69 76197.6
4 39 1863.71 78351.3
4 40 2077.73 79817.4
4 41 2482.62 81949.8
4 42 2618.23 85422.9
4 43 3360.15 88929
4 44 3866.68 96559.4
4 45 5419.77 118829
4 46 7507.68 157747
4 47 47.1389 925.367
4 50 11.8138 3.26529
4 51 2.76176 6.17741
4 52 1.54947 3.26876
4 57 -1.80191 -10.6114
5 33 237.137 45595.8
5 34 1078.34 76364.9
5 35 1209.33 78683.4
5 36 1666.63 79850.3
5 37 1510.56 81332.9
5 38 2129.24 82530.8
5 39 2291.08 83000.5
5 40 3026.28 85576.9
5 41 3277.48 88951.7
5 42 3486.36 92175.3
5 43 4456.52 98279.1
5 44 5097.98 108333
5 45 7160.2 131866
5 46 11026.5 181547
5 47 45.7082 960.604
5 48 -0.737728 -2.26542
5 52 5.7417 11.8551
5 61 -5.42876 13.0529
6 33 318.23 44762.8
6 34 1555.73 75165.9
6 35 1628.2 76453.6
6 36 2095.44 78092.7
6 37 2258.85 80724.7
6 38 2124.29 82341.8
6 39 2853.65 85378.9
6 40 3318.43 86776.6
6 41 3905.6 89594.8
6 42 4185.37 95404.7
6 43 5248.39 102592
6 44 6308.79 112281
6 45 8755.58 138805
6 46 13680.4 191654
6 47 14.9582 1218.99
6 48 -6.95892 15.8642
6 49 4.17644 2.88077
6 52 6.43717 15.6193
6 60 -2.57929 8.38767
6 61 -5.79344 17.6694
7 33 592.601 43004.4
7 34 1647.54 71766.6
7 35 2253.01 74099.6
7 36 2272.45 75390.3
7 37 2623.35 77688.7
7 38 2506.85 80185.2
7 39 3474.38 82589.1
7 40 3994.82 85022.7
7 41 4266.48 88166.3
7 42 4919.8 92591.4
7 43 5913.61 99528.5
7 44 7469.65 113249
7 45 10515.6 139255
7 46 15892.4 195081
7 47 40.7178 1129.49
7 49 -9.45194 4.40656
7 52 -2.76132 3.19689
7 60 -0.373439 1.02483
7 65 7.3872 -1.41186
8 33 342.644 38685
8 34 1494.04 64390.3
8 35 2535.5 66394
8 36 2391.33 68632.9
8 37 2914.25 70696.1
8 38 3074.63 71956.6
8 39 3998.06 75325
8 40 4124.58 77915.3
8 41 4557.49 82793.2
8 42 5261.92 88128.1
8 43 6518.76 95392.7
8 44 8016.41 107073
8 45 11512.5 139100
8 46 18225.2 194964
8 47 39.8616 1209.81
8 49 -8.62007 6.09285
8 52 -6.3518 -0.807038
8 62 -2.6074 -3.42482
9 33 411.311 33799.2
9 34 1251.28 56956.5
9 35 2728.24 59055.3
9 36 2631.96 60340
9 37 3007.85 62109.5
9 38 3188.14 64393.2
9 39 4013.33 66561.3
9 40 4222.72 68805.1
9 41 4806.29 73238.7
9 42 5436.29 80422.1
9 43 6890.45 88890.2
9 44 8476.47 100732
9 45 12364.6 128402
9 46 18405 182422
9 47 53.8304 1041.62
9 49 -1.92417 11.5642
9 50 -10.2869 12.7264
9 51 -4.09492 3.10244
9 52 -9.79882 -2.43918
9 53 2.06735 -1.81518
10 33 365.691 28163.9
10 34 1491.69 47045.5
10 35 2442.6 49127.3
10 36 2870.25 51024.7
10 37 2910.92 52392.7
10 38 3248.1 55044.8
10 39 3916.49 57532.4
10 40 4525.64 61445.3
10 41 4834.08 64059.1
10 42 5360.94 68353.3
10 43 6716.83 76466.1
10 44 8427.94 90074.1
10 45 12827.5 117982
10 46 19127.3 166910
10 47 27.2955 834.438
10 49 -10.8792 13.6895
10 50 -4.9271 8.83406
10 52 -1.35297 4.24127
10 53 -1.48681 -6.04522
10 54 -2.414 5.80189
10 56 4.95051 -2.83436
10 57 -9.96378 7.40756
10 62 -4.43063 -0.326879
11 33 268.924 22567.8
11 34 1700.68 37940.6
11 35 2390.76 38964.6
11 36 2787.3 40597.5
11 37 3177.62 42420.5
11 38 3167.91 43777.8
11 39 3128.83 45522.1
11 40 4086.72 48802
11 41 4768.14 52934.3
11 42 5335.17 58296.9
11 43 6322.74 65388
11 44 8291.68 77507.8
11 45 11906.6 103868
11 46 18826.1 150782
11 47 50.9244 817.643
11 48 -0.0893746 0.171026
11 49 -3.64107 15.0559
11 50 1.94545 1.60715
11 51 -2.55756 7.65783
11 52 -4.46682 18.6452
11 53 6.99804 -6.89129
11 62 6.30854 3.5194
11 63 6.30467 3.1051
12 33 173.669 17444.8
12 34 1654.84 29418.5
12 35 2324.65 30640.6
12 36 2565.96 31894.7
12 37 2861.44 33746.6
12 38 3166.33 35293.9
12 39 3254.38 36442.3
12 40 3858.27 39378.2
12 41 4319.19 43110.6
12 42 4963.8 48013.4
12 43 5998 54544.7
12 44 7628.69 64415.5
12 45 11532 88056.5
12 46 17646.2 128979
12 47 59.1506 610.831
12 48 -5.31629 10.499
12 49 7.21192 6.7585
12 50 4.77832 3.7855
12 51 3.06941 22.999
12 53 3.36274 -3.92909
12 63 8.61916 4.14986
13 33 144.168 12784.7
13 34 1425.64 21564.1
13 35 2183.43 23065.5
13 36 2627.36 24440.3
13 37 2518.5 25853.6
13 38 2993.03 27063.2
13 39 3210.05 29258.8
13 40 3589.51 31212.4
13 41 4049.99 34263.1
13 42 4756.08 38517.4
13 43 5535.52 45430.2
13 44 7052.67 55387.6
13 45 10539.6 76391.2
13 46 15918.9 112615
13 47 34.1942 506.456
13 48 1.01508 3.23982
13 49 -5.22822 -0.610106
13 50 17.5247 8.66028
13 51 4.96948 4.6905
13 52 5.7382 -1.21821
13 53 2.75865 23.7358
13 63 5.97974 3.21767
14 33 287.623 9818.22
14 34 1226.93 16715.9
14 35 1862.5 17820.1
14 36 2314.76 18865
14 37 2187.2 19065.1
14 38 3129.01 20775.4
14 39 2744.79 21561.1
14 40 3184.53 23691
14 41 3560.86 27020.1
14 42 4116.23 30872.3
14 43 4704.7 35946.1
14 44 6242 45184.4
14 45 9332.6 63296.5
14 46 14724.4 93779.3
14 47 34.4734 423.184
14 48 1.07923 6.32333
14 49 1.14563 30.8192
14 50 5.92213 12.3723
14 51 5.16731 3.40338
14 52 -5.28488 2.32018
14 63 13.6829 6.61065
14 64 11.4323 -1.64449
15 33 273.146 6659.75
15 34 1088.29 11277.9
15 35 1692.74 12132.8
15 36 1953.51 13105.1
15 37 2151.48 14254.2
15 38 2409.81 15254.1
15 39 2597.4 16464.7
15 40 2911.77 18161
15 41 3222.86 20323.1
15 42 3561.8 23821.8
15 43 4128.6 28447.1
15 44 5379.87 35131.9
15 45 8381.3 51481.6
15 46 12502.6 77602.4
15 47 -5.94377 385.665
15 48 -19.2918 0.382226
15 49 2.30275 6.48843
15 50 6.43615 3.9529
15 51 14.0513 4.32752
15 55 -21.5642 11.5218
15 56 0.828794 0.956806
15 57 0.97578 1.14075
15 62 -12.0882 19.7639
16 33 208.111 4381.56
16 34 1013.42 7729.52
16 35 1415.06 8616.9
16 36 1598.87 9448.79
16 37 2007.64 10329
16 38 2351.24 11564.8
16 39 2355.19 12387.9
16 40 2641.04 13852.3
16 41 2770.15 15376.6
16 42 3060.2 18220.9
16 43 3563.13 21565.5
16 44 4766.39 28177.8
16 45 7352.43 41918.9
16 46 11024.6 63275.8
16 47 29.0599 261.924
16 51 4.23999 2.88559
16 55 5.51066 -2.22855
16 57 3.51721 4.15924
16 58 -5.05592 8.17249
16 62 -3.42394 5.18275
17 33 129.956 3060.44
17 34 822.096 5404.64
17 35 1162.96 6085.88
17 36 1549.17 6578.66
17 37 1742.97 7466.3
17 38 2033.54 8086.05
17 39 2123.8 8847.56
17 40 2197.47 9874.23
17 41 2336.44 11252.7
17 42 2488.55 13369.4
17 43 3086.55 17098.9
17 44 3834.1 21542.7
17 45 6462.31 33449.2
17 46 9354.9 49628.6
17 47 19.2363 126.855
17 51 1.23809 -2.00709
17 57 2.65443 3.20788
17 58 -10.1905 12.9626
17 61 -2.48828 4.12713
17 62 -1.62624 2.68718
18 33 95.2973 1804.45
18 34 565.078 3166.35
18 35 974.765 3671.03
18 36 1464.2 4382.62
18 37 1605.95 4722.73
18 38 1833.04 5553.11
18 39 1832.3 6128.66
18 40 1986.17 6924.22
18 41 1961.04 7939.21
18 42 2143.7 9424.02
18 43 2393.18 11698.4
18 44 3205.69 15822.1
18 45 5319.29 25403.4
18 46 7797.61 39134.4
18 47 32.454 256.684
18 48 -5.56741 2.48148
18 50 -0.235859 3.8392
18 51 5.35879 4.46958
18 57 3.1377 2.89797
18 61 -3.48638 5.61299
19 33 124.989 1143.99
19 34 495.237 2096.56
19 35 899.126 2634.56
19 36 1283.51 3274.23
19 37 1372.11 3509.33
19 38 1568.16 4189.45
19 39 1658.18 4494.31
19 40 1686.95 5058.27
19 41 1830.81 5909.66
19 42 1853.36 6749.4
19 43 2050.24 9080.08
19 44 2484.36 11318.2
19 45 4225.68 18415.6
19 46 6140.47 28131.6
19 47 24.8195 82.9304
19 48 5.3046 1.24616
19 50 0.940525 1.05211
19 51 10.6909 12.9644
19 53 7.24663 -0.889728
19 57 3.16923 1.35737
19 58 3.49497 5.65095
19 61 -0.540682 0.867398
19 64 0.925128 0.434749
20 33 55.8485 681.103
20 34 422.477 1255.52
20 35 646.535 1460.11
20 36 1043.16 1989.74
20 37 1214.1 2543.96
20 38 1302.25 2866.16
20 39 1446.08 3219.56
20 40 1498.51 3841.38
20 41 1529.27 4351.65
20 42 1677.65 5255.13
20 43 1696.42 6415.4
20 44 2162.62 8554.93
20 45 3418.7 14084
20 46 4641.83 21197
20 47 12.5452 52.7111
20 48 3.29466 -4.1563
20 51 9.1914 5.61996
20 52 14.6994 15.4121
20 53 9.29263 11.5879
20 56 -24.172 24.3289
20 57 0.128823 10.51
20 58 6.33904 9.55049
20 59 0.973813 1.60946
20 64 2.32947 1.11685
20 65 2.97737 -2.16791
21 33 56.1471 363.341
21 34 366.445 714.856
21 35 566.747 915.747
21 36 910.126 1341.05
21 37 1137.43 1660.23
21 38 1200.82 2006.78
21 39 1226.04 2257.43
21 40 1278.09 2559.11
21 41 1372.65 3133.95
21 42 1333.82 3729.37
21 43 1504.33 4734.32
21 44 1716.01 6278.99
21 45 2652.17 9866.44
21 46 3549 14974.1
21 47 -0.273118 18.0648
21 48 -3.52805 -0.656552
21 50 3.93082 0.604985
21 51 17.2629 15.6686
21 52 -7.4456 4.36517
21 53 3.49648 4.38181
21 55 -7.3198 5.48969
21 57 3.68327 1.66335
21 59 8.75837 8.87914
21 64 3.14974 1.56957
22 33 51.2849 147.406
22 34 216.955 328.406
22 35 517.248 583.099
22 36 777.342 952.527
22 37 975.062 1333.74
22 38 1085.09 1559.94
22 39 1167.14 1830.12
22 40 1176.2 2074.25
22 41 1286.46 2447.52
22 42 1096 2605.63
22 43 1280.66 3498.04
22 44 1308.24 4674.64
22 45 2264.38 7797.62
22 46 2758.53 10909.4
22 47 5.67047 16.3434
22 48 2.20918 10.0583
22 49 12.0018 6.06521
22 50 4.75249 2.86628
22 51 3.77652 4.3281
22 53 -5.69093 1.82957
22 57 2.03441 1.01128
22 58 4.28334 2.16819
22 59 9.97621 7.5458
22 64 2.54121 1.2339
23 33 36.6921 126.423
23 34 226.025 239.272
23 35 486.76 482.986
23 36 638.668 697.885
23 37 888.786 962.619
23 38 947.382 1151.32
23 39 1073 1542.33
23 40 1041.95 1723.73
23 41 1032.75 1868.1
23 42 1070.75 2247.32
23 43 1059 2597.28
23 44 1062.97 3135.02
23 45 1977.2 6449.69
23 46 2019.56 8133.33
23 47 11.1128 42.2579
23 48 0.320734 1.64412
23 49 3.82833 15.6813
23 50 0.151824 -0.257684
23 51 3.95048 4.31867
23 53 -4.94571 -3.28542
23 54 -4.75583 2.79885
23 58 6.83872 3.04144
23 61 8.51656 -3.39094
23 62 -5.58818 -1.98276
23 64 2.96786 1.3677
24 33 44.5562 43.7214
24 34 130.249 128.914
24 35 385.371 315.349
24 36 457.689 436.595
24 37 767.957 770.071
24 38 769.033 855.055
24 39 897.798 1136.62
24 40 895.288 1249.86
24 41 823.668 1548.98
24 42 1029.12 1913.97
24 43 810.077 2022.23
24 44 895.285 2662.27
24 45 1409.23 4372.23
24 46 1692.98 6265.46
24 47 0.637378 23.2777
24 49 0.985954 4.92146
24 50 1.64733 14.6428
24 52 -3.60275 28.0921
24 55 3.74883 4.33464
24 57 -6.04597 0.0992528
24 58 17.1891 5.38285
24 64 -0.56137 5.7728
25 33 27.1017 18.2452
25 34 94.9025 56.3201
25 35 298.331 159.242
25 36 384.128 301.916
25 37 646.966 560.75
25 38 764.187 805.55
25 39 839.966 1056.33
25 40 775.895 1050.88
25 41 824.983 1162.3
25 42 839.175 1373.8
25 43 744.289 1506.65
25 44 703.322 1950.48
25 45 1145.09 3179.07
25 46 1195.21 4203.43
25 47 6.30163 17.3797
25 48 6.13749 -2.06859
25 50 7.77522 10.3465
25 51 -5.27994 27.1525
25 52 -0.446634 14.5739
25 53 -4.32748 3.78574
25 54 -5.42253 13.2642
25 55 -7.6187 16.9225
25 58 5.16389 1.95552
25 61 4.05543 -4.90557
25 64 3.09926 1.28329
26 33 28.5035 9.88019
26 34 124.359 38.4361
26 35 290.861 178.511
26 36 351.11 315.858
26 37 603.702 487.019
26 38 725.698 725.043
26 39 686.19 844.214
26 40 675.736 907.545
26 41 617.921 869.422
26 42 784.34 1211.51
26 43 636.303 1138.17
26 44 582.123 1238.95
26 45 916.115 2413.13
26 46 769.051 2503.4
26 47 -3.33442 30.6015
26 48 19.8375 10.1527
26 50 -1.83794 5.5169
26 51 1.35402 12.525
26 52 24.5129 2.43363
26 53 -6.6018 11.6545
26 54 -4.88479 12.9018
26 56 -3.60116 12.708
26 59 4.29334 1.38931
26 63 0.854923 0.551633
26 64 3.55537 1.43979
27 33 15.3242 10.6489
27 34 97.2723 38.8674
27 35 225.077 111.68
27 36 328.027 206.13
27 37 473.565 408.622
27 38 629.638 601.706
27 39 633.937 705.094
27 40 635.659 815.549
27 41 528.367 798.618
27 42 611.884 981.227
27 43 649.782 1167.94
27 44 486.991 954.347
27 45 741.174 1719.47
27 46 584.717 1846.27
27 47 3.01371 3.86479
27 48 3.8165 0.527881
27 49 0.723119 3.89238
27 50 2.42385 2.24288
27 51 6.36186 -2.825
27 52 29.544 8.63225
27 53 -3.04134 3.80601
27 54 6.36723 0.554778
27 56 29.2153 12.3429
27 58 1.75288 7.07845
27 63 2.61082 1.70714
27 65 3.7678 1.48072
28 33 17.9663 -0.757664
28 34 56.7587 9.67634
28 35 194.627 75.2863
28 36 277.436 211.797
28 37 409.059 329.784
28 38 583.88 559.137
28 39 513.479 578.26
28 40 591.544 773.933
28 41 593.177 819.404
28 42 553.27 764.554
28 43 504.822 827.721
28 44 416.774 775.775
28 45 539.986 1244.96
28 46 393.182 1214.99
28 47 3.20496 4.85693
28 48 27.8166 19.8674
28 49 -1.32423 3.88916
28 52 34.311 6.19659
28 54 0.318627 0.914728
28 56 13.5708 29.3548
28 57 1.68482 2.21799
28 58 0.383983 1.34938
28 59 1.63707 6.03746
28 63 2.80223 1.82489
28 65 3.16167 1.28679
29 33 8.24339 -0.425743
29 34 41.1671 19.8709
29 35 139.138 52.4071
29 36 227.862 160.856
29 37 323.87 262.998
29 38 538.923 400.76
29 39 495.505 527.65
29 40 528.216 683.867
29 41 581.036 783.147
29 42 488.048 691.616
29 43 452.382 707.039
29 44 324.686 604.492
29 45 469.856 1035.4
29 46 225.851 776.173
29 47 25.6238 2.73594
29 48 -0.629738 1.96006
29 49 5.22452 1.16399
29 52 11.9937 0.00383513
29 53 -10.0353 1.70603
29 54 2.34349 6.50493
29 57 14.7982 26.8635
29 59 2.36396 10.45
29 60 0.403055 1.69383
29 64 4.99572 3.47634
29 65 4.90186 1.55628
30 33 10.9676 3.08939
30 34 14.6551 9.50271
30 35 127.926 48.2194
30 36 184.672 145.468
30 37 299.046 233.83
30 38 351.732 285.235
30 39 472.575 467.707
30 40 467.411 603.927
30 41 463.59 583.52
30 42 421.031 625.202
30 43 444.09 605.312
30 44 316.164 520.982
30 45 389.979 801.058
30 46 206.554 587.838
30 47 9.12377 12.6222
30 48 2.31985 4.6567
30 50 -8.02984 -11.5778
30 53 15.7021 -9.54349
30 54 -1.40221 21.1211
30 55 2.15763 25.9785
30 56 7.57688 1.09042
30 60 -0.410255 14.2389
30 64 3.71369 2.74716
30 65 6.33258 2.15746
31 33 10.6091 3.81539
31 34 25.8311 8.64287
31 35 108.203 31.9348
31 36 137.587 101.443
31 37 275.676 197.352
31 38 269.83 245.878
31 39 380.932 341.054
31 40 376.818 434.5
31 41 426.37 523.823
31 42 418.091 572.73
31 43 339.899 539.4
31 44 283.295 543.1
31 45 347.241 704.512
31 46 120.714 291.026
31 47 3.7972 1.65364
31 48 1.69564 2.17234
31 49 5.54652 7.47631
31 50 -7.47644 7.84522
31 52 -0.27441 1.14613
31 53 -3.48316 17.2801
31 54 -1.1257 5.88696
31 55 -0.357686 10.6408
31 56 0.250688 0.478417
31 58 4.32276 0.861428
31 60 7.40058 -2.60706
31 61 -10.6744 12.2191
31 63 3.21976 -6.05957
31 64 4.77768 3.31048
31 65 7.90359 2.64449
32 33 19.5093 2.6825
32 34 12.2979 -0.0292701
32 35 96.3342 36.6676
32 36 119.498 68.3209
32 37 254.817 191.529
32 38 258.071 206.32
32 39 336.473 333.742
32 40 335.07 376.171
32 41 353.628 505.731
32 42 348.005 452.033
32 43 314.389 433.057
32 44 263.571 441.245
32 45 217.766 459.825
32 46 103.114 253.909
32 47 4.72149 -4.68395
32 48 4.81656 5.82646
32 49 2.00057 4.34214
32 51 -20.1901 24.5707
32 52 -2.6857 10.8658
32 55 2.22401 5.58641
32 56 9.24422 9.03249
32 57 -3.91373 -0.773968
32 60 -14.7859 4.88291
32 61 -7.24646 16.7951
32 64 4.77766 3.04422
32 65 9.91936 3.36628
33 33 11.6097 6.27169
33 34 29.8958 3.8728
33 35 69.8246 24.5463
33 36 114.662 68.6099
33 37 202.13 145.107
33 38 232.089 194.018
33 39 303.729 252.885
33 40 275.627 314.124
33 41 307.611 469.913
33 42 351.333 439.59
33 43 234.601 358.374
33 44 260.419 388.315
33 45 177.331 376.66
33 46 48.9389 108.506
33 47 1.81551 -4.42402
33 48 4.81788 5.2907
33 50 -2.42539 3.43765
33 51 -17.0355 24.4069
33 52 -0.339171 1.24806
33 56 5.50681 13.3413
33 57 7.90257 -11.4433
33 61 -1.40423 2.65678
33 62 -4.91171 1.77769
33 64 5.18129 3.21707
34 33 7.38999 3.78572
34 34 47.0771 11.4747
34 35 58.5869 16.2598
34 36 117.184 47.6764
34 37 199.605 124.444
34 38 248.623 213.003
34 39 228.527 197.671
34 40 203.368 228.154
34 41 344.451 388.724
34 42 315.85 444.258
34 43 214.323 335.203
34 44 190.683 308.608
34 45 195.384 372.762
34 46 51.2948 138.582
34 47 15.2544 5.65858
34 48 7.3681 8.53819
34 50 -12.2697 8.90533
34 51 -1.34237 5.56074
34 56 9.70513 13.2207
34 57 -4.0493 5.69077
34 64 5.21878 2.82887
35 34 10.9673 1.53687
35 35 37.8635 17.1292
35 36 105.924 54.0149
35 37 149.65 115.873
35 38 207.161 162.026
35 39 193.934 168.248
35 40 189.22 179.079
35 41 213.922 235.08
35 42 236.399 329.365
35 43 230.34 289.545
35 44 183.943 313.155
35 45 142.759 252.46
35 46 40.3607 102.249
35 47 12.7861 9.95558
35 48 4.82661 7.26653
35 49 4.59213 -0.997337
35 50 3.11855 6.72796
35 52 0.0523017 11.5459
35 53 2.41305 26.4286
35 54 7.33919 4.12165
35 55 -6.11431 3.79208
35 56 16.7877 9.24754
35 57 7.62984 31.2262
35 59 5.77744 2.13563
35 64 10.961 0.77088
36 33 0.601251 0.293522
36 34 8.23754 0.185295
36 35 33.479 12.8
36 36 113.38 47.656
36 37 127.605 96.08
36 38 195.237 135.727
36 39 190.654 148.088
36 40 195.293 184.792
36 41 180.049 182.158
36 42 226.029 279.377
36 43 181.94 272.214
36 44 119.144 218.802
36 45 144.467 239.266
36 46 13.3059 13.79
36 47 13.7487 10.163
36 48 4.54559 7.32978
36 49 10.3431 -1.92833
36 52 11.4387 2.48243
36 54 18.688 10.9022
36 55 4.10558 16.2725
36 56 -6.62056 12.0656
36 57 2.00736 3.57101
36 59 -7.14956 8.59044
36 62 2.33211 -5.46211
37 33 -0.184247 5.79819
37 34 21.3082 1.59788
37 35 24.8791 1.71552
37 36 74.2801 12.453
37 37 107.505 54.9317
37 38 147.623 108.097
37 39 166.429 168.578
37 40 113.97 108.557
37 41 117.747 141.191
37 42 176.573 223.507
37 43 138.291 177.485
37 44 102.14 161.546
37 45 71.4148 145.153
37 46 5.46249 38.1183
37 47 8.21576 1.43481
37 49 -2.17661 4.25364
37 50 -18.1227 17.1073
37 52 10.7205 6.17041
37 54 -7.89776 3.97191
37 55 6.4712 17.7999
37 56 5.37335 6.54859
37 57 1.12374 1.99637
37 58 0.727971 1.28889
37 59 -3.12841 3.79756
37 60 -5.97286 -1.50664
37 61 7.31358 7.87671
38 33 0.511296 0.19243
38 34 11.4439 -0.789034
38 35 19.8885 5.08305
38 36 33.7848 5.32611
38 37 68.6517 41.565
38 38 112.087 82.3254
38 39 141.992 127.687
38 40 138.355 137.299
38 41 99.5483 121.725
38 42 119.533 163.476
38 43 140.134 178.068
38 44 90.3931 145.723
38 45 61.6595 122.913
38 46 8.95676 12.3947
38 47 12.8715 1.92974
38 49 -5.44988 9.3348
38 50 -34.1357 37.123
38 51 -4.3006 2.50342
38 52 -12.0533 12.1773
38 53 -10.6632 5.95
38 54 -4.13988 12.4455
38 55 -4.28523 1.86357
38 56 16.0054 12.9518
38 58 2.39835 4.23771
38 65 -0.821373 1.05127
38 66 -7.99918 11.1744
39 33 1.84239 0.703694
39 34 4.88507 0.633513
39 35 19.0434 11.3711
39 36 14.0197 8.51115
39 37 35.6878 34.1746
39 38 123.844 102.152
39 39 190.032 148.167
39 40 128.621 140.6
39 41 109.392 135.302
39 42 103.081 127.394
39 43 104.562 134.43
39 44 63.9503 130.548
39 45 37.0438 90.5274
39 46 30.9755 63.8536
39 47 17.2377 3.9587
39 49 3.5898 5.9442
39 50 2.03553 2.01098
39 51 1.90553 11.2627
39 52 9.38406 14.123
39 53 -1.45358 3.90008
39 54 -0.0486952 1.90749
39 57 10.3405 -6.93632
39 58 2.31619 4.00663
39 65 -6.60252 8.2729
39 66 0.394291 0.994611
40 33 1.45476 0.53062
40 34 9.37599 2.18491
40 35 4.99021 1.814
40 36 10.6225 6.25522
40 37 24.0409 11.6517
40 38 82.6258 61.7024
40 39 123.95 95.2199
40 40 159.767 165.056
40 41 88.5463 98.8854
40 42 100.686 125.388
40 43 91.9279 112.371
40 44 47.6133 102.881
40 45 58.4771 107.763
40 46 17.3232 42.3547
40 47 -1.17969 17.0642
40 48 -2.89415 3.58616
40 49 3.9094 3.80861
40 50 10.0252 9.68397
40 52 4.55364 2.32248
40 53 -4.9129 -1.06319
40 54 11.7322 -0.151158
40 55 5.60054 -0.166739
40 57 -6.15717 4.9697
40 58 1.57545 2.7626
40 59 0.74343 1.28331
41 33 5.3955 0.980995
41 34 10.2957 1.44151
41 36 15.0817 7.93259
41 37 13.4577 9.17496
41 38 68.7417 39.6707
41 39 62.8622 62.4814
41 40 120.804 119.909
41 41 45.8269 55.799
41 42 102.203 92.2477
41 43 91.4721 143.821
41 44 40.5874 72.7535
41 45 20.0827 44.4693
41 47 -19.7461 6.54947
41 48 0.882829 0.775112
41 49 -10.6962 0.71498
41 50 4.18209 20.5702
41 52 6.77864 3.10517
41 53 1.25494 0.695569
41 54 11.425 3.48961
41 56 -2.16291 -3.52462
41 57 3.92677 2.89448
41 58 -7.92484 5.98999
41 59 6.35743 14.0884
41 63 5.8401 5.97867
41 66 5.58619 1.62057
42 33 5.73431 -0.493692
42 34 3.91173 -1.82257
42 35 7.80039 -1.76141
42 36 23.886 12.2357
42 37 7.50504 4.67175
42 38 62.3797 20.5309
42 39 116.415 88.4371
42 40 54.1121 64.4877
42 41 45.402 49.0908
42 42 79.4978 96.8411
42 43 84.1369 100.759
42 44 20.825 57.0089
42 45 32.9428 88.5303
42 46 10.536 18.0776
42 47 -2.82992 1.01931
42 48 0.425072 8.02195
42 49 -5.00513 -0.0498631
42 51 -3.73248 6.56737
42 52 8.80321 0.696208
42 53 2.74104 -2.60582
42 54 30.6946 -4.31236
42 55 0.557128 0.783008
42 56 11.6197 2.46369
42 58 -8.27161 5.59173
42 59 6.25708 13.9125
42 63 7.62899 7.46999
43 33 3.38519 3.94039
43 34 1.69097 -0.746459
43 35 13.2734 7.79413
43 36 8.05134 5.28435
43 37 9.96551 6.70473
43 38 33.8567 13.581
43 39 81.4846 70.496
43 40 81.7304 68.7999
43 41 25.7701 46.8132
43 42 51.8923 62.2775
43 43 57.5196 86.603
43 44 41.2315 56.5471
43 45 5.04674 21.1031
43 46 -1.73207 10.9778
43 48 2.80521 2.27364
43 49 0.182451 3.91091
43 50 0.539634 0.164967
43 52 16.6107 -19.6465
43 53 12.7667 6.97698
43 54 24.9015 2.60201
43 55 -5.57665 8.01146
43 56 8.296 3.31772
43 58 -0.0489546 -2.44884
43 59 3.33769 5.45434
43 62 -1.07099 -15.6266
43 63 11.3578 9.67639
43 65 2.59319 1.49012
44 33 7.90403 2.3777
44 34 6.61602 0.523034
44 35 4.42611 2.37437
44 36 15.1827 16.0186
44 37 6.03522 3.778
44 38 35.1562 18.2363
44 39 59.1756 49.9542
44 40 59.9045 51.3983
44 41 46.0721 55.1687
44 42 63.5796 53.8086
44 43 48.2182 66.672
44 44 29.8597 44.163
44 45 14.4697 16.9909
44 46 22.9427 26.0971
44 47 0.0759582 -8.82515
44 48 6.54376 5.43023
44 50 5.62841 1.83072
44 52 -9.69916 -1.30132
44 53 3.61291 1.87399
44 55 5.81471 13.2439
44 57 -5.49431 -2.7663
44 58 -4.36876 3.02639
44 59 1.37436 2.09005
44 60 1.39788 1.12001
44 61 5.98999 5.20466
44 64 2.71926 4.83065
44 65 -3.60494 -5.74462
44 66 -2.17397 3.71023
45 33 6.92984 -0.500984
45 34 -0.884724 11.0238
45 36 4.69696 2.75788
45 37 7.30603 3.85159
45 38 31.4738 23.5081
45 39 74.4366 46.2519
45 40 40.0508 34.5855
45 41 26.4213 27.7721
45 42 45.5248 51.8158
45 43 78.7037 75.5567
45 44 27.8962 45.179
45 45 23.0519 27.323
45 46 16.2947 17.1893
45 47 7.61721 -4.43004
45 48 3.64952 2.97694
45 49 9.19031 2.87009
45 50 16.1496 11.5272
45 51 -5.73607 4.13421
45 52 1.86277 -3.74292
45 53 1.09787 0.574307
45 54 -3.65457 -9.54709
45 55 5.36867 6.64632
45 56 0.805715 1.16506
45 58 -1.30865 0.939361
45 60 4.1256 3.40173
45 66 -2.0574 7.05309
46 33 18.6565 -10.724
46 34 0.637731 2.10752
46 35 -3.69613 3.1298
46 36 8.08558 4.02324
46 37 8.19757 4.34496
46 38 17.4437 12.858
46 39 62.9011 44.6838
46 40 25.75 45.4668
46 41 40.8421 39.0293
46 42 33.6015 32.0702
46 43 95.6804 87.4006
46 44 19.2154 15.2459
46 45 44.1713 14.8205
46 46 1.91178 2.85463
46 47 -4.85588 -0.542208
46 48 3.68634 -4.45721
46 50 23.4443 10.3029
46 51 5.03608 1.47107
46 53 9.09744 5.05975
46 55 -1.90327 7.64366
46 56 1.29275 1.85497
46 60 4.13568 3.60664
46 63 3.40588 -1.93283
46 66 -2.69518 6.76496
47 33 7.98173 -0.213125
47 35 1.63609 5.85889
47 36 -1.24386 13.8433
47 37 4.86107 4.05145
47 38 35.5243 22.4223
47 39 51.8276 38.968
47 40 42.6633 38.1693
47 41 57.6014 68.6197
47 42 6.69573 5.665
47 43 38.2226 54.2531
47 44 1.93966 30.5795
47 45 -1.26444 5.83254
47 46 4.16703 3.62428
47 47 19.2404 -9.28037
47 48 14.1482 1.44631
47 49 0.463034 0.396217
47 50 7.4083 7.22619
47 51 5.62657 1.40021
47 53 6.46244 7.30566
47 56 11.4299 11.5368
47 57 2.31079 4.06894
47 58 -3.25767 9.6774
47 59 3.88891 4.48954
47 60 5.86204 4.67169
47 61 -4.08946 -0.389128
47 62 -1.9628 -3.85936
47 63 9.12292 -4.02703
47 66 -0.678395 4.47136
48 33 5.24376 2.14458
48 34 -5.49524 -10.0171
48 35 0.58791 2.12187
48 36 0.859491 3.14803
48 37 6.38756 2.87583
48 38 23.0318 26.5457
48 39 28.5888 27.0217
48 40 55.7738 41.6314
48 41 37.58 49.474
48 42 26.4156 24.0091
48 43 4.94304 20.7985
48 44 18.3327 20.5471
48 45 6.47122 21.5561
48 46 5.05065 2.44916
48 47 0.680912 0.979137
48 48 7.39888 1.0798
48 49 15.7156 10.3617
48 50 2.86813 5.14264
48 51 2.76211 0.699132
48 53 16.116 7.52001
48 54 1.27888 7.0465
48 55 1.26542 9.42663
48 56 0.679719 1.00968
48 57 -14.6894 8.29494
48 58 -8.72258 16.0258
48 59 5.5117 0.252113
48 60 3.04604 2.01935
48 63 10.2695 -3.98008
48 66 -0.169877 10.3004
49 33 -1.7073 -2.4288
49 36 6.11417 10.5928
49 37 13.0669 6.24404
49 38 22.9202 20.0121
49 39 29.0342 23.6369
49 40 50.6843 34.031
49 41 36.2816 36.7166
49 42 27.8312 24.2766
49 43 3.45444 -3.55386
49 44 12.0663 5.82502
49 46 9.33952 2.62437
49 47 2.3031 3.41937
49 48 8.85209 1.12205
49 49 2.87328 2.29204
49 50 -7.09926 8.02705
49 51 8.33208 2.20481
49 52 -13.313 -4.67675
49 53 -6.63592 4.3729
49 54 7.40005 23.751
49 55 5.56328 -2.28928
49 56 1.57203 2.2985
49 57 -19.7213 -4.98236
49 59 11.8767 9.82241
49 60 12.573 7.70529
49 66 5.1316 2.4153
50 33 16.0581 6.77131
50 36 5.50779 0.527888
50 37 11.8724 11.7594
50 38 15.0762 9.8852
50 39 12.4737 8.2153
50 40 19.1305 20.0286
50 41 14.4134 23.2835
50 42 29.49 27.1651
50 43 4.93529 -2.34441
50 44 8.97169 7.37074
50 45 7.91865 0.661567
50 46 10.2437 3.71153
50 47 18.2368 4.49188
50 48 2.08501 2.03509
50 49 -7.27543 2.07979
50 51 7.54554 2.06513
50 53 14.2621 7.83008
50 54 7.02743 9.80534
50 55 1.44201 4.0633
50 56 4.12428 3.68213
50 57 -8.23219 -0.247709
50 58 3.02911 2.26508
50 60 7.48033 4.33834
50 62 5.2199 -2.50438
50 64 -3.95125 9.05147
50 66 3.21787 0.555966
51 33 15.1395 28.7626
51 36 -5.69871 -2.10794
51 37 1.46375 5.96705
51 38 9.36118 5.70139
51 39 10.7386 4.21176
51 40 8.51406 11.6241
51 41 18.8908 24.1085
51 42 15.4514 24.6436
51 43 10.4196 13.049
51 44 7.44508 -2.95114
51 45 6.58973 37.4616
51 46 -4.85577 1.07711
51 47 2.25235 3.2158
51 49 -9.20565 0.0592929
51 51 5.27696 0.36759
51 55 9.04907 18.9835
51 56 -0.648316 -0.841596
51 57 2.30347 3.51643
51 58 5.49494 2.43704
51 66 9.25255 3.86026
52 33 5.2646 11.6754
52 34 0.289753 1.95321
52 38 -5.3951 7.2431
52 39 26.9868 13.8465
52 40 0.376423 9.0833
52 41 9.87706 11.2249
52 42 49.3309 51.9092
52 43 18.871 23.5982
52 44 19.0148 10.015
52 45 -1.14717 20.6724
52 47 4.69621 -1.80017
52 48 4.09846 8.01712
52 49 3.1072 3.05744
52 51 14.0812 5.01593
52 55 4.30386 14.9887
52 56 -2.10304 6.86234
52 57 2.03833 3.11105
52 58 2.4517 1.78316
52 66 5.32574 2.99858
53 33 0.959927 1.504
53 34 1.91002 9.5865
53 35 -4.04271 4.72839
53 36 12.0219 0.096632
53 37 -3.77084 -3.3681
53 38 11.5244 -6.86242
53 39 1.8504 9.644
53 40 12.4048 3.39329
53 41 7.46321 10.1848
53 42 30.8466 36.0963
53 43 3.97621 5.57148
53 44 2.50405 9.3642
53 45 4.75223 5.08452
53 48 1.98323 2.87939
53 49 6.70409 5.4721
53 50 3.05526 -2.97485
53 53 -15.4054 3.8922
53 54 -19.6603 9.57159
53 56 11.0781 11.0522
53 57 1.33862 2.05056
53 58 2.19936 1.61248
53 59 3.97095 -2.4676
53 65 -6.15642 -2.69932
54 34 2.22938 5.28153
54 35 1.2375 7.5259
54 36 -3.79918 -1.64975
54 37 5.91052 2.45544
54 38 3.81525 -5.77701
54 39 0.757443 8.09157
54 40 13.1974 16.9173
54 41 -0.960844 21.3129
54 42 24.9367 21.3538
54 43 11.1761 9.12306
54 44 10.9143 10.6519
54 46 6.39557 -2.28589
54 48 2.37852 15.994
54 49 2.31175 2.15482
54 50 4.58101 -2.0419
54 55 4.43154 1.48567
54 56 6.73285 5.87549
54 58 3.81461 3.93916
54 63 0.0156614 0.0314542
54 64 2.48023 24.3615
54 65 -0.726063 27.7417
54 66 -4.18169 -1.71789
55 33 -2.88426 2.74396
55 34 1.31175 1.99498
55 35 1.13604 4.97516
55 36 0.873058 6.08297
55 37 0.355126 2.10539
55 38 12.4706 8.66561
55 39 -4.03232 -2.71466
55 40 9.12639 9.61796
55 41 11.9086 10.8032
55 42 33.1381 24.8003
55 43 0.553897 6.95312
55 44 26.9752 10.3591
55 45 -4.56978 2.6168
55 46 9.26438 5.23659
55 47 5.13689 -3.03029
55 48 2.15237 3.28226
55 49 -10.1628 4.47887
55 53 4.11958 3.53644
55 55 9.72947 4.03738
55 56 0.872044 -0.6175
55 58 3.64082 4.00665
55 64 4.24885 8.6085
55 65 0.467335 4.80824
55 66 0.0570729 8.3132
56 33 2.10839 4.96587
56 34 0.515597 0.770156
56 35 0.0907413 0.431041
56 36 -6.40411 13.4206
56 37 0.982417 6.11912
56 38 0.31433 2.0551
56 40 13.7472 0.636166
56 41 27.8 13.8471
56 42 12.3596 13.804
56 43 12.0482 10.2606
56 44 -3.85175 -2.44095
56 45 3.95714 7.92835
56 47 -10.7417 5.41605
56 48 3.47656 6.87516
56 49 3.57973 11.7927
56 50 1.72101 1.61975
56 51 -11.0481 1.66862
56 52 5.64258 -0.223978
56 53 15.4977 12.8311
56 56 8.95506 -6.19265
56 58 2.77411 2.97521
56 59 1.1473 0.808078
56 62 -12.415 -0.68173
56 64 6.351 6.82318
56 65 1.82445 3.44528
57 33 0.912284 2.07493
57 34 2.14529 3.64323
57 36 0.771086 3.27503
57 37 0.384384 1.71662
57 38 -2.51389 1.19831
57 39 0.267607 2.06336
57 40 10.1926 8.89048
57 41 13.4261 9.13152
57 42 6.20377 26.9911
57 43 2.46929 4.71994
57 44 10.1092 -2.07173
57 49 2.23758 3.46551
57 50 1.2466 1.15632
57 51 4.77499 -0.881961
57 52 4.29372 3.56064
57 53 6.13028 4.40301
57 54 4.33584 -2.94842
57 55 1.63517 -6.8041
57 56 9.89885 -7.3426
57 58 1.83091 2.74512
57 59 2.246 1.61795
57 60 9.99608 -2.84864
57 65 4.55763 7.86958
57 66 0.437412 -0.203202
58 33 9.53438 -6.6993
58 34 8.0262 10.5886
58 35 0.526028 0.767079
58 36 4.81151 1.49927
58 37 1.27162 6.30314
58 39 0.909168 7.02978
58 40 -15.8989 -0.74894
58 41 20.0397 17.9852
58 43 4.69634 9.55369
58 44 5.72847 1.36758
58 45 11.8891 -1.97438
58 47 -7.53765 -2.73521
58 48 13.7623 -1.19661
58 49 0.544754 7.9825
58 50 4.85344 9.58839
58 53 2.51469 0.860081
58 54 2.06842 2.30749
58 55 -4.32696 4.3009
58 56 -5.40427 -1.82787
58 58 3.85353 8.0338
58 59 4.08325 4.09881
58 60 -8.28286 -1.73668
58 63 15.2459 -7.68329
58 65 1.89889 3.10989
58 66 2.4522 3.83306
59 34 13.3427 7.26288
59 35 1.37784 2.04395
59 37 0.499506 0.350858
59 38 1.06475 5.82907
59 39 -5.48396 2.22843
59 40 3.91239 2.84297
59 41 22.2121 6.13964
59 43 9.85098 31.5418
59 44 -4.76114 10.0509
59 47 3.47104 -4.31708
59 48 14.1701 4.23992
59 49 21.5249 2.05382
59 50 2.10785 1.87134
59 53 5.8477 -2.10988
59 54 4.42534 5.08013
59 57 -26.3075 1.72436
59 58 -5.04774 2.11264
59 59 3.66128 4.1048
59 60 5.42691 -2.42185
59 62 4.87261 -0.437491
59 64 7.41642 2.83776
59 66 3.73719 4.30227
60 34 1.45931 3.18046
60 35 2.39775 4.31218
60 36 -8.42119 6.65593
60 37 1.01369 3.36586
60 38 0.580155 3.23625
60 39 -3.70329 7.34332
60 40 11.1933 -1.35516
60 41 8.60794 2.67701
60 42 6.46632 9.27927
60 47 -4.64326 -0.596979
60 48 4.12564 -1.90085
60 49 20.4136 10.6041
60 50 -0.345458 15.6406
60 52 14.7686 1.68369
60 53 2.17801 0.696118
60 54 0.713988 7.30404
60 55 2.38552 2.06815
60 57 -5.45587 -6.25871
60 59 4.47452 4.63119
60 62 9.60209 -0.3256
60 63 -19.4574 7.61631
60 65 -0.249209 -5.08735
60 66 3.30005 3.71086
61 33 15.0074 -4.30038
61 35 1.08159 3.40664
61 37 21.3664 -3.74501
61 38 10.1313 3.24596
61 39 -3.44333 11.8806
61 40 7.58778 13.2668
61 41 14.4945 4.0522
61 42 11.6648 -1.24085
61 43 -4.39052 9.37954
61 44 -2.39757 6.84846
61 46 12.2519 8.61008
61 50 9.79277 11.1761
61 52 18.1964 7.38994
61 53 2.18189 0.693128
61 55 4.84701 4.66323
61 56 2.11694 17.6051
61 57 -13.9097 -15.4831
61 58 -1.66793 -1.64794
61 59 3.86581 4.27689
61 62 6.97272 4.42397
61 63 -10.8295 16.7223
61 64 -4.5502 3.02954
61 65 -2.61664 2.35935
62 33 0.0119506 0.155046
62 34 9.33015 -8.46752
62 35 3.86966 8.77688
62 36 0.474682 0.991818
62 37 3.27055 -2.88576
62 39 4.5619 -2.32442
62 40 6.2836 4.41218
62 41 3.54254 1.16511
62 43 0.818791 3.99506
62 44 3.20098 8.07427
62 45 2.34675 3.05889
62 46 2.32421 5.57534
62 49 4.38589 2.02497
62 50 16.6281 16.1487
62 52 6.36773 1.62432
62 53 -0.393332 6.63165
62 55 4.86811 4.83208
62 56 4.1814 2.26076
62 57 -6.31889 4.60097
62 58 -5.63862 -5.51933
62 59 1.66691 16.8058
62 60 0.759657 1.17922
62 61 15.3334 1.05072
62 63 -2.7575 1.06594
63 33 0.38355 3.28502
63 34 9.62886 -0.0457407
63 35 0.78246 1.82671
63 36 2.72005 5.99095
63 38 -5.54521 -0.681909
63 39 -4.82284 -0.884569
63 40 28.3239 -4.96824
63 41 -5.00113 -6.36774
63 42 -4.07097 -2.55554
63 44 2.63566 11.8865
63 45 11.8467 18.9065
63 46 0.913079 -4.79359
63 48 5.61326 -0.762108
63 49 7.20419 -14.4844
63 50 -10.0676 9.18523
63 51 0.394234 5.21954
63 53 -1.94244 1.13375
63 55 4.88079 4.76768
63 56 -6.501 10.5352
63 58 -5.59913 12.6704
63 59 1.62987 1.33675
63 60 8.03765 8.33447
63 61 -5.42037 0.20201
63 65 -13.9345 3.71268
64 34 0.403274 3.09252
64 35 0.826612 6.25843
64 36 5.46926 11.6404
64 38 -2.57968 3.75917
64 39 -4.95168 -3.14834
64 40 9.54618 -3.23831
64 41 5.79806 4.20023
64 44 -6.89407 14.1296
64 45 16.8319 27.9628
64 47 -0.854291 -4.3945
64 48 4.37514 -3.23071
64 49 -6.07725 0.947214
64 50 8.91795 8.82275
64 51 -11.2986 9.98862
64 52 0.603322 -4.17774
64 53 3.04017 0.882949
64 55 7.10243 6.92566
64 56 2.93096 1.37292
64 59 3.05515 2.49646
64 60 16.0428 19.8333
64 64 10.1269 -10.4777
64 65 -8.43961 1.81583
65 35 0.236726 1.86861
65 36 5.53841 16.666
65 37 0.202656 0.459272
65 40 4.70802 -6.31381
65 41 3.34325 3.56432
65 42 -1.15473 -4.38937
65 45 -4.4845 7.09049
65 46 2.9586 11.9729
65 47 4.31567 3.38914
65 49 10.4445 3.24303
65 50 4.73282 3.34086
65 53 2.04749 0.616325
65 54 0.910146 0.265503
65 55 5.49145 5.02297
65 56 16.1244 9.99282
65 58 -3.87921 2.2792
65 60 4.86577 5.65468
65 61 6.88537 19.2694
65 65 -1.98477 0.46969
66 33 -0.602365 -0.270564
66 34 0.105755 -0.433384
66 35 -5.42749 0.612163
66 36 7.75114 3.87211
66 37 5.4212 15.7263
66 38 -12.2315 -0.953687
66 40 1.04235 0.426732
66 41 9.86203 4.71734
66 42 1.02237 0.0965681
66 44 0.0113755 0.0037012
66 45 10.9332 -3.46073
66 46 -2.17493 15.3268
66 47 -6.98623 -0.779885
66 50 6.92491 5.8955
66 51 2.02623 0.221068
66 52 4.50839 0.755326
66 53 -0.0305482 0.947846
66 54 2.28324 0.637914
66 56 5.86779 2.79421
66 58 19.2007 30.113
66 59 0.11908 0.684514
66 60 2.61278 1.97896
66 62 0.267687 0.160036
66 64 -0.0104215 0.0123403
67 35 0.941029 -0.175981
67 36 1.64059 0.0742285
67 37 3.71308 2.46596
67 38 0.128707 0.871476
67 39 1.72012 1.39978
67 41 2.55753 2.35124
67 42 1.34799 -0.424619
67 44 0.812343 0.351038
67 45 12.3023 -2.56424
67 48 0.136742 -0.117767
67 49 0.231892 -0.183955
67 50 0.517696 0.433251
67 51 2.12504 5.59443
67 52 0.00611708 0.00836982
67 53 -0.21713 0.746828
67 54 0.642605 1.76471
67 55 0.723313 0.57362
67 56 0.635854 0.288026
67 58 1.23158 -0.549099
67 59 2.19521 9.18636
67 60 0.2868 0.209391
