0 33 -12.7515 6189.82
0 34 27.1519 10549.9
0 35 -20.0484 10671.8
0 36 109.892 10627.9
0 37 0.633585 10429.7
0 38 76.1585 10538.8
0 39 -11.8253 10548.7
0 40 52.6447 10031.2
0 41 -2.73869 9814.61
0 42 102.035 9620.02
0 43 62.2496 9768.8
0 44 40.2658 9732.23
0 45 108.962 9175.29
0 46 90.7394 8789.4
0 47 29.2062 8395.21
0 48 27.4634 8173.15
0 49 30.7301 7933.43
0 50 17.4107 7881.91
0 51 18.8306 8401.92
0 52 75.8827 8912.64
0 53 156.835 10830.3
0 54 143.367 9080.47
0 55 -0.832853 28.5074
1 33 35.1505 17846.6
1 34 335.994 30134
1 35 374.208 30559.7
1 36 230.98 30695.9
1 37 418.246 30973.6
1 38 405.137 30074.2
1 39 404.657 29545.7
1 40 309.174 29615.8
1 41 102.209 29521.1
1 42 263.433 29069.6
1 43 395.699 28002.4
1 44 510.274 27541
1 45 290.482 27244.2
1 46 264.257 26736.3
1 47 266.33 26032.7
1 48 421.639 24911.5
1 49 341.473 24679.6
1 50 417.439 24101
1 51 362.312 23708
1 52 341.237 25650.7
1 53 733.818 32554.7
1 54 516.322 30073.6
1 55 -3.15616 70.7882
2 33 248.124 27947.7
2 34 430.671 47198.9
2 35 654.495 47696.4
2 36 589.789 47971.6
2 37 878.349 47460.8
2 38 877.435 47459.6
2 39 642.505 47726.4
2 40 640.689 47425.5
2 41 608.541 46361.3
2 42 853.992 46033.2
2 43 862.136 44736.8
2 44 774.743 43714.4
2 45 989.838 43241.2
2 46 924.333 41853.8
2 47 872.059 40704.3
2 48 1073.38 39948.7
2 49 892.913 39233.9
2 50 1140.73 39511.2
2 51 1121.69 40355.7
2 52 1117.28 42250.3
2 53 1368.98 54728.3
2 54 926.823 46922.1
2 55 -4.28023 93.374
3 33 284.561 35396.6
3 34 895.958 60031.5
3 35 762.841 60920.1
3 36 1184.86 60415.8
3 37 1178.28 60727.1
3 38 1628.42 60743.6
3 39 1098.46 60368.3
3 40 1184.59 60138.9
3 41 1329.51 59933.4
3 42 1253.24 59030
3 43 1693.9 57844.1
3 44 1418.42 56879.7
3 45 1928.2 55799
3 46 1659.82 54947.5
3 47 1654.32 53884.8
3 48 1892.79 52200.3
3 49 1904.72 52146.1
3 50 1782.16 52228.6
3 51 2165.08 53667.4
3 52 2264.8 57064.3
3 53 2867.61 73184.6
3 54 2068.94 64176.3
3 55 -3.64001 138.676
3 57 1.48221 10.1948
3 58 1.92495 -5.28351
4 33 513.348 39421.4
4 34 1236.81 66831.4
4 35 1676.15 67485.6
4 36 1887.25 67963.7
4 37 1714.84 68869.9
4 38 1946.67 68668.4
4 39 1749.8 68974.5
4 40 2104.23 68950.2
4 41 1717.36 67872.3
4 42 2078.51 66548.6
4 43 2465.71 66444.3
4 44 2309.07 66351.7
4 45 2568.27 65152.7
4 46 2784.69 63669.5
4 47 2604.32 62228.2
4 48 2843.92 62765.6
4 49 2820 61935.3
4 50 2783.1 61948.4
4 51 3289.78 63321.5
4 52 3206.25 67907.8
4 53 4121.73 87808.4
4 54 4194.32 77254.9
4 55 34.6429 246.394
4 57 -1.57645 -0.50919
4 58 5.0831 -3.43361
5 33 541.378 40706.9
5 34 1598.46 68779.6
5 35 2348.35 69445.1
5 36 1963.68 69871
5 37 1992.09 70559.7
5 38 2442.11 71149.2
5 39 2518.82 70813.7
5 40 2522.18 71132.2
5 41 2572.63 70799.9
5 42 2731.38 70138.1
5 43 3100.65 70100.6
5 44 3145.77 69109.4
5 45 3346.96 68886.3
5 46 3272.5 68116.6
5 47 3536.68 68181.2
5 48 3664.01 66507.5
5 49 3740.27 67987.3
5 50 3635.53 68999.4
5 51 4225.62 72729.4
5 52 4548.89 79718.3
5 53 6423.25 101173
5 54 5305.26 86320.5
5 55 17.4841 231.206
5 57 3.87968 -0.815941
6 33 800.85 39746.5
6 34 1428.04 67280.7
6 35 2172.86 67571.9
6 36 2522.8 68457.9
6 37 2797.94 68376.5
6 38 2718.02 68332
6 39 2956.13 69130.8
6 40 3078.14 68753.6
6 41 3519.96 68126.3
6 42 2819.57 69135.6
6 43 3743.49 69097.8
6 44 3895.41 68877
6 45 4010.25 69496.5
6 46 4117.72 69672.5
6 47 4016.68 69612.1
6 48 4255.54 69852.1
6 49 4753.06 71253.1
6 50 5158.32 73233.9
6 51 4849.79 76007
6 52 6033.88 82821.4
6 53 8719.28 109523
6 54 7088.67 95301.9
6 55 -7.63169 314.333
6 56 22.5549 22.3723
6 57 14.8 -3.17139
6 58 1.50044 2.28248
6 60 -3.24344 -4.7953
6 65 11.1993 -1.29806
7 33 515.899 36644.5
7 34 1975.23 61815.7
7 35 2800.68 62891.8
7 36 2687.55 63081.6
7 37 3550.9 63723.9
7 38 3600.32 63887.8
7 39 3361.66 63523.1
7 40 3472.13 64814.1
7 41 3645.75 65456.1
7 42 3558.02 65422.1
7 43 3998.21 65940.2
7 44 4435.73 67122.2
7 45 4563.94 67099.1
7 46 4780.42 67849.6
7 47 4825.68 68809.9
7 48 5340.53 69589.9
7 49 5297.25 69904.9
7 50 5704.01 71691
7 51 5942.49 77247.9
7 52 7043.26 85318.8
7 53 10115.1 114611
7 54 7985.11 100364
7 55 9.82159 387.088
7 56 18.8349 -13.7701
7 57 6.82426 5.85205
7 58 1.48312 2.27939
7 62 0.742025 9.14588
7 63 6.16395 5.32005
8 33 681.772 30794.5
8 34 2248.39 52374.3
8 35 3312.81 54298.7
8 36 3225.8 55095.7
8 37 3692.88 55450.7
8 38 3668.89 56341.9
8 39 3579.42 56698.6
8 40 3667.71 57025
8 41 4040.53 58188.4
8 42 3927.1 58122.3
8 43 4189.86 59414.2
8 44 5024.65 60573.7
8 45 4768.84 61966.8
8 46 4911.43 62809.5
8 47 5551.14 64623.1
8 48 5675.23 65469.5
8 49 5965.24 68979.9
8 50 6312.79 72271.5
8 51 6872.61 76131.2
8 52 7975.26 85274
8 53 11641.2 113291
8 54 9693.22 100277
8 55 25.8964 289.986
8 56 -7.65975 -1.72178
8 57 -13.0345 3.8662
8 58 9.11404 1.44587
8 60 4.29501 5.03948
8 61 -5.19713 0.807931
8 62 -4.49512 28.4514
8 63 2.83393 1.95387
8 64 13.3315 9.17911
8 65 -5.30874 -0.665186
9 33 905.498 25424.9
9 34 1988.15 42940
9 35 3004.23 44515.3
9 36 3225.78 45676.5
9 37 3546.97 46806.2
9 38 3898.09 47713.6
9 39 3814.54 47967.5
9 40 3942.99 48702
9 41 4408.06 50127.7
9 42 4666.81 50201.7
9 43 4265 50756.1
9 44 4806.66 53187.9
9 45 4843.61 54599
9 46 5379.51 56753.6
9 47 5662.92 58565.4
9 48 5949.8 60132.4
9 49 6213.78 63163.4
9 50 6596.7 67070.5
9 51 7759.37 73128.6
9 52 8552.69 82006.2
9 53 12624.2 113548
9 54 10184 97379.7
9 55 17.0933 229.594
9 56 5.15527 12.2531
9 57 -5.70954 1.54412
9 58 1.043 1.62842
9 59 -6.24945 10.1694
9 60 -10.4163 9.74434
9 61 6.7627 2.76173
9 62 -3.37657 8.10562
9 63 5.53266 -2.0159
9 64 18.1615 2.09767
10 33 728.681 20228.7
10 34 1947.69 34518.4
10 35 3181.65 35646.1
10 36 3263.05 36494.3
10 37 3416.12 37266.3
10 38 3765.44 38115.5
10 39 4342.91 39075
10 40 3860.6 39675.3
10 41 4186.57 40001.7
10 42 4478.53 41819.8
10 43 4002.74 42853.3
10 44 4844.29 43874.5
10 45 4986 46829.5
10 46 5517.21 49035.2
10 47 5242.69 51120.1
10 48 6306.31 55025.6
10 49 6377.35 57864.6
10 50 6997.33 61917.9
10 51 7848.39 68941.9
10 52 9227.2 79167.6
10 53 13673.8 108154
10 54 10862.7 94833.5
10 55 29.5496 257.875
10 56 6.35233 16.9874
10 57 -10.0299 0.358575
10 59 1.82161 2.81882
10 60 -8.06618 5.26629
10 61 -3.01507 8.27373
10 62 -19.7613 5.69707
10 64 6.7568 6.37125
11 33 667.911 14617.9
11 34 1772.77 25175.3
11 35 2728.45 26276.9
11 36 3297.98 27205.2
11 37 3658.08 28055.3
11 38 3458.18 28854.6
11 39 3723.91 29842.3
11 40 3804.65 31598.6
11 41 4092.63 32300.5
11 42 4464.27 34106.6
11 43 4356.51 35374.7
11 44 4426.97 37255.9
11 45 4771.91 38946.9
11 46 5426.49 41214.3
11 47 5423.86 44122.5
11 48 6059.12 47522.8
11 49 6465.64 51579.6
11 50 6840.68 56143.5
11 51 8171.09 63839.2
11 52 9480.25 74522
11 53 14248.1 106696
11 54 11474.3 90948.9
11 55 32.416 175.417
11 56 -4.9284 -3.90272
11 57 -9.66014 1.54151
11 58 -2.9433 15.8303
11 59 -1.38325 3.97105
11 61 -0.744479 2.13664
11 62 -6.8017 14.3262
11 63 -0.168512 15.3878
11 64 16.9919 10.2669
11 66 4.16633 -2.05718
12 33 584.372 10960.2
12 34 1668.09 18879.2
12 35 2349.88 20042.1
12 36 3034.78 20625.8
12 37 3285.48 21672.4
12 38 3291.24 22277.7
12 39 3423.8 22997
12 40 3606.67 23895.3
12 41 3841.31 24683
12 42 4140.36 26302.8
12 43 4190.46 27946.8
12 44 4180.73 29458.7
12 45 4406.71 31788.1
12 46 4724.45 34119
12 47 5126.76 37352.2
12 48 5737.47 41024.4
12 49 6307.43 44891.7
12 50 6744.65 50289
12 51 7650.45 56770.9
12 52 9364.36 68709.7
12 53 14381.6 98500.7
12 54 11760.8 82049.1
12 55 33.6806 198.179
12 56 -5.49439 -4.59472
12 57 -4.04698 0.906322
12 59 -1.74624 3.70322
12 60 3.20612 4.79417
12 61 2.27748 1.74878
12 64 16.1061 11.9122
13 33 354.071 7590.06
13 34 1484.42 13093.6
13 35 2128.33 14014.1
13 36 2841.56 14816.8
13 37 3150.34 15592.9
13 38 3099.23 16327.8
13 39 3297.91 16780.2
13 40 3321.25 17378.3
13 41 3559.02 18626.2
13 42 3524.69 19742.4
13 43 3732.75 21196.2
13 44 3864.33 23714.3
13 45 4129.44 25264.9
13 46 4396.96 27391
13 47 4607.47 29565.8
13 48 5366.15 33043.3
13 49 5967.77 37715.5
13 50 6272.21 42634.9
13 51 7341.88 50122
13 52 8987.77 59583.9
13 53 14347.8 89954.4
13 54 11545.9 75478.3
13 55 5.56871 123.856
13 56 4.69448 4.62169
13 57 4.75371 -2.06782
13 59 1.12154 1.50805
13 60 0.867247 1.1447
13 61 6.29981 5.16155
13 62 0.476642 8.39087
13 63 -7.92347 12.9058
13 64 8.54538 3.38395
14 33 383.983 5033.81
14 34 1340.62 8856.8
14 35 2171.33 9448.82
14 36 2607.65 10171
14 37 2681.44 10704.5
14 38 2951.36 11715.2
14 39 3104.14 12316.4
14 40 3044.39 12942.6
14 41 3237.85 14187.2
14 42 3346.09 14920.8
14 43 3239.44 15959.3
14 44 3193.39 17289.9
14 45 4036.64 20326.9
14 46 3828.36 21981.9
14 47 4214.35 24212.3
14 48 4794.79 27532
14 49 5346.64 31163.8
14 50 5809.46 35659
14 51 6894.74 43331.4
14 52 8707.26 53923
14 53 13472.3 79968.7
14 54 10846.4 68314
14 55 27.7758 99.8076
14 56 -2.98993 5.48673
14 57 -2.33095 0.495033
14 58 -5.83064 0.315688
14 60 1.52378 1.99079
14 61 -1.48941 5.21909
14 62 10.2013 7.14381
14 63 -5.15275 7.88457
14 64 16.4468 9.14008
14 65 4.13767 0.284474
15 33 349.908 3316.05
15 34 1125.92 5904.39
15 35 1841.07 6575.88
15 36 2400.76 7404.36
15 37 2426.67 7850.54
15 38 2707.39 8592.12
15 39 2808.55 8990.69
15 40 2775.62 9364.71
15 41 2839.67 9942.44
15 42 3191.53 10887.3
15 43 2927.33 12202.2
15 44 2787.35 13072
15 45 3510.37 14637.6
15 46 3539.14 17316.4
15 47 4029 19732.1
15 48 4265.42 21994.7
15 49 4598.25 25768
15 50 5408.85 30114.5
15 51 6301.29 36022.1
15 52 7987.52 45792.3
15 53 13079.3 71239.4
15 54 9459.73 58071.8
15 55 12.3509 68.0526
15 56 9.23312 3.8087
15 57 5.68693 -2.18826
15 59 0.545532 0.188473
15 60 1.51198 1.89411
15 61 5.21056 2.62575
15 62 -4.46952 11.5505
15 63 -1.31506 1.9325
15 65 -5.15144 3.01013
16 33 308.722 2024.3
16 34 939.565 3738.55
16 35 1565.56 4297.99
16 36 2085.5 4981.56
16 37 2092.94 5206.89
16 38 2502.95 6010.38
16 39 2632.68 6345.44
16 40 2627.57 6612.53
16 41 2561.15 7160.54
16 42 2876.01 7923.19
16 43 2750.8 8990.23
16 44 2759.04 9958.5
16 45 2765.86 11075.6
16 46 3123.95 12515.7
16 47 3268 14582.5
16 48 3783.38 17684
16 49 4232.46 20861.2
16 50 4918.8 25141.4
16 51 5626.06 29998.6
16 52 7175.33 38768.3
16 53 12173.1 62751.1
16 54 9241.88 50948.4
16 55 12.3902 125.716
16 56 3.38065 2.71679
16 58 -2.41402 4.96296
16 59 5.79133 2.04006
16 60 -9.69888 24.0933
16 61 12.2773 18.8961
16 62 4.19788 1.55355
17 33 211.29 1186.68
17 34 746.91 2345.16
17 35 1433.68 2725.88
17 36 1750.11 3407.44
17 37 1914.39 3502.38
17 38 2294.85 4387.45
17 39 2453.2 4845.53
17 40 2546.48 5202.49
17 41 2288.05 5360.13
17 42 2581.6 5979.49
17 43 2401.5 6447.62
17 44 2717.95 7518.29
17 45 2454.32 8417.32
17 46 2933.27 10192.5
17 47 2766.72 11241.4
17 48 3281.08 13382.6
17 49 3655.78 16238.2
17 50 4402.12 20260.3
17 51 5212.1 25543.6
17 52 6474.45 33135.9
17 53 11437.3 53452.5
17 54 8251.22 42503.1
17 55 -1.88144 24.4674
17 56 11.7955 8.84522
17 57 2.01598 6.68772
17 58 5.07806 13.4312
17 59 5.99969 4.2691
17 60 -0.109323 21.81
17 61 -2.18546 49.4361
18 33 123.01 691.088
18 34 654.84 1426.72
18 35 1318.81 1841.51
18 36 1577.84 2437.12
18 37 1782.02 2838.89
18 38 2085.43 3352.22
18 39 2219.18 3707.34
18 40 2247.14 3938.4
18 41 1995.75 4027.05
18 42 2220.73 4847.37
18 43 2145.09 5023.48
18 44 2249.54 5727.06
18 45 2126.57 6184.29
18 46 2539.49 7773.51
18 47 2515.64 8825.69
18 48 3032.16 10719.8
18 49 3258.19 12978.4
18 50 3619.15 15767.2
18 51 4356.53 20099.3
18 52 5926.82 27581
18 53 10050 45662.1
18 54 7080.36 36280.5
18 55 -2.23614 8.62479
18 56 -0.544533 5.09074
18 57 1.60425 5.5158
18 58 -4.38464 5.6246
18 59 0.880206 26.9679
18 60 9.27046 16.9247
18 61 0.805292 1.11206
18 62 0.39291 0.612701
18 63 -1.16228 6.69109
19 33 151.882 380.981
19 34 557.934 865.057
19 35 1094.3 1291.81
19 36 1402.76 1680.36
19 37 1674.65 2082.73
19 38 1833.2 2379.29
19 39 2098.12 3008.05
19 40 2052.45 3269.51
19 41 1962.21 3257.6
19 42 1965.89 3785.08
19 43 1964.89 4190.02
19 44 1853.43 4396.63
19 45 1972.51 5004.95
19 46 2193.05 5893.25
19 47 2256.11 6948.81
19 48 2493.03 8145.16
19 49 2812.08 10026.9
19 50 3126.12 12533.5
19 51 4079.39 16467.1
19 52 5083.23 22045.1
19 53 8825.45 38682
19 54 6066.69 28636.7
19 55 28.1053 24.2108
19 56 -0.89695 4.36469
19 58 1.57033 4.25658
19 59 9.4958 14.1355
19 60 1.43161 28.4964
19 61 11.1657 21.8628
19 63 3.95956 5.36294
19 64 0.0709081 0.0259273
19 65 17.917 -5.95961
20 33 139.014 176.005
20 34 485.657 516.918
20 35 924.527 836.582
20 36 1183.12 1238.36
20 37 1695.65 1794.97
20 38 1617.91 1853.27
20 39 1817.86 2296.35
20 40 1907.27 2639.1
20 41 1856.26 2736.87
20 42 1746.14 3015.92
20 43 2005.2 3465.99
20 44 1681.79 3430.76
20 45 1792.12 3851.81
20 46 1918.95 4385.09
20 47 2115.5 5529.15
20 48 2163.15 6472.83
20 49 2471.87 7949.56
20 50 2569.23 9900.19
20 51 3348.14 13075.1
20 52 4367.72 18615.2
20 53 7712.73 31639.4
20 54 5076.97 22731.5
20 55 19.6301 36.4154
20 56 8.5465 9.30202
20 58 10.2257 -3.5165
20 59 0.7396 8.96925
20 60 30.8709 3.90578
20 61 0.538839 32.5368
20 63 3.81087 7.70227
20 64 5.50818 2.17171
21 33 150.486 33.5605
21 34 387.868 237.463
21 35 779.367 506.804
21 36 1038.58 848.977
21 37 1462.91 1369.3
21 38 1534.62 1584.21
21 39 1729.2 1992.16
21 40 1666.6 2227.43
21 41 1810.42 2612.28
21 42 1584.52 2430.18
21 43 1946.15 3197.07
21 44 1666.13 2938.5
21 45 1614.2 3185.83
21 46 1643.56 3588.34
21 47 1871.12 4438.41
21 48 1886.26 5099.19
21 49 2058.28 6070.96
21 50 2211.04 7736.11
21 51 2758.41 10416.6
21 52 3649.45 14188.9
21 53 6935.11 26791.8
21 54 4129.89 17924.6
21 55 22.7132 73.6315
21 56 11.0066 11.6633
21 57 2.9556 -4.41325
21 58 3.78193 31.9299
21 59 -9.54086 -0.805002
21 60 14.2931 36.8106
21 61 -0.77648 27.9401
21 62 -9.81399 -1.87417
21 63 5.41561 9.25
21 64 -13.8987 11.3656
22 33 121.933 52.5038
22 34 346.841 165.499
22 35 671.161 420.394
22 36 910.736 694.474
22 37 1270.52 1157.12
22 38 1540.74 1437.11
22 39 1531.13 1673.84
22 40 1637.3 1914.47
22 41 1674.81 2265.9
22 42 1548.34 2332.67
22 43 1836.84 2714.04
22 44 1568.96 2713.16
22 45 1505 2780.72
22 46 1436.35 2948.05
22 47 1637.54 3759.09
22 48 1767.64 4310.26
22 49 1883.99 5123.08
22 50 1852.04 6265.31
22 51 2369.07 8234.55
22 52 3246.96 11993
22 53 5713.31 21035.1
22 54 3533.68 14926.8
22 55 10.4795 27.724
22 56 7.25515 7.93029
22 57 -4.37792 17.2967
22 58 8.61104 -3.59544
22 59 1.41503 16.2744
22 60 -6.38762 12.8623
22 61 1.8388 2.59588
22 62 -4.75972 2.45064
22 63 18.3265 1.96339
22 64 -6.05813 5.50856
22 65 1.3033 13.6589
22 66 4.70722 5.74628
23 33 104.68 15.361
23 34 213.294 88.4024
23 35 623.618 343.03
23 36 837.321 601.748
23 37 1206.26 1025.64
23 38 1378.01 1308.53
23 39 1449.08 1574.05
23 40 1489.63 1623.59
23 41 1515.17 1981.39
23 42 1578 2101.16
23 43 1523.14 2198.57
23 44 1531.23 2522.91
23 45 1381.69 2475.29
23 46 1394.5 2541.61
23 47 1510.59 3083.21
23 48 1670.38 3815.63
23 49 1615.6 4229.96
23 50 1671.35 4816.3
23 51 1921.39 6472.26
23 52 2730.78 9593.31
23 53 5085.47 18031.8
23 54 2962.06 11803.7
23 55 1.74018 -0.72881
23 56 7.40568 18.2337
23 57 -5.54371 7.24211
23 58 -4.46672 5.33173
23 59 0.870285 0.682258
23 60 1.9491 9.05595
23 61 0.621874 0.854771
23 62 12.9026 9.38538
23 63 0.789811 2.5315
23 64 -16.0548 -1.68341
23 65 20.8478 4.07684
23 66 7.71467 5.25771
24 33 90.0593 -0.578383
24 34 160.205 48.4787
24 35 511.812 238.199
24 36 749.176 505.191
24 37 1059.29 849.331
24 38 1237.25 1219.21
24 39 1258.77 1298.97
24 40 1353.14 1475.66
24 41 1436.48 1770.52
24 42 1430.87 1973.69
24 43 1496.15 1963.37
24 44 1429.82 2159.02
24 45 1342.3 2254.75
24 46 1250.75 2238.18
24 47 1341.17 2490.53
24 48 1485.01 2992.86
24 49 1473.57 3761.29
24 50 1476.36 4043.85
24 51 1654.6 5222.64
24 52 2231.74 7156.18
24 53 4255.58 14525.4
24 54 2225.16 8767.77
24 55 -7.10495 2.55188
24 56 4.38213 7.38534
24 57 -4.66082 -0.957156
24 58 -2.25451 20.7981
24 59 11.9483 11.6233
24 60 9.62126 11.4779
24 62 1.11436 1.53235
24 63 4.28428 1.57405
24 64 -23.9557 26.7148
24 65 3.6208 -1.21995
24 66 5.81365 10.7647
25 33 51.4303 9.13158
25 34 148.861 43.9489
25 35 422.103 176.55
25 36 671.025 394.942
25 37 952.62 767.751
25 38 1109.36 1019.09
25 39 1147.56 1169.69
25 40 1299.15 1348.8
25 41 1410.55 1663.48
25 42 1347.51 1845.26
25 43 1293.13 1841.19
25 44 1592.59 2125.76
25 45 1262.32 2085.3
25 46 1131.93 1945.43
25 47 1138.4 2136.88
25 48 1335.01 2593.96
25 49 1371.28 3007.82
25 50 1376.74 3406.95
25 51 1372.81 3969.54
25 52 2073.87 6334.08
25 53 3473.02 11034.9
25 54 1629.94 6045.57
25 55 4.49329 21.3239
25 56 -11.2765 -4.99067
25 57 -5.67183 0.00329978
25 59 19.3822 37.013
25 60 18.9664 17.4465
25 61 8.23834 19.5271
25 62 8.43863 14.0765
25 63 0.0781542 0.23674
25 64 -2.70234 14.6512
25 65 19.6056 -3.69396
25 66 0.828312 8.6866
26 33 52.1192 2.9782
26 34 100.562 31.5063
26 35 465.399 146.382
26 36 563.578 336.054
26 37 834.288 609.091
26 38 1053.55 891.924
26 39 1133.23 1171.76
26 40 1156.77 1186.82
26 41 1274.88 1463.83
26 42 1325.35 1725.92
26 43 1196.55 1682.19
26 44 1282.23 1728.88
26 45 1091.14 1777.86
26 46 1121.74 1969.67
26 47 1181.97 2001.68
26 48 1209.9 2300.55
26 49 1123.16 2443.86
26 50 1220 3061.66
26 51 1236.32 3349.52
26 52 1614.57 4769.81
26 53 2962.23 9131.52
26 54 1396.5 5165.31
26 55 4.69182 25.489
26 56 -2.02698 -2.34747
26 57 6.28318 7.74339
26 58 4.08038 -2.50583
26 60 5.4219 6.98842
26 61 5.84149 12.047
26 62 2.51026 3.26644
26 63 -3.4915 7.05678
26 64 1.54393 9.31325
26 66 -3.25801 -4.27742
27 33 51.3168 -11.172
27 34 98.772 21.3324
27 35 358.552 132.73
27 36 536.958 319.644
27 37 672.726 505.32
27 38 952.842 782.915
27 39 983.655 1011.27
27 40 1120.55 1154.32
27 41 1010.86 1225.29
27 42 1277.07 1549.44
27 43 1246.89 1574.33
27 44 1202.84 1630.07
27 45 1016.68 1610.28
27 46 1042.9 1773.53
27 47 1071.41 1793.5
27 48 1016.04 2002.86
27 49 924.203 2012.36
27 50 1024.02 2316.49
27 51 1123.96 3026.16
27 52 1438.3 4160.3
27 53 2500.06 7502.11
27 54 978.429 3573.98
27 55 10.3153 0.848264
27 56 -1.11477 9.05303
27 57 2.08401 -3.72551
27 58 15.4555 -4.07285
27 59 4.15213 -2.17609
27 60 1.72727 1.44029
27 61 0.747004 18.9977
27 62 2.48014 3.46568
27 63 -9.63516 26.0873
27 65 2.09142 5.20433
27 66 -5.8692 6.46991
28 33 37.8864 -10.9423
28 34 77.5217 11.4424
28 35 331.719 84.1871
28 36 480.901 278.224
28 37 570.066 430.398
28 38 884.375 714.736
28 39 892.908 860.214
28 40 1107.07 1152.85
28 41 957.531 1067.82
28 42 1185.8 1510.85
28 43 1142.01 1462.97
28 44 1116 1550.88
28 45 1037.79 1593.88
28 46 1005.39 1620.09
28 47 930.196 1699.65
28 48 959.487 1665.89
28 49 948.362 2014.54
28 50 873.55 1934.83
28 51 921.735 2308.25
28 52 1239.85 3425.79
28 53 2158.44 6226.36
28 54 739.58 2726.85
28 55 23.4301 6.11499
28 56 -2.08869 19.1738
28 57 7.93214 3.36954
28 58 2.29433 20.4334
28 60 0.5761 0.487804
28 61 13.6864 12.4665
28 62 -0.614061 1.32117
28 63 -19.0866 13.2785
28 65 2.44056 5.34132
28 66 -6.78967 8.0846
29 33 42.1659 -13.6793
29 34 90.8863 6.31096
29 35 272.695 68.3855
29 36 459.572 233.617
29 37 516.769 390.46
29 38 664.822 537.874
29 39 779.918 742.32
29 40 953.724 989.114
29 41 851.631 974.05
29 42 978.931 1263.94
29 43 990.096 1313.2
29 44 1015.77 1321.37
29 45 961.524 1333.58
29 46 892.759 1436.22
29 47 963.058 1709.16
29 48 801.891 1416.24
29 49 924.902 1716.27
29 50 832.313 1763.76
29 51 854.243 2106.65
29 52 930.971 2547.13
29 53 1725.44 5019
29 54 606.094 2019.98
29 55 7.56727 12.6654
29 56 1.48646 1.55635
29 57 -4.62544 22.5173
29 58 -27.8105 59.7138
29 59 -5.04024 3.48017
29 60 7.90466 6.87532
29 61 2.72561 1.47086
29 62 -5.30706 11.6777
29 63 2.52005 3.69076
29 65 -12.873 10.6144
29 66 0.886954 2.02005
30 33 36.7675 -4.21198
30 34 95.7475 5.48753
30 35 212.489 60.205
30 36 453.717 228.877
30 37 451.104 313.201
30 38 618.654 522.879
30 39 735.709 659.128
30 40 942.407 978.708
30 41 886.153 979.928
30 42 893.685 1095.11
30 43 944.838 1227
30 44 930.052 1188.9
30 45 946.936 1348.67
30 46 773.127 1299.78
30 47 827.975 1531.92
30 48 714.388 1418.64
30 49 826.866 1391.28
30 50 692.588 1408.64
30 51 773.323 1765.65
30 52 895.353 2230.34
30 53 1476.48 4070.04
30 54 360.335 1160.7
30 55 -4.01243 19.9013
30 56 4.81131 13.6
30 57 2.03248 0.704815
30 58 -3.42998 11.3892
30 59 12.5899 -7.93926
30 60 1.52999 1.27582
30 61 3.67639 1.88009
30 62 -0.624744 1.38981
30 63 7.06145 12.9259
30 64 0.0943067 10.3317
30 65 -0.279968 0.336124
30 66 -2.36646 5.27862
31 33 12.905 0.110266
31 34 86.6904 8.82635
31 35 130.024 52.0562
31 36 357.015 174.964
31 37 405.649 288.817
31 38 582.299 442.082
31 39 638.95 587.734
31 40 820.479 807.462
31 41 810.222 853.815
31 42 880.128 924.388
31 43 962.407 1259.19
31 44 949.192 1254.51
31 45 828.536 1145.68
31 46 723.78 1093.22
31 47 774.25 1332.49
31 48 745.995 1377.28
31 49 761.837 1465.05
31 50 671.137 1271.96
31 51 543.468 1307.61
31 52 750.341 1900.52
31 53 1170.31 3275.96
31 54 345.649 1147.95
31 55 -1.7715 14.4178
31 56 24.914 1.60345
31 57 -9.68049 13.0415
31 59 5.64455 -0.873588
31 60 4.91382 -3.48028
31 61 13.2553 9.86263
31 62 4.6911 -0.871679
31 63 3.83435 5.38054
31 64 9.97207 22.9559
31 66 -4.26632 -2.24966
32 33 9.00122 -0.28445
32 34 90.4558 -0.983724
32 35 153.607 48.5388
32 36 262.911 120.314
32 37 369.946 223.045
32 38 525.762 381.548
32 39 635.067 567.853
32 40 773.963 744.007
32 41 802.035 839.039
32 42 781.551 913.22
32 43 817.641 1014.59
32 44 851.42 1097.23
32 45 761.487 1150.97
32 46 685.27 1015.74
32 47 628.888 1150.09
32 48 701.493 1285.96
32 49 641.562 1281.18
32 50 616.382 1176.93
32 51 447.73 1084.12
32 52 686.995 1644.58
32 53 977.427 2463.07
32 54 251.075 828.887
32 55 -17.4129 -2.37446
32 56 22.1817 -1.21605
32 57 -2.37691 11.8381
32 60 5.12925 4.66451
32 61 3.98388 1.99981
32 62 4.11694 4.23143
32 63 3.87369 5.47943
32 65 -1.15533 10.1482
33 33 14.0334 -1.1716
33 34 75.2018 0.7088
33 35 110.536 35.3232
33 36 326.496 130.021
33 37 333.977 195.512
33 38 414.257 290.482
33 39 571.238 527.627
33 40 728.472 659.183
33 41 708.689 750.016
33 42 774.778 895.318
33 43 756.467 902.303
33 44 873.154 1158.25
33 45 712.615 1018.01
33 46 651.466 953.491
33 47 554.217 901.093
33 48 656.993 1146.9
33 49 566.804 1083.17
33 50 527.908 1023.07
33 51 422.436 971.842
33 52 566.915 1290.53
33 53 789.1 2165.52
33 54 139.699 351.474
33 55 -24.3038 -9.82769
33 56 14.9321 10.0287
33 57 11.6085 7.6351
33 60 3.49848 5.75482
33 61 3.92414 2.40392
33 62 -3.94894 1.34349
33 64 -17.9298 22.6654
33 65 -8.41615 6.97217
33 66 -1.02923 1.84671
34 33 22.8108 2.60006
34 34 59.8161 1.34795
34 35 94.0276 21.2783
34 36 272.861 97.6891
34 37 281.37 188.847
34 38 413.039 284.787
34 39 492.642 433.559
34 40 646.721 609.131
34 41 651.257 665.913
34 42 706.559 844.817
34 43 761.595 863.062
34 44 711.702 994.856
34 45 660.408 951.747
34 46 632.916 869.329
34 47 574.702 970.282
34 48 564.502 958.297
34 49 597.62 1088.2
34 50 459.581 924.539
34 51 443.165 978.518
34 52 398.157 965.4
34 53 690.59 1907.79
34 54 123.858 411.567
34 55 -7.04486 11.2819
34 56 20.7044 17.357
34 57 -3.7787 -6.02266
34 58 0.42766 1.80469
34 59 -5.20297 2.26912
34 61 4.50082 2.47009
34 64 4.05522 9.12384
34 66 -2.52676 4.75727
35 33 14.7356 -0.256655
35 34 40.0519 -3.05423
35 35 88.4792 15.9103
35 36 267.105 101.492
35 37 261.785 141.796
35 38 384.814 252.319
35 39 483.791 388.184
35 40 582.812 522.789
35 41 713.405 751.051
35 42 618.32 705.86
35 43 718.539 835.258
35 44 666.135 871.265
35 45 665.971 976.858
35 46 621.232 932.721
35 47 530.315 814.279
35 48 509.992 827.08
35 49 455.244 856.335
35 50 401.451 809.141
35 51 400.61 903.785
35 52 429.83 912.981
35 53 622.004 1340.13
35 54 77.2194 261.322
35 55 -1.19014 4.76391
35 56 5.84555 8.22151
35 57 2.83349 2.217
35 58 1.81205 3.38624
35 59 -10.9453 -6.6388
35 60 10.6995 5.04707
35 61 0.0561328 11.114
35 62 -8.92189 6.49447
35 63 2.9342 -3.27532
36 33 22.339 1.11701
36 34 42.3801 2.0932
36 35 116.028 25.99
36 36 224.387 91.113
36 37 289.221 154.719
36 38 343.106 222.924
36 39 415.638 339.126
36 40 520.405 486.194
36 41 672.25 638.748
36 42 571.845 631.574
36 43 664.841 796.982
36 44 613.5 774.939
36 45 708.592 954.855
36 46 590.904 868.013
36 47 548.474 830.14
36 48 377.727 643.025
36 49 430.17 736.048
36 50 426.153 850.58
36 51 350.911 700.832
36 52 345.021 770.927
36 53 486.365 1106.5
36 54 88.2575 191.13
36 55 9.55988 32.9528
36 56 8.97145 20.5581
36 57 15.7779 11.2949
36 58 5.09935 21.7855
36 59 -1.17805 17.1462
36 60 27.3832 29.1149
36 61 -4.28428 33.6788
36 62 -0.644467 5.91694
36 63 -3.8881 3.9854
36 64 13.4906 5.80544
36 65 26.9503 22.732
37 33 20.5666 -3.84707
37 34 44.4057 -2.84675
37 35 84.4341 18.0939
37 36 170.772 53.3693
37 37 222.6 96.9825
37 38 305.108 199.2
37 39 354.473 268.863
37 40 476.035 430.186
37 41 550.526 531.973
37 42 543.702 629.59
37 43 635.196 804.076
37 44 566.417 774.338
37 45 633.313 856.378
37 46 558.308 800.488
37 47 451.771 687.64
37 48 432.551 642.51
37 49 415.782 635.566
37 50 433.834 729.966
37 51 280.924 580.336
37 52 300.866 693.074
37 53 372.582 927.024
37 54 41.6725 114.254
37 55 7.07536 7.27292
37 56 18.0436 8.95427
37 57 1.16844 1.78703
37 58 -10.3015 11.6223
37 60 13.1793 7.89056
37 61 -1.81786 3.20164
37 62 32.9956 16.825
37 65 -7.14028 17.6879
38 33 7.99371 -0.180043
38 34 29.4412 0.948927
38 35 82.9037 14.4151
38 36 161.921 44.8012
38 37 174.241 80.6015
38 38 282.068 180.823
38 39 384.19 300.342
38 40 418.754 328.669
38 41 562.439 566.539
38 42 420.9 483.039
38 43 602.568 672.95
38 44 502.465 631.872
38 45 541.897 756.295
38 46 500.235 716.749
38 47 492.833 763.456
38 48 399.619 647.894
38 49 408.81 551.797
38 50 289.42 574.415
38 51 256.942 495.968
38 52 280.207 607.676
38 53 276.378 665.812
38 54 23.293 67.7061
38 55 2.29815 3.77392
38 56 33.0207 27.9333
38 57 1.11252 1.71746
38 58 -1.26915 15.8734
38 60 4.44302 -3.86952
38 61 15.1427 2.53149
38 62 -3.3917 26.6789
38 64 1.48351 3.07956
38 65 -2.62828 9.40177
39 33 26.6545 0.877413
39 34 40.2582 1.0009
39 35 66.2741 11.1199
39 36 172.949 43.674
39 37 205.713 101.491
39 38 282.949 144.336
39 39 269.144 211.936
39 40 423.132 384.198
39 41 432.609 416.229
39 42 461.256 493.59
39 43 536.121 594.551
39 44 451.893 642.329
39 45 551.645 735.921
39 46 443.127 666.128
39 47 435.448 710.907
39 48 373.053 634.212
39 49 343.028 465.049
39 50 258.81 461.869
39 51 248.885 460.98
39 52 251.727 541.291
39 53 189.785 435.084
39 54 13.7331 37.8658
39 55 20.5041 36.7455
39 56 15.0473 16.0316
39 57 9.36313 27.1525
39 58 8.51216 -7.01122
39 59 2.45722 17.1443
39 61 7.94454 4.57484
39 62 -0.952976 -1.63973
39 63 0.551326 0.634046
39 64 -2.94531 5.82608
39 65 3.36738 10.8957
40 33 7.72362 1.87773
40 34 27.4596 19.5634
40 35 51.8484 25.3448
40 36 139.358 49.257
40 37 173.598 73.7777
40 38 223.942 128.053
40 39 270.869 193.984
40 40 412.416 337.793
40 41 431.29 423.449
40 42 442.577 411.529
40 43 434.097 476.629
40 44 457.188 558.132
40 45 476.432 617.327
40 46 456.464 646.199
40 47 464.174 696.033
40 48 406.281 652.19
40 49 302.173 494.436
40 50 223.395 379.308
40 51 202.958 382.21
40 52 245.918 428.058
40 53 197.978 383.717
40 54 30.4067 74.5886
40 55 -0.197681 0.0764276
40 56 -15.3744 0.299235
40 57 2.69586 10.2055
40 58 0.196633 0.880845
40 59 -12.8714 -5.89775
40 60 -31.8849 41.8798
40 61 -2.89396 2.70202
40 62 -3.23687 -4.01973
40 63 0.565983 2.44015
40 64 3.9893 13.582
40 65 1.56467 3.40447
40 66 3.81643 7.35815
41 33 20.2227 -1.94438
41 34 14.7525 4.40677
41 35 42.3794 21.4325
41 36 135.733 60.6789
41 37 181.561 79.359
41 38 173.311 98.8101
41 39 277.535 203.704
41 40 315.099 295.343
41 41 436.407 399.684
41 42 371.447 389.848
41 43 373.676 441.759
41 44 497.306 553.632
41 45 374.861 524.973
41 46 396.47 582.63
41 47 465.882 706.318
41 48 316.517 574.685
41 49 286.91 414.353
41 50 165.906 264.755
41 51 210.247 323.721
41 52 232.569 437.11
41 53 189.797 341.048
41 54 -2.0088 8.82374
41 55 0.913678 20.2453
41 56 3.1614 25.8333
41 57 15.0671 9.79286
41 58 -35.5235 15.4797
41 59 -7.13577 11.6844
41 60 -5.0106 -3.5047
41 62 6.90351 10.9042
41 63 6.05005 7.67795
41 64 5.00232 13.2041
41 65 -9.95609 1.58671
41 66 3.05051 5.44314
42 33 9.9381 -3.51402
42 34 10.496 3.21128
42 35 52.5628 8.96434
42 36 116.275 41.792
42 37 142.201 65.3668
42 38 181.789 118.049
42 39 283.475 210.441
42 40 254.468 239.827
42 41 321.832 302.508
42 42 338.767 360.669
42 43 402.013 407.868
42 44 449.085 518.098
42 45 390.019 487.902
42 46 367.096 553.384
42 47 393.528 613.299
42 48 317.117 475.251
42 49 267.877 443.599
42 50 153.73 360.85
42 51 119.309 218.339
42 52 226.493 382.804
42 53 152.081 268.15
42 54 6.68467 1.15301
42 55 9.55656 -2.11937
42 56 9.25051 12.0644
42 57 26.4926 16.3393
42 58 14.1387 17.2154
42 61 0.551807 0.84198
42 62 25.654 9.49447
42 63 1.52596 29.228
42 64 -5.97239 8.30843
42 65 13.4462 10.3893
43 33 4.1802 4.64762
43 34 9.82287 -2.36863
43 35 70.5448 12.9616
43 36 117.405 31.3296
43 37 148.863 66.7992
43 38 188.252 89.3864
43 39 210.658 156.494
43 40 244.996 207.429
43 41 295.509 256.024
43 42 339.442 386.25
43 43 393.514 370.341
43 44 354.722 411.916
43 45 338.171 464.952
43 46 371.053 534.144
43 47 330.391 552.745
43 48 295.54 456.03
43 49 218.479 382.643
43 50 198.453 401.743
43 51 125.255 217.853
43 52 188.616 372.022
43 53 131.149 237.954
43 54 13.2218 18.2161
43 55 -0.902668 -0.751331
43 56 21.8351 16.7848
43 57 8.40082 36.8518
43 58 -10.3924 31.1526
43 59 2.3113 4.98534
43 60 -4.30832 -3.67574
43 61 3.48213 30.886
43 62 2.0097 2.07031
43 63 -2.69101 4.03316
43 64 2.64391 0.560275
43 65 13.9264 16.2144
43 66 2.21697 1.94007
44 33 7.19624 8.14735
44 34 11.8125 -10.2283
44 35 49.7999 18.2717
44 36 97.7153 33.7666
44 37 82.554 26.6357
44 38 172.22 63.0845
44 39 228.567 134.945
44 40 212.723 174.776
44 41 283.486 262.007
44 42 326.998 354.296
44 43 255.575 322.967
44 44 271.015 347.929
44 45 304.534 395.565
44 46 337.066 438.017
44 47 342.74 528.419
44 48 272.169 391.839
44 49 181.439 343.297
44 50 167.73 293.018
44 51 100.246 164.16
44 52 150.501 317.453
44 53 106.146 297.884
44 54 1.79177 -0.412708
44 55 2.47978 1.03718
44 56 19.7668 13.8523
44 57 14.9936 9.67086
44 58 -27.431 27.1583
44 59 -7.29968 10.0927
44 60 4.21838 14.4091
44 61 -14.5914 20.0119
44 62 1.99661 2.05796
44 63 -14.7667 3.35623
44 64 4.26546 0.67642
44 65 5.85682 5.03074
44 66 10.1199 8.61356
45 33 13.9319 16.4311
45 34 16.9767 -1.1334
45 35 44.591 22.9683
45 36 103.116 22.6005
45 37 98.9645 31.1887
45 38 134.369 46.1504
45 39 165.243 82.4883
45 40 222.764 158.063
45 41 279.774 223.786
45 42 249.36 256.739
45 43 313.94 325.88
45 44 288.837 280.236
45 45 261.29 340.586
45 46 362.231 435.024
45 47 308.264 491.02
45 48 272.799 409.517
45 49 167.159 288.687
45 50 171.926 276.589
45 51 95.0936 183.841
45 52 81.0115 206.481
45 53 87.7691 188.725
45 54 26.5322 28.6273
45 55 -3.76246 3.80953
45 56 5.98671 -0.216467
45 57 11.3325 29.2556
45 58 -0.318982 0.397078
45 59 9.79839 -0.36542
45 60 -4.9663 24.9252
45 61 2.15129 13.6423
45 62 1.33477 1.28739
45 63 -2.68371 4.21809
45 64 3.42437 0.633278
45 66 17.3902 16.7221
46 33 3.92877 4.51255
46 34 18.8423 -3.02003
46 35 22.4315 -2.49986
46 36 67.3638 0.407543
46 37 98.7091 34.3488
46 38 102.947 39.8645
46 39 119.225 41.424
46 40 157.731 114.59
46 41 263.517 229.734
46 42 229.544 259.617
46 43 220.594 208.871
46 44 287.862 314.05
46 45 251.179 289.871
46 46 323.689 344.839
46 47 258.033 342.137
46 48 264.338 428.267
46 49 215.715 328.804
46 50 135.725 243.237
46 51 109.536 177.961
46 52 48.8266 121.667
46 53 47.5686 162.953
46 54 18.6295 16.3298
46 55 2.6915 6.68977
46 56 10.7698 0.803143
46 57 -0.60835 39.2864
46 58 -0.777069 23.028
46 59 13.7702 8.63377
46 60 -4.57661 16.3189
46 61 0.0203633 13.8624
46 62 12.8188 22.5954
46 63 -1.04112 1.56245
46 64 3.39495 0.633142
47 33 3.44132 4.1448
47 34 26.9538 13.0701
47 35 11.68 0.930049
47 36 36.6991 8.80944
47 37 86.9253 39.1066
47 38 90.7361 40.3037
47 39 104.144 53.941
47 40 183.708 135.809
47 41 245.549 228.328
47 42 198.01 210.399
47 43 225.625 211.056
47 44 207.442 235.611
47 45 213.906 262.007
47 46 294.896 365.562
47 47 224.55 305.825
47 48 238.733 376.279
47 49 162.39 268.644
47 50 101.73 175.14
47 51 90.6179 136.273
47 52 48.3437 94.607
47 53 6.78746 20.3426
47 54 -0.188051 -1.40365
47 55 8.01145 8.63074
47 56 4.83274 1.85677
47 57 9.33359 11.216
47 59 7.37826 6.49411
47 60 -4.91821 2.34046
47 61 4.18068 11.2646
47 62 5.40992 21.8754
47 63 2.85635 2.52514
47 64 -9.47552 9.28243
48 33 0.425297 -0.462213
48 34 26.3783 23.5946
48 35 22.1284 -2.83771
48 36 34.1784 6.65787
48 37 79.0468 30.2036
48 38 80.4511 34.425
48 39 122.527 59.4237
48 40 152.357 93.6021
48 41 232.721 213.745
48 42 175.351 163.223
48 43 207.728 215.618
48 44 220.378 226.128
48 45 191.203 254.422
48 46 247.08 333.151
48 47 268.867 343.308
48 48 183.1 240.138
48 49 162.153 275.259
48 50 119.764 181.791
48 51 97.2343 143.877
48 52 56.5439 103.714
48 53 16.3788 45.7086
48 54 1.82625 3.04183
48 55 6.54743 6.43669
48 56 4.80168 -4.36371
48 57 4.65403 7.67958
48 58 6.05471 23.7385
48 60 -2.38287 6.05158
48 61 6.16802 -0.333904
48 62 6.79949 10.376
48 63 2.14019 1.94803
48 64 4.63733 0.989311
49 33 14.3001 -0.562293
49 34 19.6089 11.6783
49 35 11.4761 5.99317
49 36 39.0369 8.23924
49 37 71.0543 21.2808
49 38 79.0018 39.654
49 39 81.8399 46.037
49 40 92.3471 74.5556
49 41 185.119 139.968
49 42 185.541 186.347
49 43 166.874 188.964
49 44 182.634 206.521
49 45 209.865 232.306
49 46 240.455 319.745
49 47 272.395 327.859
49 48 194.418 208.121
49 49 115.765 183.638
49 50 150.656 244.855
49 51 126.449 166.994
49 52 56.2024 77.9119
49 53 12.8807 29.583
49 54 -6.65805 1.92728
49 55 10.624 3.98152
49 56 26.4082 -0.325708
49 57 5.38425 3.66604
49 58 13.9155 12.2612
49 59 -2.58459 -2.74891
49 60 -0.630837 7.51066
49 61 -1.85754 9.32754
49 62 9.91901 10.9622
49 63 6.49782 11.0915
49 64 -0.0557363 4.77342
49 65 -3.7805 -3.22742
50 34 13.2077 6.02936
50 35 8.57947 2.43669
50 36 21.7375 6.08424
50 37 59.4952 30.6658
50 38 92.2053 40.4294
50 39 84.6894 43.1655
50 40 83.1167 57.1545
50 41 154.268 118.017
50 42 126.217 116.712
50 43 175.723 188.107
50 44 187.481 187.748
50 45 202.205 207.531
50 46 157.953 223.435
50 47 220.689 309.447
50 48 161.865 224.903
50 49 127.873 205.195
50 50 93.6525 214.218
50 51 79.0542 115.737
50 52 64.4394 64.2676
50 53 20.6606 44.3575
50 54 -2.56998 5.69718
50 55 0.256374 -0.456417
50 56 17.9357 4.04838
50 57 0.99827 5.14456
50 58 0.527591 18.0654
50 60 -1.43012 6.83328
50 61 2.11126 -5.80271
50 62 6.07354 6.86819
50 63 2.85739 2.37784
50 64 2.79611 9.42398
50 65 8.7925 5.31065
51 33 5.19788 0.501101
51 34 18.9606 2.72981
51 35 6.45515 3.82088
51 36 49.7513 9.93167
51 37 43.8337 17.6979
51 38 76.13 23.3093
51 39 86.6925 49.6583
51 40 49.0862 42.1232
51 41 122.944 83.821
51 42 117.222 89.5979
51 43 154.872 159.773
51 44 167.501 169.101
51 45 157.643 182.603
51 46 164.827 206.013
51 47 195.902 262.76
51 48 152.735 215.328
51 49 149.298 231.047
51 50 72.2805 146.849
51 51 97.9411 119.804
51 52 54.4531 87.0595
51 53 20.2541 20.2922
51 54 3.99828 30.9499
51 55 15.9914 13.3863
51 56 23.6655 -4.2381
51 57 -5.07188 3.89901
51 58 7.51942 1.57368
51 59 1.15738 5.7291
51 60 13.9315 3.94974
51 61 0.851248 1.45591
51 62 5.58345 6.1385
51 63 2.2094 1.79365
51 64 2.5613 -9.02476
51 65 -11.9207 10.5966
51 66 7.49291 9.5039
52 33 0.930676 1.9673
52 34 14.2716 -0.30772
52 35 9.41053 8.52681
52 36 15.5868 6.5821
52 37 30.5296 13.123
52 38 54.2095 13.1778
52 39 94.8657 54.7198
52 40 66.0915 49.965
52 41 97.1098 61.6722
52 42 106.104 89.8754
52 43 99.9637 114.506
52 44 148.322 144.247
52 45 138.353 159.159
52 46 188.147 229.283
52 47 173.714 227.61
52 48 154.844 199.203
52 49 180.545 227.315
52 50 84.4773 149.774
52 51 73.4479 108.402
52 52 38.6241 46.4717
52 53 12.6133 43.92
52 54 -2.46368 3.69308
52 55 7.9389 6.10292
52 56 10.3793 -3.25558
52 57 0.769454 6.4635
52 58 4.64121 4.15059
52 59 -5.93769 6.7221
52 60 36.7512 13.0012
52 61 1.05189 1.85419
52 62 6.28066 3.10055
52 63 -0.513449 -2.79544
52 64 17.9688 7.22496
52 65 0.696997 12.2782
52 66 -4.68367 21.8679
53 33 4.40436 6.2018
53 34 3.89902 0.810488
53 35 4.12714 1.10671
53 36 52.8622 8.54659
53 37 32.9621 14.3215
53 38 56.0727 23.2691
53 39 76.4809 51.5988
53 40 47.604 21.4953
53 41 113.833 82.7705
53 42 111.04 108.587
53 43 81.6174 66.0607
53 44 124.528 116.913
53 45 118.807 128.225
53 46 139.763 157.247
53 47 152.008 192.444
53 48 134.368 197.438
53 49 129.811 168.712
53 50 73.7848 105.372
53 51 53.241 66.7571
53 52 48.0459 58.2522
53 53 -3.73572 8.47547
53 54 16.7563 17.1605
53 55 14.3818 8.06216
53 56 -0.557166 -3.43227
53 57 10.921 12.3558
53 58 12.345 -4.01602
53 59 -15.6606 0.195528
53 60 14.1658 2.67203
53 61 1.62676 2.90054
53 62 1.85512 1.58522
53 63 2.90269 2.24673
53 64 1.33016 1.63403
53 65 15.75 6.61265
53 66 1.18203 16.0008
54 33 7.59491 4.95971
54 34 13.2326 0.0619046
54 35 4.69869 1.39407
54 36 35.2588 5.29675
54 37 13.8718 8.33603
54 38 39.6713 24.6256
54 39 53.1025 21.4768
54 40 49.5513 36.822
54 41 78.014 49.3781
54 42 88.6276 72.5407
54 43 91.3192 75.8242
54 44 139.31 136.295
54 45 128.71 118.28
54 46 158.97 170.452
54 47 106.36 152.801
54 48 92.5117 216.811
54 49 132.523 197.49
54 50 64.0923 75.4058
54 51 50.3149 76.9522
54 52 48.5555 76.3431
54 53 2.45848 3.86187
54 54 2.54498 -2.18959
54 55 7.58982 -1.49426
54 56 -3.76282 5.11643
54 57 24.2806 20.773
54 58 4.1601 3.97571
54 59 12.2935 15.7037
54 60 14.0598 8.86335
54 61 -0.357061 15.5344
54 62 2.78225 9.3305
54 63 1.96881 1.69406
54 64 2.68717 2.07737
54 65 16.9764 5.3672
54 66 2.63832 2.56018
55 33 1.02946 -0.715736
55 34 12.2007 11.9098
55 35 -1.13213 6.20155
55 36 13.9446 -0.0707676
55 37 19.4024 12.7322
55 38 44.3151 23.2741
55 39 55.8145 25.3513
55 40 61.1693 41.2093
55 41 76.515 57.9952
55 42 115.645 102.361
55 43 114.427 71.683
55 44 129.557 131.735
55 45 132.314 121.962
55 46 105.958 137.332
55 47 135.43 160.638
55 48 73.8233 105.665
55 49 105.93 151.28
55 50 43.7743 55.2516
55 51 47.1895 72.351
55 52 65.5433 94.7572
55 53 7.07823 5.05756
55 54 14.2377 -9.17687
55 55 19.8866 1.52815
55 56 6.86992 0.0825578
55 57 6.51736 0.831095
55 58 2.65682 30.4151
55 59 1.56792 -15.3071
55 60 6.67582 3.261
55 61 22.7133 15.6472
55 62 -8.95529 7.79259
55 63 14.1935 8.68708
55 64 4.72392 14.5418
55 65 18.7995 18.7608
55 66 5.70725 12.534
56 34 12.2464 0.791766
56 35 7.25111 7.96633
56 36 11.944 9.74435
56 37 25.3657 2.00187
56 38 31.2006 20.7166
56 39 40.2494 13.8011
56 40 53.9598 31.3912
56 41 101.689 71.6119
56 42 84.873 71.1426
56 43 102.113 69.8924
56 44 101.516 94.7667
56 45 111.752 107.289
56 46 77.1149 99.7996
56 47 119.049 132.801
56 48 78.2161 101.016
56 49 70.3895 118.607
56 50 63.4247 82.6158
56 51 50.8057 65.4479
56 52 30.7976 56.4748
56 53 21.4784 22.7479
56 54 18.4347 16.3212
56 55 5.19199 5.93651
56 56 -1.22139 7.96903
56 57 -2.52168 7.19032
56 58 28.6759 46.9387
56 59 14.3499 6.96361
56 60 4.95605 -0.313151
56 61 3.65307 5.01389
56 62 -12.41 0.875224
56 63 1.6434 1.39281
56 64 4.59688 2.1795
56 65 12.3158 11.0727
56 66 2.75678 9.10392
57 35 16.2375 6.95757
57 36 17.6228 -3.03941
57 37 23.1574 12.2556
57 38 41.3299 33.2709
57 39 30.0791 10.1455
57 40 61.2651 34.142
57 41 75.5767 33.1195
57 42 64.451 50.4079
57 43 41.5149 41.0776
57 44 117.069 110.606
57 45 118.375 108.689
57 46 130.345 127.336
57 47 114.305 118.755
57 48 75.9699 91.4128
57 49 92.7674 111.818
57 50 80.6027 93.0904
57 51 19.1818 41.0083
57 52 20.3564 54.7496
57 53 20.717 0.325508
57 54 4.04812 0.920864
57 55 -11.4041 7.00842
57 56 11.1616 13.0381
57 57 14.7242 5.94163
57 58 9.76826 15.5447
57 59 1.84314 21.3069
57 60 34.0041 20.035
57 61 16.3497 12.9683
57 62 6.70413 3.33303
57 63 21.1727 0.312134
57 64 4.81472 2.18932
57 65 2.78513 4.23903
57 66 0.177355 2.4054
58 33 -4.03761 -3.46975
58 35 1.6216 4.21376
58 36 10.5532 4.77173
58 37 20.2607 3.1497
58 38 38.0286 15.4352
58 39 31.9602 7.83958
58 40 31.5212 25.0537
58 41 64.5232 49.7896
58 42 41.3429 37.5654
58 43 58.0784 51.3864
58 44 65.5243 57.5257
58 45 89.6312 99.3077
58 46 70.6603 80.942
58 47 76.2717 80.9623
58 48 91.7086 109.043
58 49 43.7044 64.8252
58 50 36.9129 51.066
58 51 34.3264 40.3627
58 52 23.136 36.9275
58 53 24.3123 34.0053
58 54 5.50696 -1.15628
58 55 14.9773 5.78235
58 56 9.12072 10.2714
58 57 -6.0913 11.5248
58 58 13.0475 4.69543
58 59 15.5329 22.4542
58 60 29.1961 16.2733
58 61 29.2242 19.9971
58 62 -6.74449 12.5791
58 63 1.96376 1.88848
58 64 -9.35525 9.12441
58 65 -8.69407 7.59792
58 66 -4.63245 3.55344
59 34 -3.3555 3.93787
59 35 -5.73389 -2.39594
59 36 12.9229 6.79112
59 37 10.5299 4.15207
59 38 30.892 21.3752
59 39 27.8032 10.0371
59 40 44.8645 28.7225
59 41 53.9719 41.6
59 42 59.4012 45.4609
59 43 68.3848 69.9934
59 44 36.539 29.6824
59 45 112.188 121.765
59 46 75.7428 61.2841
59 47 54.5121 70.9483
59 48 92.0521 110.71
59 49 61.7313 79.6799
59 50 33.2332 48.7976
59 51 23.6362 36.1567
59 52 25.3821 25.0317
59 53 23.3621 6.90378
59 54 -5.86269 -0.0448201
59 55 18.5483 17.3744
59 56 -19.4454 1.13715
59 57 3.38755 31.7879
59 58 0.0431022 0.111044
59 59 10.9135 31.7976
59 60 7.34127 21.4627
59 61 18.2322 5.12884
59 62 13.1196 16.1357
59 63 4.21168 -2.26358
59 64 -0.160625 5.04587
59 65 -6.33465 4.70129
59 66 -4.63846 3.43271
60 33 0.0195199 0.00903642
60 36 11.3245 4.96758
60 37 10.304 6.43518
60 38 9.84441 18.2024
60 39 64.3316 27.9118
60 40 23.0353 7.42708
60 41 62.3897 45.397
60 42 42.0566 42.6639
60 43 79.0196 76.372
60 44 40.4927 35.1427
60 45 102.929 96.0135
60 46 69.6728 69.8844
60 47 41.2778 46.069
60 48 44.9499 41.5858
60 49 50.9537 62.1273
60 50 22.9845 48.9088
60 51 17.5764 30.5357
60 52 17.1963 4.11522
60 53 12.7283 -5.78606
60 54 -6.11655 1.16289
60 55 15.6153 4.09828
60 56 8.40661 17.5017
60 57 12.6564 35.873
60 58 1.15917 0.344334
60 59 3.13619 11.049
60 60 15.6924 17.339
60 61 10.5239 1.9853
60 62 14.7072 16.0657
60 63 8.69204 8.46036
60 64 -0.191028 5.04862
60 66 -0.209302 0.149995
61 33 -2.59211e-05 -2.46279e-05
61 34 -5.03696 4.56554
61 36 8.91995 3.03924
61 37 15.3426 14.0841
61 38 25.5356 14.7743
61 39 36.127 24.2925
61 40 38.1466 4.61471
61 41 34.248 24.3513
61 42 55.4004 45.3893
61 43 82.5669 63.3761
61 44 67.6403 53.4714
61 45 59.3537 72.2712
61 46 69.603 86.8233
61 47 44.6644 57.2362
61 48 46.2553 35.3596
61 49 37.206 52.4722
61 50 29.4549 60.7184
61 51 46.254 72.842
61 52 10.8561 16.7764
61 53 -1.51766 11.4972
61 54 -17.2387 17.7932
61 55 14.8476 -4.97379
61 56 -0.247909 0.374891
61 57 6.86871 20.6742
61 58 2.21461 0.638291
61 59 9.16253 4.04637
61 60 2.40417 23.8801
61 61 12.6812 9.10211
61 63 -1.36023 12.2863
61 64 11.1318 10.6814
62 33 0.914217 0.46018
62 36 26.3999 -6.25355
62 37 17.9786 6.35533
62 38 14.4522 1.17639
62 39 30.9243 17.0706
62 40 37.8904 10.0006
62 41 24.3983 4.02128
62 42 42.8637 46.6953
62 43 46.0048 56.2429
62 44 68.277 50.7013
62 45 68.8695 55.2825
62 46 63.5425 72.8189
62 47 62.4593 74.3302
62 48 55.8045 49.4133
62 49 62.7896 81.2939
62 50 24.0977 40.7164
62 51 8.70916 39.419
62 52 24.7504 19.9555
62 53 7.37726 3.53269
62 54 6.84929 5.18131
62 55 17.0717 -8.77295
62 57 14.2731 6.97097
62 58 3.12494 -2.71213
62 59 21.7876 10.0092
62 60 12.7612 15.6812
62 63 0.168508 0.659744
62 64 -11.2615 19.3162
62 66 -0.526876 0.89432
63 33 10.7617 0.677372
63 34 -4.51778 -3.59812
63 35 -12.4904 -14.5756
63 36 -4.60008 4.19224
63 37 18.5732 -0.335588
63 38 22.9934 -9.23154
63 39 26.2831 7.68275
63 40 25.4807 -1.46155
63 41 38.5571 15.8617
63 42 31.0585 29.1964
63 43 44.5425 52.3944
63 44 32.2369 27.0244
63 45 33.4047 36.1196
63 46 67.9479 60.3743
63 47 78.285 83.7084
63 48 71.3891 57.4245
63 49 61.2691 81.6857
63 50 21.9387 34.5129
63 51 17.0927 32.6028
63 52 4.63364 8.69346
63 53 -1.00485 4.14937
63 54 0.702211 6.68559
63 55 7.64809 4.27472
63 56 -5.39805 0.449711
63 57 10.3754 0.393937
63 58 21.6282 21.1337
63 59 7.35209 5.75026
63 60 13.3957 14.4897
63 61 6.57742 13.7498
63 62 -7.96912 7.67384
63 63 8.76993 -0.756779
63 64 7.52932 19.1513
63 65 3.42272 0.136115
63 66 5.47914 -0.914365
64 33 13.1538 1.01672
64 36 19.5216 7.03142
64 37 21.5443 12.9112
64 38 1.73494 0.828508
64 39 30.0633 4.98912
64 40 36.9678 13.6392
64 41 34.0166 10.7464
64 42 34.063 26.5485
64 43 43.8208 43.4128
64 44 36.2198 37.653
64 45 44.1245 20.7059
64 46 42.7765 36.0477
64 47 87.1713 76.0174
64 48 43.8925 30.3348
64 49 17.8445 40.985
64 50 40.003 57.209
64 51 22.4365 51.2225
64 52 24.2395 38.0942
64 53 1.54601 1.43669
64 54 3.98759 2.17359
64 55 3.30402 3.90468
64 56 3.30795 2.33538
64 57 5.72307 -0.754585
64 58 9.14136 7.45393
64 59 16.1142 19.5957
64 60 19.6931 17.7549
64 62 -10.4894 0.735074
64 64 -16.1362 13.1066
64 65 1.78341 1.74079
65 33 5.95799 0.813296
65 34 1.66074 -4.36323
65 36 9.62488 2.62498
65 37 18.6077 11.153
65 38 2.54789 1.63055
65 39 24.5586 10.6764
65 40 25.3098 0.315456
65 41 23.2084 1.1116
65 42 30.8876 25.2392
65 43 61.8232 59.3538
65 44 18.2804 20.0247
65 45 46.2858 57.0433
65 46 55.5782 49.0102
65 47 79.6189 82.952
65 48 27.0322 25.1695
65 49 5.20042 17.2328
65 50 20.8627 36.3599
65 51 25.8854 46.9119
65 52 11.3392 19.0411
65 53 11.9016 1.95215
65 54 1.04488 0.0367728
65 55 5.93604 9.26501
65 56 9.17928 2.10321
65 57 6.30555 -1.14886
65 58 2.07026 0.577302
65 59 11.0512 4.98743
65 60 12.437 8.01329
65 61 13.5619 5.22934
65 62 -5.36034 6.42874
65 63 0.361356 24.6514
65 64 7.5877 13.7073
65 65 4.26794 8.54723
66 33 5.92768 1.9687
66 34 2.59976 -2.42223
66 35 1.32069 -0.833171
66 36 16.6533 3.67815
66 37 13.6119 3.82127
66 38 2.74785 2.64779
66 39 11.1526 7.82224
66 40 18.2929 19.008
66 41 26.7275 8.45477
66 42 32.4517 26.3972
66 43 50.7215 51.8604
66 44 28.1429 11.389
66 45 20.0756 18.0927
66 46 62.6299 57.4836
66 47 65.5519 65.1384
66 48 23.6017 25.543
66 49 11.5946 32.878
66 50 13.5417 29.5295
66 51 18.2255 13.1851
66 52 0.69749 24.2863
66 53 14.6473 11.3016
66 54 6.07776 3.6717
66 55 6.41615 11.8426
66 56 10.5843 2.2002
66 57 -3.66712 3.30484
66 58 -3.80001 -0.567479
66 59 2.67173 0.771279
66 60 1.79042 0.893023
66 61 2.80597 -9.56874
66 63 6.7219 13.9606
66 64 10.4976 -0.348318
66 65 5.5669 11.0339
67 33 0.798256 0.286805
67 34 0.382258 -0.207077
67 35 -0.425711 -3.19724
67 36 3.10387 0.317126
67 37 1.65909 0.471142
67 38 0.630634 0.15484
67 39 2.65771 0.948798
67 40 4.04848 0.643325
67 41 2.57388 1.24226
67 42 2.67558 1.36285
67 43 3.76741 2.14665
67 44 4.11624 5.54603
67 45 2.33686 2.09714
67 46 7.70407 2.8965
67 47 7.13098 7.27637
67 48 4.50843 4.72406
67 49 6.65938 4.20311
67 50 5.81646 3.75048
67 51 5.41365 5.25133
67 52 0.20693 0.306587
67 53 0.651971 3.1291
67 54 0.564511 0.321842
67 55 1.8599 1.94755
67 56 1.7337 0.394247
67 57 0.0148242 0.0114795
67 58 0.204264 0.0453327
67 59 0.313906 0.0906477
67 60 0.104641 0.0474478
67 61 0.602958 -0.366373
67 64 1.65796 4.28829
67 65 1.87187 3.89541
