0 33 -0.898232 0.360898
0 34 1.02907 2.64761
0 35 0.489099 1.84499
0 36 0.612636 0.25115
0 37 0.177054 2.49511
0 38 1.61244 3.50062
0 39 -0.358649 1.18528
0 40 0.129312 -0.0413
0 41 1.52413 1.9292
0 42 0.462955 0.956681
0 49 -0.0392057 -0.056438
1 33 2.07648 4.85151
1 34 -1.86871 -1.31113
1 35 1.29587 4.3448
1 36 -0.767371 2.01762
1 37 3.85845 1.49743
1 38 -1.68044 2.27781
1 39 2.52905 1.37939
1 40 0.275828 -0.318352
1 41 0.567522 2.35912
1 42 0.0608154 0.0932066
1 43 0.126145 0.101905
1 44 -0.197517 0.21179
1 46 -0.478018 -0.344331
1 47 0.0251756 -0.0439521
1 48 -0.238436 -0.0299075
1 51 -0.0212821 -0.00506943
2 33 -2.66619 10.87
2 34 -3.35404 2.59654
2 35 3.42719 3.9444
2 36 -0.262823 3.00546
2 37 -3.37632 4.7614
2 38 3.64049 -0.328496
2 39 -0.355748 1.61682
2 40 -1.45707 2.52288
2 41 0.326379 -0.327806
2 42 -0.0962313 -0.485736
2 43 -0.7893 -0.374219
2 44 -1.31409 -0.921781
2 45 -0.293575 0.189628
2 47 0.0643905 0.0457787
2 48 -0.700796 0.993574
2 50 -0.692411 -0.351189
2 53 -0.360508 0.112481
2 56 -0.0306206 -0.0096902
3 33 5.15735 13.454
3 34 4.10183 3.00838
3 35 1.57733 7.40905
3 36 0.568226 8.4116
3 37 3.4784 3.0038
3 38 1.04546 2.00867
3 39 -2.2607 3.82562
3 40 -0.0526502 0.601067
3 41 2.2307 0.673352
3 42 -0.969813 2.22512
3 43 -0.313498 -0.817239
3 44 0.106522 1.55243
3 47 -0.251323 0.176855
3 48 1.80756 0.818686
3 50 -0.145564 -0.143606
3 55 -0.643857 0.922248
3 61 -0.47428 0.382639
3 62 -0.375299 -0.251754
3 64 -0.249616 0.127309
4 33 -2.91004 19.8752
4 34 -8.73319 15.7585
4 35 -12.5018 4.7652
4 36 -8.98342 0.443886
4 37 -4.03625 8.04647
4 38 -0.308744 1.53754
4 39 -1.77776 3.62451
4 40 0.977509 0.908218
4 41 -2.14811 0.945115
4 42 0.600784 0.571891
4 43 0.844397 0.676193
4 44 0.268871 -0.0856681
4 48 0.0803886 0.370183
4 50 -0.508625 -0.506931
4 51 0.110109 -0.0661937
4 52 0.662688 0.432853
4 55 0.100987 -0.0932604
4 60 -0.17956 0.271466
5 33 -8.09685 20.2503
5 34 0.314277 11.3727
5 35 6.74563 3.6668
5 36 -3.69589 8.39948
5 37 5.43054 3.99104
5 38 0.439259 1.88041
5 39 0.168413 -0.849326
5 40 3.2569 -0.406172
5 41 -2.00427 2.44533
5 42 0.202275 -0.110419
5 43 1.03884 -0.211353
5 44 -2.34889 1.25654
5 45 0.0651066 0.0550265
5 46 0.163985 0.916594
5 47 0.0895105 0.143448
5 49 0.55856 -0.305831
5 51 0.131737 -0.0258278
6 33 -0.128066 15.9619
6 34 -7.82339 12.6211
6 35 -9.50198 8.44129
6 36 -1.89684 -2.67016
6 37 2.60572 7.343
6 38 0.622535 6.16311
6 39 -1.11357 7.26476
6 40 3.68646 -1.55866
6 41 3.28006 1.05944
6 42 -2.65355 1.14154
6 43 -0.205408 1.25738
6 44 -0.100654 0.533942
6 45 0.853603 -0.367269
6 46 -0.41513 0.504674
6 47 -0.420042 0.132204
6 49 0.0679301 0.0689628
6 51 0.0123976 0.00138887
6 53 -0.113437 -0.0209446
6 57 -0.0480263 -0.00821712
6 63 0.00434885 0.00574457
7 33 2.12928 24.4584
7 34 -2.72232 15.1266
7 35 -1.5432 8.98351
7 36 5.98425 8.80551
7 37 5.65576 9.09574
7 38 6.82638 0.812658
7 39 -1.97644 4.72606
7 40 1.04583 -0.00900568
7 41 3.20985 0.935142
7 42 -4.41906 -0.335519
7 43 1.4878 0.228471
7 44 -0.806991 2.10113
7 45 0.296221 0.749549
7 46 -0.366627 0.409493
7 47 0.0389174 -0.22078
7 48 0.296314 0.578404
7 49 0.903775 -0.158437
7 50 -0.025822 -0.0266863
7 51 0.344159 -0.0553473
7 53 -0.346981 -0.581726
7 54 1.28539 -0.0910913
7 56 -0.0612874 -0.0071539
7 57 0.97629 -1.07832
7 61 -0.0540654 -0.0863273
7 63 -0.0634273 -0.0930067
7 66 0.00926383 0.0112067
8 33 10.9243 25.8948
8 34 -9.34857 12.774
8 35 6.15795 6.18884
8 36 8.65531 11.2317
8 37 0.548462 8.63827
8 38 10.5123 11.1652
8 39 -5.60441 1.48059
8 40 0.501923 5.10119
8 41 1.5467 2.51771
8 42 -0.0153967 -0.316841
8 43 0.449469 1.17523
8 44 0.0935294 0.0858567
8 45 0.738319 0.976571
8 46 0.636581 -0.31901
8 47 0.0531997 -0.121887
8 48 0.595053 0.464044
8 49 -0.812236 0.154546
8 50 0.758189 0.975011
8 51 -0.0735845 0.0162916
8 53 0.900252 -0.359506
8 54 0.475959 -1.306
8 55 -0.0211396 0.0405299
8 56 -0.26742 0.0406001
8 58 -0.108775 -0.0523611
9 33 -1.32475 20.6325
9 34 0.805601 12.3861
9 35 12.2888 3.20206
9 36 6.39807 11.3485
9 37 -3.86817 9.76718
9 38 -0.100307 4.14774
9 39 0.863022 6.13584
9 40 3.88978 -4.05388
9 41 -2.23671 2.44703
9 42 -1.21327 -0.889931
9 43 -2.69908 -0.308741
9 44 0.767136 -0.44559
9 45 1.74084 1.21481
9 46 0.453069 -0.101874
9 47 -0.0585144 -0.186495
9 48 -0.959376 0.236218
9 49 -0.951697 0.456577
9 50 -0.56119 -0.096725
9 51 -0.464461 -0.601487
9 52 -0.11221 -0.0359939
9 53 0.0146937 -0.00807306
9 55 0.247451 -0.474492
9 56 -0.0892677 0.0582563
9 57 0.0213772 0.00939283
9 59 0.43572 -0.165118
9 62 0.170549 -0.228587
9 66 0.0865969 -0.306628
10 33 -0.313491 23.8325
10 34 -1.65438 8.71254
10 35 8.12795 7.24938
10 36 -3.23009 11.8853
10 37 1.85393 1.12464
10 38 1.34009 0.537251
10 39 4.48739 1.43421
10 40 0.515138 1.28048
10 41 1.51815 0.938399
10 42 3.83019 1.1467
10 43 -0.259494 0.419331
10 44 2.8807 0.446963
10 45 0.251414 0.769365
10 46 0.251863 0.289359
10 47 0.208989 0.152185
10 48 -0.362985 -0.178974
10 49 0.265372 -0.449305
10 51 0.238785 -0.147748
10 52 -0.514358 0.42981
10 54 -0.00876528 0.0157167
10 55 -0.457535 0.101414
10 56 0.0641236 -0.0212385
10 62 -0.15906 -0.165293
11 33 7.42269 15.4192
11 34 -1.07673 8.09033
11 35 -4.68282 2.20622
11 36 -15.4574 8.12805
11 37 8.23677 9.26133
11 38 8.85534 2.99205
11 39 1.01108 -0.585497
11 40 0.108766 1.0819
11 41 2.58078 3.59349
11 42 4.98211 0.961285
11 43 1.43451 1.31126
11 44 0.156224 -2.77859
11 45 -1.1819 2.31631
11 46 0.182999 0.190661
11 47 2.0364 -0.433318
11 48 -0.185068 0.351108
11 49 0.194534 0.119744
11 50 0.473837 -0.0806483
11 52 -0.899523 0.282019
11 56 -1.11579 -0.308618
11 60 -0.0838953 -0.0721507
11 61 1.03129 0.838787
11 63 0.387407 0.234047
11 64 0.0444304 0.0238384
11 66 -0.155911 -0.279481
12 33 -5.32982 17.788
12 34 7.44742 0.7308
12 35 -0.263751 9.82417
12 36 4.55394 5.10801
12 37 5.61174 4.56447
12 38 0.243 3.83233
12 39 1.84945 -1.3949
12 40 1.99469 -1.44961
12 41 0.716498 4.67465
12 42 4.24744 -0.328057
12 43 -1.80515 0.863982
12 44 0.235118 -0.046115
12 45 3.29305 1.35692
12 46 0.13229 -1.80423
12 47 0.134533 0.696951
12 48 -1.15531 0.337295
12 49 0.231288 -0.694244
12 50 -0.615782 0.515987
12 51 -1.28799 1.13924
12 52 0.159227 0.155206
12 54 0.10294 -0.0917637
12 55 -0.143948 -0.00356868
12 57 -0.705742 0.8955
12 61 -0.00561122 -0.468911
12 62 0.157833 0.145823
13 33 1.33284 11.1396
13 34 -1.582 -0.5559
13 35 2.00124 4.10983
13 36 7.76886 4.44434
13 37 7.9562 -2.4247
13 38 5.59283 -2.18457
13 39 -0.218984 1.1725
13 40 -0.484158 -0.615233
13 41 6.85343 1.6849
13 42 1.62637 1.35714
13 43 0.837954 0.857054
13 44 -0.601076 0.420604
13 45 -1.21843 -0.148182
13 46 0.17195 0.261631
13 47 -1.62641 -0.414499
13 48 -0.111324 0.28086
13 50 -0.385327 -1.30488
13 51 0.166414 0.414158
13 52 0.0491541 0.00993502
13 53 0.148665 -0.0255028
13 54 0.457206 0.0261614
13 55 -0.0541449 0.00850739
13 59 -0.497177 0.94687
13 60 -0.511565 -1.07503
13 62 -0.648159 -0.0731235
14 33 3.15293 9.88934
14 34 11.9267 0.442426
14 35 3.32002 3.61839
14 36 1.74565 6.31942
14 37 -6.40337 5.53244
14 38 -2.58283 2.83628
14 39 6.92179 1.81185
14 40 1.6147 1.03746
14 41 3.91903 0.417043
14 42 -1.01165 2.02516
14 43 0.723164 3.09644
14 44 1.77724 0.0605992
14 45 -0.425447 1.51891
14 46 -0.531698 0.0614571
14 47 -0.174438 0.361533
14 48 0.799696 -0.181312
14 49 -1.79563 2.35399
14 50 1.08497 -0.919349
14 51 0.341187 -0.202697
14 52 -0.148217 0.185423
14 53 -0.0233913 0.0445975
14 54 0.0483089 0.0232421
14 56 0.368564 0.0500951
14 57 0.998658 0.155351
14 65 0.4551 0.639191
15 33 7.2596 3.78371
15 34 8.31341 6.12588
15 35 -0.591545 7.00117
15 36 8.56442 3.21435
15 37 0.470051 7.02148
15 38 0.0897012 4.60426
15 39 -5.50975 7.4307
15 40 1.5227 1.42867
15 41 1.52166 2.9666
15 42 3.94964 2.9893
15 43 4.77616 0.136323
15 44 -0.124842 0.700751
15 45 -1.45263 -0.929093
15 46 -0.18376 0.0468037
15 47 -1.43143 0.531902
15 48 0.635253 -0.147157
15 49 0.468606 0.745839
15 50 0.0196861 -0.0128936
15 51 0.343727 0.61346
15 52 -0.211132 0.00258989
15 55 0.718643 -0.580753
15 57 -0.370605 0.238992
15 58 -0.174867 0.0777863
15 59 -0.922825 0.378362
15 61 0.0751613 0.684363
15 65 -0.495353 0.307029
15 66 0.00815502 0.00533302
16 33 2.35478 7.93583
16 34 0.183372 3.99013
16 35 16.6453 4.73482
16 36 2.46214 7.7686
16 37 6.56973 8.00182
16 38 -5.30301 1.95678
16 39 6.02083 -0.235574
16 40 -0.916218 1.34212
16 41 2.56797 2.09724
16 42 -0.068067 -0.927733
16 43 -1.48876 0.50307
16 44 -0.124975 2.95343
16 45 0.666284 2.41776
16 46 0.390236 0.0111726
16 47 -0.672182 1.91637
16 48 0.235262 1.53947
16 49 -0.726539 1.88257
16 50 0.650288 1.75344
16 51 -0.291537 0.444139
16 53 0.282382 0.739806
16 55 -1.33375 1.01404
16 57 0.201876 0.978725
16 59 -1.45916 0.589411
16 62 0.719306 0.0209377
16 64 0.172009 -0.210758
16 65 -0.111759 0.07884
17 33 1.53365 2.78744
17 34 0.219263 10.5401
17 35 -1.3811 -1.38898
17 36 15.789 3.87668
17 37 -1.34597 5.3355
17 38 0.993947 0.283202
17 39 3.19995 7.20306
17 40 1.89365 8.07499
17 41 4.21611 0.589442
17 42 0.677774 3.4025
17 43 1.74774 1.65345
17 44 0.234183 0.983336
17 45 -0.501307 -2.62743
17 46 0.0604916 0.339618
17 47 -1.04434 -1.11241
17 48 -0.286987 0.376309
17 49 -0.489312 -0.234358
17 50 -0.301014 -0.218652
17 51 1.11048 -0.104967
17 52 0.646616 0.064226
17 53 -1.554 -0.544066
17 54 -0.0264393 0.0591628
17 55 -0.594539 -0.692901
17 56 -0.06571 -0.273809
17 57 -0.0320256 0.0356352
17 58 0.485783 0.503873
17 59 -0.0464722 0.0595642
17 60 -0.0280984 0.0244194
17 65 0.34547 0.0065594
18 33 6.73247 6.64257
18 34 6.56713 -1.96955
18 35 6.29753 -1.66823
18 36 0.454125 -8.36964
18 37 -5.77641 1.95962
18 38 13.1272 3.40006
18 39 4.52599 4.39613
18 40 3.04774 0.504552
18 41 0.724585 4.14866
18 42 0.229653 2.15733
18 43 3.79608 3.52341
18 44 3.08572 0.736263
18 45 -0.0314425 -0.496644
18 46 0.626474 -0.456674
18 47 -0.043214 -0.716539
18 48 0.600125 0.111666
18 49 -0.734607 0.103593
18 50 -0.302919 -0.0187738
18 51 0.160555 0.0367279
18 52 -0.737072 -0.898639
18 53 -1.35049 0.910049
18 55 -0.0913816 0.17502
18 57 0.654668 1.33549
18 58 0.328149 0.0176694
18 61 -0.955592 0.129974
19 33 1.28131 3.70514
19 34 4.25648 -0.410192
19 35 14.7033 -6.41019
19 36 1.34148 -2.39707
19 37 3.3721 3.97852
19 38 4.57758 2.41518
19 39 8.68855 2.41529
19 40 6.40369 8.13065
19 41 -0.465055 5.75568
19 42 2.18261 0.849691
19 43 0.488816 0.975448
19 44 -0.299745 2.57211
19 45 0.230506 0.91036
19 46 -0.963264 3.80525
19 47 -0.141898 0.697339
19 48 0.0566293 0.0354624
19 49 -0.00389388 -0.128791
19 50 -0.0187391 -0.00871789
19 51 -0.257644 0.317996
19 52 1.0063 -0.12555
19 53 -2.57293 0.530066
19 54 0.204993 -0.0669512
19 55 -0.727919 -0.462684
19 57 1.55711 1.05417
19 58 0.0332232 -0.061358
19 59 -0.304762 -0.0513721
19 60 -0.545332 0.838734
19 61 -0.384135 0.168527
19 64 0.921107 0.475585
20 33 5.65958 3.14964
20 34 6.95816 2.45613
20 35 4.58334 4.49121
20 36 2.14805 2.72585
20 37 9.58049 3.8622
20 38 8.62365 2.73983
20 39 6.75142 1.14226
20 40 -4.74244 2.76101
20 41 2.74686 1.93705
20 42 1.71116 3.23145
20 43 -0.947023 0.566973
20 44 3.32853 2.56773
20 45 -0.413228 0.0878011
20 46 0.0584517 0.795829
20 47 1.84245 2.29693
20 48 -1.85968 0.616162
20 49 0.96788 -0.015998
20 50 0.819052 0.170604
20 51 0.372115 -0.50779
20 52 -0.321929 0.717175
20 53 -0.46277 0.141576
20 54 0.401538 -0.0372948
20 55 -0.0222676 0.0257359
20 56 -1.3461 -0.647337
20 61 0.386997 0.234686
20 62 0.164071 -0.0466235
20 65 -0.149156 -0.759802
20 66 0.0305011 -0.00100264
21 33 4.07441 1.37202
21 34 0.620559 5.9924
21 35 -2.37324 1.02131
21 36 5.24172 1.2947
21 37 9.44447 7.08516
21 38 4.19411 -3.86505
21 39 4.72617 2.37505
21 40 -2.33046 3.58668
21 41 -1.35744 0.143737
21 42 4.23959 1.50771
21 43 2.95722 1.14764
21 44 0.795081 2.09909
21 45 -1.36584 2.37394
21 46 0.255492 -0.643883
21 47 0.0379777 0.544078
21 48 -0.0639039 -0.457011
21 49 -0.501709 -1.36686
21 50 1.03508 0.580447
21 51 -0.917988 0.445108
21 52 0.133717 0.645572
21 53 0.215317 -0.176976
21 54 -1.21413 0.21548
21 55 0.833323 -0.419201
21 56 -0.550012 0.482296
21 58 0.80877 0.0569771
21 60 0.0207275 0.0336345
21 61 -0.026701 0.00668324
21 62 -0.258371 -0.526342
21 65 0.174337 -0.32624
22 33 0.030644 -1.32494
22 34 3.85642 1.83829
22 35 7.96162 0.0890109
22 36 5.85464 -0.721039
22 37 4.87714 3.40143
22 38 1.12598 -1.54847
22 39 6.13507 -3.69735
22 40 -1.46627 -0.375699
22 41 6.29652 2.08532
22 42 -1.14721 4.06406
22 43 0.559106 0.330377
22 44 1.86567 -0.275818
22 45 1.24309 1.28203
22 46 -2.93043 1.16354
22 47 1.42726 0.924865
22 48 -1.0482 0.780563
22 49 -1.61027 -0.481236
22 50 2.48909 0.772261
22 51 0.211201 0.0172529
22 52 0.877975 -0.0108568
22 53 0.0849559 0.753309
22 54 -0.0425149 0.0511763
22 57 -0.0705445 -0.0719318
22 60 -0.296151 0.273742
22 64 0.679022 1.42269
22 66 0.709288 0.233749
23 33 4.11971 0.58599
23 34 3.01309 -5.25817
23 35 5.32538 0.852112
23 36 6.73128 3.51897
23 37 5.67506 2.35466
23 38 4.35799 -2.31379
23 39 6.63298 -1.28722
23 40 6.02756 -0.383668
23 41 4.21721 -0.207975
23 42 3.27961 2.12349
23 43 -0.736874 3.45082
23 44 0.140179 0.966421
23 45 0.317205 3.03184
23 46 -0.479585 0.217037
23 47 1.29674 -0.701331
23 48 0.779582 0.294547
23 49 0.738773 0.749618
23 50 0.207805 -0.0694485
23 51 1.37542 0.68526
23 52 -0.286409 0.0465938
23 54 -0.581247 0.339707
23 55 -0.603605 -0.0439724
23 56 0.139419 0.0714012
23 58 0.275313 0.289862
23 59 0.0493667 0.0331518
23 60 0.123027 -0.0702463
23 62 1.23503 -0.331347
23 66 0.22415 0.126182
24 33 0.255607 -0.496305
24 34 0.206312 -1.53469
24 35 5.67355 -1.05724
24 36 2.51217 0.620627
24 37 8.80651 -2.27257
24 38 5.22963 -0.251011
24 39 -0.0430494 -4.08665
24 40 2.08653 1.27288
24 41 -0.77023 -0.3088
24 42 2.66269 -0.580475
24 43 -2.09342 1.70093
24 44 -0.985107 1.91969
24 45 2.352 0.670734
24 46 1.5162 2.51734
24 47 0.520522 -0.462931
24 48 0.150323 0.0811845
24 49 -0.408401 0.339677
24 50 -0.932398 0.685058
24 51 -2.59187 1.79916
24 52 -1.58435 -0.0701616
24 53 0.199204 -0.0215359
24 54 -0.141525 -0.400698
24 57 -0.237443 -1.63235
24 58 0.00480857 0.00125044
24 59 0.00977484 0.13099
24 60 0.190694 0.170659
24 61 -0.0857148 0.107596
24 63 -0.0225013 0.0339297
24 64 0.24294 -0.185429
24 66 0.325253 0.383888
25 33 -1.15382 -0.270521
25 34 4.08636 -1.96583
25 35 8.30629 1.19226
25 36 2.36581 -1.71569
25 37 9.2401 -1.18603
25 38 5.78433 -3.38471
25 39 1.6221 -0.469221
25 40 2.01181 4.18922
25 41 1.21039 3.74083
25 42 0.0926309 0.79052
25 43 1.77269 1.52126
25 44 1.56079 0.76376
25 45 -0.254787 0.236739
25 46 0.583461 -0.772517
25 47 -2.79311 1.21386
25 48 0.873023 0.09093
25 49 0.388733 0.876826
25 50 1.91085 -0.30625
25 51 0.243616 0.306519
25 52 0.00106789 0.471604
25 54 -1.25992 -0.308471
25 55 -0.317001 0.178152
25 56 0.750167 0.354672
25 59 0.287948 -0.3308
25 60 -0.300297 0.589273
25 61 0.834222 -0.521914
25 63 -0.0185887 0.0244798
25 66 -0.183673 -0.00663704
26 33 4.69681 -0.250206
26 34 6.13271 -0.434404
26 35 2.95727 -3.97841
26 36 4.40135 -0.740707
26 37 1.04776 -3.87243
26 38 5.51869 0.83793
26 39 3.66174 5.27424
26 40 7.41794 5.45928
26 41 4.341 -1.05728
26 42 2.59936 1.56179
26 43 -3.51601 -0.165037
26 44 -1.23434 -0.529636
26 45 1.34296 2.78782
26 46 -1.79573 0.290132
26 47 -1.84753 -0.317727
26 48 -0.344328 0.217451
26 49 0.550956 -0.493456
26 50 -0.11953 1.96429
26 51 -0.181859 0.448175
26 52 -0.539874 0.545796
26 53 -0.464873 -0.846138
26 54 0.145691 -0.199185
26 55 0.0213703 0.258334
26 57 0.386773 -0.0816695
26 58 0.28857 0.177449
26 59 0.75637 0.586163
26 60 -0.0408282 -0.0133129
26 61 -0.806477 1.08397
26 63 0.41379 -0.554584
26 64 -0.458671 0.0148666
26 65 0.0203157 -0.0753354
26 66 0.250166 0.179655
27 33 1.78147 0.91016
27 34 8.64917 0.529561
27 35 -0.291501 0.231646
27 36 8.83009 -0.373694
27 37 3.50143 2.00705
27 38 6.49819 3.69203
27 39 -2.17489 0.941796
27 40 -1.76146 4.19661
27 41 4.2994 0.366137
27 42 2.04199 0.656326
27 43 3.65637 0.0745989
27 44 -0.644 2.09149
27 45 -0.672834 1.77579
27 46 0.392349 1.13462
27 47 0.0342738 0.156876
27 48 -2.20174 0.391013
27 49 1.3664 -0.538424
27 50 1.45794 0.817732
27 51 0.00518625 -0.00398784
27 52 -0.784859 0.0362342
27 53 -0.211749 0.0226061
27 54 0.0477325 0.0780386
27 56 0.430907 0.376219
27 57 -0.0995265 -0.0277138
27 58 -0.94507 0.188697
27 59 -0.30682 -0.429955
27 61 0.266726 -0.0264279
27 64 0.656184 0.320927
28 33 2.37974 -0.677093
28 34 2.53357 -5.61878
28 35 -3.85473 1.23411
28 36 3.42578 -3.19222
28 37 3.28983 -0.726941
28 38 1.15174 1.21015
28 39 5.68003 2.70636
28 40 8.57139 1.51541
28 41 3.65058 -0.136123
28 42 1.60675 0.697904
28 43 4.62035 2.10957
28 44 0.917994 0.27604
28 45 -1.21379 1.11183
28 46 -0.183698 0.0295871
28 47 1.63405 -1.26255
28 48 0.160514 -0.0925653
28 49 -0.7669 0.298151
28 50 0.26628 -0.0898727
28 51 1.02582 -1.20498
28 52 -0.987934 1.73601
28 53 2.13178 0.133172
28 54 -0.603509 -0.69685
28 55 0.213788 -0.125874
28 56 0.469518 0.896972
28 60 0.128279 0.19796
28 61 0.452698 0.195655
28 62 0.00151104 -0.000348098
28 63 0.0206651 0.00630322
28 64 0.718365 -0.00293336
29 33 4.56786 -0.278802
29 34 3.85238 4.16911
29 35 6.52346 -0.240341
29 36 9.75647 -1.12392
29 37 -1.28365 0.565764
29 38 1.34235 -3.00897
29 39 1.95998 3.68302
29 40 5.26676 7.03472
29 41 0.871852 -3.81582
29 42 -0.27497 2.84731
29 43 2.50362 0.945007
29 44 1.38746 1.35495
29 45 -1.07033 0.377518
29 46 0.00308987 0.197488
29 47 0.838527 3.26865
29 48 -0.851994 2.05673
29 49 -0.0870025 0.310321
29 50 -0.972478 0.451618
29 51 0.831594 0.170215
29 52 1.21923 0.205168
29 53 -0.0416017 0.402521
29 56 -0.573712 -0.0860183
29 57 -0.719585 0.311801
29 59 -0.134705 -0.0751804
29 60 0.360229 0.576203
29 64 -0.287451 -0.0918938
30 33 5.30597 -2.72323
30 34 3.02711 1.05322
30 35 2.73426 -0.899866
30 36 10.4818 -0.902987
30 37 1.11481 2.00343
30 38 3.2625 2.53638
30 39 5.93186 1.89714
30 40 -1.26658 1.28269
30 41 2.67321 2.67151
30 42 4.40192 1.58827
30 43 -0.0983515 2.47796
30 44 2.36704 1.12875
30 45 2.74544 -0.0778686
30 46 -0.247947 -0.564032
30 47 2.30376 0.244814
30 48 2.01449 -0.212549
30 49 1.2251 0.193873
30 50 -0.0551689 1.57943
30 51 0.721827 0.749073
30 53 -0.209217 0.0495938
30 54 0.0843526 0.107306
30 55 -0.102204 0.648284
30 57 0.238727 -0.00752671
30 59 0.0338078 -0.0153139
30 60 -0.0441417 0.0893304
30 61 0.00704948 0.00356466
30 63 -0.537512 0.701715
30 64 -0.515588 -0.659759
30 65 -1.29844 -0.532689
31 33 3.28595 -1.80799
31 34 1.17733 0.929433
31 35 4.33099 -1.58794
31 36 -0.193458 4.82166
31 37 -0.742631 2.5236
31 38 4.68881 -0.877305
31 39 3.75581 -0.530506
31 40 5.1898 2.28291
31 41 5.90578 0.955583
31 42 3.3719 -0.955649
31 43 -1.0556 3.32634
31 44 3.25742 1.38392
31 45 1.2055 0.114857
31 46 0.447428 -0.301487
31 47 1.72886 -0.234889
31 48 1.37924 1.34758
31 49 1.14038 -0.166744
31 50 0.135158 0.459456
31 53 0.113118 0.14212
31 54 -0.451264 0.642459
31 55 0.00920913 -0.00478277
31 56 0.516758 -0.468085
31 57 1.3924 0.786149
31 58 -0.0627626 0.0567948
31 59 0.215828 -0.0424636
31 62 -0.0125471 -0.000729893
31 63 -0.51584 0.0336466
32 33 2.65063 1.04672
32 34 4.2491 2.27028
32 35 2.71142 2.4421
32 36 0.735864 -1.668
32 37 6.8821 -1.21341
32 38 1.9458 -0.489701
32 39 4.77515 2.62828
32 40 -1.89893 1.77278
32 41 0.586905 0.192681
32 42 4.8766 2.15079
32 43 1.80853 4.84155
32 44 -0.0163118 0.950429
32 45 -2.05698 -0.867278
32 46 -0.578189 0.799073
32 47 0.433205 2.1983
32 48 -1.18627 0.676876
32 49 1.78199 0.527576
32 50 -2.00366 1.94522
32 51 0.547404 1.21059
32 52 0.434905 -0.298011
32 53 -0.274036 0.106377
32 54 -0.0541056 0.0314303
32 55 0.146568 0.263356
32 56 0.881817 -0.107647
32 57 0.0474983 0.0941212
32 58 0.501694 -0.345696
32 59 -2.19823 -0.944706
32 60 2.52276 -0.955272
33 33 2.025 -1.57649
33 34 4.17475 -1.62689
33 35 4.28573 -2.42627
33 36 7.64188 -2.51381
33 37 1.89791 2.14965
33 38 2.00697 -2.78526
33 39 4.15423 -0.464171
33 40 -3.64313 2.27795
33 41 4.7354 3.94287
33 42 -0.760678 3.16072
33 43 -1.61018 3.39589
33 44 -1.38939 0.52158
33 45 0.0664507 0.0327707
33 46 0.116599 -0.0984809
33 47 0.743369 3.10244
33 48 -1.40927 0.40984
33 49 -0.594968 0.0815701
33 50 -0.0832617 1.48308
33 51 1.9751 0.26034
33 52 -1.39398 0.482094
33 53 -1.05621 0.933551
33 54 0.135949 0.138433
33 55 0.491554 0.623942
33 56 -0.276428 0.345159
33 57 0.192144 -0.032248
33 58 0.17811 0.125592
33 59 -0.199808 -0.14765
33 60 0.071122 -0.347674
33 61 1.31441 -0.213322
33 64 0.378449 -0.109297
34 33 0.458884 0.689644
34 34 2.16816 1.10103
34 35 4.46748 -0.435137
34 36 2.89903 1.54212
34 37 -1.03483 0.0500992
34 38 7.39968 3.16709
34 39 3.08895 3.55911
34 40 -1.57274 -1.0807
34 41 -2.49821 -1.0088
34 42 -2.72161 1.52949
34 43 3.49677 0.455283
34 44 1.42218 0.711759
34 45 0.986417 -1.3605
34 46 -0.400341 0.415006
34 47 1.49515 0.75572
34 48 -0.0151718 -0.0369184
34 49 -1.91094 -2.42047
34 50 1.60315 0.282885
34 51 1.02739 0.071254
34 52 0.579277 0.122289
34 53 -0.438411 1.36465
34 54 0.0427802 1.13686
34 55 0.317423 -0.523773
34 56 -0.28282 0.360636
34 57 1.02409 0.700789
34 58 0.989047 0.254218
34 61 -0.559454 -0.260561
34 62 0.896578 0.172421
34 64 0.205678 -0.0302009
34 65 0.316024 0.256352
35 33 2.32002 -0.601031
35 34 3.96704 1.76033
35 35 10.5513 -3.88875
35 36 4.81422 -5.57039
35 37 2.71407 -1.0963
35 38 2.88419 2.8593
35 39 0.360657 3.4171
35 40 -0.263187 1.03688
35 41 1.00225 -0.843675
35 42 4.52897 1.47674
35 43 0.0605395 0.736235
35 44 2.23751 0.0664511
35 45 -1.14958 -1.13371
35 46 -1.37499 -0.706437
35 47 1.71338 -1.5906
35 48 0.152467 -0.0290228
35 49 -0.466837 0.0693344
35 50 -0.484588 0.48822
35 51 3.6353 -0.43805
35 52 0.988219 0.0705633
35 53 -0.0784992 -0.023872
35 54 -0.165105 -0.442959
35 55 0.0462466 -0.0321151
35 56 -0.645975 0.74899
35 57 1.05075 1.38751
35 58 1.08254 0.703726
35 61 0.467578 0.426371
35 62 -0.189394 0.108694
35 64 -0.566704 0.143623
36 33 1.75675 -0.593077
36 34 5.18917 -3.35682
36 35 3.35815 0.0634613
36 36 2.05744 -3.50788
36 37 7.74087 1.37183
36 38 7.19229 -2.94945
36 39 -0.850685 1.00575
36 40 1.93931 0.524842
36 41 4.59763 -2.8424
36 42 3.12965 1.8799
36 43 2.66004 -1.13923
36 44 -4.20614 -1.2549
36 45 0.0227657 -0.16597
36 46 0.35145 -0.110979
36 47 -0.913548 1.40771
36 48 1.00517 0.905086
36 49 0.2892 -0.481654
36 50 -0.0531886 -0.98666
36 51 -1.11624 0.225872
36 52 -0.763061 -0.492368
36 53 -0.0372795 -0.312977
36 54 -0.25586 -0.37601
36 55 -0.100015 0.0214564
36 56 0.961177 0.14896
36 57 0.00738726 -0.0120698
36 60 -0.00159881 -0.245081
36 61 -0.339857 0.446407
36 62 0.423396 -0.223381
36 64 0.496543 -0.18982
37 33 -0.242378 1.97968
37 34 3.80195 0.607132
37 35 4.04526 -2.08363
37 36 0.221277 0.0303366
37 37 -1.42407 4.53536
37 38 3.21227 0.391264
37 39 2.46387 2.7963
37 40 0.959988 -1.26463
37 41 -0.782173 3.03333
37 42 -0.1652 0.633841
37 43 2.22068 -1.63929
37 44 3.69527 0.414426
37 45 1.03707 0.597814
37 46 1.34567 -0.468288
37 47 1.4845 0.180523
37 48 0.234809 0.242536
37 49 1.76856 1.52826
37 50 -0.0543307 0.0482222
37 51 2.13662 -0.455187
37 52 0.064568 1.28043
37 53 0.741043 0.651606
37 54 0.500272 0.0455965
37 56 2.97116 -1.24734
37 57 0.114831 0.490466
37 60 -1.21718 1.06148
37 61 3.12363 -0.0725218
37 62 -0.166288 0.00628945
37 63 0.345285 0.554523
38 33 1.83054 -2.19702
38 34 8.083 1.71116
38 35 5.12634 -1.03295
38 36 -0.225269 4.59559
38 37 2.43686 -1.84213
38 38 -0.2828 2.63539
38 39 -0.224551 2.5435
38 40 1.76151 0.243511
38 41 4.18285 1.01588
38 42 -3.89804 0.891595
38 43 6.11302 -0.813198
38 44 3.59275 0.771034
38 45 1.09646 -1.22906
38 46 -0.3905 0.590661
38 47 0.265609 0.481578
38 48 0.0377761 1.73065
38 49 -0.684958 0.279979
38 50 -0.106552 0.0756529
38 51 -0.430561 -0.791876
38 52 -0.84038 0.179637
38 53 -0.4816 -0.679267
38 54 0.0187401 -0.0392466
38 55 0.388677 0.837005
38 56 0.537396 1.02502
38 57 -0.127415 0.117208
38 59 -0.131059 0.158553
38 60 0.0956495 0.29029
38 61 0.40517 0.876845
38 62 0.22341 0.000210182
38 63 0.299582 1.25626
38 64 -0.28432 -0.573649
39 33 0.48 -2.84158
39 34 5.98708 -1.60517
39 35 -0.915489 -3.33604
39 36 2.87401 3.57693
39 37 3.8459 0.221332
39 38 1.38703 -1.20741
39 39 5.46745 0.642249
39 40 2.85012 3.40715
39 41 -0.540994 1.04739
39 42 2.18829 -1.29427
39 43 1.09655 1.34742
39 44 9.37032 0.275015
39 45 -1.49895 -0.560367
39 46 1.34431 -0.667597
39 47 0.301545 -0.0648546
39 48 2.41387 1.14151
39 49 -0.10621 0.587249
39 50 -1.10348 2.15043
39 51 0.0893319 -1.33992
39 52 0.210823 1.4656
39 53 0.094627 -0.207403
39 54 0.244076 -0.533868
39 55 0.574076 1.36483
39 56 1.4025 -0.420688
39 57 0.186659 0.563607
39 58 0.640159 0.345991
39 59 -0.40017 0.402672
39 60 -1.23056 0.731119
39 61 -0.361279 0.181995
39 64 0.0926304 0.0465753
39 65 0.0199052 -0.0197344
40 33 0.975648 -2.17969
40 34 -0.582123 -1.93767
40 35 4.49657 1.87024
40 36 1.85581 1.7046
40 37 12.491 -1.23135
40 38 9.33105 0.709221
40 39 -3.06837 -2.25952
40 40 3.39246 -0.465564
40 41 0.736005 1.92914
40 42 -3.49913 -0.492827
40 43 0.544441 1.57985
40 44 0.0501507 -0.740848
40 45 1.28931 -0.346824
40 46 -2.07681 0.506732
40 47 1.25641 -1.03295
40 48 1.23257 0.303736
40 49 0.340768 -1.25881
40 50 0.261986 0.927348
40 51 0.83373 -0.498534
40 52 -0.231826 -0.11663
40 53 -0.681587 0.132662
40 54 -1.43369 -1.16193
40 56 -0.706306 0.769805
40 57 0.207753 -0.214696
40 58 -0.288669 0.28483
40 59 0.521691 -0.0478548
40 60 0.0574257 -0.00369157
40 61 0.461676 -0.153168
40 62 0.433758 -0.828504
40 64 -0.0330633 0.226128
40 65 0.0287403 0.0148593
41 33 2.96885 -1.1066
41 34 3.24996 -1.15263
41 35 -2.61708 -1.80711
41 36 -0.847709 -0.61485
41 37 2.01492 -3.37453
41 38 1.52418 1.73992
41 39 5.78814 1.44793
41 40 5.57284 -0.696668
41 41 3.32717 0.0232404
41 42 2.9027 0.93571
41 43 -3.11602 2.24047
41 44 0.873054 2.16214
41 45 -3.32208 4.06882
41 46 -0.304658 -0.815052
41 47 -0.728165 -0.735017
41 48 0.100348 1.31631
41 49 1.4294 1.55316
41 50 -0.0505779 0.996421
41 51 0.701602 -0.13572
41 52 0.139824 0.206769
41 53 -0.474697 -0.0653454
41 54 -0.361896 0.211578
41 55 -0.0908661 0.00666041
41 56 -0.584354 0.842268
41 57 0.168341 -0.168984
41 59 0.44917 0.469185
41 60 0.65553 0.572251
41 61 1.29216 0.332469
41 64 0.522284 -0.506997
41 65 0.967688 0.419108
42 33 1.67163 -2.00868
42 34 6.50999 -1.27939
42 35 1.15387 1.42969
42 36 0.365756 2.76154
42 37 2.39567 -3.45288
42 38 0.638536 2.42946
42 39 -0.203605 -2.54591
42 40 0.800738 2.62134
42 41 -2.55294 -0.407998
42 42 -2.26023 1.94624
42 43 0.196552 -0.155978
42 44 0.596383 1.44518
42 45 1.17061 2.09753
42 46 -0.193221 0.236471
42 47 -3.8339 0.499985
42 48 0.643214 -0.332591
42 49 -2.02727 1.87908
42 50 0.0714768 0.797478
42 51 -0.334965 -0.484148
42 52 0.370912 0.363256
42 53 -0.326599 -0.138121
42 54 0.339405 0.115607
42 55 -0.404701 0.139411
42 56 -0.150895 0.0181705
42 57 0.119403 0.117114
42 58 -0.0474507 -0.0294611
42 59 0.0847397 -2.00459
42 60 -0.228609 0.644535
42 61 -0.712856 0.631842
42 64 -0.0942717 0.117197
43 33 3.55881 -3.62519
43 34 4.28207 -0.40549
43 35 2.41655 0.0807746
43 36 7.92967 -0.0117855
43 37 6.74263 -1.45405
43 38 -0.217881 -0.460972
43 39 3.27563 2.64318
43 40 2.55343 3.9257
43 41 2.18181 -0.805296
43 42 5.07353 -0.581398
43 43 -0.24654 -1.81485
43 44 2.5912 0.0188596
43 45 -2.04096 -1.4
43 46 2.01741 2.14833
43 47 -1.76536 -0.00725098
43 48 1.32002 0.00246228
43 49 2.67357 -1.15428
43 50 0.88724 0.49123
43 51 -1.67647 -0.602837
43 52 -2.2052 -0.445625
43 53 1.65857 1.02063
43 54 -0.0775764 -0.0791319
43 55 -1.42157 1.09897
43 56 0.382949 -0.443618
43 57 0.55458 0.268132
43 58 2.48173 -0.452985
43 60 -0.763041 0.410052
43 61 2.81896 1.07168
44 33 -1.92585 -3.57708
44 34 0.385124 -0.301377
44 35 2.29311 -1.564
44 36 6.14928 0.376294
44 37 2.14597 -2.62992
44 38 3.0105 -0.693722
44 39 1.396 0.205008
44 40 1.99352 1.81268
44 41 1.45509 5.11583
44 42 0.20616 0.460986
44 43 0.365709 -1.01442
44 44 3.17451 0.706025
44 45 -0.274658 -1.00391
44 46 -2.42028 2.43931
44 47 3.49186 -0.811592
44 48 0.788855 -0.0488069
44 49 -0.546311 0.347489
44 50 2.72703 1.26519
44 51 1.18184 0.115864
44 52 -0.543809 1.47345
44 53 0.140226 0.0464579
44 54 1.09841 0.458441
44 55 -0.865631 0.669186
44 57 0.917629 0.291955
44 58 -0.60681 0.406502
44 59 -0.390904 -0.357449
44 60 1.07509 0.144335
44 61 -0.0608861 0.082323
44 62 1.05664 -0.141444
44 63 0.51866 -0.391282
45 33 1.90213 -1.25783
45 34 0.506203 0.0908144
45 35 -0.0458926 -1.51004
45 36 1.3499 -0.982941
45 37 0.253936 -2.0858
45 38 1.47086 0.27825
45 39 4.99239 -1.09243
45 40 1.65063 -1.03332
45 41 5.33858 0.174519
45 42 2.80578 1.64816
45 43 0.964883 0.535208
45 44 2.33993 2.19485
45 45 -2.27363 0.513118
45 46 0.181325 1.39487
45 47 -0.430085 0.48519
45 48 0.0382842 0.434637
45 49 0.662142 0.53371
45 50 0.266467 -0.415281
45 51 -1.10288 0.740218
45 52 0.937381 -0.242809
45 53 -1.29268 1.03223
45 54 0.113325 -0.184959
45 57 -1.91475 0.806605
45 58 1.14633 -0.363242
45 59 0.241342 -0.095987
45 60 -0.181183 -0.0922248
45 61 0.763294 -0.00545956
45 62 -0.666144 0.442439
45 63 0.0209301 0.0205205
45 66 0.188414 0.141731
46 33 1.72862 -2.14964
46 34 -2.32285 -1.34899
46 35 0.889265 0.933843
46 36 4.72602 0.408143
46 37 3.00811 -2.66849
46 38 5.689 0.428225
46 39 3.49845 0.327637
46 40 3.9528 0.283321
46 41 0.191115 1.05147
46 42 -3.2501 2.7787
46 43 1.25425 1.85972
46 44 1.31022 3.05935
46 45 1.58904 2.50545
46 46 -3.12954 0.911679
46 47 -0.575616 0.850245
46 48 -0.105136 0.67916
46 49 2.05477 0.156087
46 50 1.9664 -0.811997
46 51 -0.306394 0.123967
46 52 0.277986 0.276584
46 53 -1.98305 -1.00701
46 54 0.373908 0.505613
46 55 -0.564313 1.2915
46 56 -0.0991023 1.58012
46 57 0.570818 -0.216411
46 58 0.097671 -0.102452
46 59 -0.00686874 0.00258567
46 60 0.0204616 -0.0540025
46 62 -0.18076 -0.181095
46 63 -0.0262383 0.0361953
46 64 0.391043 0.280668
46 65 0.0107539 -0.00284979
46 66 0.454006 -0.0113454
47 33 2.58436 0.920471
47 34 2.89248 -1.63227
47 35 2.17341 0.41339
47 36 6.48816 1.43422
47 37 4.7605 -2.95475
47 38 1.67437 1.94346
47 39 3.62676 1.08447
47 40 -0.213159 -3.20303
47 41 1.35759 -0.285506
47 42 0.332998 0.457433
47 43 -0.0350235 5.53072
47 44 4.20724 1.10498
47 45 2.57971 -0.637305
47 46 -1.29502 0.338824
47 47 -1.06605 0.0466078
47 48 1.45712 1.44551
47 49 0.938161 -0.769603
47 50 1.70024 0.570938
47 51 -0.407887 -0.488833
47 52 0.669843 1.03768
47 53 0.0686444 -0.0362385
47 54 0.943028 1.25322
47 55 0.749469 -0.496376
47 56 -0.167145 0.0922682
47 57 -0.463922 0.000177109
47 58 -1.31029 0.176185
47 59 0.108511 0.0387132
47 60 -0.0404788 -0.049126
47 62 0.0872415 0.101753
48 33 0.3965 1.69255
48 34 1.62602 3.6007
48 35 1.03337 -0.636745
48 36 -2.77844 -1.2373
48 37 3.07531 -3.03386
48 38 4.7992 0.827327
48 39 4.37631 4.95164
48 40 0.73566 2.45964
48 41 -0.218045 1.25785
48 42 3.39479 -0.637858
48 43 1.77349 -5.32874
48 44 0.94434 3.05316
48 45 0.254614 -1.25777
48 46 2.04528 1.02834
48 47 -1.11973 0.679804
48 48 2.94704 0.390753
48 49 1.20693 -0.610229
48 50 0.74937 -0.0396861
48 51 1.22118 -0.0927776
48 52 -0.836178 0.0753569
48 53 1.60934 1.52565
48 54 1.48362 2.24105
48 55 0.0543372 -0.0360153
48 56 0.220531 0.318999
48 58 0.077311 -0.0769713
48 59 -0.51583 -0.477277
48 60 0.225522 0.100141
48 61 0.231598 0.0565333
48 62 0.433918 0.0256323
48 64 0.457398 -0.236823
49 33 2.91353 -1.87396
49 34 2.24865 2.50164
49 35 5.86346 1.66685
49 36 -0.138669 -0.430705
49 37 6.34927 -0.00255129
49 38 0.869936 2.79582
49 39 -0.21338 2.13601
49 40 4.039 -0.511378
49 41 2.42512 1.51703
49 42 1.84988 3.66659
49 43 1.96547 -0.837347
49 44 -0.172835 0.14003
49 45 -0.491421 0.927063
49 46 2.09797 0.593982
49 47 -1.53019 -0.47811
49 48 0.687777 0.466303
49 49 2.34968 0.411672
49 50 1.35387 -1.09524
49 51 -0.73205 0.0811072
49 52 1.17637 0.187072
49 53 0.848436 0.248309
49 54 0.635745 1.11265
49 55 0.387903 1.72936
49 57 0.0175277 0.021448
49 58 0.875288 -0.684209
49 60 -0.254536 0.123113
49 61 -0.408164 -0.0160539
49 64 -0.14392 0.353251
49 65 0.156596 0.0965741
50 33 -0.517606 -0.708837
50 34 0.973527 -3.96773
50 35 0.925879 -2.12713
50 36 0.585843 -0.344335
50 37 3.73224 -1.82589
50 38 1.71764 0.927338
50 39 3.03136 1.45984
50 40 1.34941 2.80525
50 41 0.746188 0.682184
50 42 3.76636 -0.152327
50 43 5.60766 -2.57842
50 44 -0.964679 -0.26838
50 45 0.901572 -0.130755
50 46 2.2058 0.529901
50 47 -1.52575 0.535664
50 48 -0.85467 0.367396
50 49 -0.169488 -0.0688752
50 50 -0.467955 0.306959
50 51 -1.39027 0.836914
50 52 1.76929 1.26111
50 53 -0.026219 0.786354
50 54 -0.276784 2.20667
50 55 -0.633951 0.260152
50 56 1.17399 -0.655411
50 57 0.721091 0.13981
50 58 0.3537 0.567948
50 60 -0.0951538 0.14827
50 63 0.332063 -0.110485
50 65 0.0501515 -0.289054
50 66 0.232245 -0.0965197
51 33 1.33132 0.181844
51 34 -1.02705 0.156691
51 35 0.974936 -1.17131
51 36 0.600994 1.69197
51 37 3.52667 -4.03898
51 38 -1.01312 -1.5597
51 39 3.02716 -1.29212
51 40 0.488833 2.8087
51 41 -0.34939 1.32456
51 42 0.670351 2.25756
51 43 0.350612 0.160144
51 44 -0.750462 1.12632
51 45 0.401238 -1.29316
51 46 2.95603 -0.131477
51 47 -0.637599 -0.799102
51 48 0.221805 -0.221527
51 49 1.65377 0.0368727
51 50 -1.10286 0.992833
51 51 0.338281 -0.698994
51 52 -0.0901242 0.139221
51 53 -0.782881 -0.0943506
51 54 0.0666758 -0.133392
51 55 -0.0654996 -0.10212
51 56 0.418595 0.0660553
51 58 0.376936 0.628679
51 59 0.383118 -0.0937308
51 61 0.23614 1.28622
51 62 0.0790649 0.0660166
52 33 1.25155 0.0895423
52 34 -1.52812 -1.65732
52 35 2.98107 1.30947
52 36 -1.23289 -0.294859
52 37 -0.223806 -0.128865
52 38 3.44335 -1.00803
52 39 1.71111 -0.00642517
52 40 4.35795 1.10257
52 41 2.19175 0.995332
52 42 -1.01711 -1.30341
52 43 -0.980139 0.475483
52 44 4.03103 -0.68032
52 45 1.98903 0.977949
52 46 0.65016 0.212229
52 47 0.883993 -0.183963
52 48 -0.0372722 1.29209
52 49 1.5423 0.622683
52 50 0.691185 -0.459653
52 51 0.0829167 1.6758
52 52 -1.38258 -0.276177
52 53 -0.0890916 0.102563
52 54 0.0915124 0.521091
52 56 -2.25485 -1.2324
52 58 0.194636 1.54571
52 59 0.0863352 -0.0913256
52 61 0.219893 -1.26103
52 62 -0.0762625 0.179653
52 63 -0.12354 -0.0617477
53 33 1.51161 -1.70447
53 34 1.49376 -5.17959
53 35 3.47549 -0.757466
53 36 -0.630629 -1.19454
53 37 -0.340607 0.234695
53 38 2.45393 -0.18844
53 39 3.34184 1.79335
53 40 3.92891 -1.65416
53 41 0.469118 -0.482796
53 42 1.35136 1.41413
53 43 1.98831 -0.296336
53 44 2.69528 1.41404
53 45 -1.94587 0.683104
53 46 0.68609 -0.174761
53 47 3.27048 1.44683
53 48 1.84622 1.13204
53 49 -1.01428 0.621682
53 50 1.03354 0.22661
53 51 0.157767 0.39134
53 52 -1.32528 0.160878
53 53 -0.388263 -0.063088
53 54 0.0997636 0.0625484
53 55 -1.00414 -0.340668
53 56 -0.790955 0.199082
53 57 -0.401859 0.263571
53 59 0.787085 0.860288
53 60 -1.42878 0.385481
53 61 0.954086 0.493145
53 66 0.039601 -0.132466
54 33 -1.25823 -0.282969
54 34 4.93057 0.0592095
54 35 -0.146907 -0.387746
54 36 -0.068637 -1.45553
54 37 -0.726412 -2.15291
54 38 0.843456 -1.4375
54 39 -1.90237 -0.425729
54 40 1.36362 0.463859
54 41 2.12754 0.58963
54 42 2.32284 -0.0498015
54 43 5.09201 1.1816
54 44 2.79088 1.74163
54 45 2.02219 -0.167974
54 46 -0.27781 0.235628
54 47 1.52222 0.469117
54 48 1.97873 -1.56253
54 49 -0.56751 -0.327755
54 50 0.0546721 -0.279298
54 51 1.05369 1.61723
54 52 0.750134 -0.172652
54 53 -0.0456429 1.80563
54 55 -0.158724 -0.0621695
54 57 0.767718 -0.642453
54 58 0.25559 0.292538
54 59 -0.768924 0.701837
54 60 -0.0756381 0.101084
54 61 0.112669 -0.17773
54 62 1.98499 -0.321723
54 63 -0.25235 -0.125014
54 64 0.169188 0.361442
54 66 0.0747765 0.27134
55 33 1.15045 0.19675
55 34 0.756403 -3.13828
55 35 -2.2095 0.534675
55 36 1.55095 -1.49749
55 37 -3.23119 0.656356
55 38 3.43022 1.04002
55 39 2.48208 1.44565
55 40 0.885784 0.225049
55 41 -0.937312 1.40757
55 42 0.340125 -1.62713
55 43 0.33611 -1.57714
55 44 3.04736 0.0206263
55 45 0.622051 0.832076
55 46 0.185637 0.26143
55 47 -1.23066 1.68333
55 48 2.25917 0.00701122
55 49 1.41406 0.180067
55 50 0.579568 0.747589
55 51 1.88247 -0.947617
55 52 -0.745772 0.0143586
55 53 1.4536 0.0474116
55 54 0.196572 0.175683
55 55 -0.720724 -0.100359
55 56 -0.111319 0.910332
55 57 -0.688228 1.1985
55 58 0.135329 0.191879
55 59 -0.905313 0.265467
55 60 0.239221 -0.109236
55 62 2.68834 1.09769
55 63 -0.897176 -0.694615
55 64 0.239454 0.341799
55 66 0.0107086 0.0170048
56 33 3.19226 0.948304
56 34 4.57291 6.59136
56 35 3.30065 3.36643
56 36 3.31157 3.66237
56 37 -3.11121 -0.0865835
56 38 0.214804 -0.0244655
56 39 4.89999 2.70068
56 40 -0.409587 1.80946
56 41 1.71338 -0.211757
56 42 0.998999 -0.951596
56 43 -2.4236 0.11348
56 44 1.68954 -0.208842
56 45 -0.507276 -0.932634
56 46 0.0677333 0.305756
56 47 0.509441 0.305582
56 48 -1.41097 2.97881
56 49 -0.482509 0.142621
56 50 -0.905707 0.354422
56 51 0.135955 2.02157
56 52 1.58689 0.313612
56 53 -1.2677 -0.126358
56 54 -1.68379 -1.87156
56 55 -0.978174 0.716229
56 56 -0.838605 0.00326938
56 57 0.0838887 -0.509694
56 58 -0.662896 -0.155926
56 59 -0.351213 0.199319
56 62 0.072769 -0.121004
56 63 -0.298302 0.141403
56 64 0.298902 -1.56168
57 33 0.264569 -0.958618
57 34 4.08478 -2.40988
57 35 5.48002 -0.873133
57 36 3.31729 1.06534
57 37 2.14142 -1.38011
57 38 2.32671 2.66379
57 39 -2.19214 2.31439
57 40 4.94394 2.55561
57 41 4.12323 1.31461
57 42 0.755545 -0.186757
57 43 2.62032 0.215567
57 44 1.54476 -0.169762
57 45 -1.68877 0.319103
57 46 0.615215 -0.798362
57 47 1.64036 0.500839
57 48 2.70665 1.23634
57 49 0.0600318 0.524537
57 50 -1.0068 0.0775484
57 51 -2.24074 -0.480388
57 52 1.46166 0.922916
57 53 0.29518 -0.790715
57 54 0.0371972 -0.894057
57 55 -1.13983 1.66711
57 56 -0.49928 0.401236
57 57 -0.111747 -0.139781
57 58 -1.02393 1.44749
57 60 0.0222507 -0.0617605
57 61 0.171489 -0.00400481
57 62 0.0935887 0.130229
57 63 0.0821762 -0.106606
57 65 -0.0599386 0.0519509
57 66 0.0487819 0.121759
58 33 1.54973 0.00792949
58 34 6.61234 -0.279422
58 35 6.01425 -2.10812
58 36 7.99547 0.228068
58 37 2.74606 -2.20104
58 38 3.16793 -0.0280549
58 39 2.06898 0.972907
58 40 -2.93179 0.384191
58 41 2.37376 -1.63067
58 42 -1.40363 0.166023
58 43 2.68976 0.272471
58 44 -1.42515 2.27361
58 45 -2.40764 -0.123656
58 46 1.30358 -0.387753
58 47 1.28539 0.280135
58 48 2.66468 -1.16821
58 49 0.704512 -0.331814
58 50 -0.417533 -0.333688
58 51 -0.182455 -0.774994
58 52 0.113109 0.912794
58 53 0.0732341 -0.0533298
58 54 0.0260723 0.0475705
58 55 -2.0118 -1.52184
58 56 0.169666 -1.15013
58 57 -0.131783 0.0188417
58 58 -1.15934 0.955507
58 59 -0.0482879 -0.0269132
58 60 -0.0411065 0.0269632
58 62 1.62422 -1.16263
58 63 0.716721 -0.00312895
58 64 0.134962 0.00252523
58 65 0.0151053 0.132745
58 66 0.577789 -0.0880781
59 33 1.18863 1.13815
59 34 3.66987 -0.704091
59 35 4.00927 -0.907148
59 36 2.68945 -0.567604
59 37 2.29451 -2.46132
59 38 0.298072 -0.615399
59 39 4.03454 1.41662
59 40 3.10018 -0.0601404
59 41 3.15093 -1.01772
59 42 2.84926 4.60942
59 43 6.07764 0.0906456
59 44 0.178237 0.151401
59 45 -1.22815 -0.222344
59 46 1.41927 -0.811964
59 47 -0.395831 -0.160251
59 48 -0.250655 1.37572
59 49 -1.4222 0.78361
59 50 -1.10149 2.48466
59 51 0.448916 2.28458
59 52 0.0680417 -0.0137919
59 53 -0.747297 -0.940299
59 54 1.32429 0.155358
59 55 -0.0384932 2.18173
59 56 0.0434241 -0.124644
59 57 -0.0626519 -0.0244635
59 58 0.118945 -0.0355926
59 59 0.0663663 0.194095
59 61 0.255304 0.0439206
59 63 0.358265 0.825484
59 65 -0.163622 -0.404713
60 33 0.314769 -1.48159
60 34 5.3258 -1.83166
60 35 6.21234 -2.35037
60 36 1.26188 0.840697
60 37 2.65782 1.75985
60 38 1.30711 1.28488
60 39 0.0601731 1.85959
60 40 0.338242 0.428353
60 41 1.21398 0.0733207
60 42 1.68635 -0.351692
60 43 3.89269 3.20131
60 44 -0.57788 3.14527
60 45 0.917933 0.108087
60 46 0.206603 0.289762
60 47 0.899287 0.272007
60 48 3.48195 2.03016
60 49 0.0222995 -2.13545
60 50 -0.0923026 0.666034
60 51 -1.12393 0.754893
60 52 -1.10985 0.853383
60 53 -0.0511349 0.711061
60 54 -0.025517 1.2345
60 55 -1.38961 0.0897761
60 56 0.210137 -0.357667
60 57 -0.0108657 -0.063494
60 58 -2.70346 -0.692447
60 60 0.296683 -0.963637
60 61 0.310318 0.114928
60 62 1.26959 1.28028
60 63 -0.889125 0.133602
61 33 0.821956 -1.2108
61 34 -2.47951 -0.338948
61 35 3.59303 -0.566469
61 36 -1.36838 1.67734
61 37 2.9429 2.45492
61 38 2.85939 0.826286
61 39 1.1117 -1.32968
61 40 1.55731 -3.15993
61 41 1.14993 1.09418
61 42 0.521518 0.708424
61 43 1.42475 1.59921
61 44 1.58632 1.83164
61 45 -0.127418 1.35184
61 46 -0.693324 1.35325
61 47 1.11107 1.65517
61 48 1.50027 -0.838209
61 49 0.269256 1.2817
61 50 0.0805814 0.0583964
61 51 0.204292 -0.559547
61 52 -0.143813 -0.155805
61 53 -0.471264 -0.627139
61 54 -0.0174901 0.0723959
61 55 0.0197578 -0.00468453
61 57 -0.592681 1.53085
61 58 -0.358648 1.35083
61 61 -0.80507 -1.69272
61 62 0.234414 0.323134
61 63 -0.0913539 0.017484
62 33 1.32365 0.792785
62 34 4.40737 -1.29089
62 35 0.14995 -3.05427
62 36 -0.567137 -1.81089
62 37 1.59595 1.08708
62 38 3.31988 0.173699
62 39 0.86106 -0.920965
62 40 -2.08537 0.138372
62 41 0.746968 0.322261
62 42 0.890152 -0.232216
62 43 0.791091 -0.986003
62 44 2.74499 1.31714
62 45 2.6184 0.975204
62 46 0.234406 -1.07353
62 47 0.207718 0.486603
62 48 3.35489 0.0134407
62 49 1.66586 0.110371
62 50 0.430626 0.295094
62 51 -0.106984 0.230881
62 52 0.108865 0.431866
62 53 -0.0427032 0.00309634
62 54 -0.0140423 0.340044
62 55 -3.4353 0.0196885
62 56 0.21773 -0.0352432
62 58 -0.157809 0.216965
62 60 -0.349329 0.70539
62 61 -0.457341 1.00529
62 62 0.267209 0.285163
62 63 0.0394632 -0.902923
62 64 0.150673 0.02552
62 65 -0.526381 0.545691
63 33 4.28589 -1.4272
63 34 4.19575 -0.318638
63 35 2.32961 0.778936
63 36 0.725986 2.30068
63 37 2.89137 2.20263
63 38 -1.51792 0.779649
63 39 3.14583 2.39836
63 40 -0.146234 -0.915131
63 41 -0.720818 1.14794
63 42 2.66347 0.184653
63 43 0.842315 0.374521
63 44 0.3738 2.47449
63 45 -0.585394 0.801627
63 46 0.170207 0.556215
63 47 2.55534 0.998606
63 48 1.00222 1.59713
63 49 -2.40545 -1.27911
63 50 -0.00328316 1.1381
63 51 0.0640219 0.167771
63 52 1.17245 -0.480099
63 53 1.10926 1.12343
63 54 1.33913 -0.138914
63 55 -0.643591 -0.24405
63 56 0.22303 0.0403504
63 57 -0.0814891 0.0557391
63 58 -0.191723 -0.445457
63 59 -0.0353418 0.0178924
63 60 0.424063 -0.32833
63 62 -0.562539 0.681658
63 63 -0.1921 -0.191229
63 66 0.0930665 0.209396
64 33 1.76244 -0.893461
64 34 1.83783 -0.14228
64 35 0.496243 1.3773
64 36 1.98045 0.89876
64 37 3.34811 0.327069
64 38 2.73501 0.192945
64 39 1.69466 0.812434
64 40 3.65962 -0.0034082
64 41 3.1994 -1.25595
64 42 1.21683 -0.370385
64 43 -1.29552 1.53591
64 44 0.215059 0.0361941
64 45 3.67648 0.127558
64 46 -0.640677 0.260602
64 47 2.60307 3.21826
64 48 0.830371 -1.00171
64 49 -0.0460933 0.570856
64 50 -1.19825 0.668346
64 51 0.362231 0.170042
64 52 -0.141177 1.16065
64 53 0.325203 0.501909
64 54 0.402241 0.328694
64 56 0.274098 0.0516532
64 57 -0.629371 -0.424208
64 58 0.689938 -0.436207
64 59 0.151623 -0.0622297
64 60 -0.0176932 0.0717429
64 61 -0.0246567 -0.0927513
64 62 0.46092 0.0422856
64 65 -0.10206 -0.52375
65 33 0.0723548 -1.72425
65 34 1.95064 -1.02549
65 35 2.15094 -1.20266
65 36 3.02322 -0.930952
65 37 1.58392 0.95266
65 38 -0.825459 2.12527
65 39 3.38798 0.403954
65 40 5.21469 -0.729669
65 41 1.36023 3.55696
65 42 3.98232 1.23112
65 43 -0.288885 0.628184
65 44 -0.398129 0.809451
65 45 0.739673 1.74423
65 46 -0.0988339 0.258735
65 47 2.37721 0.00130029
65 48 1.50659 0.888956
65 49 -0.295093 0.070775
65 50 -0.546467 1.37658
65 51 -0.292477 0.143583
65 52 0.79093 1.01367
65 53 -0.172534 0.0510834
65 54 0.186455 -0.0505553
65 55 -0.0102336 0.156839
65 56 -0.191103 0.375964
65 57 0.266531 0.266812
65 58 -1.02511 -0.334378
65 60 0.00768439 0.19018
65 62 0.240887 0.0342837
65 64 -0.164628 0.0398271
65 65 0.268609 0.273903
65 66 0.370191 0.901564
66 33 0.994434 -0.500614
66 34 3.72319 0.871039
66 35 0.111218 0.741583
66 36 2.87718 -1.38726
66 37 0.852493 0.451057
66 38 1.80078 -0.280064
66 39 4.09617 0.719269
66 40 3.54167 -0.036324
66 41 3.28706 -0.394989
66 42 2.34509 -0.392786
66 43 2.01012 -0.190492
66 44 0.440553 0.492331
66 45 0.632342 -0.612726
66 46 1.14514 -0.202304
66 47 0.697213 0.212607
66 48 0.305408 0.446698
66 49 0.381127 0.118664
66 50 0.776856 -0.106237
66 51 -0.331755 0.186254
66 52 0.784623 0.487721
66 53 0.40163 0.296569
66 54 0.614499 0.502435
66 55 -0.348468 -0.00477964
66 56 0.261683 0.0263589
66 57 0.0246863 0.251565
66 58 -0.170379 0.235065
66 59 0.491434 -0.851378
66 60 0.00623455 0.0161773
66 62 0.263617 0.305381
66 65 0.564451 0.838188
66 66 0.149502 -0.0211393
