0 33 6.14527 9.64154
0 34 7.65569 9.0635
0 35 -9.19473 2.18058
0 36 2.86263 1.90781
0 37 0.762441 4.68625
0 38 -0.242995 5.88064
0 39 3.71654 4.15132
0 40 3.19436 0.603203
0 41 -2.30346 2.10601
0 42 -2.47977 3.22108
0 43 3.7992 1.8793
0 44 -2.54166 1.31028
0 45 0.272383 3.64387
0 46 3.79734 -1.21771
0 47 1.16947 2.15684
0 48 1.15896 0.517779
0 49 -2.25712 0.310441
0 50 -1.66141 1.9295
0 51 1.02556 -0.147792
0 52 0.916657 0.783516
0 53 -1.04675 -0.0493517
0 54 0.504863 -0.530701
0 55 0.318142 0.0655915
0 58 0.375236 0.0902804
0 59 0.132863 -0.197285
0 60 0.0742708 0.0117163
1 33 -2.83887 23.5602
1 34 -7.48921 17.1389
1 35 13.5712 15.9996
1 36 -0.0420109 12.4084
1 37 -11.5766 13.8948
1 38 -3.60699 17.4614
1 39 0.962913 21.0394
1 40 -2.36217 11.1031
1 41 0.748781 6.0344
1 42 0.171018 6.84978
1 43 6.28156 4.52758
1 44 -0.973503 10.657
1 45 -3.64439 4.70604
1 46 -6.1052 3.45067
1 47 -4.28715 3.1743
1 48 3.81627 2.90193
1 49 -0.683145 3.27812
1 50 -1.28474 2.38598
1 51 -6.06549 3.68845
1 52 0.440106 1.32953
1 53 0.934489 0.173733
1 54 1.90874 -0.639033
1 55 -0.78249 0.309292
1 56 -0.285587 0.189615
1 57 0.416168 -0.23884
1 58 0.193265 0.231923
1 59 -0.730452 -0.293733
1 63 -0.101821 0.422136
1 65 0.0278161 0.018413
2 33 -10.6539 36.4658
2 34 0.0488924 21.1346
2 35 12.7414 14.8556
2 36 8.14809 31.3593
2 37 2.7091 13.2711
2 38 -4.35374 21.3362
2 39 1.49127 16.3349
2 40 1.76367 22.6514
2 41 -6.08194 14.7935
2 42 2.98182 21.8432
2 43 -0.409213 19.8123
2 44 -4.31268 12.1031
2 45 8.48298 8.24789
2 46 2.25102 9.67344
2 47 -4.41297 -2.5811
2 48 4.35461 2.91441
2 49 -2.16595 6.32337
2 50 -3.3733 5.96265
2 51 0.783418 3.46265
2 52 1.61035 3.98256
2 53 -1.19037 2.25068
2 54 0.339618 0.0212984
2 55 -1.98016 -2.34015
2 56 -0.77033 0.510764
2 57 0.628041 0.334253
2 58 -0.179895 0.830284
2 59 0.0377889 -0.186037
2 61 0.0101294 0.00608739
2 63 -0.503401 1.70885
2 66 -0.022288 0.468839
3 33 -7.61654 41.8428
3 34 22.02 25.9467
3 35 11.0297 24.7569
3 36 -24.6192 31.4934
3 37 -4.74921 19.3704
3 38 -1.63964 19.7666
3 39 -2.07777 30.1234
3 40 -1.49231 24.7063
3 41 2.78775 28.4633
3 42 19.1825 18.101
3 43 10.3633 18.7725
3 44 -1.65672 18.4279
3 45 3.76568 11.8074
3 46 -1.63757 7.75114
3 47 0.590205 11.393
3 48 6.92907 10.5872
3 49 3.1082 3.87834
3 50 4.80966 7.43655
3 51 5.96513 4.14945
3 52 2.80178 3.8202
3 53 0.144606 4.08508
3 54 -3.46523 2.02047
3 55 2.26661 1.20038
3 56 0.298154 0.049165
3 57 0.238537 -0.0427558
3 58 -0.00686113 0.00114875
3 59 -0.163553 0.138551
3 60 -1.08633 0.361596
3 61 0.00351844 0.0136304
3 63 0.783457 1.9386
3 64 0.522985 -0.0436516
3 65 1.03867 -0.275261
4 33 0.908016 40.4769
4 34 2.52192 28.1607
4 35 18.7813 38.6391
4 36 -14.6814 21.2538
4 37 6.35112 35.2709
4 38 8.45344 26.6069
4 39 -14.4012 17.8996
4 40 -8.78468 8.22306
4 41 4.67896 17.8103
4 42 -6.21135 20.9901
4 43 5.95356 16.6474
4 44 3.62368 7.87381
4 45 -4.68175 10.9967
4 46 6.76214 12.1349
4 47 -5.91392 15.7009
4 48 -1.0641 11.1974
4 49 5.64753 9.20507
4 50 -0.0442776 3.58411
4 51 0.785124 2.14066
4 52 4.54588 4.36621
4 53 1.84133 0.947435
4 54 0.241445 1.19304
4 55 -0.511614 2.1965
4 56 -0.822597 -0.895939
4 57 1.19379 -0.925391
4 58 1.5954 0.303704
4 59 -0.147289 0.020958
4 60 0.575403 0.52068
4 61 -0.32494 -0.225833
4 62 0.242378 -0.701705
4 63 0.405846 -0.0879225
4 65 -0.433845 0.985044
5 33 1.62054 44.6363
5 34 11.0811 22.2515
5 35 12.6532 24.4336
5 36 7.88734 30.2138
5 37 7.59017 18.356
5 38 -8.94719 13.2072
5 39 4.36947 27.0924
5 40 -17.0599 22.9002
5 41 2.06138 22.7031
5 42 -13.813 13.9465
5 43 -8.45622 19.1238
5 44 -8.63727 12.4325
5 45 -0.561285 20.8738
5 46 -2.02681 14.1638
5 47 5.82006 13.8617
5 48 -5.49845 8.72888
5 49 5.72133 5.16914
5 50 9.46895 -3.26369
5 51 3.62104 8.45131
5 52 0.453476 0.637279
5 53 1.4013 2.36965
5 54 -1.34927 1.79397
5 55 2.10139 1.57268
5 56 -3.0621 -1.46701
5 57 0.748224 0.793996
5 58 -0.252497 0.139131
5 59 -0.21252 -0.365892
5 60 0.267022 0.397627
5 61 -0.0501803 -0.0547119
5 62 -0.332 0.451096
5 63 0.481668 -0.290785
5 64 0.141852 0.262648
5 65 -0.107755 -0.253865
6 33 8.41718 31.5097
6 34 -5.25173 43.2792
6 35 -3.50046 13.7989
6 36 10.0047 20.8344
6 37 -3.24721 26.2262
6 38 5.52221 19.7747
6 39 10.265 10.5704
6 40 -0.0665684 33.4274
6 41 11.2342 21.5437
6 42 3.2341 21.8888
6 43 0.492892 24.4847
6 44 -7.73418 15.2073
6 45 2.11145 10.7283
6 46 2.78168 19.2492
6 47 16.7615 5.09994
6 48 -0.517897 16.5008
6 49 4.49456 8.19018
6 50 -4.29553 11.2856
6 51 3.24628 1.25968
6 52 7.54704 4.44501
6 53 3.96814 5.73503
6 54 -1.4883 4.90924
6 55 0.86151 0.257103
6 56 -0.444371 0.163565
6 57 0.824461 0.573975
6 58 -2.22172 0.828511
6 59 -0.654662 1.02299
6 60 0.247898 0.463279
6 61 0.806453 1.68267
6 62 -0.285005 0.790101
6 63 -0.689481 -0.224068
6 66 -0.0690801 0.0292626
7 33 10.6322 44.785
7 34 -0.511554 27.3735
7 35 12.6772 7.9209
7 36 -1.01902 24.9385
7 37 6.64599 29.1662
7 38 8.46419 21.6307
7 39 0.657259 20.0064
7 40 -3.59483 23.6937
7 41 -0.677967 15.2262
7 42 -2.64168 24.2611
7 43 -3.31827 20.7623
7 44 -10.7316 24.288
7 45 2.93554 14.4189
7 46 -0.854721 20.4345
7 47 2.16181 10.1042
7 48 -2.7273 3.94976
7 49 10.0078 13.9372
7 50 6.5277 5.52428
7 51 2.88974 8.50514
7 52 -0.776421 4.03324
7 53 2.09129 0.122208
7 54 -0.262936 3.79127
7 55 -1.28581 0.448123
7 56 -0.243396 -0.202372
7 57 -1.29188 0.434733
7 58 0.159591 0.518561
7 59 -0.0194987 0.208533
7 60 0.216278 0.205019
7 61 1.02356 -0.156123
7 62 -1.98708 1.90274
7 65 0.165569 -0.838069
7 66 0.177502 0.306222
8 33 -9.22516 30.5105
8 34 5.49032 22.6465
8 35 21.6327 11.8161
8 36 10.2322 23.2952
8 37 7.51862 28.3768
8 38 15.219 10.2788
8 39 -3.05541 26.9568
8 40 12.2528 16.1619
8 41 5.57527 18.6405
8 42 -1.1767 8.55763
8 43 3.14963 15.912
8 44 11.8833 12.2299
8 45 6.77908 15.8135
8 46 -2.5989 7.61435
8 47 -5.00979 14.6954
8 48 -0.825254 17.6781
8 49 -3.09858 10.9403
8 50 6.23141 12.0343
8 51 4.47213 0.989576
8 52 -0.93346 8.88864
8 53 1.09226 3.39779
8 54 -5.44414 -5.03159
8 55 2.22048 -0.0216413
8 56 0.141403 1.09587
8 57 -0.0561246 0.81096
8 58 -0.832244 0.604886
8 59 -0.59297 1.09855
8 60 -0.860914 0.891741
8 61 -1.25827 -0.0850934
8 62 1.2247 -0.925871
8 63 0.116949 -0.0468818
8 64 0.129247 -0.199813
8 65 0.51186 -0.171116
8 66 -0.192678 0.337554
9 33 5.81268 26.7259
9 34 2.67955 9.41832
9 35 7.6547 23.1651
9 36 3.71975 15.2431
9 37 2.13336 12.0031
9 38 13.0102 22.8938
9 39 -6.35964 6.2906
9 40 6.77019 10.7759
9 41 -7.26899 3.26246
9 42 0.506089 21.6204
9 43 -2.11321 16.2251
9 44 1.90087 9.9272
9 45 -3.5927 18.2388
9 46 6.17927 18.8957
9 47 7.83246 5.51439
9 48 0.878486 8.26757
9 49 12.3363 5.34345
9 50 9.05202 4.97264
9 51 5.48137 5.46094
9 52 -1.92578 5.16941
9 53 -2.34421 4.97315
9 54 -3.38017 1.33846
9 55 -4.17806 -0.404358
9 56 0.819802 -0.241944
9 57 -0.427446 -0.153904
9 58 1.91245 1.27505
9 59 -2.02878 2.20924
9 60 -1.55568 0.64695
9 61 1.58842 0.0539891
9 62 -0.124965 0.357185
9 63 0.430433 0.194512
9 64 0.229724 -0.219945
9 65 0.27097 0.000911239
10 33 1.90126 16.8338
10 34 12.1969 11.6832
10 35 7.21677 12.5369
10 36 12.4428 8.68442
10 37 -4.27395 21.5935
10 38 10.7497 20.0163
10 39 5.51243 8.90203
10 40 19.4354 12.869
10 41 9.02579 11.4273
10 42 8.39311 15.1238
10 43 -1.01692 17.3013
10 44 4.72009 4.83656
10 45 1.85471 5.74395
10 46 0.967046 15.828
10 47 9.49609 16.7526
10 48 5.52768 10.2598
10 49 -2.08589 0.552803
10 50 5.84169 5.47287
10 51 5.76711 8.68621
10 52 3.84442 0.878643
10 53 -0.874323 -6.02626
10 54 -0.639394 1.27183
10 55 -1.04649 1.38825
10 56 -2.51041 -2.80275
10 57 0.281168 -0.752781
10 58 0.0982999 0.411421
10 59 -0.55335 0.836813
10 60 0.319106 0.4181
10 61 0.191368 0.0112422
10 63 -0.38832 -0.0236923
10 64 -0.252811 0.844029
10 65 -0.135585 -0.12718
11 33 3.16042 11.5918
11 34 15.054 16.5632
11 35 6.06532 2.55496
11 36 16.0095 6.27081
11 37 1.97879 11.2016
11 38 10.368 17.1881
11 39 21.3696 11.2109
11 40 23.4815 16.121
11 41 8.23298 17.5791
11 42 5.73329 16.751
11 43 16.2884 2.81711
11 44 2.22235 10.3724
11 45 2.62273 13.98
11 46 -5.85021 13.2237
11 47 -7.09164 10.8611
11 48 13.1607 4.6269
11 49 2.4633 9.37466
11 50 -3.17484 7.19859
11 51 1.89262 4.31825
11 52 2.1806 2.08943
11 53 -2.27848 0.190322
11 54 1.54827 1.35555
11 55 -1.64188 0.280488
11 56 3.6849 -0.800546
11 57 0.950385 -0.123901
11 58 -1.11378 -0.686015
11 59 1.80242 0.0260344
11 60 0.865131 0.746927
11 61 -0.584617 0.636865
11 62 1.24199 -0.293158
11 63 0.0616191 0.367105
11 64 0.413714 0.652251
11 65 -0.0952499 -0.00798708
11 66 -0.37285 -0.111405
12 33 6.19931 11.602
12 34 14.5497 2.08594
12 35 2.95371 5.01112
12 36 8.05545 8.28698
12 37 7.15797 13.679
12 38 1.55848 10.8509
12 39 6.1928 9.84167
12 40 13.1279 8.99383
12 41 -3.41753 4.42274
12 42 20.4846 1.05602
12 43 -6.10881 12.8491
12 44 7.13979 12.5513
12 45 3.94083 16.6709
12 46 -5.7546 9.32735
12 47 9.81956 3.03465
12 48 3.99662 9.63098
12 49 6.09863 6.19219
12 50 8.80316 9.28601
12 51 -0.912128 7.7674
12 52 2.02586 1.11578
12 53 -4.47416 4.5685
12 54 3.90258 4.11127
12 55 -0.405304 1.02124
12 56 3.98205 1.24662
12 57 0.429076 -0.049506
12 58 1.04401 0.101116
12 59 0.741432 0.638376
12 60 1.11228 0.173189
12 61 -0.040852 0.0631433
12 62 1.24022 0.209298
12 63 -0.0529101 0.251806
12 64 0.604423 -0.413895
12 65 -0.0530773 -0.00884396
12 66 -1.63276 -0.457867
13 33 7.61997 5.54098
13 34 9.22474 1.91869
13 35 8.39538 -0.502755
13 36 7.73828 0.961059
13 37 -4.55733 0.983358
13 38 6.16101 8.18551
13 39 8.35217 5.71703
13 40 10.445 3.00354
13 41 2.98664 13.1872
13 42 1.87181 2.91935
13 43 3.3863 -1.39704
13 44 -6.19752 7.13351
13 45 6.15069 10.6857
13 46 -2.64846 6.18681
13 47 16.453 4.47406
13 48 4.50508 2.20975
13 49 4.42264 0.805187
13 50 6.87942 4.818
13 51 -0.0656424 -0.831385
13 52 -4.28636 -0.670589
13 53 3.80663 4.73371
13 54 -6.33792 8.92795
13 55 1.22027 1.22024
13 56 0.492943 1.18433
13 57 1.63146 2.14404
13 58 -0.580453 -1.80344
13 59 0.409039 0.0365812
13 60 1.05758 -0.750927
13 61 0.680802 0.349507
13 62 1.31327 0.381886
13 63 -0.0700361 0.123488
13 64 -0.1676 0.355647
13 65 0.441249 0.12971
13 66 -0.289393 0.490201
14 33 3.55206 7.59711
14 34 10.3094 8.86128
14 35 3.25787 -2.4743
14 36 1.58748 5.84041
14 37 -2.93629 4.82659
14 38 2.85007 4.61035
14 39 2.3939 -4.44157
14 40 14.4529 9.27987
14 41 6.58531 6.97685
14 42 7.55884 13.5113
14 43 4.19865 6.81405
14 44 10.4298 -1.22728
14 45 5.00244 6.19174
14 46 8.58787 -0.56107
14 47 10.4467 4.46498
14 48 -0.172449 6.43566
14 49 2.69313 5.4987
14 50 -1.85589 3.18315
14 51 7.76893 6.8325
14 52 7.69642 4.85807
14 53 -4.89358 4.38744
14 54 -0.896602 2.44349
14 55 1.06033 -5.05676
14 56 1.95636 1.28127
14 57 0.0372796 -0.366213
14 58 2.48183 0.0382685
14 59 1.81961 0.838449
14 60 0.327348 1.50068
14 61 -0.609971 -0.0873429
14 62 1.29384 -0.340593
14 63 -0.279557 0.978353
14 64 -0.200114 1.038
14 65 -0.505931 0.395911
14 66 -1.18352 -0.226621
15 33 4.07749 2.8889
15 34 9.35009 4.13873
15 35 10.1709 -1.47527
15 36 -4.729 -2.47826
15 37 2.63032 1.02917
15 38 2.1309 6.61526
15 39 7.84654 -4.17889
15 40 -2.19825 -5.25914
15 41 3.73109 5.54459
15 42 9.65151 7.62681
15 43 6.715 5.90722
15 44 12.7439 3.51075
15 45 7.46727 0.829888
15 46 14.6768 8.69255
15 47 5.50473 17.517
15 48 -10.6119 0.812495
15 49 3.52676 2.20247
15 50 0.419872 4.85383
15 51 5.29631 1.41428
15 52 11.0561 0.241159
15 53 3.31418 3.82757
15 54 6.42661 1.98769
15 55 -4.67552 0.881366
15 56 2.33345 5.20725
15 57 2.21137 -0.231789
15 58 -0.77719 1.3894
15 59 -0.713681 -0.74998
15 60 -2.02337 0.623364
15 61 0.71015 -0.00920485
15 62 -0.0534911 -0.173034
15 63 1.57964 -1.09215
15 64 -0.698352 0.335795
15 65 -0.147399 0.217552
15 66 0.284586 -0.321696
16 33 4.77155 3.08264
16 34 10.434 4.44861
16 35 7.7831 1.55271
16 36 0.167851 -1.82658
16 37 -0.321802 1.42571
16 38 5.03805 3.55072
16 39 4.71006 2.09646
16 40 2.88092 9.35208
16 41 5.10936 6.01029
16 42 0.0878248 7.67754
16 43 5.04571 5.20477
16 44 -2.08136 1.07042
16 45 9.89421 -0.207294
16 46 8.25992 3.19262
16 47 9.22051 5.68435
16 48 -0.555611 6.41177
16 49 5.33286 6.38367
16 50 9.01924 3.29905
16 51 -7.38238 -1.66215
16 52 4.72259 7.21752
16 53 5.80007 7.10969
16 54 6.50092 3.4711
16 55 0.279099 2.80231
16 56 1.14712 0.436002
16 57 1.73999 0.557203
16 58 -0.454794 2.11446
16 59 2.6012 1.39195
16 60 0.705921 -0.669447
16 61 1.59445 -0.28835
16 62 0.630148 0.462152
16 63 -0.212819 0.0958855
16 64 0.0108649 0.197654
16 65 -0.874568 -1.96204
16 66 0.987339 -0.419937
17 33 3.0491 1.76759
17 34 12.1373 1.3044
17 35 2.60675 -1.94475
17 36 0.576076 1.58511
17 37 -1.62396 1.66316
17 38 7.4653 8.81907
17 39 13.2924 -2.05881
17 40 7.34721 -5.88432
17 41 4.76927 -1.85178
17 42 -0.684341 -1.02294
17 43 -1.9672 4.41398
17 44 6.57843 2.28545
17 45 10.356 -8.34284
17 46 3.75127 4.52443
17 47 11.6508 6.07076
17 48 3.11521 0.56736
17 49 3.20181 1.81232
17 50 2.49373 -3.97898
17 51 1.4298 -1.37377
17 52 6.32409 1.55426
17 53 1.54932 3.87051
17 54 -1.63251 2.39721
17 55 1.57313 -1.14513
17 56 -0.580011 1.45274
17 57 -2.37195 1.32126
17 58 -0.621676 -0.385189
17 59 0.267569 -1.0955
17 60 0.638196 0.884518
17 61 -1.01516 0.177276
17 62 0.937687 2.1393
17 63 -0.117155 0.946777
17 64 -0.114828 -0.339093
17 66 -0.36808 0.26113
18 33 6.18996 -4.19494
18 34 3.21663 -3.34802
18 35 5.30206 0.406753
18 36 0.36294 -0.104307
18 37 6.53181 3.08359
18 38 2.86063 -5.49711
18 39 11.0688 4.76816
18 40 8.88794 -6.55968
18 41 6.0038 -1.50575
18 42 11.3101 -2.51341
18 43 5.42713 1.54682
18 44 7.09869 -1.32935
18 45 6.90009 4.1998
18 46 6.99147 2.41225
18 47 8.97203 2.67099
18 48 4.72245 0.994378
18 49 2.44802 4.91759
18 50 4.38116 1.33414
18 51 10.088 2.68999
18 52 3.62315 -1.38225
18 53 7.99586 -0.299739
18 54 3.28005 2.1728
18 55 -2.02323 0.374923
18 56 2.10387 -1.62216
18 57 -0.357801 0.716086
18 58 1.40509 -0.399901
18 59 1.34824 1.73998
18 60 1.70772 0.94682
18 61 -0.171585 0.151039
18 62 -0.968835 -1.01536
18 63 1.7981 0.39121
18 64 -0.234513 0.397719
18 66 -0.710664 -0.163569
19 33 7.06671 -3.07943
19 34 -0.114223 -0.620277
19 35 9.91756 -7.94052
19 36 2.12097 -1.72065
19 37 6.63909 -1.50128
19 38 13.0625 -3.98491
19 39 11.0549 2.1809
19 40 12.5394 -0.775309
19 41 11.4366 -2.7862
19 42 13.5002 4.47507
19 43 9.42282 -5.26406
19 44 -1.85449 -1.00702
19 45 8.4333 -2.4677
19 46 9.28128 1.12552
19 47 1.35446 -3.65544
19 48 9.61937 -1.18318
19 49 6.34023 4.99725
19 50 15.435 -0.927527
19 51 8.50181 0.982055
19 52 -1.86486 3.54262
19 53 1.93502 -1.67046
19 54 5.49757 5.36585
19 55 0.419361 2.53244
19 56 1.06305 3.58408
19 57 -0.755419 -0.696992
19 58 -0.633891 -0.343934
19 59 -3.20466 2.38703
19 60 0.879523 1.60006
19 61 0.997629 -1.72682
19 62 0.138583 0.132615
19 63 -0.89378 -0.285471
19 64 0.762696 0.571982
19 65 0.116971 0.0333729
19 66 0.257553 0.151383
20 33 4.98706 -3.14899
20 34 -1.07985 -2.01684
20 35 2.37464 -6.11422
20 36 10.0701 4.41069
20 37 10.4332 -1.96344
20 38 7.17802 3.08341
20 39 -0.860586 3.2307
20 40 8.14885 -2.48533
20 41 8.458 -4.64264
20 42 1.98749 6.28008
20 43 10.5749 -1.67091
20 44 0.86321 -7.84819
20 45 8.40204 -1.82359
20 46 3.26996 4.23724
20 47 1.98504 1.20344
20 48 8.62697 2.15384
20 49 9.56079 4.56181
20 50 2.08261 1.69325
20 51 6.04965 -3.87906
20 52 2.103 1.18032
20 53 -4.06968 1.42304
20 54 -2.46549 3.77853
20 55 3.97459 5.23313
20 56 4.86592 5.04734
20 57 0.338433 -0.122329
20 58 -1.60269 2.29031
20 59 -0.108213 0.929955
20 60 2.8167 -0.0136941
20 61 1.49075 -0.699654
20 62 -0.970527 -0.196086
20 63 1.10768 1.1041
20 64 -0.303637 -0.132147
20 65 0.305434 -0.238069
20 66 1.89752 -0.725599
21 33 3.41977 -1.72174
21 34 6.36247 -1.76821
21 35 10.0653 -3.38021
21 36 12.3106 -2.00015
21 37 11.2733 5.58899
21 38 7.58248 -6.81874
21 39 1.10921 0.948536
21 40 8.45152 -3.88742
21 41 3.15746 -4.32955
21 42 5.38937 1.64761
21 43 16.3141 1.95314
21 44 -2.80553 4.38426
21 45 -0.750421 5.25558
21 46 1.34849 -1.96546
21 47 9.97136 2.75944
21 48 6.27825 -2.85369
21 49 0.731196 -0.629285
21 50 5.3403 1.4538
21 51 3.40668 -8.54053
21 52 0.0828726 -3.81334
21 53 4.37484 -1.05979
21 54 -1.01373 2.16194
21 55 1.11945 1.27787
21 56 2.6674 1.83452
21 57 2.51842 2.14454
21 58 -1.74649 0.814469
21 59 1.84556 0.751099
21 60 -2.40178 -1.08565
21 61 -0.795678 -0.827023
21 62 0.80446 0.194642
21 63 1.14202 -0.866004
21 64 -0.354721 0.371822
21 65 -0.00691761 -0.0012976
21 66 -0.161434 0.0442525
22 33 0.496092 -1.62013
22 34 -0.478083 -5.1187
22 35 15.3536 -1.93219
22 36 3.43533 1.24719
22 37 -1.9338 -3.62336
22 38 8.73415 -0.61451
22 39 9.55771 0.745875
22 40 7.88397 1.61507
22 41 -0.753848 1.04025
22 42 6.52205 -3.43916
22 43 10.2061 1.85146
22 44 8.9097 1.6548
22 45 0.665331 -2.66066
22 46 -2.2344 -0.20047
22 47 13.8315 1.89503
22 48 4.49989 -0.693725
22 49 5.84296 2.84148
22 50 8.67573 -2.16897
22 51 3.976 3.35689
22 52 9.64718 0.851059
22 53 0.816716 8.99675
22 54 -1.58357 -2.06511
22 55 0.766349 0.910883
22 56 1.80535 -0.846516
22 57 -1.2439 1.50848
22 58 -0.851448 -0.0807157
22 59 0.692464 3.24722
22 60 0.293836 0.204573
22 61 0.34953 -0.292308
22 62 0.271196 0.527468
22 63 -0.597485 -0.222506
22 64 -0.408103 -0.000544861
22 65 0.178974 1.09956
22 66 1.65466 0.765335
23 33 4.34175 -1.56902
23 34 8.08499 -0.531416
23 35 4.89669 -2.9393
23 36 4.7921 -7.8963
23 37 1.0045 -2.22516
23 38 10.9832 3.1355
23 39 4.97156 2.27093
23 40 6.49542 4.77612
23 41 7.12161 1.2691
23 42 5.14397 1.80997
23 43 11.5952 4.07423
23 44 4.57271 -4.84847
23 45 -2.26 5.46946
23 46 12.3324 0.462623
23 47 12.093 -2.55764
23 48 4.59933 -4.01495
23 49 9.57504 4.69348
23 50 9.22278 5.41435
23 51 8.39825 -2.30377
23 52 4.64264 2.09037
23 53 1.01646 -0.171591
23 54 3.8692 0.315164
23 55 3.86934 -3.63397
23 56 1.03714 2.1986
23 57 -2.07696 2.60618
23 58 2.10374 -0.332746
23 59 0.57794 1.68239
23 60 2.37808 0.405702
23 61 -1.39813 -0.78373
23 62 3.41999 0.107566
23 63 0.600945 0.543519
23 64 -1.19316 1.34633
23 65 -0.552305 0.0817878
23 66 0.384107 0.331835
24 33 -0.464025 -1.18383
24 34 7.56774 1.09521
24 35 8.78097 3.96145
24 36 4.0732 -4.1026
24 37 2.23113 -1.50168
24 38 5.90541 2.81759
24 39 5.72811 -0.282573
24 40 9.98449 2.8578
24 41 2.02435 -0.872139
24 42 10.0408 -5.04662
24 43 7.77142 0.103055
24 44 7.02182 3.54487
24 45 12.549 1.94743
24 46 3.70616 -1.50694
24 47 0.309287 -5.62834
24 48 4.34809 2.83497
24 49 3.64186 2.49781
24 50 5.38677 0.394102
24 51 5.39782 9.25168
24 52 -2.32685 3.16979
24 53 8.97176 1.94656
24 54 2.39159 7.28105
24 55 3.70903 1.99873
24 56 -0.462554 2.75765
24 57 0.964408 -0.419567
24 58 -0.710551 0.872197
24 59 -1.43696 4.4335
24 60 -0.923379 -0.152819
24 61 0.47829 -0.226458
24 62 1.89614 -0.465441
24 63 1.59 -0.0612304
24 64 -0.541469 -0.151334
24 65 0.173131 -0.0886591
24 66 0.128327 0.507112
25 33 0.265191 -2.01716
25 34 3.79665 -1.01823
25 35 6.05944 -0.619776
25 36 4.99794 -3.05574
25 37 6.3744 0.135397
25 38 8.3427 1.42909
25 39 5.82662 -2.79947
25 40 6.83015 -3.02849
25 41 11.6779 -3.45236
25 42 7.66951 2.38939
25 43 5.54705 1.37299
25 44 -1.9488 0.804678
25 45 13.8548 5.34657
25 46 10.1983 1.4829
25 47 4.89198 6.43223
25 48 9.29492 4.81668
25 49 1.046 -5.55354
25 50 16.5526 3.11785
25 51 -0.645079 1.23009
25 52 4.95259 2.07397
25 53 5.15993 1.85349
25 54 8.28974 6.50672
25 55 9.69613 2.70762
25 56 -1.44069 2.60733
25 57 2.38663 0.939187
25 58 4.87147 1.33012
25 59 -1.73819 -0.0126123
25 60 -1.07668 0.115379
25 61 0.0105994 -0.514378
25 62 -0.753068 -0.15967
25 63 -1.55505 2.63547
25 64 -0.666948 0.28455
25 65 0.617117 -0.48992
25 66 0.00516708 0.909282
26 33 2.35792 -3.00603
26 34 8.3058 7.57229
26 35 3.28975 3.64212
26 36 3.37347 -1.3658
26 37 5.24169 -6.90319
26 38 1.67406 1.16337
26 39 12.8356 -0.209841
26 40 14.7619 -4.63981
26 41 9.34137 0.674432
26 42 -1.59765 0.559857
26 43 4.87966 -0.604638
26 44 0.405594 -3.41236
26 45 1.57615 -4.24463
26 46 8.67219 1.01296
26 47 8.84479 -3.80471
26 48 -1.61205 2.66026
26 49 4.35647 3.55028
26 50 4.00645 -0.663165
26 51 8.61178 0.286016
26 52 5.85932 6.94743
26 53 -2.20079 1.19415
26 54 9.44478 -1.04905
26 55 5.8347 -0.138272
26 56 0.883304 0.661866
26 57 0.527102 -2.16591
26 58 -3.51227 2.04072
26 59 -1.59265 1.03686
26 60 1.34771 1.32548
26 61 -1.05716 3.16411
26 62 -0.523562 1.33323
26 63 -0.0764994 -0.0358478
26 64 0.0902065 -0.0619316
26 65 -0.0485201 -0.488826
26 66 0.307334 -0.106434
27 33 3.4679 -1.89428
27 34 4.57885 0.326686
27 35 -1.67614 -3.2221
27 36 5.4027 -4.80769
27 37 9.14343 -0.750799
27 38 8.10271 9.21804
27 39 10.7838 0.0879265
27 40 11.7024 2.14047
27 41 7.20615 3.00004
27 42 1.42257 8.33035
27 43 -0.884572 -0.658163
27 44 1.7496 6.29366
27 45 3.85298 -3.01326
27 46 4.41404 -0.36243
27 47 6.7548 3.61962
27 48 0.979189 1.92662
27 49 6.81496 -2.89535
27 50 2.88263 -1.65635
27 51 -0.118224 4.80854
27 52 8.30184 5.62357
27 53 4.88014 2.86138
27 54 2.84439 2.31743
27 55 13.6472 4.11246
27 56 5.30628 3.13543
27 57 -1.24233 1.67961
27 58 0.527381 -0.160197
27 59 3.36776 1.38997
27 60 0.297747 1.48143
27 61 -0.228796 2.05348
27 62 1.02927 0.615379
27 63 -0.439847 0.805427
27 64 0.709752 1.03408
27 65 -1.5958 -0.658547
27 66 -0.297093 0.310593
28 33 6.78658 0.685257
28 34 3.37044 1.03432
28 35 10.5297 -1.00921
28 36 4.08644 0.0180984
28 37 7.54382 -0.400453
28 38 0.274008 -3.53374
28 39 -0.478378 1.96408
28 40 7.62402 -3.12136
28 41 7.43979 0.99887
28 42 3.31127 2.52594
28 43 8.62182 -3.64834
28 44 8.86058 4.78673
28 45 7.59526 2.72235
28 46 5.16705 0.0376481
28 47 4.03202 1.51436
28 48 4.92769 4.44872
28 49 4.08374 -0.694718
28 50 0.447177 1.7132
28 51 6.08919 5.17434
28 52 3.66187 4.34818
28 53 5.64479 1.02833
28 54 2.2827 1.96167
28 55 2.95424 0.462295
28 56 -1.68971 -0.983768
28 57 1.60044 2.69257
28 58 -1.87915 3.46074
28 59 -0.447726 0.0315099
28 60 -0.480215 -0.607076
28 61 2.91661 -0.616242
28 62 0.540014 -0.347043
28 63 1.84397 1.62347
28 64 -0.314039 -0.516427
28 65 -2.23033 0.370908
28 66 -0.123679 -0.0767592
29 33 7.66407 -6.52147
29 34 0.943582 -3.37106
29 35 1.20136 0.00292025
29 36 3.01281 -2.98657
29 37 5.22747 -0.429792
29 38 3.00952 2.27486
29 39 8.08001 5.56662
29 40 -4.43 0.333348
29 41 -1.42712 5.09077
29 42 5.41729 -6.07549
29 43 1.42926 3.06265
29 44 5.77895 -2.87186
29 45 9.19588 0.87481
29 46 2.75288 -1.69999
29 47 -3.3226 1.75516
29 48 2.56445 -1.16065
29 49 12.0893 0.514899
29 50 5.67764 2.37535
29 51 1.26486 1.93339
29 52 2.87385 0.770722
29 53 2.15233 -1.28455
29 54 -0.00120755 4.02649
29 55 -5.46848 1.09973
29 56 0.221732 1.45451
29 57 0.271383 0.978826
29 58 -1.03728 0.599482
29 59 0.140692 0.65103
29 60 0.795151 -0.442596
29 61 1.067 -0.286887
29 62 -0.469727 0.690892
29 63 0.65688 0.138697
29 64 1.63137 3.91852
29 65 0.0723576 1.34661
29 66 -0.00179002 -0.0427027
30 33 4.56354 0.0961012
30 34 3.33174 0.589677
30 35 2.76556 -2.47184
30 36 5.24315 -2.06686
30 37 5.82553 -0.734842
30 38 -2.56513 1.61535
30 39 1.91766 -2.35048
30 40 1.67627 0.165862
30 41 7.61205 0.657588
30 42 10.8269 0.427594
30 43 12.1731 6.12965
30 44 14.0222 2.86349
30 45 8.96731 -0.401882
30 46 3.18966 -0.73959
30 47 4.51348 -3.16726
30 48 -4.91123 0.244905
30 49 6.96871 0.914485
30 50 3.34281 8.44034
30 51 8.23714 1.80962
30 52 -8.07161 4.43621
30 53 5.39732 4.67039
30 54 6.10229 2.65166
30 55 -2.0745 -0.706543
30 56 4.86031 0.241415
30 57 4.86538 -1.10122
30 58 0.139914 -1.04529
30 59 -1.96597 -1.34255
30 60 -0.346969 2.37806
30 61 2.24975 0.986868
30 62 0.739161 2.0211
30 63 -0.237988 -0.0742769
30 64 0.954869 1.12352
30 65 -1.74779 -0.186435
30 66 1.41147 0.481209
31 33 3.651 -4.66179
31 34 4.69834 -2.28085
31 35 1.66357 1.04119
31 36 1.9903 4.2957
31 37 1.64814 3.81434
31 38 -1.65823 -2.57485
31 39 1.31025 -1.41617
31 40 2.92967 -2.07455
31 41 5.20001 -1.31701
31 42 0.189094 -1.4007
31 43 8.90304 -5.39754
31 44 8.91984 4.02856
31 45 4.34241 -1.57287
31 46 10.0644 2.48519
31 47 -1.0612 1.81544
31 48 5.21973 -2.30245
31 49 4.51005 -1.09499
31 50 -2.68034 2.65907
31 51 5.71727 2.49796
31 52 0.709156 3.8558
31 53 3.54275 -0.107123
31 54 2.28201 -0.745693
31 55 -2.03022 2.34458
31 56 2.06808 3.0763
31 57 1.89088 2.70076
31 58 -0.418976 0.589874
31 59 0.00614519 1.29262
31 60 2.43412 2.37684
31 61 -0.0419711 0.922281
31 62 0.272979 0.0291797
31 63 -0.878914 0.326098
31 64 3.52421 -0.548514
31 65 0.643639 0.033663
31 66 0.492898 1.43472
32 33 -0.246124 -0.284169
32 34 -1.93937 1.43111
32 35 0.567376 -0.946794
32 36 5.19437 0.288358
32 37 5.67947 -5.75735
32 38 4.93531 -4.46688
32 39 6.66193 2.74106
32 40 9.66972 0.497948
32 41 6.24049 4.6851
32 42 10.1567 1.30307
32 43 -0.723924 -2.84222
32 44 3.0666 5.60897
32 45 5.49222 -0.875763
32 46 9.4956 -1.2187
32 47 8.02833 2.70156
32 48 4.96307 3.80752
32 49 6.66271 -2.18475
32 50 3.81802 0.627797
32 51 0.906373 2.90713
32 52 3.4825 -0.0539207
32 53 7.5937 0.94526
32 54 1.96384 2.98856
32 55 -2.40031 2.85971
32 56 4.13984 4.27696
32 57 2.38798 -0.429865
32 58 0.10089 -0.442614
32 59 -1.74291 -1.10324
32 60 0.961771 0.936509
32 61 2.61234 0.787929
32 62 1.79794 0.91839
32 63 1.22351 -0.470457
32 64 -0.947955 0.929706
32 65 0.949594 -0.15453
32 66 0.426635 0.363553
33 33 3.09103 -1.20263
33 34 5.5733 0.66951
33 35 -5.06261 3.51001
33 36 6.22762 -4.32825
33 37 -1.94769 -1.98558
33 38 14.0671 -1.59213
33 39 2.97462 3.49335
33 40 4.69414 5.24327
33 41 3.40679 -2.50294
33 42 1.9758 -0.307533
33 43 6.76424 0.511794
33 44 4.5237 3.37383
33 45 4.75127 2.07552
33 46 -0.292049 4.06093
33 47 4.59614 0.857151
33 48 0.69152 2.08423
33 49 0.0962731 5.93463
33 50 0.418795 4.1387
33 51 4.61741 -1.06031
33 52 7.31983 2.73663
33 53 -0.557313 -1.14973
33 54 5.03409 -0.371358
33 55 5.26051 0.707457
33 56 -0.543663 5.82342
33 57 -1.18129 2.77433
33 58 0.0438693 0.270089
33 59 -2.59448 2.3012
33 60 -0.775291 0.251738
33 61 2.91614 2.14446
33 62 -1.95036 0.0590269
33 63 -1.62383 0.247536
33 64 3.80002 -1.24447
33 65 1.1099 0.118712
33 66 -0.801274 0.623293
34 33 3.72551 -1.93212
34 34 3.35905 1.29651
34 35 3.90573 -2.27877
34 36 0.211398 -0.404076
34 37 0.314963 -3.85305
34 38 7.34707 1.05431
34 39 6.6491 -0.245967
34 40 -1.17683 3.2211
34 41 1.54862 -5.95513
34 42 8.52919 0.165213
34 43 6.20521 2.36569
34 44 5.95654 -4.4629
34 45 5.65181 -5.07386
34 46 10.1517 2.56555
34 47 8.92452 0.0300428
34 48 6.55279 3.52054
34 49 3.91184 -0.241206
34 50 1.35562 1.82496
34 51 5.97805 0.698694
34 52 14.206 2.31889
34 53 -0.902824 0.511171
34 54 -3.07317 4.26106
34 55 1.12397 0.682499
34 56 2.43116 3.61919
34 57 -3.12222 2.70272
34 58 1.14476 0.124239
34 59 -2.09296 1.98773
34 60 1.53958 0.236572
34 61 -1.15825 -0.681801
34 62 0.761648 1.65918
34 63 0.0726796 0.255026
34 64 0.0970909 -0.52312
34 65 -1.79493 0.683679
34 66 -1.82698 0.0856899
35 33 2.35043 -2.70484
35 34 3.58601 -2.06864
35 35 -0.204446 2.05405
35 36 9.06494 -6.75215
35 37 1.53924 2.61247
35 38 2.53966 -0.378897
35 39 -5.68489 -3.76525
35 40 8.56203 1.06496
35 41 8.41794 -1.41906
35 42 6.92439 -0.00121357
35 43 2.16568 1.41752
35 44 6.43611 3.72449
35 45 7.15243 0.205817
35 46 -1.12457 -0.269453
35 47 6.71008 -0.730441
35 48 7.49791 0.409769
35 49 0.426634 1.02214
35 50 7.61044 -0.808987
35 51 -0.507633 1.04966
35 52 1.00795 4.78395
35 53 10.3068 -0.896452
35 54 3.50642 0.43224
35 55 -3.97362 -0.575217
35 56 6.05899 0.281296
35 57 3.74427 2.49916
35 58 1.83651 1.0262
35 59 2.5155 1.80795
35 60 0.452178 1.62919
35 61 1.1666 -0.178317
35 62 -0.591409 0.550826
35 63 0.922817 0.684211
35 64 -0.729028 1.51131
35 65 0.576048 1.04332
35 66 0.148891 1.18142
36 33 1.06449 -4.01625
36 34 1.68932 0.605322
36 35 10.7482 0.296197
36 36 2.12279 -6.3504
36 37 7.03907 0.194302
36 38 3.34338 2.80407
36 39 6.79217 2.07931
36 40 3.77043 1.12085
36 41 -3.26479 0.37205
36 42 11.5746 -4.45951
36 43 -2.26028 0.257144
36 44 6.51929 -2.60882
36 45 3.04928 2.63955
36 46 5.2542 -0.872746
36 47 0.171031 -2.53062
36 48 3.60159 3.373
36 49 9.55676 2.6411
36 50 7.60564 -1.51263
36 51 0.984827 1.6879
36 52 3.00329 2.48576
36 53 3.63882 2.90392
36 54 1.75985 1.98703
36 55 2.33792 0.397665
36 56 -2.03404 1.23281
36 57 0.258399 -0.124631
36 58 2.54304 -0.632361
36 59 2.38246 -0.751573
36 60 -0.0885663 0.465043
36 61 -2.09915 -2.7998
36 62 0.44618 2.52139
36 63 -2.46174 2.98181
36 64 -1.02848 -0.632801
36 65 2.20352 -0.367709
36 66 0.109444 0.695533
37 33 5.4798 -2.87166
37 34 1.96337 -2.79254
37 35 3.93259 -0.426909
37 36 7.21739 1.63108
37 37 3.20048 -1.14888
37 38 6.31331 -4.20282
37 39 3.09366 -6.47282
37 40 0.740774 1.54105
37 41 4.62356 2.61361
37 42 6.16031 -3.26016
37 43 11.2733 -0.184119
37 44 -1.85384 0.506661
37 45 5.80324 0.823403
37 46 8.13092 -0.110722
37 47 1.98672 4.12565
37 48 10.3837 1.65261
37 49 9.21233 0.978375
37 50 6.88117 -5.87451
37 51 5.05544 -0.89009
37 52 10.9777 -0.809277
37 53 1.83068 -2.28336
37 54 -0.118342 -2.4216
37 55 -0.0803378 1.46698
37 56 0.224652 2.7144
37 57 -2.88626 3.22611
37 58 -1.68439 1.26209
37 59 -0.410814 2.55061
37 60 -0.0373712 -0.789023
37 61 -1.33659 0.450759
37 62 0.377434 1.73722
37 63 3.63913 1.24258
37 64 1.82163 1.02098
37 65 1.09272 -0.784705
37 66 -0.483651 0.410105
38 33 4.7196 -2.46137
38 34 2.42557 2.95261
38 35 3.45483 0.769739
38 36 4.13228 0.271215
38 37 2.68097 -1.86564
38 38 8.29378 3.40378
38 39 10.7426 -7.41018
38 40 4.15962 1.88722
38 41 5.19555 0.492285
38 42 15.2333 -1.25484
38 43 11.8832 -0.213734
38 44 2.41306 -2.84084
38 45 7.45939 -1.21881
38 46 2.43084 1.24859
38 47 2.06971 3.96288
38 48 3.58332 -1.0426
38 49 7.57916 3.16228
38 50 4.58813 -0.742817
38 51 1.54901 0.64644
38 52 3.29681 0.675811
38 53 1.43868 6.39842
38 54 3.9196 1.43096
38 55 2.31597 4.19182
38 56 -4.65578 0.516011
38 57 1.9277 -0.357872
38 58 2.75751 0.770357
38 59 1.10929 2.41358
38 60 1.019 -0.131761
38 61 2.76693 -1.49753
38 62 0.550453 -0.0579697
38 63 1.41069 -0.906069
38 64 1.09018 1.22609
38 65 0.53146 0.527916
38 66 0.252593 1.39432
39 33 1.79861 -1.37152
39 34 4.56051 -5.44035
39 35 7.14648 -1.36625
39 36 2.00121 -3.53202
39 37 3.08142 -3.6251
39 38 2.2809 -0.0524803
39 39 8.53876 -9.1647
39 40 6.33962 -1.41435
39 41 3.29684 4.01752
39 42 5.30173 0.623
39 43 3.53273 -1.06547
39 44 7.46596 -0.518218
39 45 3.95891 4.42797
39 46 6.17239 1.81491
39 47 3.11926 3.1749
39 48 3.5205 1.02421
39 49 1.42726 2.80758
39 50 5.87278 0.240861
39 51 2.67157 2.243
39 52 1.9287 3.57035
39 53 7.70747 -2.31237
39 54 -0.0907683 -1.66141
39 55 0.2349 -1.36109
39 56 2.41251 1.7931
39 57 5.4099 3.43077
39 58 0.400851 -0.847505
39 59 3.86338 1.1289
39 60 -0.134928 0.637888
39 61 0.772033 1.22354
39 62 0.576773 0.584674
39 63 0.992384 -0.641398
39 64 1.52996 -0.296772
39 65 0.668227 -0.381536
39 66 0.0431251 0.0258639
40 33 2.03278 1.27254
40 34 10.016 -4.11502
40 35 5.53122 -7.0754
40 36 5.18731 1.6652
40 37 0.101744 -0.977372
40 38 9.8365 -1.73968
40 39 1.70683 2.36075
40 40 9.92193 1.69987
40 41 10.9441 2.23143
40 42 4.82533 -0.409845
40 43 5.12659 -3.35031
40 44 7.88482 -0.575827
40 45 4.85672 3.36578
40 46 0.534388 1.08717
40 47 -0.838699 4.23817
40 48 10.6272 -2.43582
40 49 5.00181 -0.90133
40 50 2.78512 5.33387
40 51 3.50091 1.80031
40 52 10.0479 1.70406
40 53 4.5171 0.849784
40 54 -2.84442 5.13491
40 55 2.46087 -0.690051
40 56 6.45422 3.77249
40 57 -2.56514 0.802765
40 58 0.0493506 0.170291
40 59 1.6752 -0.0710612
40 60 0.904018 -0.758012
40 61 -0.827499 0.41478
40 62 -0.410628 1.46461
40 63 -1.03032 0.998031
40 64 -1.43831 0.605434
40 65 0.0608219 0.107407
40 66 0.142418 0.211796
41 33 1.035 -1.75207
41 34 2.52764 -1.49438
41 35 1.00412 0.580482
41 36 -3.55459 -3.87957
41 37 4.03705 -3.00066
41 38 3.93195 -1.9007
41 39 5.68977 -2.98836
41 40 7.95456 -5.33176
41 41 4.22945 -1.61242
41 42 6.00217 -0.862604
41 43 15.5878 -1.70797
41 44 0.237002 5.48429
41 45 1.27151 -2.58368
41 46 4.02119 0.811326
41 47 -1.60889 3.12074
41 48 5.4426 -3.26971
41 49 0.858385 -1.53309
41 50 2.39359 1.5679
41 51 1.77072 1.87922
41 52 3.87545 0.872437
41 53 6.57472 -0.33996
41 54 2.69567 -2.08058
41 55 -6.16792 2.92368
41 56 -0.508162 2.85389
41 57 1.38589 -0.0531521
41 58 1.95724 1.74827
41 59 0.954729 0.410569
41 60 4.53841 2.34611
41 61 2.46502 -0.82675
41 62 1.83693 -0.734689
41 63 1.16524 -2.0323
41 64 -0.288596 0.736219
41 65 -0.220431 0.148106
41 66 0.0158629 0.0704852
42 33 3.52748 -0.811782
42 34 4.07845 -3.51398
42 35 1.20585 -1.49734
42 36 8.85719 -1.54098
42 37 -1.69525 -1.53024
42 38 3.91931 -3.02687
42 39 4.51472 0.823175
42 40 8.26361 0.591269
42 41 -5.36007 -2.61155
42 42 1.051 -2.02288
42 43 2.58248 3.12682
42 44 6.05979 0.654506
42 45 -0.351587 -0.217161
42 46 5.23288 -0.455973
42 47 5.98778 -2.13586
42 48 7.26588 -1.03794
42 49 6.24209 -0.983102
42 50 3.95978 -2.00839
42 51 6.24737 3.14893
42 52 2.88687 3.91156
42 53 0.0120771 0.783141
42 54 6.92795 -0.207923
42 55 -0.6641 -0.258227
42 56 0.164735 2.24416
42 57 5.13337 2.21245
42 58 2.17871 -3.40771
42 59 -0.227153 1.62763
42 60 5.08024 0.663539
42 61 1.07148 0.585988
42 62 0.91434 0.393132
42 63 -0.289872 0.0747295
42 64 -0.100094 -1.08587
42 65 2.54182 0.255559
42 66 0.300896 0.169665
43 33 1.32808 -0.908882
43 34 -0.0237074 -1.69266
43 35 5.62804 -0.527378
43 36 1.95429 0.564814
43 37 1.81704 0.385716
43 38 1.93139 -2.26346
43 39 3.67549 -2.5835
43 40 3.75383 2.47928
43 41 5.67024 1.02776
43 42 8.57204 -6.83526
43 43 3.32156 1.53563
43 44 11.1463 -2.59688
43 45 -4.14516 -2.18193
43 46 -0.329557 -0.0809462
43 47 2.98603 3.34052
43 48 5.19993 4.57348
43 49 3.20588 2.05541
43 50 4.60394 -0.846101
43 51 7.19944 2.77013
43 52 4.45716 0.936856
43 53 4.33242 4.70213
43 54 1.2457 4.32563
43 55 2.96444 3.92988
43 56 1.73981 1.25239
43 57 -1.13631 2.72958
43 58 -0.285045 2.09317
43 59 -0.260154 -1.13224
43 60 1.43513 -0.314128
43 61 0.522848 0.942134
43 62 -2.55887 -0.645062
43 63 1.9027 -0.602727
43 64 -0.546102 -0.0919862
43 65 -1.28367 -0.385944
43 66 0.283164 0.235535
44 33 3.49709 -1.31329
44 34 4.09158 -1.57199
44 35 0.609367 0.0291415
44 36 6.42616 -0.457093
44 37 7.00305 -1.09689
44 38 10.2101 0.604611
44 39 6.04726 -1.87357
44 40 4.32054 1.41037
44 41 4.80067 5.32059
44 42 8.93262 0.112572
44 43 7.26121 -0.00924921
44 44 7.88255 3.15857
44 45 5.15854 2.41742
44 46 5.7733 0.625229
44 47 5.95236 0.77482
44 48 6.47905 4.4616
44 49 -1.74978 4.35686
44 50 1.35332 5.14119
44 51 0.0010404 0.164897
44 52 -1.04261 -0.868962
44 53 5.02534 3.26901
44 54 0.969151 -1.9588
44 55 2.33476 0.0847191
44 56 3.36165 -0.651939
44 57 5.68293 2.72373
44 58 2.43722 -1.69891
44 59 -1.03484 0.31669
44 60 0.314037 -1.56099
44 61 2.21321 1.01783
44 62 1.14966 -0.192402
44 63 0.0950044 1.14633
44 64 0.200571 0.319102
44 65 -2.15088 0.409874
44 66 0.127296 0.245312
45 33 2.05551 -2.32545
45 34 3.88877 -1.47043
45 35 0.340721 2.21673
45 36 0.412659 -2.62143
45 37 8.531 -2.4515
45 38 10.445 -3.04558
45 39 0.857779 5.27986
45 40 2.03574 -1.92708
45 41 3.91731 -1.54221
45 42 0.481338 -3.38971
45 43 8.27813 0.365218
45 44 4.44537 -2.64325
45 45 2.92942 0.217774
45 46 1.7152 -2.11008
45 47 9.6738 0.345036
45 48 0.971783 -0.933669
45 49 -2.22718 0.70484
45 50 -4.12546 1.42088
45 51 -1.77286 3.12597
45 52 4.60635 0.938546
45 53 6.07464 0.393355
45 54 0.530204 1.36445
45 55 6.66204 -0.160269
45 56 0.228879 0.618148
45 57 -0.512646 -1.86429
45 58 5.00986 2.68285
45 59 2.33687 1.45606
45 60 0.38294 -0.863613
45 61 2.85873 0.262024
45 62 -0.665758 -1.77158
45 63 0.0721378 -0.241491
45 64 -0.969715 0.00367779
45 65 0.115733 -0.780345
45 66 1.22742 0.0802479
46 33 3.00063 -1.5233
46 34 -0.138106 1.59438
46 35 5.82078 0.727914
46 36 -1.58728 -1.22609
46 37 0.504376 1.51653
46 38 2.63469 1.70911
46 39 7.20489 -3.8139
46 40 3.42891 -1.59267
46 41 7.57852 1.24297
46 42 11.8941 7.36118
46 43 2.25191 -1.1164
46 44 6.98201 -1.88132
46 45 0.452239 5.38247
46 46 3.99624 1.67635
46 47 5.7699 0.596525
46 48 0.800013 -3.49398
46 49 2.32937 -5.18612
46 50 7.61087 -2.97686
46 51 0.400915 2.65759
46 52 7.44528 3.22392
46 53 -1.45546 -0.276441
46 54 2.91896 2.53849
46 55 4.46626 -2.47309
46 56 2.75051 1.17273
46 57 1.68523 0.513647
46 58 2.43094 1.11478
46 59 -5.57426 3.15816
46 60 -0.499469 1.7733
46 61 -0.437422 0.714986
46 62 1.0202 -0.0138224
46 63 -0.647323 0.407424
46 64 0.91469 1.67476
46 65 0.429768 0.0830636
46 66 1.00945 0.309251
47 33 2.23439 -0.832353
47 34 1.9177 0.33263
47 35 4.72655 -1.62233
47 36 2.97572 -2.30412
47 37 1.45629 -3.23792
47 38 -0.226987 -2.90969
47 39 -3.67139 4.09194
47 40 1.08679 -2.86959
47 41 8.94309 -5.73445
47 42 6.93143 0.801566
47 43 2.26157 0.363261
47 44 11.7832 -1.33262
47 45 4.57506 4.60294
47 46 -2.33486 -1.20459
47 47 -2.52771 2.07654
47 48 6.09371 3.50346
47 49 6.35993 0.757557
47 50 1.69461 -1.67699
47 51 7.80853 1.579
47 52 -1.51169 2.9884
47 53 1.07189 0.478666
47 54 2.04937 1.46684
47 55 4.39308 5.11672
47 56 0.968936 2.14069
47 57 -0.0536065 1.25369
47 58 -0.796335 0.359976
47 59 1.34508 1.37366
47 60 -2.9658 -1.7031
47 61 0.59754 0.190268
47 62 0.811038 0.274186
47 63 -0.206833 -1.79246
47 64 -1.31832 0.400138
47 65 0.0195166 0.373199
47 66 0.482758 1.31881
48 33 1.17352 -2.78614
48 34 1.62435 0.854015
48 35 3.03265 -0.0741719
48 36 2.12734 -3.75335
48 37 2.97559 2.9268
48 38 0.865084 0.126031
48 39 10.4565 -3.75453
48 40 -0.283564 3.13749
48 41 7.23454 -2.018
48 42 5.37944 -1.51041
48 43 2.10704 1.5975
48 44 3.68363 -0.222112
48 45 7.84401 1.68598
48 46 1.79446 5.16048
48 47 4.96224 -2.28467
48 48 1.77828 0.791894
48 49 4.31732 -3.16228
48 50 -0.75145 -0.132461
48 51 -0.427036 -0.387371
48 52 1.72845 2.63707
48 53 2.68614 -0.445022
48 54 3.43262 0.657825
48 55 3.10185 1.59523
48 56 6.74428 -2.20677
48 57 0.0368863 -1.61132
48 58 2.98064 -1.15647
48 59 1.19061 1.8073
48 60 3.06943 1.86094
48 61 4.13941 -0.411953
48 62 0.878277 0.971397
48 63 0.222388 -0.0976265
48 64 -0.213157 -0.072784
48 65 0.239786 -0.129889
48 66 1.74295 0.961906
49 33 6.06176 -1.82285
49 34 8.21195 3.68917
49 35 1.35616 1.6739
49 36 2.50487 0.575407
49 37 -1.57481 -0.856534
49 38 -2.92404 3.51496
49 39 2.71559 -2.73644
49 40 0.100692 -0.222253
49 41 5.95909 -6.09579
49 42 -0.706508 0.695072
49 43 -1.55662 3.39002
49 44 10.0225 4.62713
49 45 5.45131 -1.69653
49 46 8.47654 2.84347
49 47 -0.351343 -2.39184
49 48 5.71794 2.87339
49 49 5.04567 -1.10911
49 50 3.08082 -1.1385
49 51 -0.700987 0.332081
49 52 -0.333399 2.67259
49 53 6.99023 -2.23724
49 54 2.11442 0.305039
49 55 3.78079 -0.107741
49 56 -1.7565 -0.474567
49 57 3.14174 -3.11262
49 58 -1.80334 0.452402
49 59 -3.51555 3.50184
49 60 1.08288 -0.906191
49 61 -0.251771 1.71186
49 62 2.3797 -1.74353
49 63 -0.167838 0.528359
49 64 0.36926 0.451224
49 65 1.4432 0.603451
49 66 -0.216467 -0.515646
50 33 6.66477 -1.77202
50 34 0.108864 -0.583821
50 35 2.88213 1.04551
50 36 4.57575 -3.38278
50 37 -0.380464 3.134
50 38 9.81882 1.99045
50 39 6.42003 -1.71251
50 40 4.09498 0.70702
50 41 2.35201 -0.198557
50 42 2.12478 3.0583
50 43 1.7977 1.00226
50 44 1.48184 2.91782
50 45 5.26644 -3.1309
50 46 0.0201452 5.2427
50 47 1.00904 2.25929
50 48 2.12934 2.60942
50 49 2.26488 1.67132
50 50 8.66386 4.67347
50 51 4.12747 2.75698
50 52 10.1271 2.49783
50 53 4.95634 1.27024
50 54 4.61716 5.06711
50 55 3.08794 2.86534
50 56 0.360934 0.756824
50 57 5.0391 0.474368
50 58 2.84943 0.908252
50 59 0.774933 0.483051
50 60 0.439758 0.491083
50 61 2.62924 1.26224
50 62 0.0412989 -0.723092
50 63 0.0514668 0.517838
50 64 -0.22312 -1.86305
50 65 -0.383957 -0.977059
50 66 -1.81954 -0.602883
51 33 1.23091 -1.92426
51 34 5.57381 -2.88179
51 35 4.5104 -1.34954
51 36 6.81187 2.69316
51 37 13.2825 -0.0444372
51 38 -3.79541 -2.27447
51 39 5.2091 -0.801439
51 40 6.37458 2.86558
51 41 10.2389 2.46597
51 42 5.08603 0.476337
51 43 -1.35595 3.88342
51 44 0.962832 1.11343
51 45 5.75317 -4.11164
51 46 4.98184 0.10634
51 47 -3.0903 -1.75531
51 48 3.42358 -0.444286
51 49 -2.09617 2.39662
51 50 2.15615 -2.95689
51 51 2.73865 0.430502
51 52 1.14187 3.98025
51 53 6.71304 -0.672745
51 54 -1.03756 2.84134
51 55 2.11738 2.85551
51 56 4.56624 1.68794
51 57 3.94289 -0.36703
51 58 -3.59078 1.34284
51 59 -5.01362 -1.15562
51 60 -0.749024 -2.22654
51 61 0.59574 0.153784
51 62 0.291429 -1.2132
51 63 -0.0840399 0.804061
51 64 2.45429 1.34072
51 65 -0.551805 -1.32008
51 66 -0.760171 0.746285
52 33 1.86082 0.576845
52 34 1.02882 -2.06941
52 35 1.83201 0.941705
52 36 6.9725 1.99465
52 37 3.86158 5.49084
52 38 10.131 -3.02776
52 39 2.5391 -5.14129
52 40 -1.12299 -0.714857
52 41 5.20492 -0.600642
52 42 1.16734 -2.32792
52 43 5.62269 2.52113
52 44 2.29285 6.27882
52 45 -1.96082 6.80056
52 46 2.16921 3.01565
52 47 2.43418 0.332542
52 48 5.27397 1.17058
52 49 0.0407988 -0.664714
52 50 0.516658 -0.528544
52 51 5.60791 0.29282
52 52 4.81676 4.56076
52 53 3.14023 0.96937
52 54 0.838655 1.98122
52 55 2.92003 0.312571
52 56 0.158725 -0.938406
52 57 2.82817 1.06952
52 58 -1.15794 1.86065
52 59 0.764925 -0.372376
52 60 5.02056 0.278281
52 61 2.11973 1.24318
52 62 -1.15178 2.12843
52 63 -1.90356 0.0323763
52 64 3.1271 0.362471
52 65 0.205535 0.105624
52 66 -0.6496 0.368144
53 33 2.53125 1.77798
53 34 3.88626 -2.83645
53 35 -3.02307 -2.94117
53 36 -1.66502 0.0671619
53 37 9.27066 1.15401
53 38 4.09248 -5.84411
53 39 7.23067 -4.04265
53 40 6.82157 -0.818209
53 41 3.05116 -0.370562
53 42 5.45482 -2.41669
53 43 5.07443 -0.937005
53 44 5.62679 -3.99605
53 45 4.59533 4.63696
53 46 5.83336 1.26315
53 47 6.88957 0.15207
53 48 4.1215 2.35803
53 49 6.21305 3.56555
53 50 3.17455 -3.0495
53 51 0.239472 0.36035
53 52 -0.480732 2.75435
53 53 6.06676 2.76141
53 54 0.704361 2.22697
53 55 2.24102 -0.832673
53 56 0.893056 4.18174
53 57 -0.865568 2.41237
53 58 3.98422 2.91263
53 59 -3.63973 -0.693351
53 60 -2.00819 0.610147
53 61 -0.401301 -0.363584
53 62 -1.50301 -0.0917358
53 63 -1.08164 0.0712172
53 64 0.0239863 1.43391
53 65 0.823576 0.0767686
53 66 1.27896 1.80056
54 33 3.85887 -3.41071
54 34 1.60836 -1.42079
54 35 -4.73775 0.290295
54 36 4.1716 -0.222663
54 37 -0.30115 -0.728868
54 38 1.49197 0.873452
54 39 3.40235 1.35695
54 40 6.14727 -1.09083
54 41 3.67694 3.69853
54 42 4.31266 -1.06278
54 43 1.38698 0.854977
54 44 14.418 -0.708359
54 45 4.13872 4.57852
54 46 0.105063 1.83994
54 47 1.56957 4.44601
54 48 0.275676 2.08307
54 49 6.19167 0.948388
54 50 2.95538 2.46434
54 51 10.1243 0.444417
54 52 4.55034 -2.23278
54 53 7.9682 0.208097
54 54 0.845259 5.88504
54 55 1.51225 2.24263
54 56 2.64416 -2.10861
54 57 7.18595 1.8162
54 58 -2.24259 1.8284
54 59 1.81654 -0.494603
54 60 1.2669 2.89125
54 61 -1.00349 -0.84451
54 62 1.38464 -0.311829
54 63 0.918614 -0.404707
54 64 1.95421 0.78749
54 65 -0.121889 0.57423
54 66 -0.225718 0.0038349
55 33 4.55812 -1.60433
55 34 3.50438 -2.86315
55 35 2.46946 1.11403
55 36 6.32771 -4.97504
55 37 1.07147 0.779869
55 38 11.2839 2.59097
55 39 4.30428 0.341848
55 40 3.70817 1.8561
55 41 2.64257 2.05409
55 42 -0.192246 1.44748
55 43 -1.28973 4.95121
55 44 2.52151 -1.41225
55 45 3.90757 -2.12661
55 46 6.82896 -2.71543
55 47 5.0489 0.427046
55 48 10.6513 1.90778
55 49 5.37757 5.33858
55 50 3.66495 3.5633
55 51 0.452722 2.47032
55 52 1.14922 -1.59266
55 53 5.57484 -0.176011
55 54 4.3358 1.5448
55 55 3.34394 -0.230608
55 56 0.435158 3.00634
55 57 0.692758 -0.918892
55 58 1.48157 -0.883766
55 59 -1.96442 -0.0265899
55 60 -0.0496688 -0.17833
55 61 -2.54209 1.04496
55 62 -1.66349 -1.15688
55 63 0.281396 -0.530642
55 64 -0.305024 0.17181
55 65 0.555996 0.481959
55 66 -0.893445 -0.443362
56 33 2.35214 -0.537618
56 34 -0.0292209 -0.768771
56 35 5.36529 0.31388
56 36 3.12642 -2.78577
56 37 2.75093 -4.30995
56 38 0.672168 -1.48343
56 39 3.70479 0.0695963
56 40 0.61135 -0.717439
56 41 0.824075 0.383632
56 42 8.02968 2.88579
56 43 2.53152 -3.86173
56 44 4.53932 -2.61964
56 45 8.41656 0.407513
56 46 -2.9654 3.14265
56 47 8.82274 -0.326895
56 48 3.76152 -1.6714
56 49 0.962054 -1.53961
56 50 2.3849 1.18116
56 51 5.03714 0.0914356
56 52 4.64599 -0.686211
56 53 9.27648 -0.664629
56 54 0.321465 -0.604422
56 55 -0.166322 1.25503
56 56 3.74891 -0.424522
56 57 -0.123267 3.728
56 58 -0.8249 3.71414
56 59 3.15188 3.1427
56 60 1.58276 -1.66681
56 61 1.52183 -0.373026
56 62 0.29977 2.32094
56 63 4.37427 0.674689
56 64 -0.0301666 0.243274
56 65 -0.368309 0.676026
56 66 -1.14469 0.392436
57 33 2.03052 -0.00808255
57 34 1.83715 -3.01821
57 35 0.658271 0.16785
57 36 2.60453 -1.34907
57 37 3.12405 3.42024
57 38 -1.22323 1.19757
57 39 4.58316 3.44851
57 40 0.213119 -3.15139
57 41 1.61106 2.56866
57 42 5.66317 0.704083
57 43 3.63223 -1.2342
57 44 3.2263 0.632996
57 45 -0.554157 1.04835
57 46 5.30671 -3.31153
57 47 5.71677 2.95607
57 48 -0.324914 1.3297
57 49 3.77201 0.604067
57 50 6.2749 -0.0148929
57 51 5.93017 2.51868
57 52 3.72297 0.652307
57 53 -0.571405 2.19039
57 54 9.22774 0.440665
57 55 -0.472971 -0.567449
57 56 4.13171 1.30215
57 57 3.84991 1.23002
57 58 1.57295 1.10392
57 59 -1.86874 0.622728
57 60 -0.306479 2.72132
57 61 2.27588 -0.451736
57 62 0.703685 1.18437
57 63 -4.25719 1.07026
57 64 -0.795471 -1.24184
57 65 2.35031 1.30845
57 66 -1.14742 2.24571
58 33 2.98741 -1.27245
58 34 -0.10469 0.2491
58 35 2.40752 -2.20269
58 36 -0.949291 -0.847306
58 37 -0.517935 -3.03721
58 38 2.13531 -0.401811
58 39 -0.956627 0.0795793
58 40 4.37932 -3.93202
58 41 1.05566 0.15563
58 42 5.06716 3.0404
58 43 3.27175 -2.05905
58 44 1.86964 1.45437
58 45 3.50861 3.73158
58 46 7.88519 0.69466
58 47 -3.85238 2.59605
58 48 -0.827829 -0.160798
58 49 5.93255 -0.509719
58 50 8.49068 1.95624
58 51 0.998356 1.65898
58 52 3.48449 0.771922
58 53 5.06045 0.787225
58 54 0.475469 0.319617
58 55 -3.92014 -0.833225
58 56 0.741793 1.64874
58 57 3.38573 1.29444
58 58 -1.92305 -0.379478
58 59 0.513927 1.95602
58 60 3.06582 -0.571126
58 61 1.08158 0.499619
58 62 2.27123 1.04778
58 63 -0.51857 1.73614
58 64 -0.357589 0.720746
58 65 -0.341968 3.05122
59 33 1.25363 0.0703052
59 34 2.53629 -1.54908
59 35 -0.887646 -0.342668
59 36 5.94635 -3.76256
59 37 0.240435 0.51924
59 38 2.32579 0.830095
59 39 2.49144 1.43391
59 40 5.26654 0.195994
59 41 1.78801 2.08582
59 42 3.50503 0.121468
59 43 6.83613 -0.619063
59 44 0.365392 0.291985
59 45 1.90788 -0.659173
59 46 9.64083 1.51504
59 47 4.89242 0.822932
59 48 2.17628 -1.48726
59 49 4.54023 -1.65792
59 50 -5.68099 3.04329
59 51 1.9144 -0.00888908
59 52 4.268 2.77589
59 53 3.63473 3.49278
59 54 2.313 1.8286
59 55 -0.765541 4.13313
59 56 1.69086 2.21046
59 57 0.321486 -0.425443
59 58 1.83879 0.487735
59 59 0.580991 1.98838
59 60 3.25758 1.94355
59 61 -0.0731462 0.241213
59 62 0.914669 -0.159147
59 63 2.34777 0.485084
59 64 -0.0312632 -1.74934
59 65 2.83902 0.877655
59 66 -0.130443 -0.0515417
60 33 3.81036 0.273791
60 34 2.75116 -0.773234
60 35 0.550594 -1.04221
60 36 1.32709 -0.178797
60 37 4.3937 2.22884
60 38 1.24523 -1.39269
60 39 5.98167 -4.12377
60 40 4.10594 0.918865
60 41 -3.76586 0.589631
60 42 6.84678 -0.881759
60 43 0.346884 -1.44657
60 44 1.22992 0.348084
60 45 2.37758 3.88678
60 46 0.642697 -3.34854
60 47 3.0291 0.778882
60 48 -1.66313 -1.11127
60 49 2.9099 2.05366
60 50 2.49191 1.7983
60 51 3.34034 -1.07182
60 52 -0.856128 0.659364
60 53 -1.16559 2.93255
60 54 2.48079 4.82047
60 55 1.59211 0.376331
60 56 3.70268 1.11977
60 57 0.869295 3.59064
60 58 1.65412 1.4767
60 59 3.99243 0.749068
60 60 0.841984 -0.491536
60 61 2.27664 1.52146
60 62 1.63102 -1.23905
60 63 0.633112 0.0538294
60 64 -0.689776 0.219979
60 65 -2.21513 0.402112
60 66 -0.524113 0.385175
61 33 2.74495 -0.487915
61 34 3.36857 1.42322
61 35 6.66933 -0.258171
61 36 4.79192 -0.910563
61 37 2.96225 -2.47417
61 38 2.09774 0.306144
61 39 6.67114 0.936374
61 40 1.5815 -5.63655
61 41 1.28118 -2.1442
61 42 3.94682 1.38187
61 43 3.32556 -3.54696
61 44 -1.46701 4.70745
61 45 -3.62503 4.61629
61 46 5.66695 2.58063
61 47 3.97234 -0.923895
61 48 4.70197 -2.7274
61 49 -3.85393 0.280115
61 50 5.62911 -0.611777
61 51 3.43217 0.358937
61 52 -1.44334 1.24729
61 53 1.33367 -2.53434
61 54 2.59058 -0.463887
61 55 2.69199 -0.441618
61 56 3.64726 4.07374
61 57 3.01957 0.931678
61 58 -0.549182 0.687145
61 59 3.13152 0.770539
61 60 1.56182 0.144499
61 61 1.30578 -0.140616
61 62 -0.658556 1.57979
61 63 -0.058712 1.57092
61 64 0.319563 0.763244
61 65 -2.04184 -0.786601
61 66 0.383703 -0.398209
62 33 2.51518 -0.183145
62 34 2.61363 -0.0652032
62 35 2.66028 -4.14488
62 36 0.873145 -1.27343
62 37 2.75573 -0.512587
62 38 3.54232 -1.52913
62 39 7.61547 -0.60881
62 40 3.00487 0.770915
62 41 2.56479 4.5117
62 42 0.975906 1.3389
62 43 6.36274 0.937657
62 44 10.1445 2.80212
62 45 4.37525 -0.659518
62 46 7.77858 2.83484
62 47 0.949923 -0.52787
62 48 4.44463 -0.215437
62 49 2.98778 -1.96578
62 50 6.34461 -3.1229
62 51 -0.289722 -0.776018
62 52 1.04429 0.553365
62 53 3.53556 0.239144
62 54 1.20174 1.44183
62 55 -0.142227 -0.305203
62 56 0.331287 2.15791
62 57 -0.129037 0.811931
62 58 -1.33187 -0.795479
62 59 5.25273 0.172866
62 60 -0.753374 0.843485
62 61 2.98472 -0.179011
62 62 -0.148148 1.30442
62 63 -0.0908076 0.689814
62 64 -1.57208 0.37594
62 65 -0.43537 -0.0225866
62 66 -0.616002 0.338514
63 33 3.33837 0.426912
63 34 4.44557 0.739444
63 35 1.26462 -1.36764
63 36 4.24299 -3.44683
63 37 0.657105 -2.08624
63 38 2.10778 1.52041
63 39 5.21113 1.0446
63 40 2.98744 -5.11946
63 41 5.7009 -0.00414184
63 42 3.04319 -0.386928
63 43 5.78545 -0.205048
63 44 3.48696 -1.57487
63 45 0.400067 1.58869
63 46 2.61659 1.53877
63 47 3.65334 4.05759
63 48 4.67313 0.156886
63 49 2.98316 -1.04235
63 50 6.87166 0.937844
63 51 -0.171776 1.86592
63 52 5.23815 -2.22448
63 53 2.10121 1.98153
63 54 0.0476693 -1.23752
63 55 -0.099179 1.57993
63 56 -0.682985 0.369317
63 57 1.95665 1.72432
63 58 -1.30252 0.205456
63 59 1.53323 1.57921
63 60 1.63688 0.501155
63 61 1.78252 1.49679
63 62 0.295346 1.67181
63 63 3.4031 -0.642411
63 64 0.152606 2.16511
63 65 -1.78555 -0.218586
63 66 0.85749 0.522905
64 33 0.857905 -0.315347
64 34 1.05361 -0.839895
64 35 2.7545 -1.42628
64 36 4.47834 -1.33639
64 37 4.94751 0.161106
64 38 4.87331 -2.17391
64 39 4.95507 0.333676
64 40 3.79878 1.3019
64 41 8.67817 -0.968069
64 42 2.02398 0.211067
64 43 4.08756 1.76429
64 44 6.49118 -1.45794
64 45 8.38434 1.65066
64 46 8.77615 -0.0940101
64 47 9.83081 1.6514
64 48 1.00093 2.10961
64 49 4.18116 1.69242
64 50 3.85852 1.587
64 51 4.20461 1.88043
64 52 6.18848 0.753265
64 53 5.63199 3.79399
64 54 -0.98402 0.412164
64 55 6.8093 -3.29013
64 56 -0.260534 0.413201
64 57 2.71516 -0.192142
64 58 0.895111 2.07775
64 59 2.78794 0.139477
64 60 -1.14795 1.25495
64 61 1.23456 3.00476
64 62 -0.529285 0.903777
64 63 -0.288282 1.94253
64 64 1.36082 3.30165
64 65 1.12967 1.27502
64 66 -0.270714 -0.0351217
65 33 1.24213 -1.55035
65 34 2.11529 -1.9387
65 35 2.48902 -0.428293
65 36 3.70103 -2.32734
65 37 5.17129 -0.157257
65 38 1.93094 1.66067
65 39 3.6279 1.07169
65 40 8.92791 -0.570669
65 41 8.37023 1.25941
65 42 4.87936 -0.677438
65 43 4.74472 -1.43695
65 44 6.28101 -2.35686
65 45 7.94814 -0.946506
65 46 5.91981 2.35651
65 47 5.36299 0.42875
65 48 4.65216 -1.98052
65 49 1.21289 -1.70325
65 50 5.78705 0.817352
65 51 2.76487 0.629719
65 52 2.62541 0.486961
65 53 3.02101 0.807978
65 54 1.76363 2.50594
65 55 4.17371 1.68684
65 56 1.1406 -1.06024
65 57 3.61427 -0.960916
65 58 2.20801 1.6575
65 59 2.0491 1.14006
65 60 1.05156 1.65893
65 61 1.67923 -0.556931
65 62 0.349059 2.33033
65 63 -0.154276 0.247412
65 64 0.604297 3.04647
65 65 0.467122 1.3353
65 66 1.21101 0.68256
66 33 0.55227 -0.624929
66 34 3.77158 -2.51062
66 35 4.80998 -0.764702
66 36 3.85629 -1.23218
66 37 4.66723 -1.39183
66 38 3.1291 -0.160592
66 39 5.49626 -2.68969
66 40 7.3933 -0.387877
66 41 3.8834 -0.476771
66 42 5.33778 0.0359732
66 43 7.90099 2.35532
66 44 6.55635 -0.682745
66 45 7.95517 -1.50986
66 46 4.23734 -0.101381
66 47 5.45414 -1.22088
66 48 6.69405 -1.11789
66 49 2.655 1.25069
66 50 5.26574 2.3565
66 51 2.67835 1.2908
66 52 4.79259 2.78586
66 53 3.55795 0.519689
66 54 5.06941 1.59269
66 55 3.83725 1.75361
66 56 3.14007 1.52076
66 57 3.5807 0.745579
66 58 2.86397 2.09154
66 59 1.43141 1.49883
66 60 1.26168 0.250404
66 61 2.20416 0.679511
66 62 0.740008 1.13498
66 63 0.82117 0.26686
66 64 0.221681 0.816111
66 65 0.00445575 -0.435449
66 66 0.704387 0.565028
