0 33 1.69504 6.22716
0 34 1.40072 3.62242
0 35 -0.945132 6.24493
0 36 -5.79624 1.1003
0 37 3.29274 4.11584
0 38 4.07574 5.0194
0 39 -3.23131 3.01207
0 40 1.05902 0.490485
0 41 1.81943 2.41177
0 42 -5.06743 4.39391
0 43 2.86114 3.51754
0 44 2.43659 -0.293804
0 45 0.733132 1.59519
0 46 -0.977528 1.23786
0 47 2.22635 2.36538
0 48 1.53424 1.88532
0 49 1.43762 0.700878
0 50 0.106146 1.8672
0 51 -0.802174 0.520623
0 52 -0.396885 0.0353255
0 53 0.690901 -0.652195
0 58 0.267061 0.0839464
1 33 8.90522 15.5846
1 34 2.02035 18.3229
1 35 15.6844 10.8587
1 36 -3.11602 13.9839
1 37 -3.4334 16.3217
1 38 -0.779976 11.6986
1 39 4.52012 11.2402
1 40 0.347977 10.7408
1 41 -0.330929 7.71448
1 42 -1.47663 10.9687
1 43 -2.19388 2.64856
1 44 -4.5188 1.63834
1 45 2.18688 3.21703
1 46 -0.928997 4.41534
1 47 2.07923 3.72896
1 48 2.09611 -0.614863
1 49 1.75433 2.30273
1 50 0.901779 0.457241
1 51 -1.21958 0.275421
1 52 1.24051 2.55885
1 53 0.239336 -0.0241472
1 54 -0.157423 0.325295
1 55 -0.0150964 0.00703906
1 56 0.35097 0.250182
1 57 -0.0667249 -0.287121
1 60 0.020953 0.2276
1 61 -0.111047 -0.0347274
1 62 0.296916 -0.878428
1 63 0.154833 -0.458272
2 33 5.29789 29.5757
2 34 3.51736 16.6816
2 35 -6.99714 29.8869
2 36 6.29071 9.40125
2 37 -11.1647 17.2101
2 38 -7.71922 20.1683
2 39 7.48153 8.59744
2 40 -3.85026 12.2547
2 41 3.41416 6.95594
2 42 -1.56415 15.3791
2 43 4.83772 10.7149
2 44 0.155727 2.59382
2 45 5.91114 8.98513
2 46 -9.27062 -0.599957
2 47 -0.325793 2.62702
2 48 1.21116 3.24913
2 49 2.35392 2.7799
2 50 1.91508 2.40062
2 51 0.660242 2.6337
2 52 0.117234 0.555581
2 53 -0.0121351 -0.00109513
2 54 0.236438 0.271565
2 55 0.894476 0.596897
2 56 -0.199046 0.628641
2 57 0.516176 0.983393
2 60 0.439932 -0.226838
2 61 1.23425 -0.552866
2 63 -0.120618 -0.0776192
2 64 -0.036726 0.031265
2 65 0.250557 -0.292981
3 33 -2.27666 33.2928
3 34 -2.73365 26.0029
3 35 1.55476 25.1563
3 36 -2.30088 28.8224
3 37 4.02878 25.8355
3 38 0.0300915 22.9867
3 39 7.12594 19.1912
3 40 5.28575 16.0715
3 41 5.11201 17.3759
3 42 5.22427 11.8503
3 43 3.28592 7.88508
3 44 4.82433 10.3091
3 45 -0.504704 11.8396
3 46 1.60156 7.06082
3 47 -4.56722 3.13451
3 48 -1.03312 8.02149
3 49 -0.938541 1.56748
3 50 1.49003 0.491971
3 51 -1.14474 0.203907
3 52 -0.654197 0.333942
3 53 0.00516364 0.20168
3 54 -0.496283 1.21763
3 55 0.346816 1.73815
3 56 1.12533 0.850805
3 57 0.15311 -0.0539526
3 58 -1.0547 0.468508
3 59 -0.459209 -0.119105
3 60 -2.1916 1.1988
3 61 -1.75734 0.466762
3 62 0.621859 0.0131333
3 63 0.069287 -0.0266275
3 64 -0.000739028 0.000420419
4 33 -3.31222 34.0581
4 34 19.1866 30.4737
4 35 9.72914 22.3714
4 36 0.157787 24.7042
4 37 -6.56671 21.0234
4 38 -0.059435 25.5977
4 39 7.74022 11.0255
4 40 11.2049 13.9861
4 41 15.6526 20.2865
4 42 0.785479 22.9895
4 43 5.95582 18.0809
4 44 -1.29253 12.3484
4 45 1.62334 5.43281
4 46 1.98786 7.95907
4 47 5.82623 1.73635
4 48 -5.81462 8.34567
4 49 -0.515162 2.21899
4 50 4.92967 -1.79137
4 51 0.835083 -0.43303
4 52 -2.67982 0.344679
4 53 -0.385455 1.0789
4 54 0.727931 1.33076
4 55 -0.894989 0.726839
4 56 0.83276 -0.692895
4 57 0.6552 0.0855885
4 59 0.291912 -0.131106
4 60 -0.182103 0.22397
4 61 0.331861 0.776953
4 62 -0.162789 0.200007
4 63 0.343625 0.0312111
4 64 -0.593822 -1.26439
5 33 1.85014 45.4466
5 34 -8.18556 14.7708
5 35 9.62813 16.977
5 36 7.61169 25.7537
5 37 -1.70929 19.4764
5 38 -12.3121 31.4654
5 39 17.0344 19.3634
5 40 8.59796 19.0485
5 41 -9.22297 31.0623
5 42 -0.602085 12.9961
5 43 -3.37488 18.3282
5 44 0.432587 20.4508
5 45 -1.29575 11.8103
5 46 -3.31472 13.0649
5 47 4.86784 7.74415
5 48 -8.7731 6.81635
5 49 0.70903 -3.06638
5 50 2.51424 5.51714
5 51 0.0384166 -2.69164
5 52 -1.28349 -0.397277
5 53 -0.515782 0.153544
5 54 -1.36815 1.98048
5 55 0.533686 1.31264
5 56 -0.927624 0.788409
5 57 -0.688914 -0.378711
5 58 0.104757 -0.110272
5 59 0.525684 0.0913785
5 60 0.747234 0.825075
5 61 -0.780612 -0.575224
5 62 0.0854039 0.0621162
5 63 -0.24148 1.00796
5 64 -0.20273 0.163517
5 66 -0.236482 0.29533
6 33 10.9087 41.9946
6 34 -7.07582 28.1677
6 35 -5.80905 20.6153
6 36 2.55194 30.1448
6 37 13.1379 22.2665
6 38 2.86835 22.7935
6 39 -7.46883 10.9803
6 40 4.57466 23.3696
6 41 -15.1983 21.0323
6 42 7.65241 30.4745
6 43 7.96871 10.4831
6 44 10.7963 18.9871
6 45 -4.87111 17.3557
6 46 6.24922 11.7784
6 47 -4.22621 8.07978
6 48 1.44802 7.81606
6 49 1.6762 0.977386
6 50 3.24096 2.13427
6 51 -0.954153 3.33756
6 52 2.74107 0.805617
6 53 -1.37341 0.257023
6 54 0.328583 -0.0397053
6 55 0.127249 0.166215
6 56 1.77373 -0.2534
6 57 0.978107 -0.105041
6 59 0.813827 -0.475747
6 60 0.322425 -0.210224
6 61 -1.42221 0.063629
6 62 -0.0295353 -0.112535
6 63 1.09531 -0.142124
6 64 -1.31274 -0.475419
6 65 0.134743 -0.0327883
6 66 0.167037 0.27982
7 33 7.96929 36.422
7 34 8.19315 29.377
7 35 0.264098 26.3224
7 36 18.5726 24.1624
7 37 8.25309 20.35
7 38 -0.280653 8.13941
7 39 -2.22208 26.8146
7 40 2.12651 13.4137
7 41 6.656 12.7992
7 42 22.2691 20.9915
7 43 -4.99269 6.01112
7 44 0.00674805 11.4547
7 45 2.35182 7.986
7 46 7.84845 3.59488
7 47 4.2949 8.8172
7 48 5.8168 5.4625
7 49 -3.159 10.094
7 50 2.01961 2.30812
7 51 -3.4352 -0.824815
7 52 -1.29226 1.93894
7 53 0.0949655 -0.304167
7 54 -0.24279 0.0364542
7 55 -0.19625 0.907544
7 56 -0.709685 1.76766
7 57 0.233257 -0.473402
7 58 0.389881 -1.20407
7 59 0.445612 -0.236692
7 60 -0.332048 0.00536609
7 62 -0.390291 -0.398836
7 63 -0.241497 0.342834
7 64 0.755578 -0.58892
7 65 -0.0131302 -0.0102539
8 33 0.987556 34.9947
8 34 -3.05139 18.2746
8 35 -0.980055 17.99
8 36 13.4883 18.8743
8 37 10.3327 32.2583
8 38 6.77137 13.1323
8 39 7.19769 17.5099
8 40 4.96864 9.77706
8 41 -2.17948 14.7381
8 42 2.99056 21.3682
8 43 15.1141 12.891
8 44 1.70689 18.3489
8 45 13.6127 17.2524
8 46 -7.40797 6.33589
8 47 4.83965 9.91211
8 48 4.44852 -1.70692
8 49 -2.43509 2.36958
8 50 -1.35187 2.71445
8 51 0.416762 2.03403
8 52 0.538531 -1.36739
8 53 -1.92627 0.479004
8 54 3.83395 0.81896
8 55 0.385228 -0.0843931
8 56 1.15999 1.2407
8 57 0.793315 0.0607174
8 59 -0.349336 -0.265325
8 60 1.18537 -0.283401
8 64 0.208209 0.0452946
8 65 -0.394073 0.275358
8 66 -0.0110181 -0.0356939
9 33 3.05886 25.4
9 34 3.25232 15.4152
9 35 1.91088 3.13584
9 36 -4.03644 2.13317
9 37 4.42816 17.3462
9 38 5.20229 12.2147
9 39 22.3259 11.6489
9 40 -8.99881 16.5705
9 41 1.793 20.4913
9 42 0.712557 10.25
9 43 12.4918 13.7192
9 44 4.66336 5.16081
9 45 8.28781 12.5738
9 46 4.77685 8.31659
9 47 6.05994 7.50037
9 48 0.970842 4.6829
9 49 17.8593 8.97712
9 50 0.133303 4.48411
9 51 0.602581 3.43159
9 52 -0.690757 -0.211585
9 53 2.32149 2.32199
9 54 2.41964 3.74576
9 55 -0.341576 0.886189
9 56 0.29997 0.824601
9 57 0.252718 0.328155
9 58 -0.025032 0.846093
9 59 1.41719 0.533855
9 60 -0.508753 0.167245
9 61 -0.196431 0.169484
9 62 0.120417 0.526044
9 63 0.018171 -0.0758869
9 64 -0.0055256 -0.0107131
9 65 -1.50114 0.289573
10 33 7.02479 19.0203
10 34 1.74526 13.8996
10 35 -3.42257 13.0532
10 36 10.1596 18.1873
10 37 -0.636 13.5197
10 38 0.973975 14.5094
10 39 6.38168 12.2593
10 40 4.70089 15.6166
10 41 4.35826 5.49129
10 42 11.3915 1.00009
10 43 0.95406 8.52339
10 44 -2.75188 14.1668
10 45 6.2214 6.73634
10 46 1.51901 10.9335
10 47 2.7959 4.93631
10 48 1.45487 1.64315
10 49 -6.32386 6.86485
10 50 1.42822 3.2403
10 51 2.32846 -0.847977
10 52 -0.322043 -1.00396
10 53 0.116434 -0.150672
10 54 2.06454 0.230804
10 55 -0.57557 -0.474061
10 56 -0.628325 0.644867
10 57 -0.387454 -0.0305969
10 58 0.2077 0.182603
10 59 0.08885 0.209327
10 60 1.04437 1.11654
10 61 -0.220651 -0.714148
10 63 -0.0569153 -0.0389585
11 33 6.98804 17.2284
11 34 3.33067 17.6604
11 35 7.52504 12.8914
11 36 -1.17264 6.068
11 37 -1.52234 -1.52878
11 38 1.27396 11.7324
11 39 3.80669 7.41527
11 40 8.21847 9.27199
11 41 5.25901 3.56122
11 42 1.23258 -0.141443
11 43 15.6829 3.01265
11 44 3.1275 4.70312
11 45 14.0303 11.0674
11 46 1.12486 4.02784
11 47 -2.5381 6.68485
11 48 8.35575 -2.20344
11 49 7.27927 -3.02845
11 50 2.05758 6.49767
11 51 2.44289 3.60828
11 52 -0.0440148 6.05443
11 53 2.04878 2.04145
11 54 2.79094 2.26667
11 55 -2.62759 1.15888
11 56 -0.897431 0.80834
11 57 0.306314 0.899969
11 58 -0.207596 -0.209418
11 59 0.172968 -0.047832
11 60 0.362765 -0.204335
11 61 0.0210529 1.07192
11 62 -0.306804 -0.387725
11 63 -0.181072 -0.130726
11 64 0.0661306 -0.193555
11 65 -0.214857 0.156461
12 33 1.62478 10.8826
12 34 2.62115 7.36968
12 35 9.08057 12.6187
12 36 7.27335 7.4432
12 37 4.39203 7.34535
12 38 12.2397 9.2147
12 39 1.46235 0.941149
12 40 2.51971 4.38713
12 41 7.96801 13.5353
12 42 3.30601 6.56314
12 43 5.85102 9.72935
12 44 -5.28306 7.9157
12 45 9.20705 6.21505
12 46 9.78324 -0.992196
12 47 8.20342 2.10893
12 48 2.76461 5.06732
12 49 5.2394 -1.10624
12 50 3.22973 -0.190206
12 51 3.01456 -1.16587
12 52 -1.88458 -0.199542
12 53 2.1653 4.81189
12 54 1.78879 -0.436366
12 55 -0.849445 1.65617
12 56 0.940406 1.19645
12 57 1.78449 -0.244945
12 58 0.896053 0.198965
12 59 -0.0141304 0.111167
12 60 0.0314461 -0.0490375
12 61 -0.827582 0.487057
12 62 0.139971 -0.0424402
12 63 -0.00907406 0.246656
12 64 0.0126312 0.306003
12 65 1.21749 0.00600471
13 33 7.78683 5.30983
13 34 6.29156 6.54286
13 35 7.08941 8.99911
13 36 5.4014 -5.75362
13 37 8.48231 1.66061
13 38 11.9412 -1.60631
13 39 0.685247 5.97926
13 40 13.8502 7.79655
13 41 -5.05332 6.79427
13 42 4.93972 3.44459
13 43 6.39771 7.32984
13 44 13.8628 1.28888
13 45 3.75614 0.0511164
13 46 5.90618 4.65593
13 47 1.88199 -1.38893
13 48 14.104 -1.12209
13 49 4.68936 4.01873
13 50 5.69696 4.49802
13 51 2.36329 3.10635
13 52 -0.84808 -0.116608
13 53 -0.571949 0.992226
13 54 1.23743 1.76769
13 55 2.87045 2.99236
13 56 3.10017 1.70849
13 57 -2.1239 1.44075
13 58 0.0638203 0.201119
13 59 0.413139 0.625399
13 60 0.114124 -0.164305
13 61 0.32639 -1.39498
13 62 -0.222255 0.780243
13 63 0.119591 0.0384894
13 65 0.093661 0.0662663
13 66 0.0948986 0.405705
14 33 5.66468 2.39469
14 34 5.94546 6.80616
14 35 8.04887 -6.722
14 36 0.330137 3.76743
14 37 16.1582 5.34405
14 38 8.46503 3.06073
14 39 6.26154 6.25742
14 40 9.87652 2.02462
14 41 12.9682 6.39829
14 42 8.47322 6.73027
14 43 0.204208 0.321664
14 44 9.46367 2.57538
14 45 3.49206 3.8108
14 46 1.93058 -1.00048
14 47 4.78555 2.23123
14 48 5.62299 2.4471
14 49 0.750633 2.28074
14 50 6.80671 5.19732
14 51 2.54377 4.43555
14 52 4.03425 1.49967
14 53 2.008 2.20737
14 54 -0.977061 0.226969
14 55 1.34942 2.53268
14 56 0.886972 0.317505
14 57 0.392977 -1.17183
14 58 0.786971 -0.126019
14 59 0.578467 -0.252823
14 60 0.58513 -0.253794
14 61 -2.09385 -0.192186
14 62 -0.460979 0.158397
14 63 -0.0567615 -0.045779
14 64 -0.295873 0.178437
14 65 1.02463 -0.38821
14 66 0.0470049 0.0207532
15 33 -1.91437 5.1986
15 34 1.12192 0.43655
15 35 9.04503 6.8014
15 36 -1.85605 7.27734
15 37 2.44616 1.0848
15 38 8.46533 1.02932
15 39 13.4306 3.48577
15 40 7.41504 5.06198
15 41 -5.26731 7.31756
15 42 2.88979 3.0901
15 43 6.67387 -3.04513
15 44 5.95857 -6.84514
15 45 9.18623 3.578
15 46 10.4188 10.0205
15 47 1.9044 0.593192
15 48 -2.60641 0.501176
15 49 5.39212 1.31612
15 50 -1.83968 6.74717
15 51 1.75861 -0.986744
15 52 -3.34903 2.67256
15 53 1.38149 0.972728
15 54 -1.94363 3.1382
15 55 1.12691 1.69621
15 56 1.33965 -0.673256
15 57 -0.434108 -0.201435
15 58 0.725843 0.383754
15 59 -0.33597 1.54512
15 60 -0.389545 -0.236284
15 61 1.39968 -0.34175
15 63 -0.0125727 0.0478879
15 64 0.0625439 0.023718
15 65 -0.382316 -0.256819
15 66 0.0307511 0.0016032
16 33 3.41032 -4.36628
16 34 3.17468 4.9225
16 35 -0.565113 -1.52797
16 36 6.42526 0.0685199
16 37 16.7752 3.9874
16 38 13.399 6.8527
16 39 6.94589 6.47743
16 40 16.2774 -1.16434
16 41 8.17232 0.597062
16 42 2.29499 -1.76003
16 43 1.25806 5.99271
16 44 0.65915 3.13029
16 45 5.32959 3.06738
16 46 7.55724 1.00626
16 47 2.41142 -2.14217
16 48 1.1032 5.67687
16 49 5.15178 5.27923
16 50 -2.89058 0.956995
16 51 4.03182 3.31615
16 52 2.54983 2.28473
16 53 0.104753 -1.48277
16 54 1.78097 1.16374
16 55 -0.101631 -1.25647
16 56 0.770048 0.485204
16 57 0.537023 0.0307742
16 58 -0.491987 -0.387101
16 59 -0.3768 0.0582643
16 60 -0.212589 0.12508
16 61 -0.938491 -0.956395
16 62 -0.550134 0.537101
16 63 -0.83932 0.085307
16 64 -1.58556 -0.159971
16 66 -0.515842 0.0649837
17 33 4.23485 -2.98295
17 34 5.63575 -5.74833
17 35 1.34631 2.83472
17 36 -5.14031 3.74449
17 37 9.8456 1.43671
17 38 4.70116 0.666103
17 39 9.47618 -4.11734
17 40 7.43432 2.5381
17 41 7.12482 -3.92888
17 42 1.3418 5.65341
17 43 8.82875 -3.69092
17 44 4.82998 3.48722
17 45 4.93045 3.27643
17 46 5.40058 3.4167
17 47 1.35724 2.10043
17 48 1.23641 2.74434
17 49 -1.34199 5.07052
17 50 6.56138 4.87922
17 51 3.75407 0.455015
17 52 0.266269 -0.11455
17 53 -1.40272 1.59085
17 54 -1.02986 1.0037
17 55 -1.45822 0.971427
17 56 -0.170308 1.05779
17 57 1.62768 1.18461
17 58 2.00559 0.440891
17 59 0.19667 0.1339
17 60 -0.912737 -1.54555
17 61 0.373299 -0.173209
17 62 0.105589 -0.246886
17 63 0.0417928 -0.09016
17 65 -0.0929206 0.198832
17 66 -0.212739 0.0654846
18 33 2.79481 -1.44344
18 34 3.30952 -1.11871
18 35 1.53256 -1.62982
18 36 5.21222 -2.93687
18 37 6.25762 -1.91818
18 38 -0.191338 -1.28851
18 39 4.82983 0.272631
18 40 7.26402 5.41189
18 41 8.17807 -0.583675
18 42 2.22538 2.45162
18 43 -2.99725 5.25486
18 44 0.821894 1.1252
18 45 0.521892 1.87899
18 46 -1.30008 4.8147
18 47 -1.59788 -1.80108
18 48 5.29283 3.73832
18 49 0.714969 -2.71053
18 50 3.77338 7.74521
18 51 4.12493 2.38539
18 52 0.366785 0.406113
18 53 -0.760635 0.00254034
18 54 1.8883 0.103492
18 55 2.3933 1.35206
18 56 1.18742 -0.269979
18 57 0.69748 0.532636
18 58 -0.574675 -0.428328
18 59 0.280409 -0.0547746
18 60 1.6173 0.821291
18 61 0.817681 -0.140022
18 63 0.33281 0.0574221
18 64 0.6811 -0.235295
18 65 0.371216 0.316595
19 33 4.10361 -4.74942
19 34 12.629 0.82889
19 35 2.55201 2.47327
19 36 2.49654 -6.713
19 37 8.94864 1.09124
19 38 9.70365 0.547528
19 39 4.90197 -0.219335
19 40 2.89211 2.90666
19 41 5.06684 2.38884
19 42 7.39775 -4.32248
19 43 -6.28374 -0.816676
19 44 6.64849 0.0710607
19 45 8.98619 -0.612367
19 46 10.0027 6.18802
19 47 7.38713 8.9543
19 48 7.68698 7.00045
19 49 -2.4645 -1.2725
19 50 -1.00257 4.44391
19 51 3.95147 3.05392
19 52 1.33975 3.09655
19 53 -0.0661931 -1.84523
19 54 1.43415 -0.454086
19 55 -1.31059 3.4054
19 56 0.407761 1.51657
19 57 -1.24876 2.37564
19 58 -0.796791 -0.922948
19 59 -0.958991 0.276473
19 60 -0.123796 0.928004
19 61 -0.348785 0.190833
19 62 0.0410923 -1.24986
19 63 0.075454 -0.0582358
19 64 -0.0674327 -0.133568
19 65 0.12403 -0.214756
19 66 -0.13861 -0.47409
20 33 4.26484 -0.0750976
20 34 9.78579 -4.8506
20 35 2.0851 -0.239859
20 36 2.49052 -0.636424
20 37 10.5394 -3.09294
20 38 0.773524 2.65315
20 39 1.1436 1.6738
20 40 1.17309 3.31555
20 41 4.79172 4.48703
20 42 1.94744 1.19601
20 43 3.98004 2.30148
20 44 1.20374 -4.89972
20 45 7.80429 -0.026271
20 46 0.130861 1.10869
20 47 1.9933 2.0765
20 48 7.91212 -1.84951
20 49 2.51333 3.48973
20 50 6.44896 3.32973
20 51 2.18734 -1.48501
20 52 3.0102 -0.302871
20 53 0.812957 2.83497
20 54 2.31642 1.95361
20 55 -2.28642 1.76438
20 56 0.333546 -2.17313
20 57 2.84624 -0.354559
20 58 1.17168 -0.712966
20 59 -0.936875 0.451918
20 60 0.272539 -0.446805
20 61 0.0890575 0.0830018
20 62 -1.11716 0.877977
20 64 0.808786 0.0944343
20 65 -0.323628 0.0555983
20 66 -0.615338 0.185637
21 33 6.50538 0.952792
21 34 9.46764 -2.46898
21 35 7.65301 -4.17871
21 36 5.61689 -4.39928
21 37 14.2876 6.26974
21 38 -0.415756 -2.77792
21 39 7.88489 -7.43141
21 40 8.23195 2.31603
21 41 8.09186 4.20521
21 42 10.2281 0.349059
21 43 4.5255 -1.68491
21 44 6.75953 -1.8245
21 45 5.76526 -0.75332
21 46 10.4184 2.42103
21 47 1.17876 2.34515
21 48 5.91795 0.436399
21 49 10.8369 0.462319
21 50 5.49698 -1.97069
21 51 1.45914 -1.5555
21 52 -1.61915 2.1
21 53 1.68511 -0.456001
21 54 4.899 -0.640802
21 55 -1.31696 -1.471
21 56 -2.31712 -1.31734
21 57 1.95562 4.74402
21 58 -2.82798 0.319424
21 59 1.89725 -0.3253
21 60 2.09662 1.62676
21 61 -0.0772175 -0.24441
21 62 -0.629689 -0.959034
21 63 0.0993166 0.0667066
21 64 0.0179317 -0.00454577
21 66 -0.835092 0.731171
22 33 3.89905 -2.47197
22 34 7.38316 -4.01845
22 35 6.66379 -1.29616
22 36 -0.72771 0.0322758
22 37 1.13685 4.55587
22 38 2.55733 0.334837
22 39 -2.34705 -2.23506
22 40 7.66701 0.81589
22 41 2.76708 -2.10476
22 42 2.67854 1.20108
22 43 8.25027 2.01452
22 44 -1.94485 3.78966
22 45 12.4406 -3.03333
22 46 5.52314 3.54887
22 47 4.9569 -2.76525
22 48 4.88245 3.37845
22 49 1.68174 3.53809
22 50 5.22592 2.09005
22 51 0.140814 -1.2125
22 52 -2.57314 0.109018
22 53 3.17824 0.703462
22 54 2.6767 -0.800566
22 55 2.43883 0.288668
22 56 -0.0868066 -1.42578
22 57 2.8077 1.53201
22 58 -1.0317 -0.865348
22 59 -1.31105 -0.418596
22 60 -0.0419285 -0.372745
22 62 2.18287 1.0897
22 63 0.230849 -0.279165
22 64 0.7293 1.71878
23 33 5.01369 -6.97487
23 34 8.37883 -3.86015
23 35 0.788527 0.229947
23 36 3.04257 -2.21313
23 37 4.87809 0.663521
23 38 8.10228 0.961559
23 39 5.6779 -3.17602
23 40 4.98808 5.62588
23 41 4.41466 -2.80104
23 42 4.10502 0.831873
23 43 6.5995 6.48875
23 44 5.94255 2.35819
23 45 12.1307 4.8212
23 46 -2.00603 -3.60821
23 47 4.04837 -1.02594
23 48 9.44974 -3.52963
23 49 3.25348 1.10283
23 50 0.829539 6.44817
23 51 2.46982 1.18336
23 52 -0.390132 3.47715
23 53 1.67048 -1.44452
23 54 -1.78648 -0.106744
23 55 -1.32306 0.468835
23 56 0.594774 1.80016
23 57 1.97485 0.53127
23 58 0.198065 -0.203324
23 59 -0.522186 -0.339005
23 60 1.81194 0.814687
23 61 0.164625 1.48558
23 62 0.279765 2.2643
23 63 1.19778 0.146512
23 64 -1.83099 0.867055
23 65 0.298749 0.0835818
23 66 -1.01255 -0.106889
24 33 5.07217 -4.60554
24 34 3.2052 -3.76398
24 35 3.27094 -6.71626
24 36 -1.72777 -1.04574
24 37 6.08731 5.09453
24 38 -0.270937 -3.21584
24 39 11.0439 -1.77185
24 40 11.4192 -0.271583
24 41 7.7543 -0.662809
24 42 2.76174 -2.45912
24 43 9.67154 -4.24368
24 44 9.02549 3.61631
24 45 6.35239 -1.36328
24 46 7.41135 0.389035
24 47 4.48516 -2.22834
24 48 -8.24393 -1.42338
24 49 1.22903 2.78466
24 50 6.97358 -1.41216
24 51 -3.35931 3.96471
24 52 2.7233 0.984631
24 53 -2.16202 1.99775
24 54 -0.810935 0.195412
24 55 1.67321 0.612455
24 56 -1.65679 1.13805
24 57 3.30837 1.39307
24 58 -0.0641007 -0.198782
24 59 -0.0900411 0.685749
24 60 1.16134 -0.481498
24 61 -2.16011 1.66861
24 62 1.07447 0.166846
24 63 2.57531 2.54086
24 64 1.32978 0.485868
24 65 0.209674 0.251357
24 66 -0.437225 0.527601
25 33 6.6327 -0.859667
25 34 4.89733 -5.25776
25 35 5.95523 -3.35878
25 36 8.73006 0.289215
25 37 5.8542 0.213899
25 38 6.98622 -2.46878
25 39 4.86646 -1.22212
25 40 3.75342 5.17623
25 41 5.60379 -3.72007
25 42 6.49506 -1.54579
25 43 6.93592 1.48551
25 44 4.32166 0.190056
25 45 3.28089 -2.84796
25 46 9.07495 5.47567
25 47 5.83297 0.277047
25 48 -0.384755 2.02784
25 49 0.469043 3.15485
25 50 2.66497 5.61229
25 51 1.43295 0.470349
25 52 1.82881 3.98713
25 53 -0.21411 4.35203
25 54 -1.07637 2.33237
25 55 -3.06301 1.79172
25 56 -1.07868 1.16914
25 57 0.189868 2.2592
25 58 -3.10361 -0.0246157
25 59 0.327936 0.526048
25 60 1.69119 0.593339
25 61 -0.720641 0.754268
25 62 -1.98091 1.42252
25 63 1.516 1.15693
25 64 -0.513646 -0.819652
25 65 -0.399433 0.225729
25 66 0.43393 -0.548095
26 33 5.01984 -0.436898
26 34 7.51391 -2.38297
26 35 4.30813 3.12673
26 36 1.25236 -2.50863
26 37 -4.05451 -3.14413
26 38 7.16142 -9.0044
26 39 5.77349 1.22087
26 40 3.23148 -2.44895
26 41 6.68239 -0.4661
26 42 6.79676 -0.17562
26 43 0.398101 5.22067
26 44 3.77082 2.40857
26 45 4.07061 0.770191
26 46 2.98423 1.21105
26 47 0.412369 0.538769
26 48 5.50355 3.62478
26 49 -1.15132 4.87318
26 50 3.85127 5.57626
26 51 1.0394 1.87016
26 52 0.675853 5.70133
26 53 3.49803 -0.130724
26 54 0.681719 1.13536
26 55 -0.985643 -0.535483
26 56 -3.21233 0.027114
26 57 -1.68386 1.60442
26 58 1.67556 2.10365
26 59 -0.398977 0.826358
26 60 -1.17231 0.918853
26 61 1.43268 0.481171
26 62 -0.96227 -0.608202
26 63 -1.45353 0.656355
26 64 -1.239 0.223162
26 65 -0.762736 0.125649
27 33 4.04263 -4.7418
27 34 0.457969 0.77549
27 35 6.46049 -6.20317
27 36 4.28986 -0.136394
27 37 8.34582 -2.93762
27 38 2.44266 2.22565
27 39 5.75824 7.96535
27 40 9.93322 3.57298
27 41 12.8192 0.237328
27 42 2.80533 1.9675
27 43 0.495746 -0.0564444
27 44 2.7158 -3.55305
27 45 5.46319 -1.69255
27 46 7.09243 0.158593
27 47 4.90598 1.33024
27 48 1.28603 4.83911
27 49 -0.153549 -4.71787
27 50 0.565901 3.45961
27 51 -1.99824 1.35594
27 52 0.323119 0.741091
27 53 4.87741 0.920838
27 54 -1.36211 0.788283
27 55 0.339842 -0.303656
27 56 0.306768 2.04969
27 57 -0.236458 -0.970744
27 58 0.839503 -0.479134
27 59 0.589845 -1.17406
27 60 1.25355 0.109723
27 61 0.865875 0.277382
27 62 -0.980605 0.571854
27 63 -0.993506 -1.70158
27 64 0.534025 1.49198
27 65 0.345732 0.200653
27 66 -0.0641579 0.196175
28 33 5.90501 -3.86717
28 34 2.25147 1.22767
28 35 4.87061 -5.64611
28 36 2.10511 -0.535946
28 37 -1.40833 -7.03719
28 38 2.97645 0.630776
28 39 1.97723 -6.6365
28 40 4.55672 -3.98886
28 41 12.5415 3.08921
28 42 -1.2886 1.4055
28 43 5.98037 -2.46531
28 44 6.66306 1.89761
28 45 7.01498 1.19132
28 46 -2.47101 -0.833378
28 47 4.08003 3.65885
28 48 2.67449 2.19179
28 49 2.91536 -5.68221
28 50 5.37451 1.09592
28 51 -0.426503 -0.647463
28 52 -4.78237 -3.44127
28 53 -0.991453 0.564751
28 54 3.03349 -0.530691
28 55 -2.46003 3.71332
28 56 -1.48387 1.29774
28 57 -0.481155 1.63949
28 58 -1.62746 -0.6166
28 59 0.11433 0.0952544
28 60 -0.206976 0.543091
28 61 -0.240923 -0.110542
28 62 -1.97605 -1.02612
28 63 -1.05487 -0.25454
28 64 -1.26385 -2.10318
28 65 0.223948 0.106026
28 66 -0.467764 -0.0292065
29 33 -2.90002 0.703208
29 34 8.75565 -3.82298
29 35 -1.26832 -4.3813
29 36 7.00702 -0.483049
29 37 5.05857 -0.59476
29 38 -0.943132 0.574242
29 39 7.04606 -4.39993
29 40 5.74844 3.06642
29 41 10.2478 -0.426567
29 42 1.28478 -3.36596
29 43 9.13513 2.28501
29 44 0.412303 2.11808
29 45 6.54743 3.17586
29 46 -2.31903 4.61344
29 47 3.45776 1.39318
29 48 9.40414 -1.41397
29 49 5.1125 -2.03515
29 50 4.11328 3.52467
29 51 -0.744272 2.3194
29 52 2.6649 0.0402176
29 53 0.00163536 6.09856
29 54 -3.59669 2.3156
29 55 0.444345 2.46907
29 56 0.614157 -0.526457
29 57 1.35858 1.0397
29 58 -0.0167027 0.228225
29 59 -0.76798 1.20976
29 60 2.07189 1.66981
29 61 -0.239587 -0.466241
29 62 -0.0545859 0.445561
29 63 -0.11654 -1.56055
29 64 0.446227 -0.443498
29 65 0.618338 0.0493391
29 66 -0.130894 0.296706
30 33 -0.374165 -1.41939
30 34 10.4357 -4.27196
30 35 0.273164 -3.05618
30 36 7.25418 0.16064
30 37 4.32337 -3.38709
30 38 9.16929 0.0372894
30 39 7.25256 -5.1197
30 40 9.9623 -3.23111
30 41 3.75944 4.90039
30 42 5.19263 2.00541
30 43 4.92717 0.920062
30 44 2.44221 -5.63776
30 45 0.761415 -0.208053
30 46 0.479058 2.92105
30 47 2.19347 2.13781
30 48 4.90284 3.71996
30 49 4.76311 0.340615
30 50 6.51987 5.65505
30 51 -0.121818 2.08726
30 52 1.74028 1.24897
30 53 0.0888273 0.766021
30 54 -0.514299 0.425499
30 55 1.39342 0.532708
30 56 0.616459 0.0715486
30 57 0.872458 -0.532714
30 58 -0.18041 0.0230632
30 59 1.09282 0.621291
30 60 0.439836 0.0995864
30 61 3.75129 0.894009
30 62 -0.62683 0.0783158
30 63 1.20541 -0.227267
30 64 -0.368039 1.47656
30 65 -0.672854 -0.0415855
30 66 0.0592407 0.0182244
31 33 1.32603 -1.0182
31 34 6.09674 -0.659126
31 35 5.1497 -1.92337
31 36 6.69035 -2.96097
31 37 3.38634 0.101453
31 38 -0.447045 0.475111
31 39 6.79476 -3.39608
31 40 3.38973 -5.40803
31 41 10.2298 -0.429631
31 42 3.52368 4.86579
31 43 6.64335 4.50245
31 44 5.54969 3.22855
31 45 2.53385 -1.46298
31 46 2.05764 -1.09987
31 47 1.77619 -2.55933
31 48 -4.85759 -3.88473
31 49 -0.990384 3.39785
31 50 8.67333 -1.20215
31 51 -0.921105 1.413
31 52 -1.12311 3.62144
31 53 1.44441 -0.958881
31 54 -0.810894 1.1204
31 55 -0.272981 2.47054
31 56 2.71666 2.60427
31 57 -0.142069 0.244534
31 58 -1.4754 -0.393629
31 59 1.41139 -0.856837
31 60 -1.33246 -0.725961
31 61 -1.04712 0.629078
31 62 -1.96985 1.94084
31 63 0.824564 -0.645346
31 64 0.335378 0.144457
31 66 0.539871 0.152623
32 33 3.93382 -3.17714
32 34 7.51496 -1.9846
32 35 2.49044 -0.801929
32 36 2.70906 -0.170869
32 37 4.27579 -3.17642
32 38 7.4988 -0.321506
32 39 10.094 -4.92229
32 40 6.53799 -1.6809
32 41 2.81716 5.3564
32 42 0.855409 5.81992
32 43 5.30942 0.209456
32 44 1.11038 -3.99119
32 45 4.08894 -0.467903
32 46 -2.12362 6.32367
32 47 5.94957 1.69971
32 48 1.16073 3.17536
32 49 2.8437 0.97379
32 50 8.21207 2.21166
32 51 2.42374 3.08265
32 52 -2.26285 0.720039
32 53 1.09515 1.08998
32 54 -3.20677 1.36838
32 55 0.279715 0.266184
32 56 -2.76029 4.0234
32 57 -0.474884 -1.13007
32 58 0.204386 2.12866
32 59 -0.68408 -0.740107
32 60 0.182691 -1.52341
32 61 -0.379455 0.332317
32 62 -0.356739 1.04387
32 63 -0.0882801 0.196278
32 64 -1.37275 -0.412233
32 65 0.121421 -0.125036
32 66 0.00686017 0.174664
33 33 3.05691 -4.04071
33 34 12.1351 -0.858877
33 35 3.07964 0.185439
33 36 2.34713 -0.192836
33 37 5.16351 -6.55981
33 38 7.27856 0.326857
33 39 5.31331 -6.19571
33 40 11.5541 0.582034
33 41 9.46378 -1.32963
33 42 9.92473 -0.587956
33 43 3.59464 -0.788058
33 44 9.28903 -4.33713
33 45 -2.39404 5.59818
33 46 2.60655 3.59206
33 47 5.77527 0.823715
33 48 4.14955 -0.174667
33 49 1.35255 2.32028
33 50 -3.25671 2.00604
33 51 3.0047 3.33244
33 52 2.3755 1.22452
33 53 0.93023 -0.603445
33 54 4.83491 1.61192
33 55 1.73043 2.79697
33 56 1.4354 1.11314
33 57 1.4368 0.0991921
33 58 -1.54003 0.537301
33 59 3.49867 1.73509
33 60 -4.01564 3.67883
33 61 -1.78863 -0.32592
33 62 -2.09193 0.952602
33 63 0.789979 -0.246578
33 64 -0.989851 0.721567
33 65 1.5184 -1.3539
33 66 -0.552645 1.61059
34 33 2.30222 -1.16367
34 34 5.04631 -3.43239
34 35 1.32615 -2.05153
34 36 3.91025 -7.51482
34 37 7.4517 0.309345
34 38 2.6089 -1.32546
34 39 6.71639 0.059636
34 40 1.51649 2.75163
34 41 13.3084 1.82357
34 42 0.384505 -1.03339
34 43 8.31961 2.43709
34 44 -0.184622 1.73362
34 45 -3.08034 3.21987
34 46 -5.35368 -1.5284
34 47 -1.79802 4.51286
34 48 6.14032 1.84448
34 49 2.26516 4.93263
34 50 0.0782516 1.25372
34 51 0.925994 3.1174
34 52 0.13557 2.89016
34 53 3.34823 4.76963
34 54 1.30129 2.21697
34 55 0.834403 1.33996
34 56 1.54467 1.32817
34 57 1.3462 1.93704
34 58 -0.421181 1.22152
34 59 0.577166 1.40896
34 60 1.27061 -0.0805525
34 61 -0.840682 0.532859
34 62 -2.25164 2.00031
34 63 -0.344197 0.0679188
34 64 1.3936 0.0822133
34 65 1.62973 -0.359001
34 66 -0.556881 -0.285268
35 33 1.11004 0.566439
35 34 2.14629 -3.00585
35 35 -3.03987 -6.33278
35 36 2.8019 -4.13593
35 37 -0.331475 -0.190942
35 38 3.51222 -1.0595
35 39 10.8397 5.64204
35 40 1.50434 4.33951
35 41 8.53963 1.09456
35 42 1.66748 -0.216195
35 43 9.9139 1.53047
35 44 2.00721 -1.77575
35 45 -1.49921 -0.040816
35 46 0.689244 -5.5299
35 47 0.257984 -3.69272
35 48 3.05536 2.17981
35 49 -1.5094 2.66172
35 50 0.610963 3.92454
35 51 -3.13181 0.685939
35 52 3.71333 2.79935
35 53 0.997483 0.0046316
35 54 2.31189 1.72361
35 55 1.08232 0.46241
35 56 -0.698136 0.965427
35 57 -1.11741 -1.11062
35 58 0.852501 0.62549
35 59 0.827531 -0.588902
35 60 0.907232 -0.380992
35 61 0.235214 1.96296
35 62 -1.4688 -0.42538
35 63 -0.0567876 0.0290969
35 64 -0.0624816 0.144071
36 33 -1.51297 -0.874309
36 34 3.33899 -1.59578
36 35 -5.77422 -1.4322
36 36 4.0485 -2.10517
36 37 10.151 0.595947
36 38 -0.0422647 0.267404
36 39 9.96628 -6.53083
36 40 -3.30204 -0.987726
36 41 7.14058 -3.13517
36 42 10.9252 -3.78076
36 43 5.66273 1.83441
36 44 6.52698 -5.78627
36 45 8.94446 0.567834
36 46 11.9995 1.8159
36 47 0.648985 2.37336
36 48 13.4499 -0.827122
36 49 -0.775668 4.31625
36 50 3.9067 -1.30736
36 51 3.49067 -1.6984
36 52 -1.5879 2.73638
36 53 1.78004 2.48302
36 54 -0.461077 1.31392
36 55 2.4983 2.15797
36 56 0.563537 0.790066
36 57 1.51264 1.00151
36 58 -3.30483 1.37423
36 59 1.57262 0.405493
36 60 1.20232 1.38405
36 61 2.02367 0.56494
36 62 -0.0476196 0.898719
36 63 -0.0422923 -0.143852
36 64 -0.0576571 0.241111
36 65 -0.0535576 0.490115
37 33 4.27101 -2.28044
37 34 2.01815 -3.61973
37 35 6.65268 -5.00313
37 36 5.30857 -2.16587
37 37 5.37972 2.18276
37 38 1.75523 -0.464343
37 39 12.3448 -3.60678
37 40 5.15723 -2.50173
37 41 -0.808229 -7.39689
37 42 1.6484 1.21704
37 43 0.308757 -0.646265
37 44 7.59342 -0.678656
37 45 -3.73541 0.288899
37 46 5.68889 -1.34761
37 47 1.39946 -2.14422
37 48 6.12111 -1.09506
37 49 0.640939 -2.40454
37 50 7.63523 -0.714531
37 51 -0.126912 2.86136
37 52 4.15978 1.33414
37 53 7.20555 3.89581
37 54 2.77984 -1.59871
37 55 -4.05484 1.70056
37 56 -0.477091 0.411697
37 57 -0.401725 0.196217
37 58 -0.0219831 2.00274
37 59 -0.717301 1.41789
37 60 -1.56442 1.37027
37 61 0.222259 0.419398
37 62 0.367389 -0.431898
37 63 -0.0980286 -0.582146
37 64 0.480717 0.232757
37 65 -0.160005 0.36259
37 66 0.114064 0.199587
38 33 4.8625 0.702102
38 34 3.70245 1.23498
38 35 3.70743 1.722
38 36 -1.40486 -1.0025
38 37 9.27452 -2.46382
38 38 8.05785 1.04347
38 39 -5.44388 -6.97621
38 40 -0.497086 -0.0342483
38 41 7.90358 1.90111
38 42 1.89111 2.52875
38 43 3.15485 -1.69492
38 44 0.690808 1.15692
38 45 8.28267 2.38895
38 46 -2.42663 1.88523
38 47 1.96912 -0.191227
38 48 9.26991 0.904405
38 49 3.09565 1.80674
38 50 6.99587 2.1604
38 51 1.10602 -0.518492
38 52 0.756924 2.76771
38 53 5.59425 0.124975
38 54 -3.32665 3.93178
38 55 -4.91931 -0.843035
38 56 -0.425963 -1.05387
38 57 -0.152498 -0.0378314
38 58 1.18129 -1.08501
38 59 1.56713 0.0300785
38 60 0.361732 1.6828
38 61 -2.23845 0.569959
38 62 -0.12815 1.02121
38 63 -1.62451 0.596599
38 64 0.822888 1.27892
38 65 -0.217682 -0.0746839
38 66 -0.274279 -0.0247259
39 33 1.91657 -1.83905
39 34 2.34782 0.943214
39 35 2.49337 0.807513
39 36 0.331965 -2.56612
39 37 15.9432 -6.81637
39 38 1.29126 0.99854
39 39 4.9364 3.11511
39 40 8.58864 -3.489
39 41 9.27892 1.40801
39 42 1.17994 1.01007
39 43 1.76402 -1.37163
39 44 4.19223 1.01765
39 45 0.269275 -0.400511
39 46 3.39817 -1.76968
39 47 2.75666 0.64006
39 48 6.47118 2.54323
39 49 2.28142 6.07741
39 50 0.398758 -0.0152031
39 51 1.7095 0.668418
39 52 4.53101 -0.914738
39 53 1.30257 1.66833
39 54 -2.39168 2.4862
39 55 1.1862 -0.0430033
39 56 0.578104 0.337645
39 57 -0.968583 -0.575117
39 58 2.18493 0.647997
39 59 1.91776 0.369742
39 60 -1.42103 -0.277277
39 61 0.0499988 -0.347041
39 62 -0.838014 1.09231
39 63 0.452394 0.370637
39 64 0.491328 -0.198807
39 65 0.661606 -1.5625
39 66 -0.393256 -0.226222
40 33 -1.28781 -0.626533
40 34 5.44281 -2.48041
40 35 2.04328 -0.635261
40 36 7.56309 -2.93843
40 37 11.1421 -1.6109
40 38 3.02772 2.4379
40 39 5.20165 2.88643
40 40 -2.44524 -0.267122
40 41 1.23618 4.60697
40 42 2.63053 2.56845
40 43 0.13069 4.74447
40 44 3.1348 6.31993
40 45 6.25304 0.0469977
40 46 7.26975 4.05931
40 47 3.217 1.7087
40 48 0.689196 2.05615
40 49 -1.29219 -1.36837
40 50 -1.16543 3.26754
40 51 4.86689 0.369043
40 52 1.24577 -1.23379
40 53 1.40123 0.23722
40 54 0.809827 1.79965
40 55 1.13924 0.926579
40 56 -2.41218 0.586195
40 57 1.58523 1.23525
40 58 -0.0185217 0.314397
40 59 0.0906588 1.06252
40 60 -0.276117 0.789003
40 61 -0.914417 -0.755694
40 62 -1.04699 1.58368
40 63 -0.259787 0.245999
40 64 -0.912541 -0.384027
40 65 -0.773121 0.00238878
40 66 0.160808 -0.382324
41 33 1.96112 -0.906438
41 34 4.38312 2.07688
41 35 3.34425 -0.531475
41 36 7.46054 -3.48604
41 37 7.75186 -4.82573
41 38 9.29559 -3.30382
41 39 3.34381 -3.02308
41 40 1.67283 1.85243
41 41 3.24456 -0.669496
41 42 2.70961 -4.66223
41 43 6.64252 -1.89407
41 44 3.32628 -2.5388
41 45 4.69595 0.842543
41 46 5.15156 -3.8645
41 47 2.78319 0.91193
41 48 4.20053 -0.837216
41 49 5.29118 2.78212
41 50 6.56593 1.4913
41 51 2.16941 0.599477
41 52 4.21173 0.408629
41 53 2.52721 1.9506
41 54 0.264073 0.0189311
41 55 0.694703 0.650399
41 56 0.296814 0.151762
41 57 -0.163006 0.476255
41 58 1.02092 -0.749787
41 59 -0.366241 1.26218
41 60 0.214696 1.41866
41 61 -0.687704 1.96015
41 62 -0.362247 1.33155
41 63 0.284485 0.352637
41 65 -0.432201 0.260747
41 66 0.197428 -0.0687545
42 33 3.16749 -2.89784
42 34 5.55292 -1.4147
42 35 2.95325 0.44512
42 36 1.04486 4.37137
42 37 0.597199 0.901332
42 38 4.67887 0.0161011
42 39 4.2176 -2.37631
42 40 8.17302 -0.663407
42 41 10.631 -0.546134
42 42 11.6369 -3.45833
42 43 8.74777 1.36647
42 44 3.96591 2.56581
42 45 1.3063 4.75962
42 46 0.693249 -6.64161
42 47 3.09132 1.03738
42 48 4.81258 1.8509
42 49 5.36087 1.67701
42 50 3.17929 4.70295
42 51 3.3266 1.0103
42 52 -3.10881 1.24962
42 53 -2.90094 0.665817
42 54 3.03735 -1.16309
42 55 1.22758 0.469747
42 56 1.31602 0.857767
42 57 3.44424 1.12496
42 58 6.25175 1.40659
42 59 0.430626 0.117479
42 60 1.87675 -0.098946
42 61 -0.122623 3.72875
42 62 -0.779649 -1.49321
42 63 1.95524 -0.281595
42 64 -1.16243 -0.0810955
42 65 -0.529063 1.40697
42 66 0.943207 0.678682
43 33 1.79918 -1.71095
43 34 -1.46389 0.115986
43 35 5.66561 -0.872467
43 36 7.81867 -2.3387
43 37 3.82356 0.463207
43 38 -3.2188 -1.82579
43 39 -2.79336 -4.26634
43 40 7.78134 -1.15514
43 41 7.39688 3.13958
43 42 7.74963 -1.18278
43 43 10.3892 -0.186933
43 44 -0.942393 0.606512
43 45 0.277232 -0.425407
43 46 9.56907 2.15631
43 47 6.13913 2.50401
43 48 4.11002 -0.819677
43 49 7.13716 3.66147
43 50 0.0298093 0.857891
43 51 0.548242 1.15744
43 52 2.5572 -0.0491496
43 53 -0.133579 0.485675
43 54 -0.368832 3.7202
43 55 1.58453 1.26646
43 56 -2.60823 0.416284
43 57 -1.10504 0.462636
43 58 5.9773 -0.529268
43 59 2.72651 0.754917
43 60 1.11617 1.85536
43 61 -0.780131 1.29716
43 62 -0.014514 -1.20613
43 63 -0.620665 0.0144864
43 64 -0.00974819 0.0420655
43 65 0.387404 0.514624
43 66 0.437167 0.622986
44 33 2.82599 -0.898249
44 34 -4.08386 -0.387901
44 35 5.24598 1.32331
44 36 3.40808 1.28946
44 37 0.376136 -4.28579
44 38 2.85241 -1.98567
44 39 4.90491 1.07727
44 40 7.57474 -5.62324
44 41 -0.489162 0.590811
44 42 4.77326 2.60532
44 43 11.5623 2.12456
44 44 1.70052 -0.0449335
44 45 5.18962 -4.18051
44 46 6.59386 1.75672
44 47 0.520448 1.94293
44 48 -0.291054 1.33887
44 49 -0.481444 -1.29386
44 50 6.74159 -1.50063
44 51 -0.166218 1.47604
44 52 1.8286 -2.28648
44 53 1.89356 0.640867
44 54 1.79371 1.60568
44 55 1.58612 1.28775
44 56 3.08675 1.69418
44 57 1.33838 -0.200397
44 58 2.18842 2.88701
44 59 0.477444 -0.133413
44 60 -1.00786 1.28273
44 61 -0.449786 -0.199714
44 62 -0.474204 0.799447
44 63 -0.0880627 -0.0525697
44 64 -0.11068 -0.335203
44 65 -0.0670961 0.155777
44 66 0.142437 -0.355643
45 33 0.981897 -2.6029
45 34 -0.443085 -3.06567
45 35 3.58643 1.41119
45 36 5.53487 -3.96779
45 37 2.58071 0.124693
45 38 9.88289 -2.83035
45 39 6.35533 0.860729
45 40 3.79303 -8.04729
45 41 0.274885 -2.85523
45 42 4.47031 -1.41141
45 43 4.70471 0.38151
45 44 2.02736 5.88549
45 45 6.32614 7.41692
45 46 0.95731 -0.304504
45 47 1.06977 2.53989
45 48 -0.753886 2.13452
45 49 1.23159 0.111414
45 50 3.94086 0.990588
45 51 -0.363128 0.316351
45 52 1.48675 -0.0254872
45 53 0.48313 0.295974
45 54 -0.172596 3.09185
45 55 1.54386 1.17603
45 56 0.255146 0.0684704
45 57 1.52794 -0.347955
45 58 0.30337 2.0313
45 59 2.11458 2.62343
45 60 0.842332 0.905315
45 61 1.06994 0.141092
45 62 -1.25839 -0.0921012
45 63 -0.555233 0.919481
45 64 -0.504593 -0.505773
45 65 0.60068 -0.27328
45 66 0.473138 0.0694998
46 33 1.35165 -1.3236
46 34 3.018 -1.90488
46 35 5.3035 -1.00646
46 36 1.3781 -1.31577
46 37 6.61129 1.96598
46 38 -0.176124 0.196532
46 39 0.0642492 0.368059
46 40 6.18879 -4.37338
46 41 4.33177 3.72927
46 42 0.22434 -1.14876
46 43 10.1566 -6.66435
46 44 8.50452 -0.313993
46 45 -2.41633 2.37512
46 46 -3.96576 -0.898114
46 47 -2.24267 1.48273
46 48 6.87516 1.5586
46 49 0.757045 3.27502
46 50 5.55884 -1.15506
46 51 0.639175 6.9452
46 52 0.953571 -0.644502
46 53 1.74299 1.37059
46 54 0.226363 0.555581
46 55 1.79967 -1.20361
46 56 -2.86482 -0.806613
46 57 -0.0318276 3.07843
46 58 -0.203679 -2.47833
46 59 -1.17047 0.0719002
46 60 2.14622 0.273222
46 61 1.81282 -0.105668
46 63 -0.277852 0.460405
46 64 0.106464 -0.0591061
46 65 -1.26205 -0.668495
46 66 0.214215 0.215499
47 33 3.68219 -0.6694
47 34 7.22063 0.138899
47 35 5.1728 -0.549642
47 36 1.43835 -2.69014
47 37 6.56779 1.35723
47 38 4.35461 1.4813
47 39 4.70437 2.10184
47 40 2.30335 2.94029
47 41 1.29554 1.79642
47 42 -0.0206726 -0.871379
47 43 4.28304 5.4662
47 44 -2.11359 -0.931427
47 45 2.29206 1.48074
47 46 7.25038 -4.47008
47 47 3.66468 -1.43728
47 48 1.45236 -0.370169
47 49 -1.25799 -0.666772
47 50 5.61119 0.961343
47 51 3.78657 1.96268
47 52 7.42542 3.52156
47 53 0.508961 0.901103
47 54 0.448422 1.53053
47 55 -0.82914 -1.08045
47 56 -0.258593 0.0875617
47 57 1.17883 2.21132
47 58 0.615957 1.25483
47 59 2.04539 2.22791
47 60 0.165619 -1.02082
47 61 2.5396 -1.77672
47 62 -1.07542 0.988176
47 63 0.611078 0.669734
47 64 0.449594 0.504557
47 65 0.210306 -0.338076
47 66 0.0423772 0.00149004
48 33 1.59435 -4.20863
48 34 2.99546 -1.06553
48 35 4.44035 1.37031
48 36 3.16693 1.30989
48 37 3.09524 -2.37387
48 38 7.31852 -3.76667
48 39 1.1236 0.509678
48 40 3.78533 1.51253
48 41 1.17089 -2.82926
48 42 5.76861 -1.78428
48 43 5.06475 -0.148885
48 44 5.75905 2.25455
48 45 -4.10143 0.974027
48 46 5.0049 1.28571
48 47 -0.702875 5.18383
48 48 5.59914 -0.172
48 49 -1.43013 -0.451463
48 50 12.0331 -0.772927
48 51 4.45725 2.63311
48 52 2.13227 2.32435
48 53 2.70815 1.28839
48 54 1.17841 0.190675
48 55 2.16731 2.00364
48 56 3.12381 1.31073
48 57 -0.517215 1.02864
48 58 -0.980272 -0.992623
48 59 3.71136 -0.129078
48 60 1.5553 0.626568
48 61 1.00797 1.0871
48 62 0.355916 0.328644
48 63 -0.312015 0.273153
48 64 0.155068 0.0207216
48 65 -0.12581 -0.302446
49 33 2.99679 -1.72345
49 34 0.359671 -3.24843
49 35 -1.8211 -0.0794874
49 36 1.85618 -1.12304
49 37 2.22754 -0.366432
49 38 8.85272 -1.17151
49 39 9.05826 -0.806897
49 40 -1.77028 -0.721711
49 41 6.41326 -0.0898291
49 42 1.3324 1.61226
49 43 1.41012 -0.283842
49 44 9.1578 4.31939
49 45 1.41028 -0.986587
49 46 7.50054 -1.51711
49 47 5.24645 -2.17144
49 48 0.588241 1.3416
49 49 0.216514 2.64493
49 50 5.66755 -0.837405
49 51 0.237185 -2.37873
49 52 0.835363 0.805086
49 53 0.472316 2.259
49 54 4.25739 1.97944
49 55 0.225629 0.804118
49 56 -0.201383 -0.377707
49 57 1.55935 -0.475879
49 58 3.24937 0.0668635
49 59 1.54657 -0.278127
49 60 1.09382 -0.174681
49 61 0.000459612 1.34692
49 62 0.371471 0.853329
49 63 -0.563703 0.6211
49 64 -1.452 1.56896
49 65 -0.647421 0.596256
49 66 0.121895 -0.00385751
50 33 2.81249 0.205044
50 34 3.39614 -3.11004
50 35 0.574533 -3.62308
50 36 -4.66629 -3.02452
50 37 2.46379 -3.19588
50 38 3.54487 -0.938225
50 39 6.93527 -3.44445
50 40 5.318 2.09958
50 41 3.23453 -1.00674
50 42 0.294946 3.64583
50 43 3.13693 1.88088
50 44 3.54703 3.05392
50 45 4.25045 2.18372
50 46 4.47414 2.43747
50 47 7.01958 -0.0990193
50 48 4.5539 3.69549
50 49 0.936739 0.343462
50 50 2.30674 -1.09139
50 51 0.391428 0.688494
50 52 -0.95196 1.34792
50 53 -0.639978 -1.27305
50 54 1.61497 0.303442
50 55 1.88932 -0.842635
50 56 0.336658 1.42192
50 57 -0.0166646 1.21609
50 58 -0.642426 0.966886
50 59 4.03401 2.14427
50 60 0.126473 -0.799139
50 61 -0.346485 -0.632297
50 62 0.818356 0.0786849
50 63 -0.46489 1.06312
50 64 -0.578655 1.06095
50 65 -0.395019 1.22752
50 66 0.0304029 0.0177087
51 33 2.09612 0.427091
51 34 2.33417 -0.793715
51 35 -3.5985 -0.471938
51 36 -0.331787 -3.02879
51 37 4.01522 -0.569722
51 38 5.69973 1.09214
51 39 1.1759 -0.00049964
51 40 2.72177 0.365097
51 41 -2.43625 6.12912
51 42 4.49136 -2.32958
51 43 2.61552 3.87016
51 44 -4.36922 3.14217
51 45 9.67192 -1.36856
51 46 0.031133 -1.55147
51 47 1.51274 3.66536
51 48 9.1672 4.34621
51 49 1.27322 -0.825145
51 50 4.74368 0.777494
51 51 2.41434 -1.5965
51 52 1.9997 2.91307
51 53 -0.563305 2.44198
51 54 0.386205 0.645621
51 55 -0.887293 7.45775
51 56 0.914343 4.69557
51 57 2.2866 0.984009
51 58 1.09432 3.60552
51 59 3.34613 2.72138
51 60 1.07605 -0.721353
51 61 -0.106192 0.00279823
51 62 0.780345 2.05609
51 63 1.31998 -0.185529
51 64 -0.443731 0.362241
51 65 -1.59723 -0.906757
51 66 -0.137805 1.28206
52 33 5.13894 -2.30347
52 34 4.994 -2.61666
52 35 0.149571 -2.38268
52 36 2.10807 -0.880523
52 37 4.25824 -0.668454
52 38 6.01384 -1.72584
52 39 2.02207 -0.513776
52 40 2.34917 2.50111
52 41 8.79027 -2.29327
52 42 9.18784 -4.05436
52 43 4.20312 -3.46644
52 44 6.09082 -3.42845
52 45 2.92517 0.276865
52 46 6.51099 2.05529
52 47 2.45498 0.732233
52 48 5.60624 0.0733717
52 49 0.923885 -0.923927
52 50 6.47677 -0.77284
52 51 -1.77929 -1.99445
52 52 2.16966 0.358429
52 53 0.0525214 1.21434
52 54 2.72547 1.83043
52 55 -1.40615 -1.16657
52 56 1.24273 0.341735
52 57 2.32471 0.587042
52 58 1.49163 -0.815616
52 59 1.20668 -0.589788
52 60 0.884883 0.821187
52 61 0.135055 0.850447
52 62 0.723237 1.70815
52 63 -0.062207 0.334744
52 64 -0.339395 1.92084
52 65 -0.20174 1.49301
52 66 -0.0259844 0.269636
53 33 2.53988 -0.609448
53 34 1.66678 0.204544
53 35 -0.348832 -2.7895
53 36 2.64744 5.4156
53 37 9.47396 -1.4937
53 38 4.05811 1.34229
53 39 10.6969 1.34603
53 40 -0.985167 1.96178
53 41 3.92634 2.48451
53 42 2.83598 1.14325
53 43 3.80314 -0.692417
53 44 1.65179 -0.515765
53 45 0.0542539 -2.24239
53 46 0.697186 1.7142
53 47 2.09948 2.86344
53 48 0.88731 0.480802
53 49 2.28827 -2.08298
53 50 3.26636 -2.65346
53 51 -0.505893 -1.01367
53 52 2.39652 2.45635
53 53 1.08158 2.05366
53 54 2.60325 0.871935
53 55 1.73932 -1.10161
53 56 3.91137 -0.49338
53 57 -0.378211 1.2017
53 58 0.762091 -1.53564
53 59 -0.69739 1.42847
53 60 1.82114 0.280442
53 61 -0.012946 -0.0335103
53 62 0.201581 0.686339
53 63 1.99267 0.858802
53 64 0.1472 0.192752
53 65 1.43086 0.355545
53 66 0.126872 -0.0224814
54 33 3.13473 -2.69874
54 34 2.99573 -0.606566
54 35 8.88008 -3.60666
54 36 1.51027 -4.16903
54 37 5.04695 2.25447
54 38 1.20258 -2.80819
54 39 0.748542 2.04791
54 40 0.52825 -4.59053
54 41 2.08082 0.0658906
54 42 6.00934 -0.744878
54 43 3.09448 -0.564463
54 44 5.48213 -2.27728
54 45 8.14749 1.67722
54 46 0.129908 0.185449
54 47 4.21542 0.199789
54 48 1.16279 -2.32528
54 49 3.69644 -0.995834
54 50 0.44767 4.33561
54 51 2.8409 -0.233809
54 52 -0.577202 0.529106
54 53 -0.0314749 -1.88256
54 54 -1.73043 1.66704
54 55 4.54868 -0.973914
54 56 1.96719 -0.157736
54 57 -0.352405 -0.670726
54 58 2.43918 -1.9738
54 59 1.02205 0.325492
54 60 0.469128 1.9605
54 61 0.722779 0.764195
54 62 -0.00663676 -0.0768949
54 63 0.374023 1.43416
54 64 -0.8018 1.51631
54 65 0.658919 -1.19175
54 66 -0.294318 0.420001
55 33 5.4226 -1.93926
55 34 2.92676 -3.21746
55 35 8.43092 -4.31094
55 36 4.75576 -3.59577
55 37 10.131 -4.41789
55 38 2.47038 4.75505
55 39 2.35459 1.56931
55 40 4.19505 6.45682
55 41 -1.14624 -6.15451
55 42 2.63076 -4.95938
55 43 5.16349 -0.440669
55 44 0.363249 -0.205008
55 45 2.48178 -1.70222
55 46 8.39455 -1.77367
55 47 2.89297 -2.20505
55 48 -1.31555 -2.08065
55 49 1.23482 -1.77984
55 50 2.79928 2.23852
55 51 -1.65874 2.97296
55 52 -0.2732 -0.37542
55 53 2.72148 0.453823
55 54 0.619584 0.265536
55 55 -0.622044 4.16323
55 56 1.45838 -3.7048
55 57 -1.17123 1.43691
55 58 0.630647 0.0842107
55 59 -0.0646578 -0.977618
55 60 3.07738 0.783475
55 61 2.08209 2.73677
55 62 -2.36238 0.331987
55 63 0.234462 0.553434
55 64 3.47253 -1.4482
55 65 0.370656 1.76012
55 66 1.5853 2.17441
56 33 2.98904 -0.314894
56 34 -0.532689 1.44589
56 35 3.94706 1.02155
56 36 2.11036 -1.71369
56 37 -6.42912 -2.36063
56 38 4.15738 1.14501
56 39 9.12123 -1.32287
56 40 -0.980599 1.50325
56 41 0.955841 1.18596
56 42 0.929201 0.605706
56 43 2.38668 -1.64273
56 44 3.92604 1.20224
56 45 -2.80673 -0.61643
56 46 -3.16186 1.7249
56 47 -4.74245 2.53602
56 48 1.16156 -1.52693
56 49 7.23537 -0.203526
56 50 4.49943 0.207408
56 51 2.90112 2.79611
56 52 1.67602 1.13058
56 53 0.560318 2.24017
56 54 2.56426 0.443653
56 55 -1.70622 0.0431752
56 56 -1.64211 -0.29989
56 57 2.35231 1.91532
56 58 0.523415 1.73087
56 59 0.125942 0.131554
56 60 -3.99708 0.964914
56 61 -1.8623 -0.222332
56 62 0.142273 1.54893
56 63 0.973679 0.361769
56 64 1.48301 -1.87885
56 65 -1.66987 -0.542693
56 66 3.28055 1.11892
57 33 1.57092 -0.223711
57 34 6.31457 -2.18791
57 35 8.23401 -2.24168
57 36 2.5362 0.440293
57 37 0.19041 -2.21886
57 38 1.34211 -0.988143
57 39 6.44494 2.15759
57 40 -0.693446 2.30094
57 41 1.6989 1.67682
57 42 1.92243 -0.686442
57 43 3.609 0.727502
57 44 -1.10747 3.16421
57 45 -0.866156 -2.41713
57 46 2.74379 1.28494
57 47 -3.81674 0.170138
57 48 1.11772 1.79691
57 49 -1.36211 0.0576054
57 50 2.31564 1.6873
57 51 3.85619 -1.04199
57 52 -0.0429391 2.89515
57 53 -3.99506 -0.34488
57 54 2.59924 0.317878
57 55 1.42417 -1.98232
57 56 1.19096 2.031
57 57 0.0761316 2.0658
57 58 1.79928 1.36457
57 59 2.86288 0.247564
57 60 0.0866226 0.53242
57 61 -0.646712 1.16423
57 62 -2.12055 -2.34211
57 63 0.581622 -0.0654943
57 64 -0.00976799 1.06708
57 65 -0.279709 0.196455
57 66 -0.430526 0.788203
58 33 0.493692 1.82939
58 34 7.5973 -1.40205
58 35 6.01741 -0.446203
58 36 1.81467 2.34914
58 37 6.1955 -3.99169
58 38 3.26878 -0.975494
58 39 5.6143 -2.62156
58 40 5.36939 0.99319
58 41 -2.72038 -1.10851
58 42 2.42982 -1.09055
58 43 0.823531 -2.06164
58 44 -2.08059 0.291223
58 45 -3.00792 1.62494
58 46 6.97198 2.09579
58 47 1.34268 -2.11548
58 48 3.41574 1.97454
58 49 -1.12643 0.0187089
58 50 5.36932 -0.971495
58 51 -1.10685 0.35101
58 52 1.90333 -2.13918
58 53 -2.06639 1.85525
58 54 0.49596 2.92195
58 55 5.75637 4.608
58 56 -0.223601 2.07522
58 57 -0.340836 0.952678
58 58 1.43197 1.11675
58 59 -0.642517 -0.389865
58 60 1.37885 -1.25019
58 61 -0.0553496 1.56617
58 62 1.54587 -0.121969
58 63 -0.601786 -0.00982444
58 64 2.63521 0.0782156
58 65 0.296482 -0.154995
58 66 -0.488697 0.326359
59 33 -0.566473 0.937012
59 34 2.44867 -1.40049
59 35 1.27965 -0.44191
59 36 3.65611 1.3415
59 37 1.4019 -4.55351
59 38 3.66228 2.96562
59 39 2.0376 -2.35208
59 40 3.41025 1.79348
59 41 -2.11966 1.78534
59 42 3.37455 0.553354
59 43 1.92561 -1.84193
59 44 5.16944 1.25597
59 45 4.97403 0.0280074
59 46 2.03353 1.57747
59 47 1.29986 2.69841
59 48 4.38027 -0.738633
59 49 6.35649 -1.86707
59 50 0.227112 0.742597
59 51 1.1308 -0.621127
59 52 1.76906 -0.741513
59 53 1.01035 2.06426
59 54 0.742515 2.80264
59 55 -1.00777 0.765247
59 56 0.0515196 1.23846
59 57 0.829728 -0.13612
59 58 -0.603665 -0.742429
59 59 -2.11823 -0.319544
59 60 0.771178 1.93729
59 61 2.06634 0.445861
59 62 1.33599 0.434167
59 63 -0.0353233 0.401525
59 64 -1.34015 2.83035
59 65 1.00585 -0.147083
59 66 -0.431213 -0.385366
60 33 1.05872 0.584158
60 34 3.70145 -2.57055
60 35 0.85848 -1.3149
60 36 5.08827 -2.24669
60 37 -0.119858 -0.79322
60 38 5.93041 -1.60995
60 39 -2.61141 -1.51411
60 40 7.22997 -1.13572
60 41 6.91781 1.77765
60 42 1.71856 -3.7812
60 43 1.85981 1.68869
60 44 1.84167 -2.86959
60 45 8.93977 2.59832
60 46 -3.64288 3.07728
60 47 2.81817 -3.80971
60 48 6.65924 -1.29985
60 49 7.20127 0.163162
60 50 1.37869 0.010354
60 51 -0.238782 1.63858
60 52 -0.632867 -0.290038
60 53 7.19808 -0.489469
60 54 0.307599 0.611197
60 55 1.65744 1.30837
60 56 2.54136 -1.42764
60 57 2.71851 -1.43036
60 58 0.314894 0.98723
60 59 -1.21532 -0.215971
60 60 -0.483625 0.0710687
60 61 0.566921 0.083294
60 62 0.0703627 -0.552571
60 63 0.31711 -0.655526
60 64 0.736267 -1.25115
60 65 -0.441511 -0.300959
60 66 -0.0684288 0.245033
61 33 -0.915343 0.140303
61 34 1.34875 2.84107
61 35 5.78094 -3.3043
61 36 8.12314 -2.26602
61 37 2.1631 -2.2255
61 38 0.894325 1.61446
61 39 1.0636 -3.68094
61 40 2.76816 2.68581
61 41 8.94439 1.25599
61 42 5.30963 0.299506
61 43 2.14958 -4.49654
61 44 -1.37914 -0.0889116
61 45 3.32324 -0.9601
61 46 0.484754 -0.0616731
61 47 2.28925 -1.15257
61 48 -3.99812 1.52795
61 49 2.65847 0.534169
61 50 1.00325 2.72774
61 51 3.27368 2.28686
61 52 6.00682 1.50417
61 53 3.96248 0.118856
61 54 -1.54634 -0.418775
61 55 -0.215052 4.03985
61 56 -0.685039 -1.41637
61 57 0.627201 1.00064
61 58 1.38707 3.09556
61 59 0.364521 1.37656
61 60 0.509815 1.42336
61 61 0.722451 0.173907
61 62 0.287132 2.19403
61 63 1.59217 1.77677
61 64 0.269164 0.419318
61 65 -1.95731 0.403711
61 66 0.193838 0.345839
62 33 4.4127 -0.122311
62 34 -0.0585686 -0.313971
62 35 1.34845 -2.56726
62 36 8.06272 -0.125667
62 37 2.79337 1.19336
62 38 2.23442 1.63275
62 39 3.53759 -2.84922
62 40 0.753413 3.9903
62 41 6.70271 0.276843
62 42 -0.939092 -1.17501
62 43 1.6924 -3.01091
62 44 7.29341 2.92063
62 45 5.10285 -1.19449
62 46 1.73422 3.37946
62 47 -0.852762 -1.50837
62 48 5.06571 -1.24448
62 49 5.15851 1.36616
62 50 3.8073 0.891012
62 51 4.06266 0.767236
62 52 0.926365 4.77234
62 53 -0.277809 -0.600844
62 54 2.59776 3.40591
62 55 -0.467746 -1.39572
62 56 3.01879 -0.809517
62 57 0.500312 1.5424
62 58 1.51087 0.407642
62 59 0.0845513 -0.300516
62 60 -0.259927 -2.07131
62 61 4.374 0.759677
62 62 0.123111 0.182377
62 63 0.0376326 0.893336
62 64 0.951617 0.507069
62 65 -0.121283 0.873795
62 66 1.40561 0.523644
63 33 0.172091 -0.462975
63 34 1.71035 0.233354
63 35 2.41586 -1.31808
63 36 -1.85313 0.217221
63 37 0.830372 -0.757129
63 38 2.69106 -0.112879
63 39 6.30997 -2.67199
63 40 5.17735 -3.42664
63 41 7.04319 -0.578367
63 42 3.2924 -2.2809
63 43 5.89734 0.00593176
63 44 2.34812 -0.475664
63 45 5.48341 2.67747
63 46 2.82297 1.08454
63 47 6.49479 -2.7269
63 48 3.47045 3.234
63 49 2.29535 0.527196
63 50 2.53637 2.17857
63 51 4.27231 2.79692
63 52 4.26692 3.12543
63 53 1.27384 2.06149
63 54 2.04261 -0.723723
63 55 2.79164 2.4581
63 56 -0.759939 0.820258
63 57 -0.159196 1.97774
63 58 -2.87311 -1.26569
63 59 -0.404544 0.213426
63 60 2.04543 1.58019
63 61 1.41445 0.907026
63 62 0.390945 0.107347
63 63 0.50072 -0.582807
63 64 0.102507 0.155709
63 65 0.673986 0.674462
63 66 0.623282 0.173126
64 33 4.74994 0.0197735
64 34 2.07986 -4.22718
64 35 3.03701 -2.86225
64 36 -0.589531 -2.95899
64 37 -0.828523 0.528584
64 38 3.60587 1.84077
64 39 3.23776 -4.61605
64 40 3.82016 -0.885792
64 41 7.31487 -1.12623
64 42 3.7314 -2.94387
64 43 6.60986 2.64868
64 44 4.10766 2.1704
64 45 7.28999 -2.2721
64 46 5.21469 -1.20827
64 47 3.61328 1.84002
64 48 2.27174 1.5385
64 49 3.00841 1.76144
64 50 1.6381 0.650608
64 51 5.81053 2.48701
64 52 3.88971 2.39194
64 53 -0.0516285 2.32403
64 54 2.01734 -1.04029
64 55 0.142081 1.9301
64 56 0.885827 1.61597
64 57 1.83604 0.911091
64 58 0.885135 0.0850518
64 59 -0.797143 0.101892
64 60 1.71238 -0.172171
64 61 -1.5012 -0.267232
64 62 0.165134 0.331496
64 63 1.17537 -0.616751
64 64 -0.280882 -0.388874
64 65 2.34344 -1.36076
64 66 0.174616 -0.0544635
65 33 0.815393 -0.418778
65 34 8.14008 -2.36293
65 35 5.3377 -1.27126
65 36 2.18411 0.21796
65 37 2.44948 -2.60669
65 38 1.19502 0.255983
65 39 7.53004 -2.35163
65 40 2.69301 -0.834701
65 41 9.01507 -2.98319
65 42 4.71479 0.206492
65 43 7.01143 -1.87543
65 44 5.74844 -0.110496
65 45 4.18646 0.568518
65 46 4.87518 2.05754
65 47 7.57451 -0.0330158
65 48 6.5596 2.87878
65 49 1.1782 1.72324
65 50 2.1256 1.10206
65 51 0.712647 2.3214
65 52 3.89336 1.78841
65 53 1.06148 -1.46163
65 54 0.301922 2.66042
65 55 2.65317 -1.25033
65 56 2.99862 2.4927
65 57 -1.41637 -0.171427
65 58 0.947818 0.161424
65 59 -0.0250054 0.50549
65 60 0.0824019 1.22206
65 61 -0.171701 -1.03454
65 62 0.279664 -0.355921
65 63 0.357797 0.577162
65 64 0.663841 1.39658
65 65 1.1491 0.491738
65 66 0.503384 -0.367086
66 33 2.52664 -0.240131
66 34 4.10781 -1.38825
66 35 4.50556 -0.390446
66 36 3.39225 -0.666081
66 37 4.0898 -1.85414
66 38 2.10126 -0.615703
66 39 7.02283 1.00427
66 40 4.58531 2.12749
66 41 3.10411 -2.42958
66 42 7.74866 0.319889
66 43 8.59201 0.895345
66 44 3.45727 -0.479601
66 45 5.19426 -1.99369
66 46 3.97922 -2.1666
66 47 4.57032 0.542843
66 48 6.36706 -0.80892
66 49 3.61837 1.18219
66 50 3.535 0.379818
66 51 1.2277 0.0706912
66 52 2.0707 -0.127581
66 53 2.16429 1.58899
66 54 2.51283 0.208753
66 55 2.38219 1.19385
66 56 1.43838 0.5961
66 57 0.280332 0.550635
66 58 1.35623 2.44091
66 59 0.795777 1.33053
66 60 0.410101 -0.0212982
66 61 0.343707 -0.157417
66 62 0.100842 -0.506112
66 63 0.681033 -0.114944
66 64 0.605535 0.263162
66 65 0.941904 1.14205
66 66 0.429699 0.184227
