0 33 -1.78171 4.52998
0 34 1.3583 4.01703
0 35 5.6293 2.67058
0 36 -1.51743 4.49093
0 37 -0.00531527 4.57501
0 38 -3.64545 -1.38859
0 39 3.6717 4.48479
0 40 4.1046 2.93847
0 41 -1.40677 -1.05678
0 42 -1.67758 1.66284
0 43 -0.712056 3.30974
0 44 0.554749 0.715409
0 45 -2.26886 -0.813791
0 46 -1.31309 1.04415
0 47 0.0303859 0.25784
0 48 0.082317 -0.0579902
0 49 -0.0281804 0.371662
0 50 -0.48163 -0.0307525
0 52 0.200405 -0.027898
0 65 0.495262 1.07927
1 33 -6.74101 18.0533
1 34 6.76968 3.67572
1 35 -0.305151 8.7431
1 36 -0.925417 3.49735
1 37 -5.25134 5.38014
1 38 3.34372 10.7788
1 39 -2.7698 2.44737
1 40 -3.69081 6.21727
1 41 1.27842 7.72219
1 42 -1.76483 1.07294
1 43 -5.89779 1.93553
1 44 1.37208 1.01273
1 45 2.99485 1.53255
1 46 -1.98718 0.466747
1 47 0.0779882 0.406729
1 48 1.15302 -0.282822
1 49 -1.42223 -0.0761479
1 50 0.60069 -0.407396
1 51 -0.09849 0.307109
1 52 0.784173 0.484919
1 55 0.858177 0.560675
1 56 0.112681 -0.0123747
1 61 -0.105678 0.0704274
2 33 -6.75475 21.3843
2 34 9.55543 9.19568
2 35 -2.44586 13.0213
2 36 8.26543 11.4232
2 37 -2.19444 17.9184
2 38 2.66777 6.14204
2 39 -14.4408 12.5834
2 40 6.36399 -2.27042
2 41 -1.67581 5.67124
2 42 0.324245 12.0921
2 43 5.61125 1.82598
2 44 1.26683 9.08393
2 45 4.06606 7.78723
2 46 -3.528 1.72379
2 47 0.100802 0.266259
2 48 0.141601 0.683306
2 49 0.326771 -0.0254262
2 50 -0.281839 0.162421
2 51 0.323163 0.383637
2 52 -0.184003 -0.0806836
2 54 0.913612 -0.2542
2 57 -0.0820556 0.155095
2 59 0.99545 -0.0377864
2 60 0.18639 -0.167873
2 63 -0.141385 0.0220208
3 33 6.35216 30.3459
3 34 -4.20174 17.6295
3 35 -12.1863 26.1223
3 36 2.7749 15.8052
3 37 0.58643 12.2334
3 38 3.60322 18.2481
3 39 -8.06654 14.7132
3 40 -4.0929 3.2773
3 41 7.0723 10.7029
3 42 1.20132 7.57472
3 43 3.09313 8.56536
3 44 -4.87624 4.72045
3 45 3.00713 1.82191
3 46 3.73799 1.16944
3 47 1.87797 1.81256
3 48 -0.647065 0.0308634
3 49 -1.63456 -0.523266
3 50 1.34685 -0.161122
3 51 0.281905 0.0062939
3 52 -0.0290036 -0.0690942
3 55 -0.121624 0.474387
3 56 0.187829 0.264716
3 57 0.306933 0.496954
3 60 -0.180507 0.310583
3 61 0.212269 1.34091
3 63 -0.0643311 0.102304
3 65 -0.0237306 0.0213377
3 66 0.0517742 0.021895
4 33 -6.38801 34.0942
4 34 -5.68221 17.4634
4 35 10.5693 18.9428
4 36 2.31547 7.62727
4 37 0.197063 12.7305
4 38 -3.35124 26.849
4 39 -5.72579 19.2938
4 40 -4.49877 18.1949
4 41 7.96979 12.2535
4 42 0.138869 4.612
4 43 6.7573 5.70234
4 44 9.70101 5.35713
4 45 6.64678 3.51548
4 46 -0.784873 2.62309
4 47 -1.59345 1.21773
4 48 0.631196 1.95751
4 49 0.116604 0.38117
4 50 -0.343243 0.451733
4 51 -0.314009 -0.272388
4 52 -0.261057 0.0237259
4 53 0.596614 0.0106659
4 54 -0.185378 -0.160318
4 55 0.258185 0.0607997
4 56 -0.0822129 0.0909575
4 57 0.00213035 1.86905e-05
4 60 -0.294044 0.342504
4 62 -0.0392639 -0.00134447
5 33 13.1604 35.1573
5 34 -6.80582 23.4879
5 35 -14.3376 23.5295
5 36 14.4653 31.9234
5 37 0.294806 18.3159
5 38 -5.22843 23.7613
5 39 3.11567 18.0519
5 40 3.47906 18.67
5 41 8.78979 6.08292
5 42 -6.57446 10.3485
5 43 -8.25673 9.06369
5 44 9.31849 2.72044
5 45 8.09501 0.280762
5 46 -5.1272 1.28418
5 47 -2.70951 3.03114
5 48 0.944483 3.11602
5 49 -5.57112 -1.17602
5 50 -1.13429 -0.0137387
5 51 -0.0591198 0.0554946
5 52 0.0314707 -0.0603882
5 54 0.538633 0.241303
5 55 -0.844545 -0.427206
5 56 0.207666 0.37494
5 58 -0.0908523 0.70816
6 33 4.53066 32.2633
6 34 6.7272 20.5792
6 35 5.50442 14.3104
6 36 -5.73618 23.3873
6 37 7.6716 20.9163
6 38 1.08079 4.7103
6 39 7.05797 21.3826
6 40 20.2627 6.61497
6 41 6.43599 10.2097
6 42 9.30746 20.6129
6 43 -1.14428 12.5356
6 44 -4.62713 10.9381
6 45 8.15062 2.96136
6 46 -5.7795 6.58854
6 47 1.60107 1.41809
6 48 0.480867 1.05763
6 49 1.08372 3.01357
6 50 1.05197 0.0407243
6 51 0.0863421 -0.320867
6 52 0.206503 -0.136299
6 53 0.293035 0.239681
6 54 1.30517 0.486077
6 55 -0.4849 -0.283258
6 56 0.163201 0.0198409
6 57 -0.0032335 0.00101054
6 58 -0.654286 0.783129
6 59 0.705545 -0.93318
6 62 0.886758 -0.103721
7 33 8.58655 33.0407
7 34 -5.16802 15.8521
7 35 3.88178 17.248
7 36 -13.3748 21.0225
7 37 2.59202 20.1779
7 38 4.00936 9.15202
7 39 3.75577 4.9817
7 40 2.31426 14.0139
7 41 6.44103 11.1869
7 42 -3.65297 6.48094
7 43 -4.81183 10.5879
7 44 0.575512 0.464699
7 45 -1.46974 5.73105
7 46 6.69048 -4.10028
7 47 -2.50491 3.39767
7 48 1.0432 1.2807
7 49 -0.112522 0.552902
7 50 -1.08284 2.16758
7 51 -0.478983 1.11308
7 52 0.0350187 0.36013
7 53 -0.454647 -0.122314
7 54 0.948939 -1.25826
7 55 -0.0475612 -0.743101
7 56 0.253952 -0.085322
7 58 0.770411 -0.306893
7 59 -0.00514315 -0.00582492
7 60 0.305986 0.654811
7 63 0.0782747 0.0277097
7 64 0.0320607 0.0168278
8 33 3.73125 26.2991
8 34 12.8779 19.0397
8 35 9.37657 16.9225
8 36 6.67093 16.2543
8 37 13.9192 12.1226
8 38 12.6023 17.8985
8 39 -2.52863 8.82071
8 40 9.79053 8.84484
8 41 -5.15587 11.804
8 42 4.84734 0.4372
8 43 3.7354 7.66347
8 44 11.9487 6.28704
8 45 6.30683 7.59661
8 46 6.42739 3.52559
8 47 4.01524 -0.661408
8 48 0.206675 -1.04296
8 49 -2.51745 -2.40612
8 50 -1.95177 -0.0848455
8 51 1.0243 1.11968
8 52 0.664753 -0.170671
8 53 1.27141 0.20487
8 54 0.548773 0.322152
8 55 1.15615 0.569806
8 56 -1.33012 -0.403366
8 57 -0.87313 -0.272337
8 58 1.31707 0.0139273
8 59 -0.143799 -0.10154
8 60 -0.202874 0.155619
8 63 -0.0460159 -0.00931731
8 65 0.0459718 0.0287456
9 33 16.7273 23.494
9 34 7.53782 17.7882
9 35 -1.25828 16.689
9 36 10.2474 16.4024
9 37 3.93117 16.6042
9 38 5.03882 19.5059
9 39 10.9971 6.86828
9 40 -0.567406 16.4167
9 41 4.90731 16.5411
9 42 -1.42764 0.686243
9 43 1.52688 -0.330454
9 44 9.99611 13.9759
9 45 -1.04249 6.15534
9 46 7.34303 3.16872
9 47 3.08173 4.59044
9 48 1.09847 1.35526
9 49 -0.629418 -0.00696314
9 50 -0.102242 -0.18778
9 51 0.229881 -0.710964
9 52 -0.52796 -0.770735
9 53 -2.38921 -0.70569
9 54 -0.807165 0.718369
9 55 -1.66301 -0.532518
9 56 1.30637 0.819707
9 57 -1.86692 0.108189
9 58 -3.40472 -1.28202
9 59 -0.452887 0.11189
9 63 0.648469 -0.392007
10 33 0.629367 20.6252
10 34 2.61811 8.61847
10 35 7.46891 29.9972
10 36 0.790869 8.40405
10 37 -10.3784 14.4855
10 38 -4.91861 6.58694
10 39 7.31149 3.37027
10 40 20.8049 18.9381
10 41 -5.18405 3.07232
10 42 -8.11175 7.20199
10 43 7.45863 -2.05402
10 44 11.5077 8.75032
10 45 0.468499 5.63444
10 46 5.77614 -3.74036
10 47 -4.63428 0.288824
10 48 -0.140035 2.36746
10 49 1.07155 0.467488
10 50 1.59683 1.12039
10 51 -1.48353 1.26089
10 52 1.43355 0.592676
10 53 0.617344 0.635102
10 54 0.357589 0.932794
10 55 -0.854004 -0.0398602
10 56 1.89556 3.88447
10 57 -0.051142 -0.624069
10 58 -0.638319 0.306811
10 59 -1.23593 0.469566
10 60 -0.00644074 0.00781363
10 61 -0.0668234 -0.0805564
10 63 -0.00266341 0.439434
10 64 -0.260061 0.445131
10 66 0.0239203 -0.00757882
11 33 -0.31516 14.23
11 34 -0.0506347 15.522
11 35 6.71709 11.0907
11 36 4.50372 3.95686
11 37 11.5126 9.01918
11 38 -1.64698 15.6233
11 39 5.73253 14.6105
11 40 7.24064 11.7346
11 41 9.57206 6.02353
11 42 17.7932 10.7518
11 43 8.55575 0.850427
11 44 8.90496 7.82679
11 45 -2.30262 -0.345407
11 46 0.619481 7.92858
11 47 0.584693 2.42425
11 48 4.12244 -0.639759
11 49 3.66113 0.669975
11 50 2.1222 1.30071
11 51 -1.18701 1.88242
11 52 -1.36861 1.44957
11 53 0.953485 1.67034
11 54 -0.45422 -0.649662
11 55 -0.279247 -2.12032
11 57 0.102031 0.107142
11 58 0.713838 0.475931
11 59 -0.486998 0.668934
11 60 0.0906752 -0.0344719
11 62 -0.425318 0.0513527
11 64 0.769836 1.43102
12 33 1.06713 6.84884
12 34 7.35644 0.072978
12 35 0.856686 9.2932
12 36 13.7026 4.65361
12 37 4.84479 5.86934
12 38 6.69158 7.93649
12 39 9.3718 -6.21051
12 40 9.92875 9.52631
12 41 5.52869 1.80609
12 42 7.2268 1.5327
12 43 4.78049 1.31943
12 44 6.99095 6.44777
12 45 5.75876 1.36034
12 46 3.08715 8.88153
12 47 2.1491 4.20647
12 48 3.67657 -0.550676
12 49 2.75155 -1.37179
12 50 -1.20578 -0.2554
12 51 0.663682 -1.44118
12 52 0.151911 -1.34687
12 53 0.40724 -0.660637
12 54 -0.153264 -0.194717
12 55 -0.456341 0.309677
12 56 0.0671832 -0.128017
12 57 1.9726 0.256626
12 58 0.609259 0.205881
12 59 0.664976 0.198267
12 60 0.226834 -0.0552632
12 61 0.541981 -0.718874
12 62 0.352706 0.0945765
12 63 0.0719715 0.00220778
12 64 -1.54198 0.875226
12 65 -0.904962 -0.745181
13 33 -0.00731584 5.56595
13 34 2.02223 4.98127
13 35 6.19098 6.08648
13 36 13.2992 2.17157
13 37 4.5508 4.2022
13 38 9.31486 5.24246
13 39 14.1233 4.04273
13 40 5.57564 -3.68072
13 41 9.50972 6.49453
13 42 4.76719 -1.29021
13 43 7.82768 -5.50972
13 44 5.81078 6.41045
13 45 14.8523 3.1128
13 46 -2.46159 4.38864
13 47 7.81951 4.94127
13 48 0.567246 2.49918
13 49 2.45077 1.22606
13 50 -1.62938 1.15425
13 51 0.401845 0.159494
13 52 0.335584 -0.00929778
13 53 -0.562472 0.578364
13 54 0.101093 1.42932
13 55 -2.17164 0.353173
13 56 -0.636062 0.0404247
13 57 -0.0206512 -0.201059
13 58 0.520276 0.635084
13 59 1.87035 -1.7796
13 60 2.79058 0.440347
13 61 -0.0604346 -0.187155
13 62 -0.166499 0.0116926
13 63 -0.00736502 0.00763335
13 64 0.189367 0.0179098
14 33 4.5979 1.86983
14 34 6.99342 -2.27879
14 35 8.96447 -0.541219
14 36 1.1672 4.86342
14 37 7.52902 -1.16218
14 38 -6.70216 5.66884
14 39 5.27353 2.94181
14 40 3.323 1.88018
14 41 11.6483 6.31181
14 42 13.231 10.6642
14 43 12.5248 -1.68235
14 44 4.55782 4.71174
14 45 8.95147 6.11747
14 46 3.56896 1.50906
14 47 0.824625 3.99346
14 48 4.32292 0.750214
14 49 1.11041 1.68947
14 50 -0.192131 -0.621207
14 51 -0.854317 1.38571
14 52 0.543899 -0.594885
14 53 -1.38101 0.358713
14 54 -0.384377 0.595496
14 55 -0.0513278 0.685733
14 56 0.400393 -0.100528
14 57 -0.252172 -0.631418
14 58 -0.208229 -0.113487
14 59 -1.05765 0.230662
14 60 -0.849763 0.190703
14 61 -0.80915 -0.00783793
14 62 -0.825506 -0.0662692
14 63 -0.00983251 0.571342
14 64 -0.268605 -0.0107761
14 65 -0.0817038 0.329032
15 33 0.259926 2.98143
15 34 3.72324 0.289994
15 35 -7.61188 4.5398
15 36 13.5312 -0.788716
15 37 4.48134 3.02491
15 38 -0.795203 3.01045
15 39 7.27355 -2.34524
15 40 7.05704 4.10223
15 41 14.0231 4.71265
15 42 9.38052 7.07522
15 43 10.6652 7.56011
15 44 12.4451 -2.17481
15 45 13.8244 0.333333
15 46 4.51542 6.61742
15 47 4.30557 1.11907
15 48 -0.957302 0.469534
15 49 4.06387 -0.113955
15 50 2.43076 1.37639
15 51 -1.51382 0.728595
15 52 0.182778 0.767465
15 53 -0.524727 0.285543
15 54 0.0723961 -0.0364963
15 55 0.335937 -1.04402
15 56 0.715659 -0.437113
15 57 -0.133807 -0.0326548
15 58 -1.36691 -0.990321
15 59 -0.565505 -0.0302369
15 60 0.424025 0.337375
15 61 -0.0110419 0.0325493
15 62 -0.696565 -0.861362
15 63 -0.10254 -0.0544692
15 64 0.576727 0.580974
15 65 -0.320276 0.443542
16 33 6.65787 3.01729
16 34 14.6889 1.15016
16 35 11.4905 -4.65544
16 36 -1.52141 0.97003
16 37 4.36197 2.90022
16 38 7.81261 5.8455
16 39 -0.203428 6.04465
16 40 6.71068 -2.94894
16 41 7.98741 2.53571
16 42 8.41604 6.82669
16 43 1.34265 -1.20342
16 44 -0.580728 9.35094
16 45 -0.279111 -1.1671
16 46 -0.138181 0.240496
16 47 2.2276 4.27638
16 48 -3.584 0.747782
16 49 -0.341918 -0.587909
16 50 0.759806 0.288998
16 51 0.360022 -1.39071
16 52 0.395383 0.499834
16 53 1.09865 -0.421948
16 54 0.238351 -0.263557
16 55 -4.22989 -0.239717
16 56 0.923466 0.0908481
16 57 1.28251 0.0982112
16 58 1.31685 -0.309641
16 59 -0.578011 0.435456
16 60 -0.0265068 -0.615003
16 62 0.403277 -0.106454
16 64 0.893534 -0.19217
16 66 0.290879 0.973142
17 33 3.25165 -1.2325
17 34 4.06273 11.2266
17 35 8.96464 -1.13552
17 36 3.27585 -8.11828
17 37 1.66691 4.88055
17 38 4.25158 -2.82339
17 39 1.99758 -3.29393
17 40 -2.95828 -5.00036
17 41 7.87122 -0.930001
17 42 6.02243 7.61108
17 43 4.04859 1.94806
17 44 10.8856 13.74
17 45 5.29964 -0.357244
17 46 2.61788 1.16603
17 47 0.273595 2.10802
17 48 3.62899 5.20975
17 49 -3.11567 1.37443
17 50 -1.23704 -1.07193
17 51 2.23812 3.13128
17 52 -3.70328 1.32728
17 53 -0.273245 -0.96519
17 54 0.237444 0.186709
17 55 0.0564013 -0.265939
17 56 0.16334 -0.0269012
17 57 1.65618 0.0480008
17 58 0.767179 0.531686
17 59 -1.31008 0.944847
17 60 -0.0939262 0.87314
17 61 0.0508851 0.311433
17 62 -0.324741 -0.0978737
17 63 0.928869 0.45719
17 64 -0.557053 0.64226
17 65 0.0414005 0.0240579
17 66 -0.0622606 0.323564
18 33 2.44074 0.776081
18 34 8.70778 3.02648
18 35 4.79513 5.93923
18 36 -0.741181 0.188401
18 37 3.33996 1.39881
18 38 13.6648 -7.03071
18 39 2.61143 -2.76214
18 40 9.54312 1.62799
18 41 2.83498 2.46718
18 42 3.67697 1.73174
18 43 13.7413 4.89411
18 44 3.00294 2.4492
18 45 7.55833 7.70777
18 46 1.36989 1.01209
18 47 -2.89012 -0.817249
18 48 -1.47759 1.40642
18 49 -0.0734439 0.0213229
18 50 -0.156018 1.88523
18 51 -0.139094 1.04668
18 52 -1.39173 1.89673
18 53 1.3939 0.817937
18 54 0.469138 -0.594693
18 55 0.416267 0.303978
18 56 -0.0474134 0.524055
18 57 -0.793264 -0.163372
18 58 -0.11175 -0.0676145
18 59 -0.29783 -0.134247
18 60 0.64231 0.855792
18 61 -0.541259 0.260228
18 62 -0.0968387 0.0834821
18 63 -1.12908 0.439177
18 64 0.0231158 0.0841027
18 65 0.192822 0.200852
18 66 0.165228 -0.675311
19 33 4.33731 -1.87555
19 34 3.54587 2.4047
19 35 2.83361 -4.18952
19 36 7.98115 -0.161924
19 37 6.87773 3.68095
19 38 10.0873 2.42911
19 39 8.33565 -3.028
19 40 6.9504 6.14453
19 41 6.37407 3.30027
19 42 9.86808 4.33411
19 43 0.581903 -4.10976
19 44 6.02642 4.50213
19 45 2.96548 3.28475
19 46 5.74226 4.60865
19 47 0.565038 -1.41997
19 48 1.46065 2.65601
19 49 -0.0898111 -1.70113
19 50 -0.987481 -0.803441
19 51 -1.08763 -1.47829
19 52 0.476604 0.792686
19 53 -1.39005 -3.15452
19 54 -1.67718 0.120088
19 55 0.494767 -0.0250537
19 56 -1.12957 -0.373958
19 57 -1.45554 -0.206302
19 58 2.30615 -0.352428
19 59 -0.274587 0.408216
19 60 -0.15738 0.618315
19 61 -1.27992 -0.310137
19 62 0.628548 -0.804388
19 63 -0.31775 -0.276566
19 64 1.04309 0.633092
19 65 0.66111 0.200489
19 66 -0.620012 -0.137732
20 33 0.0648882 -3.28408
20 34 4.86925 -0.39878
20 35 6.73962 -0.924339
20 36 9.35188 0.894735
20 37 16.7703 5.0476
20 38 3.03946 -3.16975
20 39 6.43935 -1.34932
20 40 -2.77411 -0.448934
20 41 7.0973 -1.81746
20 42 3.87011 1.45785
20 43 6.65787 -4.40109
20 44 -1.07624 5.50278
20 45 -2.5661 -0.148591
20 46 9.26186 3.78462
20 47 4.13755 3.29251
20 48 6.62874 0.0564224
20 49 -2.7672 -0.503077
20 50 0.564789 0.534105
20 51 2.20735 -1.15607
20 52 -1.49822 1.54828
20 53 -0.301391 0.6174
20 54 0.218197 0.0476289
20 55 -1.45342 0.444579
20 56 -0.600132 1.30619
20 57 -1.04911 2.86654
20 58 0.819515 0.173236
20 59 1.03038 -0.443789
20 60 0.71168 -0.427801
20 61 -0.640368 0.55533
20 62 0.410416 -0.464264
20 63 0.230048 -0.0651901
20 64 -0.798105 0.38987
20 66 -0.13169 -0.00218924
21 33 0.158434 -2.50455
21 34 2.33304 -4.69182
21 35 7.5538 -0.944491
21 36 2.93528 -3.92786
21 37 7.76063 5.1931
21 38 3.04402 4.82913
21 39 9.33416 -1.14099
21 40 4.12462 2.11027
21 41 3.46191 3.1017
21 42 7.81016 4.98569
21 43 -0.873807 -4.76659
21 44 10.5956 5.1861
21 45 1.89254 2.45915
21 46 4.58768 1.84485
21 47 -2.31487 2.05498
21 48 2.07968 5.19814
21 49 0.971538 0.797034
21 50 0.417333 0.922266
21 51 -2.35693 -0.732801
21 52 3.54783 0.501527
21 53 -1.22753 1.24495
21 54 0.188955 -0.165471
21 55 0.0296747 0.504507
21 56 -0.571926 0.189777
21 57 -0.479627 1.54477
21 58 0.147574 0.365003
21 59 1.71853 -0.395927
21 60 0.653325 -0.562337
21 61 0.582914 1.11817
21 62 -0.36788 -0.704582
21 65 -0.162656 -0.0255371
21 66 0.168814 -0.106711
22 33 0.6746 -1.45549
22 34 4.78944 -2.01516
22 35 6.50175 -3.04676
22 36 9.76852 -1.71135
22 37 8.05722 -0.419656
22 38 9.01884 2.09897
22 39 -0.101834 3.89505
22 40 2.52254 6.4485
22 41 8.23012 6.80871
22 42 5.03498 -3.96969
22 43 6.15989 0.773654
22 44 4.18338 3.95192
22 45 4.51738 6.79862
22 46 -0.591687 4.18885
22 47 0.782363 1.65348
22 48 8.58263 2.50408
22 49 1.0754 0.272977
22 50 -0.634875 2.8838
22 51 -5.09461 1.95999
22 52 -2.21769 -0.558607
22 53 0.0129525 -0.894276
22 54 0.185336 0.313087
22 55 -0.267999 -0.276819
22 56 1.03519 1.51685
22 57 -0.701494 0.925775
22 58 -0.804045 0.219337
22 59 1.09482 1.32024
22 60 0.58852 0.471606
22 61 -0.351804 -0.245608
22 62 -0.660062 0.647959
22 63 0.860499 0.0844949
22 64 -0.0103831 -0.00169451
22 65 -0.27145 0.183217
22 66 -0.609642 -1.13116
23 33 2.11883 -2.01326
23 34 6.93833 -2.96609
23 35 2.6359 -3.90603
23 36 11.3279 -5.97762
23 37 2.78972 -3.82637
23 38 5.2376 -2.76805
23 39 2.22612 -1.90084
23 40 13.0761 -2.30222
23 41 6.62735 0.846074
23 42 1.62121 -0.0215362
23 43 12.9503 2.06326
23 44 15.8556 1.95904
23 45 0.252848 4.63384
23 46 6.17316 -0.913318
23 47 2.38037 -1.40037
23 48 4.93182 3.09883
23 49 0.265074 1.16838
23 50 0.122142 3.5732
23 51 1.58309 1.04552
23 52 -0.120543 0.692246
23 53 0.795803 0.827
23 54 -0.810713 1.05006
23 55 0.296657 -1.15133
23 56 -2.00491 3.67838
23 57 1.13182 -0.108206
23 58 -0.911038 0.337174
23 59 0.143029 0.296436
23 60 0.100076 -0.404655
23 61 0.284646 -0.110406
23 62 -0.217588 0.458039
23 63 1.54041 0.746265
23 66 -0.395866 0.715051
24 33 1.95732 -2.7171
24 34 1.46362 2.87941
24 35 3.90784 0.408089
24 36 9.74457 -0.535255
24 37 4.778 -0.426415
24 38 5.7553 -1.29106
24 39 11.0068 -0.523675
24 40 -3.1876 -1.32438
24 41 5.10139 -5.16514
24 42 -0.862948 -1.05009
24 43 0.924565 -0.338366
24 44 1.84386 3.08466
24 45 8.01357 1.04142
24 46 4.95669 2.68531
24 47 3.68909 1.69435
24 48 0.773531 -0.0695315
24 49 2.58889 4.41256
24 50 3.69248 2.04665
24 51 -2.16413 -0.275511
24 52 -1.57145 -1.52147
24 53 0.86851 1.12745
24 54 4.66791 3.69184
24 55 -0.333498 -0.477457
24 56 -2.11994 -0.108853
24 57 -0.362406 -0.0618805
24 58 -2.09362 -0.198098
24 59 -1.17739 -0.346784
24 60 0.257023 0.133484
24 61 -0.190535 -0.0500264
24 63 0.983301 0.895084
24 65 0.538348 0.60073
25 33 6.38361 -1.82132
25 34 5.90236 -4.91956
25 35 3.09928 2.12628
25 36 -0.662051 0.808828
25 37 3.22573 2.97144
25 38 5.30575 0.0854941
25 39 0.135213 2.89365
25 40 5.78291 4.93983
25 41 0.442024 2.58685
25 42 2.02954 0.537351
25 43 2.88826 3.24187
25 44 9.5458 -6.0387
25 45 7.06297 -1.22121
25 46 3.10641 2.40311
25 47 3.6714 -0.828873
25 48 2.20532 -0.989353
25 49 2.48975 1.36056
25 50 -2.26433 -0.732971
25 51 3.79294 -0.241445
25 52 0.923309 0.210393
25 53 0.740858 0.509561
25 54 0.605835 -0.3901
25 55 -0.359267 -1.25866
25 56 1.84848 1.58625
25 57 0.0784443 0.855425
25 58 1.45596 1.36449
25 59 -1.41822 -0.315828
25 60 0.636197 0.706138
25 62 1.79235 0.120768
25 63 1.97783 -1.80489
25 64 1.80474 0.38326
25 65 0.132055 0.0474409
26 33 0.0952977 -4.1869
26 34 5.12583 -2.61642
26 35 2.96978 1.44427
26 36 10.7032 1.07898
26 37 0.174283 -2.61956
26 38 6.00926 3.0902
26 39 1.71834 -7.66239
26 40 2.68839 -2.04423
26 41 6.08737 3.55774
26 42 4.43547 4.7198
26 43 2.96784 -1.96121
26 44 7.31001 3.23021
26 45 6.47605 -1.93485
26 46 4.6877 2.60635
26 47 1.21923 0.166594
26 48 0.338929 -0.57279
26 49 2.82527 -0.925379
26 50 2.14606 -1.63762
26 51 2.28735 2.36593
26 52 1.89558 -0.71824
26 53 3.44518 -0.139799
26 54 1.6066 1.63471
26 55 -0.48293 1.47946
26 56 -0.512861 1.82158
26 57 -0.170436 1.29043
26 58 1.39562 1.53985
26 59 0.257083 1.32631
26 61 0.746308 -0.613435
26 62 -0.511806 -0.441528
26 64 -0.217573 0.303694
26 65 -0.851144 -0.136628
27 33 2.31863 -1.28107
27 34 4.48235 -3.40589
27 35 5.88694 -0.763756
27 36 10.9216 -3.826
27 37 5.58178 3.03474
27 38 -4.10906 2.58215
27 39 4.76689 -1.85538
27 40 10.6786 -2.20162
27 41 8.99693 6.8149
27 42 10.8351 1.52383
27 43 1.94927 4.72894
27 44 2.29164 2.10299
27 45 -0.550951 2.66436
27 46 8.7097 -0.0492374
27 47 2.60426 -0.429808
27 48 2.83844 -3.13284
27 49 1.56628 -0.980222
27 50 0.936108 3.08907
27 51 0.657292 1.61556
27 52 0.457751 0.333297
27 53 0.334931 -0.0458657
27 54 1.49516 0.17947
27 55 -0.37499 0.0476315
27 56 -0.0767681 -0.0300988
27 57 1.03239 0.263619
27 58 -0.0240575 -0.03707
27 59 0.1652 0.0576471
27 60 0.52981 -0.486084
27 61 1.1822 0.822094
27 62 0.169165 -0.83588
27 63 -0.0449283 -0.255397
27 64 -0.144954 0.150061
27 65 -0.61851 0.0807122
27 66 0.0567785 -0.0303999
28 33 2.53547 -0.223439
28 34 5.56995 0.630355
28 35 7.07597 -3.44003
28 36 -0.827216 -0.568292
28 37 4.92663 0.295894
28 38 8.69788 1.08586
28 39 4.52217 -1.65068
28 40 9.98541 1.5423
28 41 -0.207622 0.280648
28 42 1.30729 -2.31719
28 43 9.10927 1.27988
28 44 0.505048 3.17074
28 45 6.48139 -4.09375
28 46 10.8169 1.63917
28 47 0.776743 3.7987
28 48 3.86221 0.00619308
28 49 -0.795045 -1.52007
28 50 -1.33548 0.487641
28 51 -0.13939 -0.428025
28 52 0.00974943 -1.7691
28 53 0.596259 -0.0903412
28 54 -1.05854 1.86307
28 55 -0.0300563 -0.852461
28 56 0.063552 -0.655065
28 57 0.521659 -0.0597301
28 58 -1.06873 -0.30807
28 59 -0.771819 0.492818
28 60 -0.249946 1.37369
28 61 -1.35216 0.233212
28 63 -0.0726564 0.940514
28 64 -1.4965 0.141347
28 66 -0.0781309 0.0801744
29 33 2.6134 0.622023
29 34 -0.998011 0.0887643
29 35 4.57127 -3.22567
29 36 1.48387 1.85673
29 37 2.68071 -2.51756
29 38 8.78584 -1.05438
29 39 8.46191 2.18477
29 40 7.63983 5.71258
29 41 2.65095 4.17047
29 42 -1.91529 -1.95665
29 43 -2.01952 4.3167
29 44 5.21018 -1.08121
29 45 -0.389762 -0.423511
29 46 5.54503 0.303565
29 47 5.69189 3.72715
29 48 4.72296 1.18753
29 49 2.21571 0.474692
29 50 4.41478 1.26605
29 51 -1.95942 0.213517
29 52 -2.52982 -0.207911
29 53 1.55807 -1.60664
29 54 -0.304863 1.43325
29 55 1.14582 -0.875939
29 56 -1.16934 -0.585836
29 57 1.58575 -0.532791
29 58 0.706598 0.557245
29 59 0.53118 -0.12057
29 60 -0.45223 0.0198148
29 61 -0.117648 0.769281
29 62 -0.0323616 0.360309
29 63 -0.0309944 0.0874667
29 64 1.26283 1.16757
29 65 0.00410056 -0.0060914
29 66 0.172828 0.0458671
30 33 2.10368 -0.967411
30 34 -0.319469 -1.23656
30 35 6.85668 -0.893178
30 36 0.532434 -2.92707
30 37 10.7446 -1.62279
30 38 2.85417 0.686593
30 39 -0.199936 1.63529
30 40 2.61938 0.734515
30 41 1.70618 -0.207876
30 42 8.34222 -0.427903
30 43 1.89059 1.38229
30 44 0.11148 1.54426
30 45 7.33195 5.25935
30 46 2.82382 0.10658
30 47 4.99528 2.22462
30 48 3.18125 4.91289
30 49 -0.605433 -0.23713
30 50 1.78 3.13116
30 51 -0.232759 1.9217
30 52 2.2422 2.52457
30 53 0.375564 0.967085
30 54 2.88289 0.783718
30 55 -0.106305 -0.651764
30 56 -0.689243 1.04468
30 57 -1.13547 -0.19045
30 58 -0.289846 0.539625
30 59 -0.197668 0.990127
30 60 0.0904868 0.960141
30 61 -1.27392 0.83331
30 62 0.171726 -0.166969
30 63 -0.0951261 -0.633883
30 64 0.781886 0.495724
30 65 0.736515 0.00255498
30 66 0.0736036 -0.0494089
31 33 2.55728 -1.27811
31 34 6.28061 -2.27889
31 35 1.04777 0.532773
31 36 8.02291 2.11045
31 37 13.8044 1.32114
31 38 8.13942 -2.44172
31 39 3.49857 3.22429
31 40 8.47012 3.15038
31 41 2.9468 0.0762753
31 42 0.0924696 2.55918
31 43 -1.73687 -3.82188
31 44 1.02964 4.27552
31 45 7.51638 -1.98337
31 46 5.41025 -0.462844
31 47 5.18509 -0.68961
31 48 4.04644 1.83718
31 49 0.876746 1.81048
31 50 -2.27459 3.5918
31 51 1.63662 -0.395457
31 52 1.00997 0.779939
31 53 1.29841 1.10886
31 54 0.540884 1.62049
31 55 2.95649 -1.84163
31 56 0.931766 0.336781
31 57 -0.147835 -0.448035
31 58 0.771276 -0.00282154
31 59 -0.163531 -0.000652652
31 60 0.0362493 1.53073
31 62 0.270397 -0.14886
31 63 -0.986762 -0.00760369
31 64 1.77808 -0.437457
31 65 0.856179 0.654263
31 66 0.301987 -0.223407
32 33 3.01198 -0.131953
32 34 2.44535 -2.91331
32 35 0.563444 -3.06714
32 36 7.9678 -4.20148
32 37 -1.094 3.69964
32 38 6.31018 -2.14653
32 39 7.13143 -1.77667
32 40 6.34581 2.73973
32 41 10.9259 -3.23023
32 42 1.60819 -3.30424
32 43 -0.912907 2.79825
32 44 -3.58953 -1.75025
32 45 9.75444 2.52294
32 46 5.85743 1.30242
32 47 0.660826 2.01785
32 48 2.14185 -1.08132
32 49 -0.644142 0.494084
32 50 1.87854 2.22256
32 51 0.336205 -0.877393
32 52 -0.699944 0.74539
32 53 1.93667 1.08828
32 54 1.41931 -0.330659
32 55 -0.564768 -1.38294
32 56 0.0479854 0.0312984
32 57 0.306156 0.857956
32 58 -0.650129 0.123543
32 59 -1.15143 -0.00645098
32 60 1.10986 0.715286
32 61 0.0203441 0.0518896
32 62 -0.418055 0.331074
32 63 -0.983622 -0.101153
32 64 -0.375875 0.584885
32 65 1.35587 0.735593
32 66 0.0104988 0.731083
33 33 0.851227 -0.551661
33 34 7.27333 -1.16285
33 35 1.5834 -2.40024
33 36 4.04195 0.853756
33 37 1.09251 -0.509756
33 38 3.74432 0.903163
33 39 5.31918 0.386557
33 40 -1.84542 -2.69665
33 41 6.45159 -0.374876
33 42 3.3133 -2.43038
33 43 -0.282938 1.52676
33 44 -2.21705 2.31928
33 45 0.35053 -4.93363
33 46 8.3159 1.43226
33 47 3.98028 -0.114934
33 48 1.0238 0.105614
33 49 0.566977 2.19628
33 50 -0.564075 1.49437
33 51 -2.24163 -0.294725
33 52 1.32256 -1.5584
33 53 -1.6105 3.17768
33 54 4.8682 -0.117622
33 55 -0.852183 -2.61716
33 56 0.938248 -0.621104
33 57 1.7868 2.25033
33 58 0.135295 0.251938
33 59 -0.228622 -0.0110314
33 60 0.547813 -0.481728
33 61 -0.000378635 0.165251
33 62 -0.0493702 0.179153
33 63 -0.00192679 0.613593
33 64 -0.806463 0.102561
33 65 1.08805 0.230527
33 66 0.378401 0.423354
34 33 0.877703 -1.38607
34 34 -1.12223 -1.03291
34 35 -0.961682 0.680788
34 36 -0.400036 -0.631434
34 37 -0.612065 -0.660553
34 38 4.52524 -3.37127
34 39 5.11012 -2.75135
34 40 6.26864 3.09745
34 41 4.93012 -0.565665
34 42 8.43837 8.18088
34 43 6.77813 0.299578
34 44 4.08421 -0.513172
34 45 2.23387 2.54683
34 46 11.5959 2.06972
34 47 2.2802 3.57275
34 48 0.960481 5.05158
34 49 1.89387 2.85842
34 50 1.8844 1.88418
34 51 1.65376 0.981641
34 52 1.68779 0.167441
34 53 3.43388 -2.2219
34 54 -2.23615 -1.36244
34 55 -1.58614 -0.282821
34 56 0.466321 0.243395
34 57 0.210627 0.723317
34 58 -0.605731 -0.834345
34 59 -0.243173 0.55222
34 60 -0.0168298 0.487529
34 61 0.246395 0.0510865
34 62 -0.999975 0.0513138
34 63 -0.543852 0.0276249
34 64 -1.71867 -0.68933
34 65 0.730688 -0.558081
35 33 2.612 -0.637123
35 34 -2.99856 0.21353
35 35 -0.0724863 -0.0858401
35 36 2.86279 -1.43953
35 37 -1.27355 0.476678
35 38 6.97083 1.89617
35 39 2.52088 4.8151
35 40 4.46567 -0.969316
35 41 -4.64608 1.52176
35 42 3.11552 -0.327783
35 43 4.89583 5.21188
35 44 3.71457 -1.30281
35 45 1.66324 2.2614
35 46 -0.216304 -0.646087
35 47 3.80437 3.38351
35 48 2.92006 0.529801
35 49 1.23888 -0.278438
35 50 0.77884 1.37823
35 51 -0.273779 1.62217
35 52 1.65305 3.08914
35 53 1.59433 0.749853
35 54 -0.626265 1.67173
35 55 0.534152 2.91872
35 56 0.911841 -0.386377
35 57 -0.49333 2.38707
35 58 -0.302361 0.12516
35 59 -0.460278 0.34811
35 60 1.41453 4.22693
35 61 -0.4873 0.647274
35 62 0.107206 0.309769
35 64 -0.149768 0.122663
35 65 2.1194 0.440835
35 66 -0.169323 0.0495238
36 33 2.12664 -0.612505
36 34 3.24097 -2.47364
36 35 4.51709 0.342427
36 36 -1.22366 0.68524
36 37 4.7569 -1.37177
36 38 2.54343 2.21419
36 39 -1.12995 2.76917
36 40 3.25743 1.19026
36 41 2.43288 0.140413
36 42 2.70953 2.14107
36 43 7.61012 -0.262692
36 44 -2.46084 -0.358211
36 45 1.52993 8.93347
36 46 6.75713 3.9873
36 47 1.92813 1.62552
36 48 3.21766 1.24287
36 49 0.781616 -1.72872
36 50 1.73694 -0.877399
36 51 0.901859 0.612667
36 52 3.35156 -1.39935
36 53 -1.70396 1.10543
36 54 2.55904 0.0605376
36 55 -1.70239 0.617899
36 56 0.815519 1.58975
36 57 -0.786624 1.16001
36 58 -0.873581 0.531682
36 59 0.172227 -0.612819
36 60 0.138693 2.80591
36 61 -0.513125 0.0107078
36 62 -0.0393437 0.475147
36 63 -0.021638 -0.313616
36 64 -0.349755 -0.174548
36 65 -1.06338 2.22071
36 66 -0.196598 -0.0423531
37 33 3.87487 -0.996971
37 34 1.06261 -0.716627
37 35 2.24645 -0.982285
37 36 1.60196 -3.43746
37 37 1.20811 -0.937858
37 38 3.54367 3.50626
37 39 5.49077 1.93837
37 40 2.45251 -2.14757
37 41 6.32762 0.16385
37 42 1.37082 1.92147
37 43 7.86013 0.251074
37 44 1.05603 1.0049
37 45 4.91851 -1.94488
37 46 5.96075 0.798963
37 47 4.7459 1.44501
37 48 -0.147864 4.40572
37 49 3.60398 -2.18304
37 50 1.64021 1.01283
37 51 0.0779293 2.04205
37 52 0.911703 -0.93279
37 53 1.13248 0.975683
37 54 1.19743 -0.222418
37 55 -0.131098 0.0073123
37 56 0.158179 1.15486
37 57 0.00118172 0.231159
37 58 2.26918 0.303556
37 59 -2.51826 -1.14496
37 60 1.37721 1.63
37 61 1.39117 -1.88211
37 62 0.829633 -0.350372
37 63 -0.163261 0.874652
37 65 0.686265 1.63954
38 33 0.225334 -0.610387
38 34 5.71109 1.37363
38 35 1.95166 0.0501469
38 36 1.49051 0.748204
38 37 8.46532 1.63365
38 38 3.8691 -0.197721
38 39 11.7568 -2.1693
38 40 4.44288 -0.703314
38 41 7.16826 1.27791
38 42 1.95225 -4.3599
38 43 1.64811 -0.858641
38 44 8.0813 1.51054
38 45 6.3544 -1.11813
38 46 6.22527 -2.49141
38 47 3.12067 -0.714565
38 48 -0.891182 0.697017
38 49 4.25662 0.908247
38 50 0.192917 -2.61177
38 51 -0.138689 1.72745
38 52 -3.00988 1.35957
38 53 1.45003 0.507998
38 54 -1.70772 -0.470719
38 55 1.0969 -0.712675
38 56 3.0261 0.560156
38 57 1.6481 1.33441
38 58 0.190869 -0.975943
38 59 -1.50807 -0.0645049
38 60 0.492048 0.426401
38 61 -1.69241 -0.652588
38 62 -0.404355 0.411673
38 63 0.0470305 -0.934554
38 64 0.0177302 -0.0123775
38 65 0.0177326 0.0991337
38 66 0.423539 0.309057
39 33 3.04138 -2.57154
39 34 -0.546894 -0.0156503
39 35 6.432 -7.05543
39 36 4.37036 3.77504
39 37 1.70397 3.15966
39 38 0.950004 -0.366206
39 39 8.12632 -2.26857
39 40 2.17406 2.05729
39 41 -2.96733 -3.34884
39 42 0.256924 -1.81102
39 43 7.69501 -0.585715
39 44 2.49661 3.69954
39 45 1.79323 4.49492
39 46 -0.489388 -0.0206048
39 47 5.68741 -0.299478
39 48 1.97818 2.16672
39 49 4.70722 0.369153
39 50 2.51591 0.00309541
39 51 0.294822 -0.600463
39 52 -1.37086 1.95639
39 53 3.59921 2.92059
39 54 4.30434 2.96394
39 55 0.180114 1.28038
39 56 0.755505 0.456594
39 57 0.536465 0.48135
39 58 -0.431401 -0.544989
39 59 -1.15171 0.176993
39 60 0.420435 0.0799338
39 61 -0.990074 1.04218
39 62 -0.156025 0.0485048
39 63 0.518908 1.99033
39 65 2.01574 -0.183801
39 66 0.463955 0.248277
40 33 3.39549 -2.02712
40 34 2.08007 -2.55276
40 35 0.29425 -0.61071
40 36 -2.56366 2.31969
40 37 7.48308 0.205958
40 38 1.3982 1.70294
40 39 5.48632 -1.11484
40 40 1.64814 -2.08642
40 41 2.25465 -2.55201
40 42 3.36794 2.83109
40 43 -3.41891 4.77091
40 44 6.8334 2.7997
40 45 5.7089 0.222556
40 46 1.04363 -1.67707
40 47 3.88151 1.54492
40 48 2.17251 1.65904
40 49 0.717466 2.01418
40 50 1.9793 -1.20582
40 51 0.919671 0.942614
40 52 1.85255 0.405595
40 53 0.924448 -1.06707
40 54 -0.0441323 0.614079
40 55 1.47709 0.787358
40 56 -0.94135 0.707905
40 57 0.278871 2.00088
40 58 0.4329 -0.456606
40 59 1.07058 1.99763
40 60 -3.88558 1.61094
40 61 0.0936461 -0.701151
40 62 -1.59647 -0.80367
40 63 0.242407 0.0138896
40 64 0.210269 0.447042
40 65 -0.377004 0.121117
40 66 -0.104196 0.0404915
41 33 1.22525 -0.974926
41 34 3.65631 -2.35603
41 35 0.730414 0.209759
41 36 -0.870416 -1.80199
41 37 3.30679 -4.3056
41 38 5.18683 1.69646
41 39 4.64121 -1.54796
41 40 -0.195474 3.50064
41 41 8.60636 1.19521
41 42 6.96585 -2.5729
41 43 -0.0963984 -0.473844
41 44 4.13435 0.5011
41 45 4.74237 -2.11763
41 46 -4.04489 1.44032
41 47 3.68162 0.783088
41 48 5.55681 0.442058
41 49 -1.88383 -0.7805
41 50 2.96891 0.604968
41 51 2.97166 -0.497539
41 52 0.23807 0.304393
41 53 -0.46739 0.594101
41 54 2.08824 0.739922
41 55 2.17893 1.07828
41 56 0.802935 1.44394
41 57 -0.846399 0.803169
41 58 -1.0078 0.854593
41 59 -0.776459 1.40275
41 60 0.236142 0.925354
41 61 1.09128 1.39985
41 62 -0.584624 -0.406709
41 63 0.318107 0.0130258
41 64 0.0537416 -0.0890597
41 65 0.00199269 0.000152769
41 66 -0.957353 -0.294299
42 33 0.397257 -2.09964
42 34 -0.50408 0.0443197
42 35 1.10441 1.92669
42 36 6.21961 -4.84161
42 37 1.28799 0.294618
42 38 4.90781 -3.43705
42 39 -1.12493 3.40733
42 40 4.34415 -2.18797
42 41 5.52695 0.400987
42 42 4.68064 -0.0564009
42 43 -1.78418 -1.29397
42 44 0.407386 2.15978
42 45 1.35438 -3.20277
42 46 5.41708 1.27584
42 47 3.43347 -0.232127
42 48 -0.710036 -0.175922
42 49 1.89045 0.0638545
42 50 -0.290534 1.49976
42 51 1.6871 0.513339
42 52 -0.75928 0.252488
42 53 1.07188 -0.116722
42 54 0.198431 2.12365
42 55 2.17934 1.10833
42 56 0.576192 -0.531453
42 57 -0.0161832 0.409074
42 58 2.77629 -0.690373
42 59 1.21978 0.213666
42 60 0.0214523 0.179814
42 61 -0.170933 0.592452
42 62 0.0478601 0.85448
42 63 1.49845 0.940864
42 64 -1.23201 0.397876
42 65 0.218007 0.085949
42 66 -0.257307 0.344289
43 33 4.18224 -0.737667
43 34 1.99632 -3.47516
43 35 4.3018 3.04381
43 36 6.45238 0.214291
43 37 -1.62973 0.962148
43 38 1.07981 0.845318
43 39 1.97883 -0.700123
43 40 4.43067 1.96867
43 41 1.19472 -1.01751
43 42 1.10084 2.20323
43 43 4.81198 -1.52714
43 44 10.2274 2.63112
43 45 3.52991 3.17002
43 46 -3.24861 0.4714
43 47 1.58698 -0.0230307
43 48 2.40403 2.54128
43 49 0.466162 0.301329
43 50 1.44573 -1.0602
43 51 1.11764 4.33724
43 52 -0.68606 0.99995
43 53 -2.50184 -1.03993
43 54 -3.10465 -0.27873
43 55 1.48441 0.556489
43 56 -1.18509 0.255192
43 57 -0.11802 0.576857
43 58 0.0419686 0.175793
43 59 0.293662 -0.479592
43 60 0.364848 0.497988
43 61 0.625178 0.0761225
43 62 -0.882282 -0.511477
43 63 1.13166 -0.614199
43 64 0.26293 0.393498
43 65 1.4547 0.0218771
43 66 0.632393 0.709708
44 33 2.49204 -0.794266
44 34 3.01982 -4.82092
44 35 6.20532 0.0270229
44 36 5.961 -5.03333
44 37 3.92153 -4.04327
44 38 5.64687 -3.17563
44 39 2.99638 0.253103
44 40 5.51372 -5.23203
44 41 -1.10751 1.27085
44 42 2.00535 -1.58012
44 43 2.76766 3.24926
44 44 4.02126 -0.551408
44 45 0.66687 -0.0681397
44 46 2.21242 3.14803
44 47 -1.60526 -0.599272
44 48 4.02708 0.106299
44 49 4.79537 0.0334908
44 50 0.304056 1.7114
44 51 1.66975 1.03267
44 52 -0.726461 0.834008
44 53 -0.0435281 0.336867
44 54 1.04391 0.725458
44 55 1.21313 -0.522961
44 56 2.21049 0.949153
44 57 1.10626 1.48477
44 58 4.20919 0.180053
44 59 -0.323605 0.531634
44 60 1.18268 0.781218
44 61 0.00274871 0.00239155
44 62 0.566302 0.113928
44 63 0.345355 0.189006
44 64 1.17904 -0.816885
44 65 -1.84275 0.850244
45 33 6.35366 -1.5749
45 34 -0.575607 -2.36012
45 35 5.2526 0.744663
45 36 5.04129 2.39341
45 37 6.76648 0.0221722
45 38 3.74185 -1.79779
45 39 6.41782 3.00343
45 40 6.5503 -2.84471
45 41 7.58029 2.99715
45 42 3.1838 -2.05038
45 43 1.64356 -3.92119
45 44 1.98058 2.07994
45 45 1.87545 -1.29352
45 46 0.62003 1.98458
45 47 -0.450683 3.50615
45 48 4.10653 1.86587
45 49 7.61269 2.43239
45 50 0.207598 2.41127
45 51 -0.748102 1.40614
45 52 -0.133691 -0.0350001
45 53 1.45455 0.532764
45 54 0.939353 2.66099
45 55 1.12205 0.196228
45 56 -2.41773 0.257992
45 57 2.32422 -0.26787
45 58 0.834578 0.602886
45 59 0.529933 1.41356
45 60 0.126921 1.17541
45 61 0.165914 -0.047195
45 62 -0.0519137 -0.104054
45 63 -0.715651 0.0164766
45 64 0.388196 1.19642
45 65 -1.00665 0.315887
45 66 -0.0559212 0.105357
46 33 0.377432 -5.44907
46 34 0.630929 3.09821
46 35 0.273975 -0.491727
46 36 5.94357 -2.83023
46 37 2.14229 0.135528
46 38 7.45 -1.96408
46 39 2.27407 -1.52162
46 40 1.51902 -2.68106
46 41 3.17927 4.78655
46 42 1.3942 1.9781
46 43 1.31179 5.25638
46 44 2.10027 -0.70893
46 45 -2.28401 2.21311
46 46 2.98579 -0.712113
46 47 4.33479 2.03349
46 48 -3.55222 5.05427
46 49 3.39832 -0.475699
46 50 -0.703099 -1.3915
46 51 -1.14083 2.86973
46 52 -0.46072 0.896917
46 53 0.806942 0.703325
46 54 0.418063 -1.17663
46 55 1.99449 -1.48548
46 56 -1.13783 0.278314
46 57 0.211892 -0.903864
46 58 0.45673 0.409112
46 59 -0.239781 0.216932
46 60 0.63933 1.27817
46 61 0.124011 0.144868
46 62 -0.148661 0.0221248
46 63 -0.269763 0.797402
46 64 0.423605 0.382542
46 65 0.0360871 -0.0305119
46 66 0.231608 0.329476
47 33 0.860186 -4.44277
47 34 4.59319 -0.754996
47 35 1.5033 -1.17628
47 36 0.113843 1.33203
47 37 3.63107 0.884198
47 38 2.28274 0.451016
47 39 4.03751 -0.238156
47 40 1.63167 -2.16073
47 41 12.8871 4.18798
47 42 5.02917 -1.37932
47 43 7.19241 -3.17411
47 44 1.36823 2.82634
47 45 0.829252 3.53309
47 46 -1.33993 -1.09772
47 47 4.23532 2.81018
47 48 0.0942003 -0.29124
47 49 5.4286 0.903872
47 50 0.69773 0.408316
47 51 3.07163 -0.334542
47 52 4.41012 0.783567
47 53 0.474877 0.575118
47 54 2.84122 3.22751
47 55 -2.38217 0.119836
47 56 -1.35522 1.38629
47 57 0.406679 2.4282
47 58 -0.133864 -0.740691
47 59 -0.474738 0.0877079
47 60 1.28764 0.32625
47 61 -0.527646 0.546159
47 62 0.34178 -0.125022
47 63 -0.198731 0.123363
47 64 -0.307769 0.518738
47 65 -0.125113 0.0766686
47 66 0.696069 0.998146
48 33 1.7152 -3.65623
48 34 0.716565 -0.59569
48 35 10.9764 -1.50176
48 36 6.1501 1.02026
48 37 6.64623 -1.62489
48 38 3.15608 -0.386093
48 39 -0.835214 0.86194
48 40 4.02313 2.25779
48 41 3.50873 -6.166
48 42 9.94152 0.506514
48 43 2.31506 0.773396
48 44 -1.43002 1.67796
48 45 4.40868 5.15278
48 46 3.75053 4.15089
48 47 2.47242 -0.602112
48 48 0.956543 -0.25634
48 49 1.24086 -1.40324
48 50 -4.07561 1.9317
48 51 0.963092 0.112308
48 52 -0.641774 4.25669
48 53 -0.66214 0.93135
48 54 -0.53522 -1.18966
48 55 0.87894 -0.533913
48 56 -2.17999 1.10992
48 57 0.427205 0.674163
48 58 -0.443329 -0.2277
48 59 0.166048 -0.121815
48 60 0.281544 -0.268546
48 61 0.226651 -0.0451053
48 62 -1.14692 0.0513145
48 63 0.375255 0.0958026
48 65 0.346795 1.42646
48 66 0.261026 0.576517
49 33 1.67982 0.185051
49 34 2.36701 0.769288
49 35 3.93507 -4.20558
49 36 8.38349 -5.38454
49 37 1.51945 3.59132
49 38 2.16456 -3.2383
49 39 -0.012543 2.32934
49 40 4.43672 0.814891
49 41 0.22265 -4.06655
49 42 0.837185 1.06558
49 43 -3.14057 1.67612
49 44 1.03248 0.204292
49 45 5.33269 0.905778
49 46 8.85455 -2.93789
49 47 1.04665 2.92467
49 48 1.11915 1.54126
49 49 2.56656 0.135996
49 50 0.196806 4.78794
49 51 0.282632 -0.361074
49 52 4.06787 2.01199
49 53 -0.542289 -1.97329
49 54 1.35796 0.658205
49 55 1.19145 0.720464
49 56 1.73253 1.16668
49 57 0.633039 -0.614224
49 58 1.32244 -0.0416851
49 59 0.343976 0.119568
49 60 -0.256076 0.386345
49 61 -0.349983 -0.184558
49 62 0.0542997 -0.0252696
49 63 -0.0572397 -0.0465056
49 65 0.55201 -0.904245
49 66 0.0754533 0.448783
50 33 0.160471 -0.524167
50 34 4.18304 2.62949
50 35 3.0649 1.07564
50 36 -1.32523 -2.66771
50 37 8.66983 -1.9741
50 38 6.61974 4.85317
50 39 5.61552 2.45265
50 40 1.25494 5.31831
50 41 3.17893 1.60177
50 42 3.0291 -3.41887
50 43 1.77131 1.60385
50 44 5.38867 -4.74218
50 45 3.23887 3.32269
50 46 3.1329 2.29206
50 47 2.67859 -0.0492209
50 48 -1.46204 0.534319
50 49 -2.27267 0.221243
50 50 0.324301 2.70924
50 51 -1.23973 -0.336276
50 52 1.75443 -0.588435
50 53 0.623839 0.135905
50 54 -0.616887 1.77461
50 55 4.71232 2.22469
50 56 0.454582 3.9323
50 57 4.15054 0.389392
50 58 0.880128 -0.266565
50 59 0.486139 0.80344
50 60 0.832639 -0.64499
50 61 -1.52227 0.805167
50 62 -0.167679 0.626164
50 63 0.307 0.716485
50 64 0.189573 0.606831
50 65 0.974768 -0.304129
51 33 1.19446 -0.929906
51 34 -0.735445 0.739941
51 35 4.60457 -2.36599
51 36 11.7258 -1.09923
51 37 2.36796 1.87255
51 38 0.858804 -4.66997
51 39 -0.0160914 0.201738
51 40 9.01392 -3.59898
51 41 5.61793 -0.39554
51 42 0.960386 -0.142928
51 43 4.87399 1.48685
51 44 3.20546 0.645233
51 45 4.61208 -3.46421
51 46 0.951725 1.32437
51 47 1.36621 -2.05338
51 48 1.35689 -0.635916
51 49 4.05121 -0.560135
51 50 -4.06257 -1.4875
51 51 -3.70472 0.0563001
51 52 -0.907629 0.0410903
51 53 -1.63693 0.545667
51 54 3.60649 1.09837
51 55 -1.58719 0.50872
51 56 2.94445 -0.771456
51 57 1.27085 -0.194563
51 58 1.29217 0.666414
51 59 -1.12605 0.320566
51 60 1.24169 0.0592389
51 61 0.468797 0.774336
51 62 0.136864 0.602207
51 63 2.05581 1.18295
51 64 -0.344812 2.30211
51 65 0.913551 -0.0245759
52 33 -0.371072 -0.641998
52 34 0.711865 -1.36538
52 35 6.04955 -2.28567
52 36 -1.94368 -1.90036
52 37 1.41736 -0.429599
52 38 11.9657 -2.60042
52 39 6.14256 -1.58323
52 40 -0.0657704 -0.0684811
52 41 0.92954 1.02185
52 42 4.75609 3.28136
52 43 1.99221 2.67199
52 44 5.8697 3.60198
52 45 2.16851 -1.29575
52 46 -0.962675 -1.56499
52 47 -1.25401 1.68257
52 48 1.78971 -1.25025
52 49 3.11144 0.898366
52 50 0.313961 0.379145
52 51 5.52695 0.183863
52 52 2.15382 1.82749
52 53 -0.311198 -0.589079
52 54 -1.44779 -0.0752636
52 55 -0.597261 0.942144
52 56 -1.77463 2.9351
52 57 1.32177 -0.637867
52 58 -0.758454 -1.42281
52 59 1.19048 0.646034
52 60 -0.809173 0.770974
52 61 -0.814675 -0.155923
52 63 1.05417 -0.812112
52 64 -0.198076 -0.183331
52 65 -0.49484 0.504373
52 66 0.455571 0.224617
53 33 3.48395 1.06012
53 34 4.11392 -1.68705
53 35 3.02519 0.628615
53 36 2.77634 -0.53385
53 37 4.96146 2.25959
53 38 3.74503 -0.826631
53 39 2.88436 1.85278
53 40 1.22852 2.97053
53 41 1.86112 -2.37029
53 42 3.05023 2.25916
53 43 1.75945 1.8916
53 44 -0.672266 0.312607
53 45 3.28091 0.704078
53 46 4.18179 0.632379
53 47 1.75854 -2.13178
53 48 4.73905 -1.70526
53 49 3.23698 0.317265
53 50 0.981432 0.841005
53 51 2.34595 -2.05052
53 52 0.643521 -0.0447861
53 53 -1.60147 -0.795225
53 54 0.204259 -0.0500005
53 55 1.67612 -0.254184
53 56 -3.29693 -0.517318
53 57 -0.692448 0.730967
53 58 0.394581 1.51623
53 59 -1.52928 -0.104585
53 60 -1.31971 1.76477
53 61 1.80161 0.129291
53 62 0.194348 1.68415
53 63 1.45338 -0.0985431
53 64 -0.0459863 0.0363041
53 65 -0.007229 0.00105996
53 66 0.655315 0.432274
54 33 0.503134 0.0986055
54 34 1.48833 0.904603
54 35 6.23885 0.433731
54 36 0.37059 0.424147
54 37 6.96989 -3.60582
54 38 4.58664 1.44362
54 39 -1.80404 2.33517
54 40 -1.31186 -0.53192
54 41 9.05658 5.89896
54 42 1.06484 2.06255
54 43 7.15265 0.795238
54 44 5.11862 2.26721
54 45 -1.27102 0.307694
54 46 3.51516 0.184018
54 47 4.71885 -1.38778
54 48 1.1667 2.25696
54 49 0.00570045 1.21732
54 50 -1.88753 -2.52885
54 51 0.726331 0.47535
54 52 0.892688 1.35727
54 53 0.0914631 0.301983
54 54 0.674187 2.37564
54 55 -0.266818 0.0992336
54 56 0.600232 -0.386109
54 57 -1.6288 -1.12684
54 58 1.24018 0.512575
54 59 -0.835383 -0.444548
54 60 1.05957 -1.02326
54 61 0.377599 -1.16169
54 62 -2.25705 -1.22131
54 63 0.735752 0.236054
54 64 0.402863 0.0365404
54 66 0.440019 0.0553091
55 33 1.94544 -2.73215
55 34 0.482973 -4.21867
55 35 2.91107 -2.32954
55 36 2.82877 -6.50432
55 37 2.37147 -2.23258
55 38 2.59935 -0.823457
55 39 3.85782 -0.312859
55 40 3.95173 -3.65005
55 41 6.17303 0.186006
55 42 -2.57844 -1.58855
55 43 -4.36062 -3.28773
55 44 0.163808 3.09265
55 45 0.246658 3.60379
55 46 0.304785 3.35689
55 47 -3.11069 -1.00202
55 48 0.0489787 2.67122
55 49 0.666423 1.63709
55 50 0.344686 1.70968
55 51 -3.21743 2.7806
55 52 1.89315 1.38778
55 53 0.720238 3.15297
55 54 -0.92842 -0.00985531
55 55 -1.74452 0.505184
55 56 -0.0244514 1.37317
55 57 -0.729865 0.581033
55 58 -0.96625 1.66805
55 59 0.202718 0.830595
55 60 1.83423 -0.397842
55 61 -0.117535 1.09873
55 62 -0.00556235 -0.188671
55 63 0.500136 0.289491
55 64 0.291832 0.16653
55 65 0.0113638 -0.00114799
55 66 0.820883 -0.743925
56 33 2.09151 1.19714e-05
56 34 3.36927 -1.60956
56 35 3.43702 0.0538406
56 36 3.57396 -2.0688
56 37 -0.206949 -2.28133
56 38 -0.378943 1.44424
56 39 11.1838 -1.03408
56 40 4.21172 1.00025
56 41 3.80992 -0.387589
56 42 0.999384 -2.66462
56 43 8.15528 0.914601
56 44 4.81446 0.554746
56 45 0.140685 2.88787
56 46 1.96509 -1.39506
56 47 -3.73948 -1.10644
56 48 0.44977 0.101003
56 49 3.65269 1.34598
56 50 1.79722 0.772365
56 51 1.71254 -0.945222
56 52 -1.04195 0.0369539
56 53 0.545752 0.166819
56 54 0.856114 0.601484
56 55 -0.326613 -0.180611
56 56 1.95906 0.16862
56 57 1.90061 -0.0895379
56 58 -0.664088 0.296236
56 59 -2.17865 -0.0234276
56 60 1.80245 -0.609698
56 61 1.08508 0.136345
56 62 -0.932325 0.300409
56 63 1.83672 -0.278385
56 64 0.0134812 -0.0942855
56 66 -0.00205445 0.00217991
57 33 1.13245 -1.4861
57 34 0.106036 -3.96708
57 35 2.38579 0.736719
57 36 2.14659 -2.67416
57 37 -1.84155 1.23444
57 38 0.86983 6.53731
57 39 2.20473 -0.839849
57 40 -0.383335 2.19225
57 41 4.46977 0.0415466
57 42 2.69978 -5.26506
57 43 -1.70505 -2.54898
57 44 4.19372 -0.954382
57 45 1.36812 -1.19191
57 46 3.54239 0.432526
57 47 5.05738 -0.650634
57 48 0.774931 0.87489
57 49 6.04271 3.35656
57 50 -2.29154 2.00386
57 51 -0.469346 -0.820376
57 52 -1.73515 1.7314
57 53 -0.170794 -0.702774
57 54 4.43609 -1.04243
57 55 0.286943 1.68063
57 56 -1.5788 3.31419
57 57 2.16524 0.670113
57 58 -1.95485 1.14549
57 59 0.0519026 -0.0384564
57 60 0.592539 0.356781
57 61 0.387207 1.08496
57 62 -0.228137 0.568999
57 63 -0.0208939 0.183252
57 65 -0.397224 0.0181275
57 66 -0.00399333 0.0124705
58 33 2.58419 -2.15468
58 34 -2.31463 -0.865172
58 35 0.665367 1.42098
58 36 3.81855 -1.86345
58 37 2.22346 -1.74315
58 38 5.5405 2.4016
58 39 0.938681 -3.09821
58 40 1.5603 0.979898
58 41 8.80044 -3.54745
58 42 4.41216 -3.01365
58 43 1.06148 0.872319
58 44 1.07411 1.90331
58 45 3.03692 3.57864
58 46 0.322841 -0.352631
58 47 3.59886 0.432888
58 48 -0.276118 0.56324
58 49 4.12955 1.66405
58 50 -0.510072 1.24698
58 51 -1.82424 1.06974
58 52 -0.291198 -0.282069
58 53 1.70712 0.867337
58 54 2.03324 0.49438
58 55 -0.59373 1.0257
58 56 1.30699 -1.41037
58 57 -0.974375 -0.533109
58 58 -1.19198 0.0126335
58 59 2.41039 0.271206
58 60 0.397148 -0.758119
58 61 -0.691228 0.681115
58 62 -0.868941 0.421552
58 63 0.775763 -0.072106
58 64 0.14128 0.0759033
59 33 -0.304087 -0.754272
59 34 0.573457 0.535551
59 35 1.90083 -1.39072
59 36 4.84702 0.413567
59 37 3.90081 0.947224
59 38 6.79032 -1.1482
59 39 -0.519025 -0.330393
59 40 4.77768 -0.839334
59 41 0.0627661 3.1618
59 42 -2.93271 0.122198
59 43 9.01957 1.13577
59 44 5.70912 -2.40457
59 45 1.93559 0.800162
59 46 3.61095 -2.432
59 47 -0.509629 -2.84759
59 48 2.79696 -3.10872
59 49 1.69039 2.06709
59 50 -1.43588 0.619573
59 51 1.94416 2.1083
59 52 2.59224 -1.00508
59 53 0.224061 -0.020096
59 54 1.24782 1.47127
59 55 2.82229 1.14052
59 56 0.598319 2.59512
59 57 -1.06817 -0.154447
59 58 -0.858681 -1.11118
59 59 1.56513 0.184271
59 60 -0.30397 -0.145497
59 61 0.341978 0.0335163
59 62 -0.243642 1.07776
59 63 1.56965 -0.515628
59 64 0.25248 -1.02184
59 65 0.141649 -0.036258
59 66 0.0128368 0.164216
60 33 1.35856 -4.19173
60 34 -1.21727 -0.492167
60 35 0.912312 -1.53696
60 36 3.52483 -1.97922
60 37 -0.340033 -2.17907
60 38 1.07006 -1.14848
60 39 -5.2253 1.15666
60 40 6.88488 1.93221
60 41 4.17759 -0.937572
60 42 4.34667 0.0712132
60 43 4.39761 -1.39271
60 44 4.64476 1.0186
60 45 -1.9485 0.812956
60 46 2.94997 3.13519
60 47 1.28786 -1.47384
60 48 0.800442 2.06508
60 49 2.76215 0.233352
60 50 0.461026 0.804341
60 51 -1.82832 -0.888137
60 52 1.07306 1.58505
60 53 -1.74867 0.729452
60 54 -1.21079 0.641079
60 55 -2.13672 3.2389
60 56 2.93635 -1.05122
60 57 -0.201796 -0.207562
60 58 -0.0604766 0.59423
60 59 0.369361 -0.488459
60 60 0.435001 0.702133
60 61 -0.471807 -0.271251
60 62 -0.452868 -0.406995
60 63 0.19031 -1.25018
60 64 -0.359908 0.445144
60 65 -0.14676 0.0902146
60 66 0.34606 0.140744
61 33 2.59438 0.768842
61 34 0.989827 -1.71152
61 35 3.46702 -2.25475
61 36 4.70411 2.68879
61 37 1.32732 -1.55946
61 38 6.26167 -1.56576
61 39 0.00396609 0.911352
61 40 -1.56575 1.8577
61 41 -1.73879 0.680269
61 42 1.45 -1.02514
61 43 5.18713 2.07488
61 44 -1.74008 -1.466
61 45 4.94577 2.8901
61 46 1.54275 4.09499
61 47 -2.56513 0.7178
61 48 3.83677 2.23541
61 49 1.11044 1.8159
61 50 3.11191 0.719841
61 51 0.887228 0.107096
61 52 1.42508 1.34453
61 53 1.13951 -0.204183
61 54 -2.06994 -0.475579
61 55 1.66278 1.20741
61 56 2.5255 -0.485923
61 57 1.64104 2.56385
61 58 1.69147 0.784856
61 59 0.13967 0.108807
61 60 -0.297473 -0.457871
61 61 1.54937 -1.02578
61 62 -1.13112 0.296635
61 63 0.669172 0.227772
61 64 0.666678 -1.03483
61 65 0.777468 1.06997
61 66 0.742968 -0.696471
62 33 0.685655 -0.939327
62 34 -1.33091 -1.35269
62 35 2.3055 0.205658
62 36 0.0902796 2.8466
62 37 4.84482 -2.21547
62 38 2.22327 -3.16226
62 39 4.80743 -1.00552
62 40 -2.41487 -3.04824
62 41 6.78703 0.634931
62 42 4.49456 -1.8573
62 43 4.79207 0.695972
62 44 -0.356952 1.17428
62 45 0.92428 4.04114
62 46 3.86923 0.708715
62 47 0.895805 -1.527
62 48 2.74951 -1.34997
62 49 1.65566 0.333534
62 50 2.60921 2.07936
62 51 2.12154 0.258584
62 52 -0.230194 -0.123227
62 53 1.02396 2.66276
62 54 0.0055605 0.798891
62 55 3.47653 2.71943
62 56 2.40065 0.0627298
62 57 0.80165 -0.312616
62 58 1.01963 0.318646
62 59 2.60946 1.75978
62 60 0.998528 0.870738
62 61 -0.829759 -0.113575
62 62 0.998073 1.3851
62 63 -0.30208 0.521186
62 64 0.596842 -0.136718
62 65 0.257317 0.335398
62 66 -0.209036 0.942049
63 33 1.26677 -0.441811
63 34 1.31742 -1.23678
63 35 3.76951 -1.15257
63 36 1.72295 2.3878
63 37 2.46548 -1.53316
63 38 8.01038 -0.863428
63 39 5.6363 4.15616
63 40 2.30076 -0.310434
63 41 -2.80704 2.18098
63 42 -1.53384 -0.896821
63 43 2.56711 0.134066
63 44 3.74654 1.22212
63 45 0.931166 1.57861
63 46 3.78778 0.513127
63 47 1.27605 -0.855006
63 48 3.63516 1.94725
63 49 0.304185 1.84266
63 50 -0.939669 0.741679
63 51 -1.13902 0.452614
63 52 -0.702181 -1.25678
63 53 1.18744 1.2713
63 54 1.10415 0.361243
63 55 -0.496255 -2.11755
63 56 0.814407 -1.23566
63 57 -1.09505 -0.369217
63 58 0.227062 0.166318
63 59 0.165254 0.455683
63 60 1.06626 -0.421858
63 61 -0.944272 1.10214
63 62 -0.0878135 -1.29745
63 63 0.13903 -0.102611
63 64 0.340165 0.190573
63 65 -0.200362 -0.0711405
63 66 0.718947 0.389322
64 33 2.91661 -0.823334
64 34 -2.16504 0.195356
64 35 3.54587 0.210995
64 36 1.82422 -0.663447
64 37 2.5108 1.5142
64 38 2.51832 0.492134
64 39 4.78113 0.1048
64 40 4.37745 1.08709
64 41 0.775992 0.396875
64 42 1.92662 -1.35766
64 43 4.87475 2.68849
64 44 2.14238 0.851567
64 45 3.19933 -0.201558
64 46 3.96036 -0.320871
64 47 2.75863 0.128998
64 48 3.03995 5.01837
64 49 4.47374 -0.962151
64 50 1.71726 0.251552
64 51 2.53368 1.54014
64 52 -0.363287 0.585936
64 53 2.47796 -0.181892
64 54 -0.480673 0.530262
64 55 0.356741 1.08503
64 56 2.02204 1.85964
64 57 -1.08062 0.556737
64 58 -0.284036 -0.334275
64 59 -0.0494416 1.41152
64 60 -0.465344 0.816843
64 61 -1.10035 0.485756
64 62 0.549589 -1.16458
64 63 0.0506898 0.112296
64 64 -0.690254 -0.48788
64 65 0.116618 0.384852
64 66 -0.012257 0.493754
65 33 2.80063 -0.375084
65 34 2.2469 -1.12726
65 35 5.49893 -3.39368
65 36 3.04578 -0.984563
65 37 1.25753 0.423583
65 38 7.34856 -1.17331
65 39 -0.174593 -1.311
65 40 2.06821 0.0597213
65 41 4.11433 -0.578543
65 42 6.25474 0.0698293
65 43 -2.08681 0.779452
65 44 4.79908 -0.967522
65 45 4.03269 1.25601
65 46 1.918 0.553086
65 47 1.19639 0.623732
65 48 2.6313 1.87576
65 49 2.71182 -0.271438
65 50 1.24835 0.945993
65 51 -0.0464643 0.876912
65 52 0.626996 1.45335
65 53 2.59432 0.833975
65 54 1.31655 0.250554
65 55 1.28017 0.849541
65 56 2.24588 0.530009
65 57 1.69658 0.789805
65 58 0.025184 0.304317
65 59 1.06413 0.517029
65 60 -0.775538 -0.404894
65 61 -1.19062 0.843192
65 62 -0.658167 0.336869
65 63 0.037852 -0.078311
65 64 0.497825 0.353927
65 65 0.830622 -0.152628
66 33 1.70718 -1.12966
66 34 1.79573 -0.845759
66 35 3.46569 -0.224782
66 36 2.48209 -2.03263
66 37 4.42203 -0.914742
66 38 4.81895 0.387463
66 39 3.98391 0.0096368
66 40 3.19007 0.680188
66 41 3.46778 -0.251817
66 42 5.92208 -0.187332
66 43 1.70188 -0.445384
66 44 3.70441 -0.920483
66 45 4.47292 0.266082
66 46 3.57206 0.367542
66 47 2.89681 -0.186354
66 48 2.20212 0.462395
66 49 2.63191 1.49944
66 50 0.227139 0.335266
66 51 1.79277 0.587965
66 52 0.58249 0.465726
66 53 2.4963 -0.207077
66 54 1.43042 0.407882
66 55 1.45151 0.694312
66 56 0.422189 0.804701
66 57 1.63101 -0.14752
66 58 1.14704 0.586128
66 59 0.415499 0.413244
66 60 -0.3782 2.00499
66 61 0.778764 -0.18421
66 62 0.512999 0.0113228
66 63 0.832606 0.346689
66 64 -0.0706442 -0.102553
66 65 0.584575 -0.284372
66 66 0.101048 -0.134677
