1 34 -1.74945e-05 4.1225e-06
1 35 -6.15543e-05 -4.66723e-05
1 39 0.000127599 0.000267561
1 41 0.000148875 0.000113037
2 33 -0.000315171 -0.000421201
2 37 0.000296189 5.45679e-05
2 38 1.54874e-06 5.9158e-07
2 39 0.000291569 -0.000167389
2 40 0.000490724 0.000392435
2 41 -0.00012658 -0.00011269
2 44 0.000307264 -0.0002042
2 49 1.42679e-05 1.0048e-05
2 58 -0.000299045 -7.36633e-05
2 60 -0.000255412 0.000169897
3 34 -0.000294569 -8.18202e-05
3 35 0.000369317 0.000266279
3 36 0.000422876 0.000446871
3 37 -0.000185628 0.000172353
3 38 -0.000171888 7.45088e-05
3 39 0.000104367 -8.20557e-06
3 40 1.87551e-05 1.40887e-05
3 43 0.00013954 0.000157948
4 36 9.84235e-05 -0.000349881
4 37 0.000493394 -0.000457332
4 38 2.17304e-06 -1.79598e-05
4 39 -0.000160739 6.78521e-05
4 40 0.00029638 -0.000139956
4 42 0.000221203 -7.96055e-06
4 47 -0.000435703 -0.000187098
4 48 -0.000250653 0.000249928
4 49 -0.00024189 -3.21669e-05
4 56 -0.000487873 -8.03067e-05
5 33 0.000353386 4.85219e-05
5 34 0.000251775 -0.000187184
5 35 3.41857e-05 -0.000102996
5 36 -0.000422459 -0.000213656
5 37 4.14052e-05 -3.02524e-05
5 39 -0.00017348 9.60691e-05
5 40 -8.08356e-05 -4.34455e-05
5 41 0.000475132 0.000715558
5 43 -1.85649e-05 -6.64167e-05
5 44 -3.75132e-05 4.70782e-05
5 49 0.00018282 -2.76521e-05
6 33 7.97142e-05 -9.36715e-05
6 34 -0.000686007 0.000492265
6 35 0.000910944 0.000300046
6 36 2.20416e-06 -0.000179622
6 39 0.000229713 -4.25783e-05
6 40 0.000123839 8.93094e-05
6 41 0.000203459 -9.54555e-05
6 42 2.57042e-05 3.4586e-05
6 43 0.000230487 0.000303279
6 45 -6.76385e-05 -0.000291859
7 34 -0.000643616 0.000133193
7 35 -0.000327052 0.000363162
7 36 -0.000105734 0.00012789
7 37 0.000286912 4.19233e-05
7 38 0.000225994 -0.00040955
7 40 -0.000277404 0.000100851
7 41 0.000481274 -5.87931e-05
7 42 3.95857e-05 -3.88366e-05
7 43 -0.000217665 0.000109368
7 45 0.000302205 0.000281661
7 50 0.000119983 -0.000103511
7 56 -0.000368871 -0.000222524
8 33 -0.000305194 -0.000216572
8 34 -0.000224014 -0.000256428
8 35 0.000795259 0.000269559
8 36 3.23637e-05 -1.73223e-05
8 38 0.000272575 -0.000222358
8 39 0.00102833 0.000607817
8 40 -3.83681e-05 4.80161e-05
8 41 0.000247714 0.000501545
8 42 0.000202123 -7.07649e-05
8 43 0.000419379 -9.35045e-05
8 45 3.13664e-05 3.85998e-05
8 46 0.00019225 0.000184105
8 49 -1.89513e-06 0.000209075
8 50 5.47528e-05 -2.12047e-05
9 34 -0.00052967 -0.000280271
9 35 0.000147057 -8.61496e-05
9 36 0.000484157 0.000169838
9 37 -0.000120006 0.00039551
9 38 0.000256114 -0.000260846
9 39 0.000498527 0.000307816
9 40 0.000428435 0.000431509
9 42 7.78743e-05 5.79989e-05
9 43 0.000435453 0.000147017
9 44 -0.000400971 -8.76701e-05
9 45 0.000330983 -0.000171287
9 46 -0.000128402 7.87714e-05
10 34 4.98843e-05 -7.29839e-05
10 35 0.000271804 0.000255416
10 36 0.000274897 2.80881e-05
10 37 -0.000105654 -0.00063458
10 38 8.75431e-05 0.000586533
10 39 0.000567436 -0.000228812
10 40 0.000771453 0.000264224
10 42 -0.000145408 -9.34615e-05
10 43 3.52025e-05 -6.08069e-06
10 44 -9.33885e-05 -3.13398e-05
10 45 -0.000130362 -8.92677e-05
10 47 3.96744e-05 0.00039194
10 59 -0.000121144 2.95087e-05
11 34 0.000578052 0.000176551
11 35 0.000406595 -0.000111382
11 36 1.23789e-05 0.000177392
11 37 -0.000430496 9.49253e-05
11 38 -0.00054887 -5.20268e-05
11 39 -0.000257168 -8.7769e-05
11 40 -0.000205464 -0.00038336
11 41 0.000411444 0.00041492
11 42 0.000328341 -0.000291281
11 43 3.38605e-05 0.000187054
11 44 -0.00025122 -0.000383838
11 53 0.000210436 -0.000444146
11 58 -1.44798e-05 1.44616e-05
12 33 2.5748e-05 -1.66634e-05
12 34 8.29871e-05 -0.000147373
12 35 0.000549215 -4.81228e-06
12 36 0.00057842 4.46689e-05
12 37 0.000350932 0.00032146
12 38 0.000136827 0.000215454
12 39 0.00035175 -7.04987e-05
12 40 0.000286873 -3.68594e-05
12 42 8.48024e-06 -2.49111e-05
12 44 -0.000210239 0.000309634
12 48 -0.000154806 -0.000173155
12 53 -0.000155511 6.14304e-05
12 63 4.58196e-05 0.000128653
13 33 -0.000313811 -0.000177718
13 34 0.000798237 6.72536e-05
13 35 0.000317501 -0.000500228
13 36 8.55801e-05 -2.04667e-06
13 37 0.000638734 7.00889e-05
13 38 0.000594855 0.000192214
13 39 0.000454841 -0.000597936
13 40 0.000325305 0.000229523
13 41 0.000136644 0.00032919
13 42 0.000168501 -6.2352e-06
13 46 7.94702e-05 -2.50152e-05
13 47 -0.000386869 0.000153523
14 33 0.000387785 -6.45753e-05
14 34 -0.000266247 5.49077e-05
14 35 0.000259668 -0.000210673
14 36 0.000217773 -0.000256145
14 37 -0.000940133 1.45605e-05
14 38 0.000120174 0.00039676
14 39 -0.000186294 0.000206417
14 40 -5.35294e-05 0.00018128
14 41 0.000633066 0.000817369
14 42 8.31564e-05 -2.28988e-06
14 43 0.000308965 -0.00024863
14 44 0.000197203 0.000393504
14 45 -8.03996e-05 0.00012224
14 49 0.000279724 -0.000220419
14 52 0.000206618 0.000245221
14 61 1.24763e-05 6.90352e-06
15 33 0.000631991 -0.000562103
15 34 0.000722867 -0.000109312
15 35 7.49266e-05 -3.07772e-05
15 36 -0.000625673 0.000240869
15 37 0.000350698 6.70246e-05
15 38 -0.00130128 -0.000144316
15 39 0.000731288 -0.000297238
15 40 0.00023362 0.000145096
15 41 0.000112443 -0.000390234
15 43 -0.000242331 4.85332e-05
15 44 -0.000453323 0.000219603
15 45 1.47096e-05 6.98239e-06
15 47 0.000234983 -7.14714e-06
15 54 0.000277174 0.000154031
15 59 -0.000130485 7.13538e-06
15 60 -0.000153481 8.81554e-05
15 62 0.00035547 0.000123768
16 33 -3.07738e-05 -9.63227e-05
16 34 0.000419684 -0.000259098
16 35 0.000687429 -0.0002479
16 36 -7.88537e-05 0.000326168
16 37 3.61784e-05 0.000245725
16 39 -0.000121234 -0.000184812
16 40 0.000368213 0.00010659
16 41 -0.00022076 -0.000433099
16 42 8.24969e-05 -0.000162182
16 43 0.00121109 7.56374e-05
16 44 8.42109e-06 0.000242619
16 45 -3.00184e-05 0.000130109
16 46 3.19038e-05 8.35297e-05
16 47 -0.000480522 2.32318e-05
16 49 -0.000891951 -2.77812e-05
16 51 -1.8403e-05 6.61364e-05
16 52 -0.000202871 0.00016331
16 54 0.000314095 0.000184445
16 61 0.000130482 0.000101523
17 33 9.81873e-05 -1.47307e-05
17 34 0.000266527 -4.32733e-06
17 35 0.000608174 7.22473e-05
17 36 0.000357461 -0.000154053
17 37 0.000448503 -0.000108622
17 38 7.79432e-05 -3.3723e-05
17 39 0.000686805 -0.000283692
17 40 8.94265e-05 -0.000160364
17 41 -0.000320711 0.000160393
17 42 -3.53705e-05 -0.00015066
17 44 -0.000202262 -0.000211539
17 45 0.000134528 0.00014726
17 46 0.00127261 0.000418215
17 49 0.000308656 0.000176612
17 50 -0.000174062 0.000201311
18 34 6.55314e-05 -0.000298329
18 35 0.000299446 -3.11097e-05
18 36 2.12357e-05 -7.50258e-05
18 37 0.000137645 -0.000125585
18 38 9.61973e-05 -0.000254161
18 39 -0.000110882 -8.49365e-06
18 40 0.00033507 -3.34333e-05
18 41 0.000176884 -0.000294603
18 42 -0.000206905 0.00030418
18 43 -0.000130817 -0.000300467
18 44 0.000173071 -0.00018783
18 45 -8.72573e-05 0.000228566
18 46 5.32977e-05 0.000327385
18 48 -0.000384934 6.28831e-05
18 52 -5.55109e-05 0.000371805
18 66 0.00030549 8.11726e-05
19 34 0.000259405 0.000490762
19 35 0.000490587 8.89912e-05
19 36 0.000282323 0.000315487
19 37 0.000498047 -8.66389e-05
19 38 0.000114547 -0.000108075
19 39 -0.000602436 0.000149525
19 40 3.72076e-05 -0.00017593
19 41 0.000161282 -8.01893e-05
19 42 0.00015686 0.000324254
19 47 -7.98314e-05 4.25083e-05
19 48 0.000475498 0.000107791
19 49 0.00026318 0.000183408
19 50 0.000483073 -0.000116518
19 60 -0.000151648 0.000224228
20 36 -1.67452e-05 -0.000132058
20 37 0.000337777 8.26418e-06
20 38 0.000447596 0.000631688
20 39 0.000600436 -0.000221195
20 40 -0.000662055 -0.000478567
20 41 4.5747e-05 -2.18217e-05
20 42 0.000320353 0.00017847
20 43 2.95017e-05 0.000612534
20 46 -0.000569448 4.45766e-06
20 48 0.000286395 -0.000109903
20 49 2.5636e-05 -1.76844e-05
20 53 5.1937e-05 8.13877e-06
21 35 -0.000166888 0.000110574
21 36 0.000417171 5.18637e-06
21 37 0.000322784 0.00039238
21 38 0.000264793 -0.0003977
21 39 0.000374829 0.000118828
21 40 -0.000142316 -0.000176298
21 41 0.000130041 1.25751e-05
21 42 -0.000109993 -0.000105192
21 43 -0.000264426 -7.2679e-05
21 44 0.000103571 0.000334634
21 45 0.000396846 -9.24017e-05
21 46 0.000161087 -0.000143052
21 48 0.00045914 0.000657396
21 49 0.000123524 6.78109e-05
21 51 7.11863e-05 3.03406e-05
21 57 0.000125737 -0.000130845
21 58 -0.000169474 5.51523e-05
22 35 9.24788e-05 -0.000138691
22 36 0.000671838 -3.64423e-05
22 37 0.000333789 -0.000271205
22 39 0.000329514 8.35204e-05
22 40 9.71558e-05 -0.000211628
22 41 0.000358583 0.000122212
22 42 0.000169959 0.000139386
22 43 -6.91516e-05 0.000114762
22 44 6.49777e-05 4.4207e-05
22 45 0.000356364 -1.99578e-05
22 47 -0.000295662 9.49158e-05
22 48 -0.000337836 -0.000215797
22 54 -0.00021915 0.000103875
23 33 0.000307643 4.85227e-05
23 34 0.000358659 -5.14209e-05
23 35 0.000323376 -0.000349131
23 36 -0.000125279 0.000353382
23 37 4.61957e-05 0.000488493
23 38 0.000399749 -0.000169248
23 39 -0.00026536 2.07773e-05
23 40 0.000105047 -0.000100982
23 41 0.000249306 -0.000238881
23 43 0.000470186 0.000110718
23 46 -7.07959e-05 0.000163587
23 52 -0.000346848 0.000330291
23 56 0.000129205 0.000120986
24 33 0.000728543 -9.57408e-05
24 34 0.000545758 6.98331e-05
24 36 -0.00055764 -0.000390968
24 37 -0.000110456 8.04269e-05
24 38 0.000133664 -7.98786e-06
24 39 0.000125297 -6.82699e-05
24 40 0.000100672 0.000552983
24 41 -8.43553e-05 -9.63366e-05
24 42 0.000204095 8.10121e-05
24 45 -0.000106543 7.56149e-06
24 46 8.40051e-05 3.11135e-05
24 47 0.000162571 -0.000234791
24 49 0.000144601 0.000191248
24 50 6.96456e-05 -9.28804e-05
24 52 0.000194834 0.000104734
24 55 -4.75476e-05 -2.15198e-05
24 56 -0.000332343 0.000279471
24 59 -0.000192209 -2.31988e-05
25 34 -6.9624e-05 -0.000150206
25 35 -0.000239656 3.5752e-05
25 36 -6.59212e-05 2.99478e-06
25 37 0.000418918 -2.0219e-05
25 38 0.0007387 -0.000178876
25 39 5.19827e-05 1.19395e-05
25 40 4.0706e-05 6.08405e-05
25 41 -0.000697799 0.000271621
25 42 0.000299352 -0.00027994
25 44 0.000391818 -7.51796e-05
25 45 0.000208048 9.10815e-05
25 48 3.22606e-05 1.95192e-05
25 49 0.000371008 0.000231699
25 50 0.000377126 -6.83506e-05
25 53 -0.000201978 -0.000123632
25 60 0.000195262 -0.000411587
25 61 -0.000263912 8.25105e-05
26 33 0.000268995 -0.000204938
26 35 -0.000156005 3.22247e-05
26 36 -0.000179505 -0.000171814
26 37 -0.000291254 0.000217681
26 38 -9.13015e-05 -2.7242e-05
26 39 2.76366e-05 -1.82574e-05
26 40 0.00103898 -0.000351499
26 42 0.000109427 7.03943e-05
26 43 0.000104628 4.16037e-05
26 44 -2.14211e-05 0.000648471
26 46 7.09609e-06 -2.91766e-08
26 47 0.000499923 3.60905e-05
26 48 0.000254294 0.00031479
26 50 0.000232518 0.000261423
26 51 0.000166974 0.000101661
26 53 -0.000117297 8.00791e-05
26 56 -0.000195733 0.000376708
26 58 -0.000183439 2.91622e-05
26 60 -0.000308667 6.3658e-05
26 61 -0.000127687 -0.000478129
27 34 3.64936e-05 -3.46438e-05
27 36 7.33451e-05 -7.50383e-06
27 37 7.56759e-06 -0.000643332
27 38 -0.000123554 3.1979e-05
27 39 -0.000442231 0.000143714
27 40 0.000164946 -1.60684e-06
27 41 0.000128782 -4.0236e-05
27 43 0.000758755 0.000303678
27 44 0.00048155 -0.000122068
27 45 0.000153357 -3.8952e-05
27 46 -0.000246452 -5.30492e-05
27 48 6.74909e-05 4.88847e-05
27 49 -6.45021e-05 0.000100688
27 51 9.44643e-05 2.69254e-05
27 53 6.27239e-05 -6.51398e-05
27 60 -0.000421228 -0.000150884
27 61 -0.000258334 2.2958e-05
28 33 -0.000176153 0.000252297
28 34 -4.21928e-05 -0.000122
28 35 -4.03841e-06 -4.08703e-05
28 36 0.00076729 0.000261441
28 37 -0.000422266 -0.000449208
28 38 1.11859e-05 1.76719e-05
28 39 -2.14422e-05 4.61251e-06
28 40 0.000338763 0.000268506
28 41 0.00040217 9.56133e-05
28 43 0.000254365 -1.02156e-05
28 45 0.000194082 0.000190097
28 46 0.000208231 1.20604e-05
28 47 -0.000264258 0.000648999
28 48 0.000287242 -4.0248e-05
28 49 0.000101593 -4.93366e-05
28 50 -1.54646e-05 5.8511e-05
28 51 7.58045e-05 -7.17774e-06
28 52 -0.000327431 0.000360076
28 53 0.000335603 0.000335775
28 54 -5.70445e-05 0.000127098
28 57 0.000111867 -4.68979e-05
28 58 0.000144869 0.000240542
28 62 0.000129849 0.000171218
28 65 0.000317893 -2.67221e-05
29 33 0.000361411 -0.000260886
29 34 0.000626004 -7.11056e-05
29 35 0.000271189 -0.000124201
29 36 0.000216573 0.000157286
29 37 0.000193837 -0.000319377
29 38 0.000262174 8.26567e-05
29 39 0.000860543 0.000210356
29 40 0.00014328 -5.68552e-05
29 42 -0.000138246 0.000200724
29 43 5.66294e-05 4.89912e-06
29 44 0.000541818 0.000433301
29 46 -8.63069e-05 0.000304545
29 50 0.000256943 0.000150828
29 58 0.000188025 -0.000111112
30 33 0.000548904 -0.000395055
30 35 0.000540183 -0.000355465
30 36 0.000489229 5.2117e-05
30 37 0.000197158 -0.000134092
30 39 0.000407389 1.20916e-05
30 40 0.00047792 -7.07722e-05
30 41 0.000761191 0.000168741
30 42 0.000342486 0.000157898
30 43 2.48215e-05 -0.000167324
30 44 3.68118e-05 1.20602e-05
30 45 0.00058623 -7.89346e-05
30 46 7.26484e-05 0.000434559
30 47 -3.4208e-05 -0.000186013
30 48 -0.000444837 -0.000114859
30 50 -2.35116e-05 -0.000155179
30 52 -0.000258882 0.000321121
31 33 0.000133051 -0.000469167
31 36 0.000362481 -1.34367e-05
31 37 0.000454572 0.000588564
31 38 -0.00053406 0.00015108
31 40 0.000169288 4.253e-05
31 42 2.20574e-07 -1.6161e-07
31 43 0.000397589 4.45488e-05
31 44 -0.000153033 0.000281337
31 46 0.000507642 0.000253291
31 47 0.000299257 0.000191579
31 48 0.000276168 -0.000414971
31 50 -0.000401312 0.000270315
31 52 5.98676e-05 -0.000258606
31 53 -7.50449e-05 0.000387816
31 56 0.000235094 0.000173023
31 62 -0.000316788 6.84702e-05
31 66 0.000127542 0.00013275
32 34 0.000344341 -0.000237228
32 35 0.000612477 -8.96395e-06
32 36 0.000755573 0.000434157
32 37 2.06176e-05 4.85878e-05
32 38 0.000815389 0.000475974
32 39 0.000566481 -8.5734e-05
32 40 -4.02229e-06 4.99106e-05
32 41 -0.00014108 0.00027222
32 42 0.000293514 0.000636433
32 43 -0.000229952 -1.01561e-05
32 44 -0.00037793 -0.000191786
32 45 0.000412694 0.000266314
32 47 0.000361011 0.000704937
32 48 0.000305083 -0.000122264
32 50 0.000196967 8.25339e-05
32 51 0.000162582 2.66979e-05
32 53 0.000118284 0.00032284
32 55 0.000450963 0.000341144
32 56 -0.000241398 -0.000121628
32 66 0.000172219 0.000233647
33 33 -0.000106749 -0.000304354
33 34 0.000156154 9.68803e-05
33 35 -7.39613e-05 1.51177e-06
33 36 -3.17339e-05 4.40156e-05
33 38 0.000349916 5.19182e-05
33 41 0.000389342 -1.05938e-06
33 42 0.000474995 -3.74457e-06
33 43 0.000237228 0.000168908
33 44 0.000337853 -0.000170029
33 45 -0.000276576 0.000320157
33 46 0.00042333 5.98169e-05
33 47 0.000242448 3.49469e-05
33 48 -0.000186069 3.89185e-06
33 49 0.000120119 5.57024e-05
33 52 7.88172e-05 0.00011841
33 53 0.000109127 0.000306559
33 54 0.000327373 5.43995e-05
33 60 0.000289652 0.000338569
34 34 0.00037916 -0.000105645
34 35 0.000430978 0.000186611
34 36 0.000656699 -0.000301771
34 37 0.000327269 0.000197207
34 38 0.00027678 6.849e-05
34 39 5.55281e-06 -5.01549e-06
34 40 0.000559567 0.000152145
34 41 -0.000158941 -7.17303e-05
34 42 0.000585129 -0.000314409
34 43 0.000122372 0.0004406
34 44 0.000286113 0.000193345
34 45 -0.0004995 -5.00461e-06
34 46 0.000438375 0.000142658
34 47 4.44929e-05 0.000137696
34 49 -0.000203078 -0.000105665
34 50 -0.000163994 -4.94652e-05
34 53 4.21869e-05 4.50312e-05
34 56 -0.00032632 0.000300679
34 58 -0.00019662 0.000136342
34 60 0.000215818 0.000258059
34 63 -4.6023e-05 3.55586e-05
35 33 -0.000391523 0.000245092
35 34 0.000263555 -0.000100934
35 35 -0.000370985 -0.000321368
35 36 0.000496183 -0.000183022
35 37 0.000259211 -2.1488e-05
35 38 7.13652e-05 -7.04557e-05
35 39 0.000237418 0.000152874
35 42 0.000103721 -0.000225374
35 43 -0.000401559 4.60243e-05
35 45 0.000197924 -5.38067e-05
35 46 5.33083e-05 4.85419e-05
35 50 7.48024e-05 0.000138182
35 51 0.000300639 -5.12525e-05
35 56 3.89214e-05 1.09808e-05
35 60 -0.000110629 4.47708e-07
36 33 -0.000137959 -0.000120314
36 36 -0.000369393 5.92408e-05
36 37 0.000424024 -0.000158885
36 38 0.000228415 3.36354e-05
36 39 -0.000249343 -3.00932e-05
36 40 -0.000214507 -0.000418661
36 41 0.000299263 0.000245033
36 44 -0.00013036 0.000145086
36 48 0.000104837 0.000181864
36 50 0.000231948 -0.000424086
36 52 0.000110832 0.000321657
36 57 0.000471902 -5.94038e-05
37 34 -1.77069e-05 -2.96068e-05
37 35 -6.438e-05 1.98194e-05
37 36 0.000136932 0.00044313
37 37 0.000133334 -3.34301e-05
37 38 -0.000109537 -0.000189268
37 39 -4.13512e-05 0.000169154
37 40 1.31479e-05 4.84371e-05
37 41 0.000131935 -1.11401e-05
37 42 -8.51411e-05 -3.96895e-05
37 43 0.000490063 0.000452312
37 44 9.08152e-06 -0.000607018
37 45 -0.000290741 -6.98686e-05
37 46 -0.000276718 -0.00011843
37 47 0.000470994 8.65761e-05
37 49 -0.000141876 -8.94746e-05
37 50 0.000398341 4.42383e-06
37 57 0.000181024 0.000287759
37 65 0.000223371 -0.000124373
38 34 -9.32311e-05 -0.000118144
38 35 0.000204604 5.32817e-05
38 36 -0.000127058 0.000297245
38 37 0.00054268 -0.000103505
38 38 0.000562328 -0.000171535
38 39 8.53939e-05 0.000134075
38 40 -0.000119499 1.979e-05
38 41 -3.85316e-05 -6.03779e-06
38 42 -0.000263311 -0.000195403
38 43 2.35488e-05 -2.45677e-06
38 44 0.000119542 7.02979e-05
38 45 -0.000145638 0.000395345
38 47 -0.000138254 -8.27289e-05
38 50 0.000420381 -0.000300937
38 52 0.000357575 8.94485e-05
39 33 0.00013491 -0.000103686
39 34 0.000263982 -0.000541677
39 35 -9.52078e-05 0.000225743
39 36 0.000308851 0.00010404
39 37 0.000515732 -1.34793e-05
39 38 0.000569289 -0.000209257
39 39 6.27382e-05 8.35645e-05
39 40 -0.000174248 -9.60669e-05
39 41 0.000553294 -2.17032e-05
39 42 0.000251903 9.7521e-05
39 43 -9.86271e-05 0.000161159
39 44 0.000375258 -0.000213753
39 45 0.000337152 -0.000235636
39 46 0.000525515 9.94292e-05
39 48 0.000289213 0.000229054
39 49 -0.000109376 -0.00018985
39 53 0.000144457 -2.58724e-05
40 33 0.000130397 0.00013233
40 34 -0.000281994 -0.000319877
40 35 4.71162e-05 1.24236e-05
40 37 1.71044e-05 0.000258401
40 38 0.000247397 -0.000126534
40 39 0.000154021 -0.000381188
40 40 -2.7372e-05 8.70892e-05
40 41 0.000205666 0.000214186
40 42 0.00010005 5.27657e-05
40 43 -0.000173937 0.000219032
40 44 3.70139e-05 0.000118295
40 46 -0.000274738 0.000434558
40 52 -7.88129e-05 -7.24528e-05
40 54 0.000190466 0.000108323
40 55 1.92804e-05 -7.63603e-05
40 57 0.000265369 -0.000272056
40 59 -0.000219544 -0.000146815
40 61 0.000420552 4.66477e-06
40 62 -0.000119347 7.86864e-06
41 33 0.000140065 6.55831e-06
41 34 -9.94001e-05 -0.00034746
41 35 0.000212496 -0.000186755
41 36 0.000651419 -0.000169028
41 37 -3.98904e-05 0.000233644
41 38 0.00039092 -0.000195384
41 39 9.84904e-05 -0.000179241
41 41 0.000127139 0.00048836
41 42 0.00010456 -0.000163499
41 43 -0.000438877 0.00075861
41 44 -0.000298104 -0.000185964
41 46 0.00106153 3.00863e-05
41 55 3.20421e-05 -3.37391e-05
41 57 6.72219e-05 8.51415e-05
42 33 0.00013627 8.61405e-05
42 35 0.000336575 -0.000379385
42 36 0.000111527 0.000342114
42 37 0.000692064 -0.000306957
42 38 7.43314e-06 -0.00029375
42 39 -5.25853e-08 -0.000276823
42 40 -0.0001695 0.000580409
42 41 -8.19803e-05 -0.000146388
42 42 0.000269076 0.000275507
42 43 0.000650856 8.90476e-05
42 44 0.000443868 -0.000431487
42 45 -3.89759e-05 4.5327e-06
42 46 0.000474434 0.000637214
42 47 0.000180353 0.000570967
42 48 0.000233148 -4.76053e-05
42 51 -0.000398536 -7.4294e-05
42 52 2.48338e-06 2.79895e-06
42 53 0.00010008 0.000102444
42 55 0.000371937 3.62221e-05
42 56 -4.84695e-05 1.08024e-05
42 57 1.10007e-05 -0.00036185
42 64 3.11267e-05 -1.08246e-05
43 34 0.000436123 2.26726e-05
43 35 -0.000225529 4.52432e-05
43 36 0.000317079 -2.41845e-05
43 37 0.000200388 0.000107889
43 38 0.000157983 4.27923e-05
43 39 9.75656e-05 -5.26582e-05
43 40 -2.03881e-05 -6.7594e-06
43 41 0.000208497 3.48733e-05
43 42 9.95266e-05 3.42307e-05
43 43 -0.000378172 9.82825e-05
43 44 -0.000213771 -0.000311802
43 45 0.000265748 -0.000289421
43 46 0.000308567 -0.000127726
43 47 0.000373013 0.000245645
43 49 0.00013398 0.000307674
43 52 0.000213558 0.000195755
43 53 -5.81616e-05 0.000106032
43 55 -0.000138429 0.000414834
43 56 -0.000462873 0.00051001
43 57 -0.000266245 -0.000106458
43 58 8.49829e-05 3.29978e-05
44 35 0.000253652 0.000596368
44 36 0.000260102 -0.00018129
44 37 7.31801e-05 -5.54662e-05
44 38 8.02585e-05 -0.00015136
44 39 7.5925e-06 -3.6012e-05
44 40 -7.35286e-05 -0.000100501
44 41 -0.000447131 6.5275e-06
44 43 0.000585661 0.000207935
44 45 0.000317459 0.000297972
44 46 0.000400131 -9.29708e-05
44 48 0.000395619 7.06082e-05
44 49 6.62569e-05 -3.18894e-05
44 50 -4.63013e-05 5.2934e-05
44 51 0.000213894 6.45687e-05
44 53 0.000269295 -0.000216435
44 54 0.00028896 0.00020202
44 55 -0.000265389 -0.000119159
44 61 9.0837e-06 1.32831e-05
45 33 -0.000147735 -3.24704e-06
45 34 0.000215337 -0.000319282
45 35 0.000745983 1.51102e-05
45 36 0.000597266 -0.000327672
45 37 -0.000371893 0.000226525
45 38 0.000994627 5.69272e-05
45 39 -0.000109352 0.000380567
45 40 -0.000270307 1.52816e-05
45 41 9.05731e-05 0.000708659
45 42 3.08871e-05 9.7578e-06
45 43 0.0005005 -2.75963e-05
45 44 0.000195562 0.000329182
45 46 -0.000226939 -3.20821e-05
45 47 -0.000309589 -4.91572e-06
45 48 0.000230033 0.000565891
45 51 0.000257014 0.000144341
45 52 3.67262e-05 2.32022e-05
45 53 0.000191765 -0.000165822
45 56 0.000115851 -4.88116e-05
46 35 8.02877e-05 0.000105124
46 36 -0.000219636 2.17029e-05
46 37 5.20617e-05 6.47565e-05
46 38 -0.000483153 0.00020442
46 39 0.000101642 0.000758712
46 40 0.000206752 2.44857e-05
46 42 0.000461989 -2.11059e-06
46 44 0.000164218 0.000260328
46 46 -7.15017e-05 0.00010663
46 47 0.000445458 6.3832e-05
46 52 0.000160622 0.000113325
46 53 0.000330134 0.000183361
46 55 0.000256538 0.000344621
46 60 8.20503e-05 5.01925e-05
47 36 -0.000181578 0.000290806
47 37 5.98051e-05 5.38835e-05
47 38 0.000574539 -0.000471931
47 39 0.000691097 0.000292366
47 41 -0.000356515 0.000122576
47 42 9.34457e-05 0.000176452
47 43 0.000101263 3.23263e-05
47 45 0.000148357 7.74956e-05
47 46 0.000378092 -0.000543957
47 47 -0.0001354 0.00022146
47 48 -0.000255371 8.45166e-05
47 49 -0.000133452 0.000407196
47 50 0.00019062 8.83829e-06
47 51 0.000356723 1.10446e-05
47 52 -0.000336428 -0.000225615
47 55 3.38777e-05 1.07001e-05
47 63 0.000370945 0.000133514
48 34 4.97537e-06 -0.000365962
48 35 -7.62659e-05 7.92436e-05
48 36 -0.000193027 -0.000940141
48 38 0.000366473 -0.000111658
48 39 -9.42521e-05 -0.000207748
48 40 0.000850531 6.11375e-05
48 41 -0.000317064 -5.39037e-06
48 43 8.18769e-05 7.81879e-05
48 45 0.00049402 -0.000342723
48 47 -2.86046e-05 8.54479e-05
48 49 0.000115938 0.000217492
48 50 0.000326396 -0.000147345
48 51 9.96279e-05 0.000303181
48 57 -0.000123677 0.000375728
49 35 4.17423e-06 -2.83726e-06
49 36 0.000253868 0.000233189
49 38 0.000300932 0.000182192
49 39 -0.000207068 0.000250826
49 40 0.000510596 -2.32905e-05
49 41 0.00028249 0.000256224
49 42 0.000657275 -0.000325247
49 43 -0.000174198 -8.50322e-05
49 44 -0.000323823 -0.000238868
49 45 0.000110296 0.000461681
49 46 5.63964e-05 0.00034831
49 47 0.000158259 0.000176379
49 48 0.00023168 7.07043e-05
49 50 0.000488278 2.62492e-05
49 53 -0.000330961 0.000298578
49 54 -0.000168548 -3.7107e-05
49 61 6.33255e-05 1.37993e-05
50 35 8.59912e-05 2.27545e-05
50 36 0.000171733 5.6418e-05
50 37 -0.000155702 -7.89992e-05
50 38 9.36451e-06 2.90474e-07
50 39 -0.000324553 0.0002819
50 40 0.000268278 0.000190694
50 41 0.000287211 -4.6557e-05
50 42 0.000136865 -0.000138868
50 43 0.000143549 4.83191e-05
50 44 0.000415945 8.68672e-05
50 45 -3.16355e-05 4.48782e-05
50 47 6.97678e-05 6.5756e-05
50 48 8.6938e-05 3.67388e-05
50 49 3.60566e-05 -0.000137675
50 50 -0.00012774 0.000436871
50 57 -0.000277999 0.000188275
50 60 0.000174078 0.000115184
51 33 -0.000231335 -2.29088e-05
51 34 8.22287e-05 -1.48835e-05
51 36 -0.000116128 -0.000305404
51 37 0.000314517 8.88111e-05
51 38 0.000715057 -0.000553775
51 40 9.58231e-05 0.000163097
51 41 0.000187612 -0.000153975
51 42 0.000477182 0.000100834
51 44 0.000144979 3.64365e-05
51 46 0.000298966 1.78393e-06
51 47 0.000134535 -3.68424e-05
51 48 8.58738e-05 9.9687e-05
51 53 -6.82408e-05 -1.25532e-05
51 55 -0.000428333 5.24839e-05
51 56 0.00026995 0.000151981
51 61 0.000139573 3.75246e-05
52 33 -0.000215698 -0.000186596
52 34 4.9611e-05 3.30772e-06
52 36 -7.36295e-05 -0.000180959
52 37 3.87862e-05 1.22966e-05
52 38 0.000364628 -0.000145693
52 39 8.8571e-05 -9.84935e-06
52 40 -0.000577361 0.000181374
52 41 4.8876e-05 4.65706e-05
52 42 -1.8313e-06 7.82661e-06
52 43 0.000382155 -0.000117154
52 45 9.53459e-05 0.00010961
52 46 0.000319474 0.000249383
52 51 0.000297213 0.000352011
52 52 0.000446525 1.38209e-05
52 53 1.52675e-05 3.65188e-05
52 54 7.69985e-05 -0.000164932
52 56 0.000147125 0.000191705
52 58 -0.000255836 0.000342224
52 61 0.000476843 7.57364e-05
53 34 0.000363776 -7.8671e-05
53 35 0.000478721 -3.78156e-05
53 36 2.64107e-05 -3.63698e-05
53 38 9.51927e-05 -5.30766e-05
53 39 0.000620587 -0.000135875
53 40 4.06301e-05 -0.000563166
53 41 0.000112343 -0.000127102
53 42 1.23042e-05 9.93822e-06
53 43 0.00027069 -0.000178122
53 44 0.000133989 0.000233953
53 45 0.000156338 6.49818e-05
53 46 7.40149e-06 3.15258e-06
53 47 0.000172444 -4.93813e-05
53 50 3.86967e-05 0.000139448
53 52 -7.94958e-05 -2.06559e-05
53 55 0.000115464 9.11501e-05
53 57 5.35783e-05 5.78348e-05
53 58 0.000189231 0.000234014
53 60 1.90984e-05 -2.5318e-06
53 61 -5.39098e-05 -7.85175e-05
54 36 0.000623987 1.05054e-05
54 38 0.00102657 0.000103016
54 39 0.000399293 0.000133946
54 41 -0.000244656 0.0002187
54 42 1.26799e-05 -7.58404e-06
54 44 4.4657e-06 1.49335e-06
54 45 -9.4588e-06 -1.80839e-05
54 53 1.89605e-05 4.82699e-05
54 54 9.78177e-06 1.3608e-05
54 56 -0.000481543 1.44852e-05
54 57 0.000264023 3.73803e-05
54 61 -6.70349e-05 9.07648e-05
55 33 0.000248055 1.11821e-05
55 34 -5.90395e-05 -1.91453e-05
55 35 0.000736845 -0.000212382
55 36 0.000327162 -0.00019495
55 37 -0.000260266 -0.000162555
55 38 -0.000533885 0.000117042
55 39 0.000380731 -0.000100426
55 41 0.000138993 -0.000181873
55 42 0.000474334 0.000344611
55 44 0.000353257 0.000217961
55 45 -0.000116511 7.33391e-05
55 46 -0.000174374 -9.41413e-05
55 47 0.000762582 -0.00015375
55 48 0.000100617 7.97767e-05
55 49 0.000355755 0.000174984
55 55 7.40263e-07 8.37757e-06
55 60 0.000179936 0.000419367
56 33 0.000396443 3.86113e-05
56 34 -0.000253329 -0.000147417
56 35 0.000361082 -5.47729e-05
56 37 0.000195791 7.33705e-05
56 38 2.20659e-05 -2.46575e-05
56 39 9.11754e-05 -6.95077e-05
56 40 2.59908e-05 1.69165e-05
56 41 0.000522494 -0.000625782
56 42 0.000975829 -9.43451e-05
56 44 -6.31362e-05 -4.69694e-05
56 45 0.000451047 0.00052333
56 46 -8.89084e-06 -0.000128529
56 47 0.000149871 0.000245379
56 48 6.70627e-05 9.46385e-05
56 51 4.42061e-05 0.00044776
56 52 -0.0001468 0.000106556
56 56 7.51135e-05 5.69321e-05
56 61 -0.000171433 -8.71718e-05
57 33 -0.000475023 -0.000408127
57 34 4.72456e-05 -4.77121e-05
57 36 3.70541e-05 5.53651e-06
57 38 -0.000458468 -0.000333009
57 39 -0.000357296 -3.90281e-05
57 42 2.55693e-05 8.62064e-05
57 43 0.000102586 9.99798e-05
57 45 0.000453414 -5.53731e-05
57 47 5.29225e-05 -7.76632e-06
57 56 0.000384812 -7.66675e-05
57 57 0.000435485 0.000183222
57 62 0.000363961 6.40625e-05
58 33 0.000229634 -1.98965e-05
58 34 -6.4041e-05 -0.000139599
58 35 0.000250349 1.46646e-05
58 36 0.000128299 0.000215476
58 37 0.000232518 -8.52706e-05
58 40 0.000325514 0.000351144
58 41 -0.000223691 -2.1382e-06
58 42 7.61118e-05 1.85189e-05
58 45 0.000108458 -3.32161e-05
58 47 5.76057e-06 -3.34919e-06
58 48 2.87486e-05 -2.37066e-05
58 54 -2.76258e-05 -0.000156993
58 57 4.0087e-05 0.000124428
58 60 0.000457135 5.51582e-05
59 34 2.8388e-05 -6.74923e-06
59 36 0.000314999 3.94547e-05
59 37 -0.000164301 -0.000256278
59 40 0.000359973 -0.000107724
59 42 1.32168e-05 -2.56805e-06
59 43 -1.06154e-05 9.96305e-06
59 44 0.00031318 -0.000216725
59 48 -0.000373737 -0.000193252
59 49 7.64039e-05 7.9869e-07
59 52 -3.68219e-05 -0.000282861
59 55 8.17286e-05 0.000167275
59 61 -6.51835e-05 -8.51775e-05
60 33 0.000294943 -2.40815e-05
60 34 0.000398829 -0.000184535
60 36 2.26978e-05 1.16757e-05
60 37 -5.38755e-05 4.49227e-06
60 38 0.000341805 0.00016388
60 40 0.00035046 0.000142517
60 41 0.000276491 0.000254506
60 42 0.000270515 -0.000237948
60 43 2.86399e-06 0.000131672
60 46 -0.000191813 -5.91846e-05
60 47 0.000160016 4.21979e-05
60 52 -0.000215633 -0.000238707
60 53 -6.61696e-06 5.99467e-06
60 56 1.10964e-06 2.33807e-06
60 66 -0.000462573 -0.000170591
61 37 -0.000429411 0.00011392
61 38 0.000197939 0.000114737
61 39 0.000328508 -0.00023133
61 40 -0.000684237 -0.00042723
61 41 0.000997904 0.000327222
61 42 0.000143415 -5.43176e-05
61 44 0.000345156 -6.32495e-05
61 46 0.000116971 0.000554252
61 48 0.000638485 5.4816e-05
61 49 -0.000293031 -0.00026205
61 50 -0.000625881 -0.000465446
61 51 0.000399229 0.000186429
61 52 0.000196525 0.000421816
61 57 3.0972e-05 -3.23006e-06
61 60 -0.000177923 0.000143533
61 64 -0.000105534 -0.000194459
62 35 0.000478011 -5.95177e-05
62 36 0.000434769 -0.000151338
62 38 0.00042025 0.000185483
62 39 0.000214001 -0.000133153
62 40 -0.000250905 0.000255709
62 41 0.000486047 2.95605e-05
62 42 -0.00025119 -5.86717e-05
62 44 1.57313e-05 -0.000318942
62 47 2.95875e-05 9.01614e-05
62 51 -0.000265654 6.80155e-05
62 52 -0.000228724 -0.000227877
62 53 -3.58767e-05 6.94582e-05
62 54 -0.000321363 0.000354293
62 55 0.000235719 -6.52412e-05
63 34 -0.00025895 -0.00032848
63 37 -3.5712e-05 1.86213e-05
63 39 -0.000184695 -1.14066e-05
63 40 0.00011688 -9.66831e-05
63 41 6.68882e-05 8.88084e-05
63 44 5.06319e-05 -3.79372e-05
63 45 7.31448e-05 -0.000255789
63 46 0.000304814 0.00032947
63 47 0.000171174 0.000165322
63 50 -0.000114678 -4.42801e-05
63 52 3.98169e-06 6.12813e-06
63 53 -0.000114334 0.000590523
63 55 -0.000361183 4.13789e-05
63 56 0.000288395 0.000346788
63 59 -0.000322874 -0.000112868
63 60 3.38882e-05 2.79047e-06
63 66 0.000119544 0.000264381
64 34 8.62476e-05 5.68823e-05
64 36 4.38827e-05 2.34761e-05
64 37 0.000128562 4.44974e-07
64 38 0.000332046 -1.76008e-05
64 40 0.00129521 0.000163957
64 42 0.000445546 0.000213389
64 43 0.000108532 0.0001296
64 44 0.000414386 8.63795e-05
64 46 0.0001349 -1.083e-05
64 48 0.000202929 -5.58281e-05
64 49 -0.000112567 0.000381897
64 54 1.00101e-05 9.38901e-05
64 56 -0.00023111 8.22124e-05
64 57 2.83025e-05 0.00022169
64 60 0.000335301 -0.000250214
65 34 -7.0101e-05 -0.000239424
65 35 -0.000148793 7.94173e-05
65 37 0.000360353 -0.000268137
65 38 0.000731648 0.000118154
65 39 0.000238925 -0.000279554
65 41 0.000356897 0.000251443
65 42 0.000366916 0.000294819
65 45 0.000158208 7.48776e-05
65 48 6.29726e-05 7.112e-06
65 55 -0.000439805 0.000214433
65 56 -7.44672e-05 0.000163723
65 58 -0.000116916 0.000117295
66 34 1.16398e-05 -7.76619e-06
66 35 -0.000340813 -0.000228083
66 39 0.000881883 -0.000214686
66 42 0.000318411 -9.24673e-06
66 47 0.000380868 -0.000282828
66 59 -8.886e-05 -0.000184139
