0 33 19.1682 3267.59
0 34 36.8769 5592.97
0 35 26.5419 6474.32
0 36 2.18556 8355.04
0 37 -83.0699 15257.9
1 33 35.0835 9788.08
1 34 43.3653 17523.5
1 35 11.7554 19880.4
1 36 -96.7384 25747.9
1 37 -128.319 40857.9
2 33 34.7277 16155.1
2 34 -110.403 28372.8
2 35 99.1413 32880.1
2 36 -12.7232 41658.4
2 37 -130.828 68543.4
3 33 27.2928 21914.9
3 34 -105.848 38877.9
3 35 105.944 44971.9
3 36 344.846 57456.8
3 37 279.833 92103.5
3 41 -7.74219 1.0037
4 33 -11.5267 27647.7
4 34 253.184 48383.3
4 35 364.029 55344.3
4 36 516.982 70560.6
4 37 1023.27 114988
4 39 -9.10852 -2.60647
4 40 -1.81261 4.66102
4 41 14.9659 2.51234
5 33 58.3936 31883.8
5 34 83.7932 55560.4
5 35 269.344 64561.5
5 36 439.228 82995.9
5 37 1028.81 136699
5 39 4.98775 -2.21251
5 41 7.57535 -0.282563
6 33 159.295 36137.4
6 34 188.752 63154.2
6 35 238.31 73568.2
6 36 474 94323.4
6 37 1856.36 151362
7 33 146.101 38607.1
7 34 63.2297 68184.3
7 35 285.923 78710
7 36 776.64 99658.1
7 37 2835.4 167782
7 42 7.45361 3.9626
7 46 -5.46429 2.54987
8 33 9.91643 40930
8 34 509.899 71559.5
8 35 742.896 82807.4
8 36 987.574 105992
8 37 2362.62 173596
8 38 4.45777 3.97627
8 43 5.03201 -0.0624303
8 51 -5.04757 2.28549
9 33 -59.4592 42824
9 34 373.647 74499.4
9 35 736.914 86091.8
9 36 1263.96 109840
9 37 2359.27 179161
9 63 4.08766 -4.50612
10 33 125.582 42554.5
10 34 473.203 75108
10 35 737.037 86691.2
10 36 1640.39 110019
10 37 3504.97 180646
10 38 -1.88966 12.0529
11 33 234.108 42417.5
11 34 444.942 73804.3
11 35 1020.29 86239.6
11 36 1940.74 110409
11 37 4087.59 180480
11 38 4.86815 2.53136
11 39 10.9757 2.33996
11 41 8.61376 -3.20345
12 33 131.981 41143.5
12 34 255.173 72626.2
12 35 1216 84447.2
12 36 1988.33 107962
12 37 3963.92 178397
12 38 0.518067 2.40467
12 40 -2.6671 -3.91595
12 42 -15.2318 12.7636
13 33 84.9146 39561.9
13 34 362.709 69119.4
13 35 1027.87 79631.3
13 36 2053.92 102734
13 37 4688.73 167351
13 40 -4.19464 -2.86275
13 42 -5.26549 4.49373
14 33 88.3748 36700.3
14 34 501.113 64380.2
14 35 731.005 74518.2
14 36 1705.59 97254.6
14 37 4595.45 163346
14 38 -3.64956 4.80706
14 44 -2.91324 4.59396
14 53 5.51089 10.2773
14 56 -5.98756 0.123914
15 33 -59.0025 35086.1
15 34 262.117 61617
15 35 763.93 71143.5
15 36 1695.87 90390.8
15 37 4206.4 149898
15 38 4.48291 3.5905
15 39 -8.50177 17.9742
15 43 -6.59481 12.4666
15 44 -2.65263 4.20265
15 49 -7.94559 -3.70882
15 53 5.66951 11.1064
15 54 1.9523 4.65362
16 33 153.141 32044.9
16 34 346.88 56593.2
16 35 833.045 65943.4
16 36 1473.93 84511.3
16 37 4433.51 141225
16 38 5.7139 -3.88943
16 41 4.15549 -2.2504
16 42 4.15285 -4.32918
16 43 1.3289 -1.05171
16 49 4.25926 -1.82268
16 54 11.8424 13.0651
17 33 42.0827 29410.8
17 34 634.235 51629.7
17 35 730.326 60521.5
17 36 1373.54 78759
17 37 4505.04 127786
17 42 6.97907 -7.88341
18 33 110.707 25428.7
18 34 481.584 44407
18 35 765.709 51789
18 36 1677.66 67021.7
18 37 4224.79 111514
18 39 5.89252 2.39351
19 33 24.2893 23035.2
19 34 301.957 41030.5
19 35 678.493 47450.9
19 36 1356.69 60566.5
19 37 3608.51 103924
19 39 -4.17072 -0.664353
20 33 64.0175 20482
20 34 400.698 36034.1
20 35 704.882 41768.3
20 36 1485.49 53738.9
20 37 2773.02 86264.2
20 38 -3.62546 -4.6859
20 39 -8.10706 -3.44861
20 44 5.38202 -9.34772
20 51 -4.27982 9.66445
20 54 -5.49986 1.12151
21 33 49.0793 18102.7
21 34 516.947 31527.6
21 35 786.781 36065.5
21 36 1458.6 46443.6
21 37 3105.29 77081.2
21 41 -2.88319 5.11525
21 50 -4.32888 9.06245
21 51 -4.03482 8.69726
22 33 116.29 14763.5
22 34 389.235 26295.3
22 35 669.949 31322.6
22 36 1230.49 40332.4
22 37 2902.12 67054.6
22 38 -12.2105 6.80267
22 42 -16.6614 0.740205
22 50 -2.94237 6.16653
23 33 -10.5549 13184.4
23 34 371.292 23198.6
23 35 484.837 26907.8
23 36 1258.73 35350.7
23 37 2392.74 59569.6
23 39 -1.90512 6.21032
23 42 -10.3928 -2.4103
23 44 -5.38776 -3.31448
23 50 -3.65899 6.59923
24 33 115.262 11279.7
24 34 242.911 19730.1
24 35 487.766 22624.7
24 36 979.495 28441.1
24 37 2499.2 48413.2
24 39 11.1708 6.17301
24 40 -9.674 11.9283
24 50 -0.794153 1.4534
24 60 -5.21283 3.28183
25 33 51.3776 8823.42
25 34 164.204 15643
25 35 539.018 18249.2
25 36 894.164 23963.3
25 37 1772.06 41906.3
25 41 9.209 -6.41667
25 43 -5.23323 4.06405
25 45 -5.21105 -3.16209
25 51 -3.56367 4.93971
26 33 73.5637 7559.27
26 34 100.079 13204.4
26 35 392.791 15529.9
26 36 849.917 20093.2
26 37 1587.35 32525.1
26 38 3.1038 3.73805
26 41 5.88723 -0.332025
26 42 -2.36788 -4.88013
26 48 -4.44014 -3.99007
26 55 3.64209 5.29133
26 56 9.52056 12.966
26 57 9.58615 1.56351
27 33 89.8938 5925.69
27 34 45.4546 10329
27 35 335.373 12418.4
27 36 644.063 16218
27 37 1396 26714.6
27 41 5.64264 1.39721
27 42 4.59515 -1.33341
27 48 -2.37304 -3.26267
27 56 7.37821 7.08149
27 57 5.60816 0.300289
27 58 -10.8795 -2.9049
28 33 45.5648 4678.29
28 34 145.754 8153.34
28 35 297.048 9382.94
28 36 437.863 12753.5
28 37 1114.7 22001.8
28 42 6.98225 2.6429
28 43 2.27289 -3.36232
29 33 23.0925 4113.98
29 34 136.581 7238.35
29 35 165.156 8382.66
29 36 328.523 10637.1
29 37 1150.88 17506.6
29 42 -4.53069 -3.58684
29 43 4.84627 -0.318184
29 59 -7.72192 1.14224
30 33 20.4351 2904.83
30 34 181.463 5504.01
30 35 198.091 6165.7
30 36 423.199 7919.89
30 37 722.629 14041.5
30 38 7.9366 10.3973
30 40 5.64234 -1.74061
30 41 3.38592 2.3759
30 43 10.5051 -0.500799
31 33 50.8648 2219.19
31 34 102.938 3622.7
31 35 150.74 4508.86
31 36 302.806 6243.8
31 37 590.634 11136.3
31 38 9.01199 28.5315
31 41 3.41649 2.26531
31 44 -4.84442 -2.33704
32 33 32.1507 1774.75
32 34 42.4525 3134.22
32 35 158.315 3586.01
32 36 208.998 4709.4
32 37 604.904 7927.93
32 38 7.456 2.34487
32 39 -5.84905 0.93145
32 40 -5.63496 -1.66367
32 41 3.63429 2.60535
32 65 -2.96407 -3.41822
33 33 8.15241 1483.5
33 34 21.1714 2660.64
33 35 104.93 3048.82
33 36 107.374 3818.71
33 37 458.4 6802.23
33 41 3.27484 2.26297
34 33 -1.60984 1023.14
34 34 5.3172 1786.01
34 35 90.7362 2269.01
34 36 171.973 3022.75
34 37 363.431 5021.17
34 41 4.86263 3.47182
34 43 -3.97135 4.69113
34 50 -4.74832 -2.77849
35 33 12.0048 638.935
35 34 10.6353 1131.79
35 35 5.00178 1343.98
35 36 157.681 1880.42
35 37 264.245 3394.87
35 41 4.54987 2.89122
35 42 3.32361 1.07874
35 48 3.56499 -2.19584
35 53 -7.75732 -1.69096
36 33 14.2199 656.993
36 34 2.37388 1101.67
36 35 54.0381 1205.52
36 36 91.9649 1631.8
36 37 119.096 2807.61
36 38 -5.09903 -2.7576
36 39 0.742925 -10.3609
36 40 5.8264 1.67573
36 41 12.679 2.78762
36 42 19.4005 5.50194
37 33 2.59861 360.413
37 34 9.90494 727.202
37 35 30.1058 923.884
37 36 107.963 1109.74
37 37 137.133 1743.74
37 40 5.00173 2.88152
37 41 11.2704 6.04159
37 50 3.27935 3.31395
38 33 1.23054 290.127
38 34 3.38309 455.083
38 35 4.17379 450.635
38 36 71.0004 880.64
38 37 130.956 1489.2
38 41 4.42632 -0.42565
38 45 5.62783 0.655485
38 48 -5.30369 -2.13442
39 33 2.57202 170.133
39 34 0.148498 361.457
39 35 9.55693 489.048
39 36 22.1097 476.36
39 37 105.288 729.728
39 43 13.5832 2.85114
39 44 6.83669 7.10187
40 33 14.169 196.844
40 34 9.65276 319.329
40 35 13.8383 343
40 36 24.3519 513.33
40 37 67.9113 932.179
40 38 -5.00476 2.41273
40 43 14.507 7.38033
40 44 4.38145 5.69562
40 56 -11.1013 3.82118
41 33 1.15348 150.605
41 34 -0.205946 261.48
41 35 11.3572 248.018
41 36 24.5005 351.006
41 37 83.916 504.678
42 33 3.90876 66.9718
42 34 6.46519 142.221
42 35 20.498 239.173
42 36 22.6602 341.632
42 37 46.0844 482.437
42 39 5.56935 1.70636
42 41 12.1772 15.3893
43 33 3.66533 68.5346
43 34 10.653 112.638
43 35 4.20284 91.7694
43 36 10.1954 131.425
43 37 17.3645 355.998
43 43 -1.77149 -4.02536
43 44 7.16438 -1.58116
43 58 6.23705 7.80847
44 33 0.341247 14.9332
44 34 5.85956 26.8831
44 35 1.26004 32.3581
44 36 -6.24918 40.0564
44 37 19.9097 151.508
44 58 10.8774 14.2962
45 33 0.472219 14.8054
45 34 9.13283 32.8583
45 35 0.68154 56.0905
45 36 20.2166 82.5859
45 37 10.1663 96.8649
45 42 1.93824 0.991359
45 45 -4.49045 1.70412
45 51 3.07096 -1.45296
45 58 11.5023 22.401
46 33 0.338268 7.32427
46 34 11.6777 22.8572
46 35 -6.43821 13.3275
46 36 -2.09518 20.5605
46 37 3.17255 97.5886
46 41 -5.31801 -2.05099
46 42 4.11297 2.09182
46 49 3.52801 -2.59937
46 51 5.29674 -2.29847
46 57 4.70218 -1.73838
47 33 0.211712 23.3418
47 34 0.538231 36.6669
47 35 -0.221168 38.0322
47 36 -2.51978 20.766
47 37 -0.122088 1.07579
47 38 5.37518 0.379696
47 40 10.4802 -2.74105
47 42 4.26409 2.2256
47 48 -4.87008 2.74677
47 51 4.97774 -2.55424
47 57 5.53059 -1.98384
48 33 0.0828981 14.4114
48 34 0.803101 26.2237
48 35 1.22342 32.6106
48 36 2.98248 42.6317
48 37 -4.464 32.5705
48 39 -2.50341 2.35656
48 42 -5.62691 10.1219
48 43 5.21074 2.80989
48 50 8.67174 -4.81524
48 51 -10.3573 15.8656
49 36 3.04165 17.1446
49 37 4.99278 24.5932
49 43 5.2989 2.6994
49 50 -1.76579 -6.18629
49 56 -6.97968 -7.88803
49 63 -12.5222 -1.83964
50 36 -1.06976 7.51054
50 37 -2.83394 85.1598
50 39 -4.23897 0.283406
50 43 4.241 2.21533
50 44 5.90469 -0.645092
50 48 -3.99961 3.68787
51 35 -0.480342 3.72835
51 36 -2.35594 12.7911
51 40 -3.79906 2.26416
51 43 8.42225 4.29344
51 54 -1.17408 -4.6827
51 59 5.25482 0.158449
51 62 -4.54554 10.2413
52 34 -0.712502 8.91047
52 35 -1.50531 13.203
52 38 5.69379 -1.17022
52 39 5.35864 -1.76484
52 43 16.7548 8.41453
52 54 3.4918 6.02828
52 58 -10.7848 0.030132
53 33 0.0131091 7.20086
53 34 -0.0821757 3.06153
54 35 -5.82685 2.06529
54 36 4.53595 -1.91865
54 41 11.9547 -9.96199
54 42 2.92034 3.60607
54 49 1.37974 0.804973
54 50 -4.84748 3.43209
54 54 -11.282 -2.78188
55 41 -14.3223 1.64757
55 45 6.14094 0.635844
55 46 -3.03703 3.78089
55 49 1.28051 3.44874
56 35 5.96647 5.41325
56 38 -4.04477 2.99503
56 39 5.28711 0.151817
56 43 -4.1305 -1.22187
56 49 12.9622 7.46886
57 36 -2.27449 6.0223
58 35 -1.3331 -5.76379
58 40 4.71327 9.63601
59 59 -4.60748 3.03374
60 37 4.14983 3.90941
60 48 -0.662829 -4.37781
62 49 1.4098 6.04912
63 40 -3.76772 4.17795
63 44 5.51396 -1.88115
63 59 9.75935 -2.66203
63 60 7.1299 0.0424282
64 59 9.26644 1.72179
65 41 4.37873 2.86277
66 38 -0.0122233 -0.0053508
66 39 0.00269747 -0.00529662
66 41 5.40214 -0.713928
66 42 0.0157085 -0.00390344
66 49 0.516269 0.853912
