130.52 1 -0.04 0 0 0 0 0.96 +/- 0.218211
130.52 1 -0.04 0 0 0 0 0.96 +/- 0.218211
160.09 1 -0.04 0 0 -0.002133 0 0.957867 +/- 0.21855
160.09 1 -0.04 0 0 -0.002133 0 0.957867 +/- 0.21855
190.48 1 0 0 0 -0.00582978 0 0.99417 +/- 0.115102
190.48 1 0 0 0 -0.00582978 0 0.99417 +/- 0.115102
221.06 1 -0.03 0 0 0 0 0.97 +/- 0.241886
221.06 1 -0.03 0 0 0 0 0.97 +/- 0.241886
250 1 0 0 0 0 0 1 +/- 0.173205
250 1 0 0 0 0 0 1 +/- 0.173205
-4.54749e-58 1 0.01 0 0 -0.00219622 0 1.0078 +/- 0.143451
-4.54749e-58 1 0.01 0 0 -0.00219622 0 1.0078 +/- 0.143451
-7.74685e-73 0.99 0 0 0 0 0 0.99 +/- 0.14036
-3.58381e-72 0.99 0 0 0 0 0 0.99 +/- 0.14036
