0 33 -0.0938604 2.7287
0 34 0.518654 1.66487
0 35 -0.332713 0.576751
0 36 2.15951 0.192467
0 37 -0.141058 -0.524389
0 38 0.14883 -0.0795929
0 39 0.517385 -0.218178
0 41 0.00412626 0.0052219
0 46 -0.237596 -0.0399507
1 33 -1.89281 3.68078
1 34 1.78391 -3.68627
1 35 0.0115227 0.813157
1 36 1.32997 2.99128
1 37 1.33187 0.22846
1 38 0.0705074 0.152191
1 39 -0.362954 1.4241
1 41 0.270072 -0.0471725
1 42 -0.174316 0.0305925
1 43 -0.139104 0.10708
1 44 -0.494083 -0.0663106
2 33 1.45416 8.818
2 34 3.00122 2.20628
2 35 0.515849 2.47525
2 36 0.0666194 2.76666
2 37 -1.45384 1.63582
2 38 1.00074 -0.156296
2 39 -2.30223 -1.67208
2 40 1.15382 0.834035
2 41 -0.0658564 -0.031116
2 42 -0.0133378 0.000977164
2 43 -0.244917 -1.03753
2 45 0.0167071 -0.0693226
2 50 0.0174338 0.0481505
2 56 -0.0659547 0.0556337
3 33 2.04009 13.6946
3 34 10.3073 0.656772
3 35 2.58429 -1.15574
3 36 0.917429 2.06038
3 37 -0.192221 3.5518
3 38 2.19296 3.46859
3 39 1.14619 0.210777
3 40 0.262605 0.0717928
3 41 0.0484731 -0.0563543
3 42 -0.0586966 -0.420858
3 43 0.271765 -1.36969
3 44 -0.00799581 -0.118154
3 45 -0.36941 -0.0328924
3 46 0.409406 -0.107547
3 49 -0.0364552 -0.00738809
3 52 0.211029 1.13162
3 53 0.167589 -0.0517267
3 54 0.0389037 0.140621
3 58 0.346351 -0.239055
4 33 1.55955 10.6098
4 34 -7.0329 4.81399
4 35 -1.91224 4.26408
4 36 -0.154095 2.80822
4 37 -2.64787 1.43346
4 38 -3.08145 2.31688
4 39 0.551072 1.8617
4 40 0.0548485 0.678153
4 41 0.0621228 -0.0712644
4 42 0.177988 0.458962
4 43 -0.294716 0.331318
4 44 -0.0388403 -0.0120609
4 45 -0.0445286 0.0262867
4 46 0.739848 1.34219
4 47 0.0682548 -0.052494
4 48 0.0158748 0.000167831
4 54 0.112386 -0.0592112
4 56 -0.0779699 0.163737
5 33 -0.636433 17.2703
5 34 -2.13155 1.48576
5 35 2.42221 0.426788
5 36 -1.62608 4.49521
5 37 2.09257 -0.272707
5 38 -0.494079 5.95017
5 39 4.06769 0.88667
5 40 0.828108 1.46389
5 41 1.34885 1.76466
5 43 0.0415223 0.21426
5 45 0.988475 -0.259801
5 46 0.0783399 1.56101
5 47 -1.76846 -0.0546907
5 49 0.0949577 0.45059
5 50 -0.427473 -0.04073
5 52 0.676555 0.41446
6 33 4.12167 20.3682
6 34 0.07704 0.589073
6 35 1.95229 5.39789
6 36 7.82 -0.935462
6 37 1.19192 -0.801718
6 38 0.402186 2.51262
6 39 0.495535 1.74434
6 40 1.12054 -2.46798
6 41 -0.363823 -0.935381
6 42 -1.19677 -0.429983
6 43 -1.64558 -2.26991
6 44 -0.068127 -0.835425
6 47 -1.26055 -0.282692
6 48 -0.291159 0.20077
6 52 0.316974 -0.45199
6 53 0.0263459 0.0129747
7 33 -2.21818 24.1651
7 34 2.00944 4.95506
7 35 -3.37733 2.70188
7 36 -2.15066 0.590428
7 37 5.68755 4.17836
7 38 0.402675 2.7186
7 39 3.16913 1.66857
7 40 1.94793 1.54588
7 41 -0.253257 0.176638
7 42 1.91532 1.59232
7 44 -0.809841 -0.834552
7 45 -0.0924371 0.065489
7 46 -0.659532 -0.294845
7 48 0.37342 0.419907
7 49 -0.490135 -1.1401
7 50 0.124125 -0.02122
7 53 -0.542393 -0.0259423
7 56 0.00738106 0.211991
8 33 -1.50935 18.8678
8 34 10.0913 8.27307
8 35 -1.86891 5.78827
8 36 0.896569 -4.16173
8 37 9.96155 -0.957167
8 38 0.111913 0.97934
8 39 -0.101593 0.721004
8 40 0.143354 1.26685
8 41 -0.406937 0.089506
8 42 0.0348466 0.361821
8 43 -0.143189 0.147523
8 44 -0.170995 0.109496
8 49 -0.208383 0.0636498
8 51 0.353694 0.369374
8 53 0.101878 0.0588873
8 55 -0.0233308 0.0281902
8 58 0.648636 0.339353
9 33 -3.25397 28.1594
9 34 6.86695 5.34359
9 35 -1.07046 5.25598
9 36 4.72041 1.61134
9 37 4.7624 1.19835
9 38 -3.67533 1.68409
9 39 0.313602 -1.41423
9 40 -1.26659 2.09795
9 41 -1.75526 0.448418
9 42 0.631012 0.843919
9 43 0.0749094 0.0822202
9 44 -0.266504 0.488548
9 45 -0.238828 -0.202789
9 47 0.100435 0.0594069
9 48 -0.36024 0.292357
9 49 -0.00362272 0.00598478
9 50 -0.538937 -0.590808
9 52 0.581881 -0.338441
9 57 -0.0130407 9.43834e-05
10 33 2.49689 22.4869
10 34 -6.11594 5.96513
10 35 3.99428 -0.718858
10 36 4.61236 3.76571
10 37 6.75779 2.70484
10 38 6.77207 3.0097
10 39 -0.0252956 0.808157
10 40 -1.24644 0.813041
10 41 -0.806855 0.448927
10 42 -0.0905819 0.731072
10 43 -0.337201 0.137441
10 44 -0.351985 0.939439
10 45 -0.709748 -0.0241483
10 46 -0.803256 -0.193653
10 47 0.0709985 0.0571743
10 48 0.617101 -0.203365
10 50 0.030212 0.0980965
10 51 -0.19945 -1.30465
10 54 0.654019 -0.204174
10 57 0.0542883 -0.01045
10 60 -0.0522153 0.0312205
10 65 0.199843 0.0567572
11 33 5.61407 22.0346
11 34 -4.02061 6.606
11 35 6.5737 2.30897
11 36 3.39421 4.74342
11 37 4.17032 7.47393
11 38 -1.95874 2.02276
11 39 0.98821 0.198362
11 40 -0.612605 1.99556
11 41 1.01049 -1.43509
11 42 0.650637 0.717384
11 43 0.601878 0.0428666
11 44 0.617933 0.723976
11 45 1.02215 -0.203352
11 46 0.841018 0.195827
11 47 -0.0928661 0.40743
11 48 -0.0995335 0.121816
11 50 0.0185249 -0.0528231
11 51 -1.06447 -0.185801
11 54 -0.637512 -0.366114
11 57 0.0829315 0.21224
11 61 -0.130316 0.657496
11 64 0.198543 0.173088
11 65 -0.418036 -0.345997
12 33 -5.03957 21.7951
12 34 1.15812 1.10698
12 35 4.23146 -2.52954
12 36 13.1415 -1.12023
12 37 8.60982 0.423515
12 38 -0.167835 -0.904574
12 39 2.36581 2.17728
12 40 -2.23484 2.73796
12 41 0.322064 -0.721181
12 42 0.198471 -0.879416
12 43 -0.53033 0.733473
12 44 -0.0960955 0.525659
12 46 1.52054 0.399613
12 47 -0.0691419 -0.0278061
12 48 -0.171124 0.552118
12 49 0.294626 -0.114725
12 50 -0.0275986 0.213398
12 51 -0.00334675 0.0902487
12 52 -0.429284 -0.827839
12 54 -0.20686 -0.0957835
12 56 -0.198905 0.485424
13 33 1.33967 17.5591
13 34 -3.3961 3.21314
13 35 6.49827 -0.737403
13 36 1.72302 -0.250705
13 37 0.03168 0.661
13 38 5.79732 4.23132
13 39 -0.666543 6.27156
13 40 3.72955 3.10206
13 41 1.31174 1.83978
13 42 0.763266 1.22632
13 43 -0.79678 0.349752
13 44 1.52787 0.577001
13 45 1.06777 -1.39281
13 46 0.297074 -0.205407
13 47 -0.448009 0.332155
13 48 -0.875036 -0.666423
13 49 -0.552259 0.216332
13 51 -1.66876 0.653799
13 52 -0.165595 0.174403
13 55 0.031929 -0.0546666
13 57 -0.123815 -0.225045
13 59 -0.059818 -0.115426
13 66 -0.235128 0.0397984
14 33 5.81105 20.6847
14 34 12.9692 1.21082
14 35 5.78227 1.22531
14 36 5.11345 1.75414
14 37 3.23935 4.53509
14 38 2.43403 1.43552
14 39 3.71527 1.64744
14 40 2.39403 -1.53473
14 41 1.60945 0.535974
14 42 1.15291 -0.165071
14 43 0.199229 1.10561
14 44 1.67324 -0.160213
14 45 1.90558 0.610016
14 46 -0.37624 0.724336
14 47 -0.970866 -0.321692
14 49 0.542756 -0.32353
14 51 -0.0596235 -0.142871
14 52 -0.157244 -0.00979857
14 66 -0.0517819 -0.0346324
15 33 -3.39908 17.5236
15 34 8.47199 1.34657
15 35 4.8131 6.52734
15 36 2.00153 1.53236
15 37 8.87513 -1.66349
15 38 1.03872 6.6727
15 39 -0.38215 1.8869
15 40 -0.48633 -0.199652
15 41 -1.27753 -1.06239
15 42 0.923653 -0.0208798
15 43 -1.26225 1.22557
15 44 -1.18438 0.81185
15 45 -0.278163 -0.278095
15 46 -0.140263 0.0780086
15 47 1.04416 0.625416
15 48 0.194123 -0.553418
15 50 -0.167306 -0.00792206
15 52 -0.307946 0.844699
15 54 -0.110985 0.0358372
15 63 -0.554508 0.14689
16 33 -1.19319 15.3274
16 34 8.24197 3.21058
16 35 12.9496 0.462245
16 36 4.64577 7.34997
16 37 0.927777 3.01263
16 38 -0.90408 2.24485
16 39 -0.33957 -1.42923
16 40 0.781684 0.317632
16 41 1.83315 -0.217171
16 42 1.45734 0.631632
16 43 3.05098 0.669522
16 44 0.233024 0.112877
16 45 -0.904987 0.813939
16 46 0.0528807 -0.0537523
16 47 0.579236 -1.40433
16 48 -0.683699 0.313427
16 49 0.000118848 0.381007
16 50 0.129246 -0.039884
16 51 -0.935249 -0.186816
16 53 0.0343378 0.027124
16 57 0.0354008 0.0570118
16 60 -0.28443 0.178891
16 61 1.05588 0.0539545
16 62 -0.0691356 -0.0026575
17 33 8.95167 13.0376
17 34 2.93137 2.35757
17 35 -0.226541 0.984925
17 36 1.30578 -5.5966
17 37 -1.27682 1.067
17 38 -2.04548 -0.14077
17 39 2.38327 2.26664
17 40 2.61455 0.423159
17 41 -2.96475 1.92346
17 42 -2.07019 0.233487
17 43 -0.180598 -0.215522
17 44 -0.940339 0.345069
17 45 -0.36876 0.782867
17 46 0.746983 0.758015
17 47 -1.03381 -0.502336
17 48 -0.238317 0.111543
17 49 0.945922 -0.165788
17 50 0.0570702 -0.023288
17 51 0.195013 0.0743205
17 52 -0.016362 -0.00121824
17 53 0.141621 -0.760517
17 54 -0.111777 0.0331705
17 56 -0.718244 0.409554
17 58 0.209666 0.0574698
17 60 0.144829 0.262046
18 33 4.81039 14.056
18 34 -2.05467 3.09819
18 35 9.41098 4.52448
18 36 0.841403 2.91109
18 37 2.68453 3.07972
18 38 3.77522 -1.36758
18 39 -0.237168 -1.1467
18 40 0.13769 1.29937
18 41 -2.62218 0.277632
18 42 -0.728909 -0.0953145
18 43 2.2535 0.0614362
18 44 0.281964 -0.136581
18 45 -1.06235 0.294924
18 46 -1.08473 0.128788
18 47 0.53119 -0.375999
18 48 0.646203 0.060193
18 49 -1.22338 0.0413628
18 50 -0.553628 0.299024
18 53 0.171997 -0.358027
18 55 0.0524411 0.0192662
18 56 -0.034017 -0.0407434
18 58 0.239574 -0.304315
19 33 15.3235 11.5175
19 34 0.316636 5.102
19 35 10.6809 2.51209
19 36 9.67169 -7.94134
19 37 2.73645 -0.42625
19 38 1.7771 3.6205
19 39 -1.10364 0.527601
19 40 2.28551 0.231413
19 41 0.938356 2.25727
19 42 0.223442 -0.472308
19 43 -2.114 0.108167
19 44 0.621193 -0.118774
19 45 -0.34634 0.260338
19 46 -1.20027 0.325639
19 47 -0.122811 -0.0650791
19 48 -1.07208 -0.256761
19 50 -1.21078 -0.0764032
19 51 -0.460379 0.184252
19 53 -0.696809 -0.640664
19 57 -0.0896276 0.098827
19 58 -0.607826 -0.000520057
19 61 0.0101886 0.00755762
20 33 8.66293 6.75513
20 34 4.11964 2.842
20 35 -1.97398 0.791954
20 36 2.17371 0.71523
20 37 -0.665121 3.07988
20 38 -0.363149 3.01994
20 39 0.289421 2.54963
20 40 2.86945 0.821788
20 41 -4.10293 1.41853
20 42 -1.14984 0.703147
20 43 -0.635155 0.616843
20 44 0.252176 -0.184892
20 45 0.710719 0.401296
20 47 0.825601 0.903586
20 48 0.901144 0.466364
20 50 0.418599 0.508756
20 51 0.860952 -0.392236
20 54 -0.903798 -0.316589
20 56 -0.0403093 -0.0124124
20 63 0.452693 -1.0489
20 65 -0.257479 -0.148171
21 33 5.97353 9.48163
21 34 5.77312 1.52849
21 35 1.68935 -3.04997
21 36 3.82848 1.25508
21 37 6.81795 2.99516
21 38 1.23039 -1.40996
21 39 3.13167 4.65762
21 40 3.61626 0.937105
21 41 1.85315 0.0339546
21 42 0.682672 -0.858733
21 43 1.69319 -1.31669
21 44 -0.350476 -0.10485
21 45 2.56845 1.34924
21 46 -0.273746 0.149896
21 47 0.353282 -0.254974
21 48 0.539086 -0.841716
21 49 1.77997 -0.723126
21 50 1.0726 -0.749205
21 51 -0.511919 0.0204201
21 52 0.565059 -0.216834
21 55 -0.308784 -0.0196209
21 59 0.264684 0.138601
21 60 0.389197 0.746196
21 61 -0.241352 0.073355
21 63 -0.551029 -0.0865136
22 33 4.29506 7.11432
22 34 3.49198 0.994616
22 35 -2.91751 5.31811
22 36 1.46229 1.97304
22 37 7.64306 3.5423
22 38 0.197776 -1.03909
22 39 2.76553 5.12075
22 40 3.93875 2.29797
22 41 -0.268526 -0.31688
22 42 -0.722968 0.39226
22 43 0.462318 0.118783
22 44 -0.466244 1.09468
22 45 -0.19924 1.013
22 46 -0.0422052 0.315047
22 47 0.0373514 0.491794
22 48 -0.5099 0.349573
22 49 0.13914 1.52952
22 50 -0.0185201 -0.270308
22 54 -0.321153 0.512068
22 55 -0.0198487 -0.0112307
22 56 -0.433675 -0.0321386
22 57 -0.00751001 0.222239
22 60 -0.073667 -0.0171147
22 64 1.27878 0.200805
23 33 6.70864 8.12534
23 34 2.27941 -3.37781
23 35 -2.5576 -0.446876
23 36 3.49281 3.94564
23 37 1.15835 -0.146884
23 38 2.71774 -0.601021
23 39 1.01155 3.47921
23 40 0.833545 -0.0475043
23 41 0.810077 0.248522
23 42 1.36377 2.18144
23 43 -1.80285 0.00452565
23 44 1.483 -0.594612
23 45 -0.128009 -0.154297
23 46 0.10938 0.784925
23 47 1.23255 0.392974
23 49 -0.0236576 0.117001
23 50 0.493241 -0.0666912
23 51 -0.258647 0.313335
23 53 1.04781 0.319883
23 54 -0.00643141 0.00828262
23 55 0.793458 0.471871
23 56 -0.0613919 0.344409
23 57 0.541092 -0.00140579
23 58 0.470056 -0.028553
23 64 -0.0224519 -0.02671
23 66 0.0761231 0.0391799
24 33 6.69365 6.85816
24 34 0.520941 -0.622457
24 35 0.707646 0.40673
24 36 3.12193 -1.38941
24 37 1.21022 2.2359
24 38 -4.61312 2.24259
24 39 -4.2426 -0.335381
24 40 -2.57115 3.34391
24 41 -0.271918 1.28168
24 42 0.813849 0.409004
24 43 0.921098 1.37927
24 44 -0.453513 0.404664
24 45 -1.31988 0.0696615
24 46 -0.184353 0.114478
24 48 -0.191223 -0.123651
24 49 0.308377 0.261076
24 50 0.113192 0.0669551
24 51 1.12597 -0.391426
24 52 0.854349 1.49016
24 53 0.280225 0.251419
24 55 -0.648289 0.0432297
24 57 -0.722523 0.54555
24 58 0.54815 -0.191739
24 59 -0.412719 0.83938
24 64 0.0542214 -0.066606
24 66 0.193242 -0.0714785
25 33 6.72314 3.82413
25 34 8.21106 0.781044
25 35 8.34532 1.9339
25 36 6.48568 2.32073
25 37 3.3267 2.30098
25 38 2.71962 -0.858629
25 39 1.25347 2.46747
25 40 -0.377849 -1.27009
25 41 3.21986 1.78567
25 42 0.51787 2.45342
25 43 -0.103238 1.41099
25 44 -0.660492 -0.669902
25 45 -0.0464734 0.58436
25 46 -0.894301 -0.477597
25 47 -0.235062 -0.00683581
25 48 0.169037 0.280371
25 49 -0.0334605 -1.40818
25 50 0.0829381 0.000285994
25 51 -1.39751 1.08115
25 52 -1.77709 -1.21421
25 53 -0.583511 -0.193843
25 54 -0.0467122 -0.0456835
25 56 -0.188462 -0.903803
25 58 -0.246885 0.289933
25 59 -0.974155 0.256453
25 66 0.0524651 -0.154383
26 33 3.09713 6.62699
26 34 -1.01652 2.13154
26 35 6.64339 2.38345
26 36 0.450168 2.2083
26 37 2.51133 -0.49258
26 38 -4.14751 0.208863
26 39 -1.98523 1.65518
26 40 2.36433 1.33439
26 41 2.4429 0.492782
26 42 1.38264 -0.0358289
26 43 -1.97033 -0.582188
26 44 -0.334213 -0.303542
26 45 -0.780653 0.388793
26 46 2.35595 0.197991
26 47 0.015089 0.207821
26 48 -0.294731 0.258174
26 49 1.54869 1.30387
26 51 0.472954 -0.0189785
26 52 0.0476768 0.0714904
26 53 -1.01301 1.16775
26 55 -0.704906 -0.329404
26 58 0.0929586 0.120165
26 59 -0.854226 0.39176
26 60 -0.674856 0.0336214
26 62 -0.141332 0.186247
26 65 -0.0525757 0.0516177
27 33 2.60055 1.28905
27 34 -0.0515407 -0.841045
27 35 3.84815 0.70845
27 36 5.12636 1.40168
27 37 -0.928191 1.48038
27 38 0.466496 3.44158
27 39 1.67988 3.09878
27 40 1.85463 5.05197
27 41 3.11955 -0.820898
27 42 -2.49699 2.02539
27 43 1.1215 0.761492
27 44 -0.00888337 -1.07973
27 45 0.801322 0.427787
27 46 1.66756 0.0321987
27 47 1.87564 -0.313189
27 48 1.6019 0.19513
27 49 1.59692 2.04944
27 50 -1.08869 0.102921
27 51 0.209422 -0.237467
27 52 -0.373626 0.410063
27 55 -0.861152 -0.4703
27 57 0.0155295 0.000868934
27 58 -0.339387 -0.319873
27 59 0.00381357 0.00262122
27 61 0.0793195 -0.437934
27 62 -0.771707 -1.13963
28 33 3.75093 -0.630955
28 34 2.41862 -2.8096
28 35 5.93011 -3.03893
28 36 1.19408 1.86954
28 37 -1.23599 0.590199
28 38 1.71611 0.463286
28 39 0.935971 0.132373
28 40 0.420272 1.64557
28 41 0.384907 -0.425417
28 42 -0.0326054 -1.1189
28 43 -0.541873 0.566425
28 44 1.17139 -0.701418
28 45 -0.469871 -0.628046
28 46 1.02882 0.0811744
28 47 0.697489 -0.312868
28 48 0.0182189 0.747162
28 49 1.96036 0.525191
28 50 -0.859275 -0.181903
28 52 0.202786 0.23687
28 54 -0.158526 0.348644
28 55 -0.0141594 0.383944
28 56 0.220134 0.394449
28 57 -0.275959 -0.0415181
28 61 0.451592 0.119902
29 33 0.688488 0.152008
29 34 3.01733 0.0035063
29 35 1.72493 0.113183
29 36 8.53472 0.55242
29 37 10.8865 -0.985287
29 38 0.0879033 -2.61525
29 39 -4.63291 1.01542
29 40 4.12988 1.5163
29 41 1.05323 -0.936997
29 42 1.86708 0.383115
29 43 -0.43768 2.13014
29 44 1.04008 0.601558
29 45 -1.60758 0.0219528
29 46 0.895416 1.50308
29 47 -0.0973451 0.469204
29 48 -0.0148555 -0.0190102
29 49 -0.0798199 0.628211
29 50 0.449038 -0.00728173
29 51 0.870716 0.00549981
29 52 0.360193 -0.0987732
29 55 0.362103 0.0113529
29 58 -0.00645448 0.00303459
29 61 0.114857 0.620703
29 66 0.0537425 0.0457204
30 33 3.21727 1.61572
30 34 2.77176 -0.332206
30 35 -0.884895 3.99033
30 36 -0.121673 0.148997
30 37 -1.38658 -0.782664
30 38 2.37856 -1.03843
30 39 1.40543 -0.0880393
30 40 1.0473 2.36988
30 41 1.72054 0.0484158
30 42 1.8137 -0.31592
30 43 -0.101127 0.196024
30 44 -1.08396 1.05357
30 45 0.342661 -0.0656599
30 46 -0.432495 -0.901069
30 47 0.367209 0.0926853
30 48 0.387692 0.33022
30 49 2.54283 -0.0544038
30 50 0.241759 0.164668
30 52 -0.79997 -0.520757
30 53 0.0498006 0.0275369
30 56 -0.0741587 0.00525808
30 57 -0.094279 0.0413434
30 61 -0.0119152 0.376018
30 63 0.646018 0.556209
30 66 0.458468 -0.257615
31 33 1.28133 0.797521
31 34 6.4374 0.294859
31 35 2.63112 -1.94467
31 36 6.5513 1.02098
31 37 8.25025 -0.933016
31 38 -0.271726 0.105189
31 39 -1.18519 0.780234
31 40 -4.79636 0.0957827
31 41 2.52754 1.61262
31 42 -0.959248 -1.36756
31 43 -1.73308 -0.786466
31 44 0.359568 0.125199
31 45 -0.251624 0.0508498
31 46 -0.23841 -0.500953
31 47 -0.412429 0.484746
31 48 0.454655 0.138761
31 49 0.127986 -0.0807035
31 50 0.242193 0.897058
31 51 -0.483024 0.77202
31 52 0.241825 -0.437567
31 53 -0.7287 0.249508
31 55 -0.640489 0.244436
31 57 0.151607 0.544547
31 58 0.0933258 -0.267955
31 60 0.0164551 0.0912394
31 63 -0.0161722 -0.00926727
32 33 1.82082 1.26495
32 34 7.8194 3.51128
32 35 -2.09155 -3.90737
32 36 7.64939 -1.80916
32 37 4.16835 -1.9522
32 38 2.90622 1.24157
32 39 2.18159 -0.357092
32 40 2.58726 0.350453
32 41 1.75705 1.0801
32 42 1.71319 0.321023
32 43 -3.49091 1.01735
32 44 0.591361 -0.115894
32 45 -1.60658 1.07612
32 46 0.39573 -0.307937
32 47 0.220187 0.0695486
32 48 0.216975 0.958788
32 49 0.058393 0.117757
32 50 1.45556 0.025661
32 52 -0.148379 0.0550306
32 53 0.111238 0.147533
32 57 0.310521 -0.0886317
32 62 -0.0134518 -0.00709319
33 33 3.79564 1.80669
33 34 5.80162 -0.475054
33 35 1.05864 4.18457
33 36 0.961487 1.04431
33 37 -2.00338 -2.54847
33 38 3.95903 3.32887
33 39 2.25977 2.36931
33 40 -0.779855 -1.99776
33 41 -0.334147 0.0352894
33 42 0.0910242 1.65949
33 43 0.809845 -0.269951
33 44 0.495796 0.183137
33 45 -1.01279 0.255988
33 46 -0.430754 0.176135
33 47 -0.0148573 -0.263783
33 48 -0.732033 0.408507
33 49 -0.0499359 0.000495716
33 50 0.397155 0.272093
33 51 1.13545 -0.326109
33 55 -0.454441 -0.249602
33 57 -0.0227961 0.0815683
33 58 1.03416 -0.61617
33 61 -0.222018 -0.0124282
34 33 1.81202 1.99025
34 34 5.07609 0.547372
34 35 3.29848 0.901713
34 36 2.30903 0.161986
34 37 1.39072 0.180792
34 38 6.90941 -0.466591
34 39 4.73137 -1.13673
34 40 -0.106188 1.56128
34 41 0.717197 -0.257733
34 42 0.476203 0.340562
34 43 -0.171502 0.929839
34 44 -1.91735 2.09868
34 45 0.245261 0.732386
34 46 1.59405 1.30031
34 47 0.454339 1.66364
34 48 0.191763 -0.142325
34 49 -2.19639 0.593242
34 50 -0.0157729 0.0141494
34 51 -0.0204247 0.154764
34 53 -0.80951 0.659335
34 56 -0.409439 0.154941
34 57 1.36278 0.15854
34 59 0.514115 0.186375
35 33 5.34871 1.32866
35 34 5.42532 -1.28035
35 35 0.0667341 -3.08169
35 36 5.61299 1.31126
35 37 2.25991 0.681127
35 38 -3.21577 2.48722
35 39 1.11821 -1.41747
35 40 1.45425 2.14861
35 41 0.704006 0.281132
35 42 2.31874 -0.834989
35 43 -0.1114 0.155475
35 44 -0.845665 0.211427
35 45 -1.49494 0.506014
35 46 -2.73333 0.779379
35 47 -0.48979 -0.293173
35 48 -0.1129 0.0537917
35 49 -0.624756 0.360999
35 50 0.0747085 -0.111281
35 51 0.532311 0.754365
35 52 -0.0797546 -0.237761
35 53 -0.165655 0.0715978
35 55 -0.744077 0.0221946
35 56 -0.548035 2.18268
35 57 0.553675 0.0717572
35 58 -1.1939 -0.0395585
35 61 0.0441596 -0.063293
35 62 -0.023989 0.00651299
36 33 3.72735 0.88447
36 34 3.99261 1.88462
36 35 1.81378 -2.9126
36 36 0.763767 -0.12493
36 37 1.53155 0.543662
36 38 1.81662 4.03238
36 39 -0.0633439 2.17957
36 40 0.856219 3.26148
36 41 0.559957 3.28809
36 42 1.15538 0.179939
36 43 0.482769 0.40703
36 44 -2.04611 0.57838
36 45 -0.353148 0.738989
36 46 0.994589 0.500777
36 47 -0.622459 -0.0162953
36 48 1.08129 0.450099
36 49 -0.0485306 -0.00500007
36 50 -0.646107 -0.196635
36 51 -0.0127919 0.0037195
36 52 0.051624 -0.0322206
36 53 -0.291181 -0.0635533
36 54 0.0135352 -0.00146372
36 55 0.0954266 -0.0325983
36 56 -0.430676 0.630798
36 59 0.0761788 0.0592745
36 63 0.0716803 0.292671
36 64 -0.222585 0.14548
37 33 3.33349 1.20134
37 34 5.63112 0.345917
37 35 -0.286021 -0.691717
37 36 0.0544964 -1.06077
37 37 7.61355 0.103947
37 38 -0.783106 1.36675
37 39 2.80812 1.13684
37 40 3.65447 6.01106
37 41 -1.642 -0.410093
37 42 4.94548 2.02099
37 43 0.0136205 0.672643
37 44 0.58948 -0.248884
37 45 2.1597 -0.0760271
37 46 -1.47669 -0.516023
37 47 -1.61912 0.4693
37 49 -1.14967 0.627615
37 50 -0.24847 -0.00131788
37 51 0.379469 -0.376355
37 52 0.00828295 -0.00593364
37 53 -0.00394089 -0.000541663
37 54 -0.133939 0.16308
37 55 0.0137702 0.0030809
37 56 0.00774152 0.030697
37 57 0.27997 0.199142
37 59 -0.742016 -0.558501
37 60 0.819465 1.35867
37 63 0.537963 1.21374
38 33 1.3526 -0.75455
38 34 3.3095 -0.114346
38 35 5.31593 -1.12941
38 36 0.997506 0.28019
38 37 3.1107 1.94189
38 38 4.63903 2.04787
38 39 4.40273 -1.51611
38 40 1.18149 -2.22505
38 41 0.735613 3.40167
38 42 -0.604189 -0.1077
38 43 -0.436697 0.000756644
38 44 0.942206 0.284071
38 45 1.6781 0.127177
38 46 1.17401 0.535113
38 47 0.118024 0.0593529
38 48 0.165051 0.00508937
38 49 0.525624 0.141225
38 50 -1.36777 -0.447246
38 51 0.731456 1.07205
38 52 0.336229 0.773224
38 53 0.314627 0.0051562
38 54 0.595641 1.08216
38 55 0.498175 0.147888
38 56 0.291568 -0.0496045
38 57 -1.02211 0.978798
38 58 0.177562 0.246992
38 61 -0.07266 -0.100075
39 33 2.66833 -1.21397
39 34 2.29484 -2.56972
39 35 0.0572061 -0.409038
39 36 2.60447 0.544765
39 37 -0.340198 -1.32119
39 38 1.4355 -0.979252
39 39 -0.581818 -2.14658
39 40 3.44888 1.02581
39 41 1.6069 0.294162
39 42 -1.01977 0.663898
39 43 -1.49156 -0.0955439
39 44 0.866418 0.55712
39 45 0.301212 0.669682
39 46 3.62695 -1.2006
39 47 0.292131 -0.127447
39 48 -0.323352 -0.329706
39 49 1.11696 0.548845
39 50 0.361795 -0.375155
39 51 -1.03716 0.192531
39 52 0.274505 -0.244444
39 53 -0.435154 -0.035443
39 54 -0.145839 0.0947738
39 55 0.0837638 -0.0815862
39 56 -0.0537104 0.109374
39 57 -1.81331 0.659699
39 58 0.0499613 -0.215259
39 60 0.638546 0.188905
40 33 0.320277 -1.18333
40 34 -1.57894 0.715246
40 35 2.31385 0.468358
40 36 -1.96986 0.861767
40 37 0.0309798 -0.665669
40 38 0.937911 0.771111
40 39 -2.9331 1.97296
40 40 -0.0763947 2.85886
40 41 0.0675667 1.9889
40 42 2.3212 2.07064
40 43 1.30364 0.33956
40 44 0.403549 -0.397023
40 45 0.294007 0.0787408
40 46 1.07806 1.13769
40 47 0.401583 0.957584
40 48 -0.0304463 -0.0916031
40 49 0.495971 1.60291
40 50 0.684964 0.558883
40 51 0.0160585 -0.0178539
40 52 -1.15936 -0.653251
40 53 0.837555 -0.431963
40 55 -1.54415 0.820827
40 57 0.278648 -0.135553
40 58 0.324527 0.899913
40 59 0.0348301 0.0946637
40 60 -1.13625 -0.487387
40 61 -0.519759 0.0717082
40 62 1.11712 0.424023
41 33 3.72346 1.05974
41 34 4.6424 0.595375
41 35 1.48128 -1.07895
41 36 2.55033 0.911421
41 37 -1.9748 -2.54728
41 38 3.23615 -0.655917
41 39 0.318227 1.66698
41 40 0.992935 2.62336
41 41 0.118347 0.22031
41 42 1.29061 -0.816194
41 43 1.6108 0.392531
41 44 0.720082 0.16277
41 45 2.1577 1.62342
41 46 0.160942 0.868776
41 47 -0.0294021 -0.0497701
41 48 0.104237 0.854027
41 49 0.788515 -0.0948739
41 50 1.83236 1.40084
41 51 0.877889 -0.125707
41 52 0.299942 2.03813
41 53 -0.520344 -0.0611676
41 54 -0.25314 1.01326
41 56 -0.0623549 -0.0699018
41 60 -0.752488 -0.32663
41 61 0.251871 0.234662
41 62 -1.95846 0.191836
41 63 0.056398 0.229693
41 64 -1.84621 1.18607
41 65 -0.0368676 0.030636
42 33 1.9741 1.35653
42 34 2.69962 1.91902
42 35 4.2137 -2.02802
42 36 -0.718104 -2.35808
42 37 7.81628 0.624551
42 38 0.325901 1.11584
42 39 1.00758 0.582286
42 40 2.07876 0.959977
42 41 1.66457 2.68401
42 42 -0.475505 0.505571
42 43 1.01545 0.53923
42 44 1.31629 0.342465
42 45 0.885431 1.09911
42 46 -1.5881 1.5302
42 47 -1.49005 -0.273254
42 48 -0.524251 -0.146844
42 49 1.311 1.15814
42 50 -1.85206 0.0748637
42 51 -1.56986 1.08741
42 52 0.558476 0.320661
42 53 0.204281 0.163852
42 54 -0.461049 0.36986
42 56 0.277146 -0.0712013
42 57 0.0045075 0.00379518
42 58 -0.181821 -0.0165747
42 59 0.299285 0.755432
42 64 -0.00395046 0.000739418
43 33 4.71373 1.96053
43 34 3.48752 1.6113
43 35 8.19833 0.851235
43 36 2.00236 0.52396
43 37 6.1247 0.944676
43 38 2.79827 2.45801
43 39 1.78825 1.7936
43 40 1.65719 -0.696195
43 41 -0.0179712 1.34174
43 42 3.61791 2.41454
43 43 2.02931 1.00366
43 44 1.37065 -1.55931
43 45 -0.351051 0.193027
43 46 -0.289945 -0.651716
43 47 0.682821 0.00953433
43 48 0.299066 -0.0137488
43 49 -0.110241 -0.0474268
43 50 -1.35696 0.536008
43 51 0.0709898 0.0670504
43 52 0.254039 -0.00568122
43 53 -0.211214 -0.522738
43 54 -0.255271 0.284216
43 56 -0.0363658 0.34322
43 57 -1.09581 1.02303
43 58 0.0618214 0.392388
43 59 -0.0452433 0.00192563
43 60 -0.0286808 -0.0142108
43 63 1.28826 0.694388
44 33 3.58246 0.368961
44 34 -0.39103 1.51621
44 35 -0.316893 -0.0700936
44 36 3.59427 1.28608
44 37 3.11513 3.23361
44 38 1.01565 0.913122
44 39 1.64047 -0.819814
44 40 -2.60718 -1.74878
44 41 -1.40156 0.633615
44 42 -0.16299 -0.0532819
44 43 4.99234 -0.194469
44 44 2.01834 0.375483
44 45 0.0418601 0.00293602
44 46 -2.54972 0.495736
44 47 0.939257 0.0158545
44 48 2.95052 0.708885
44 50 1.05764 -0.374348
44 51 -0.472869 0.161127
44 52 -0.0991762 0.0186507
44 53 0.204458 0.308528
44 56 0.289879 0.209968
44 57 0.253807 -0.141378
44 58 -0.520751 0.0749313
44 59 1.76874 1.38537
45 33 3.82706 -0.779353
45 34 4.84807 -2.03789
45 35 3.669 0.470104
45 36 2.76441 -0.292158
45 37 3.81336 0.03062
45 38 0.0553418 0.443085
45 39 -0.810549 0.923554
45 40 1.26039 0.403411
45 41 -0.382021 0.717287
45 42 -0.492449 -0.283661
45 43 -1.19807 0.261638
45 44 5.96078 2.52253
45 45 1.07463 0.680838
45 46 -1.0682 0.413733
45 47 -0.0768853 -0.267476
45 48 0.585336 0.051585
45 49 -0.709841 0.444333
45 50 -0.347864 1.44281
45 51 1.04251 0.792666
45 52 0.692466 -0.317681
45 53 0.770335 0.915195
45 54 -0.0528702 0.0269918
45 56 -0.271299 -1.03761
45 57 -0.736448 -0.330707
45 60 0.961087 -0.906195
45 61 -0.0548609 0.0160635
46 33 3.66302 -0.0319937
46 34 3.03281 0.489051
46 35 1.99012 -1.01569
46 36 3.848 0.00513985
46 37 3.67879 2.27753
46 38 -3.63034 1.91763
46 39 -1.12482 -0.266231
46 40 0.159523 3.87183
46 41 0.676182 0.989692
46 42 -0.34069 0.534196
46 43 0.550347 0.412003
46 44 0.514852 0.91571
46 45 -2.93605 1.88739
46 46 1.23299 0.52911
46 47 0.791054 -1.3502
46 48 -0.831737 -0.169645
46 49 -0.67019 0.162921
46 50 -0.233388 0.137827
46 51 -0.188208 0.31009
46 52 0.513263 0.113612
46 53 -0.480333 -0.85805
46 54 0.0709828 0.043279
46 55 0.0357008 0.0829669
46 56 -0.308999 0.0768816
46 60 -1.35996 -1.02728
47 33 0.872334 -0.963983
47 34 1.49154 -1.8381
47 35 -0.029594 -0.328376
47 36 2.62127 1.64523
47 37 5.83795 3.82202
47 38 3.05839 0.685801
47 39 1.60852 1.16156
47 40 -0.22415 3.28411
47 41 0.760924 1.59727
47 42 -1.45891 -0.211666
47 43 2.72732 0.423233
47 44 0.659835 -0.441562
47 45 -0.552866 0.182688
47 46 -0.563362 2.5991
47 47 0.721011 0.312289
47 48 1.74832 -0.313122
47 49 1.20163 -0.00982068
47 50 0.793715 0.301769
47 51 0.00718926 -0.00422269
47 52 0.0321801 -0.0116305
47 53 -0.268187 0.487402
47 54 0.0165966 0.00379416
47 55 0.673658 0.654502
47 56 -0.456656 -0.428859
47 58 -1.2859 -0.0559682
47 60 -1.32425 0.470554
47 63 -0.234992 -0.222057
47 65 0.115496 0.107975
48 33 3.40045 -2.6565
48 34 3.09913 -0.778415
48 35 2.79139 0.941923
48 36 1.84274 1.13203
48 37 -0.249651 1.45808
48 38 2.79638 -1.59805
48 39 3.6474 0.0222895
48 40 -3.95712 -0.417961
48 41 3.1813 1.83186
48 42 3.27756 0.321725
48 43 -0.451579 0.484197
48 44 0.496545 0.84301
48 45 -0.0038348 0.284967
48 46 -0.112123 0.103538
48 47 0.72995 1.7828
48 48 -1.13787 1.51291
48 49 0.120617 -0.227905
48 50 -0.892769 -0.510484
48 51 0.314765 0.288735
48 53 -0.144435 0.350259
48 54 0.472446 0.425952
48 55 0.723877 -1.02774
48 56 -0.048797 0.124181
48 61 0.470971 0.361653
48 62 0.110457 0.24003
48 64 -0.322346 -0.442036
49 33 2.66006 -1.10546
49 34 1.90927 0.318744
49 35 1.55386 2.15385
49 36 -0.887395 -1.38468
49 37 -1.10132 -2.21589
49 38 1.98614 -1.32837
49 39 0.726302 0.156381
49 40 2.28105 1.31539
49 41 1.60179 -0.303518
49 42 0.275198 0.988081
49 43 -0.494956 1.07267
49 44 -0.33017 -0.178322
49 45 -1.15448 0.0884032
49 46 2.58896 0.00311486
49 47 -1.41413 -0.0864908
49 48 0.0689359 0.38609
49 49 -0.495566 -0.127492
49 50 2.07417 -0.594962
49 52 0.341082 -0.264721
49 54 -0.667899 0.474623
49 55 0.42472 -0.281698
49 58 0.00932228 0.00232906
49 59 -0.213107 0.100393
49 60 -0.64287 0.240786
49 61 -0.0947975 0.0383794
49 62 -0.316854 0.240315
50 33 1.00326 -0.584027
50 34 2.02802 0.843775
50 35 0.585674 2.06543
50 36 -1.59579 -0.425617
50 37 -1.2803 1.69857
50 38 2.17605 -1.39255
50 39 0.162638 -0.179295
50 40 2.12016 0.995123
50 41 2.14079 0.248536
50 42 2.33985 -0.849931
50 43 1.47879 -0.2214
50 44 -0.677714 0.316006
50 45 0.0729963 0.79211
50 46 -0.277 0.26616
50 47 0.379335 -0.084105
50 48 1.53397 0.0105881
50 49 0.880863 0.284539
50 50 0.247059 0.213308
50 51 0.306149 -0.834264
50 52 0.228472 -0.00663827
50 53 -0.132772 0.487168
50 54 0.133371 -0.446653
50 56 -0.405988 0.0880072
50 58 -0.0065122 -0.00390513
50 59 0.107185 0.0643452
50 60 -0.00449758 0.321704
50 63 0.145306 -0.193664
50 65 0.266034 -0.0829086
51 33 2.57004 -0.361157
51 34 -2.39429 -2.70052
51 35 4.29482 2.49988
51 36 3.31561 2.70936
51 37 2.36841 1.09086
51 38 2.82822 0.645064
51 39 -1.79841 -0.330389
51 40 1.13478 -1.01823
51 41 0.890658 0.751991
51 42 0.893011 0.969339
51 43 -3.1525 -0.424188
51 44 0.496736 1.04059
51 45 -1.28351 0.745436
51 46 0.103519 1.25576
51 47 1.51183 1.09292
51 48 1.39731 -0.804565
51 49 0.179457 -0.155244
51 51 0.0513771 0.1605
51 52 3.05835 0.454223
51 54 -0.476678 0.474921
51 55 -0.69338 0.0936297
51 56 -1.2625 -1.17964
51 57 -0.159704 1.50036
51 64 0.254727 0.0869216
52 33 1.76498 0.457312
52 34 3.88891 -1.29112
52 35 2.15506 1.06507
52 36 -1.49403 2.86053
52 37 1.3399 0.952584
52 38 3.68914 -0.827122
52 39 0.740332 0.918882
52 40 -3.47462 0.634434
52 41 3.21932 1.29591
52 42 3.63885 -0.544604
52 43 -0.621117 0.552427
52 44 1.71788 1.57189
52 45 -0.93413 0.302564
52 46 0.763165 0.122515
52 47 -0.592657 0.0495862
52 48 0.315086 0.912724
52 49 1.13437 0.224976
52 50 0.1152 0.707936
52 51 1.94651 0.153775
52 52 0.0626707 -0.189928
52 53 1.58112 -0.16371
52 54 -0.336879 -0.396154
52 55 0.344981 -0.371743
52 56 -0.0848595 0.671514
52 57 0.587767 -0.188811
52 58 0.213104 0.0623052
52 59 -0.256869 0.233584
52 60 0.927498 0.0393363
52 61 0.0915983 -0.0808313
52 65 -0.149249 0.458292
52 66 0.0581972 0.340254
53 33 2.32726 0.502562
53 34 4.01508 -0.371651
53 35 3.66917 0.872281
53 36 2.31305 1.65819
53 37 -0.706212 1.79893
53 38 -0.384688 -1.3293
53 39 0.950375 0.821983
53 40 1.06078 -0.115732
53 41 3.42098 -1.26481
53 42 -1.54885 0.846856
53 43 0.749528 -0.275522
53 44 2.14113 0.95474
53 45 0.128513 0.0810821
53 46 0.0877633 -0.32922
53 47 -0.380038 -0.267803
53 48 -0.289841 0.586422
53 49 0.254053 0.12193
53 50 2.33758 0.62943
53 51 1.85595 0.731959
53 52 -0.440843 -1.34959
53 53 0.592658 -0.203687
53 54 -0.118982 -0.0892488
53 55 -0.202867 -0.436725
53 57 0.172839 -0.220236
53 58 -0.168281 -0.641175
53 59 -0.0119837 0.121179
53 60 0.889477 0.362712
53 64 0.901652 -0.322992
53 65 -0.465991 0.589383
53 66 -0.0659558 -0.169919
54 33 -0.00293139 0.283922
54 34 1.35538 -0.225422
54 35 1.00525 0.998576
54 36 0.906749 0.0188273
54 37 5.84369 0.145784
54 38 4.5748 1.06594
54 39 0.642478 -1.67361
54 40 1.80606 1.20645
54 41 1.19369 0.79969
54 42 1.24775 0.60771
54 43 2.09011 -0.229221
54 44 0.382087 1.01953
54 45 0.281265 0.540014
54 46 -0.694084 0.619668
54 47 0.640937 2.96189
54 48 1.1675 -0.0097866
54 49 0.151391 1.053
54 51 0.861216 -0.314288
54 52 0.604482 -0.000618351
54 53 0.826934 -0.258557
54 54 0.0867142 -0.0275237
54 57 0.351576 0.0840432
54 59 0.177201 -0.0162025
54 60 0.149999 1.01856
54 63 0.0968315 0.00945228
54 64 0.752428 -0.684639
54 65 -0.170134 0.0471417
54 66 -0.691386 0.0235324
55 33 2.68745 0.317531
55 34 5.07582 0.273997
55 35 3.77268 0.407325
55 36 0.199606 -1.20551
55 37 1.64687 0.0323897
55 38 2.07383 1.32517
55 39 -0.136406 0.352817
55 40 2.45741 0.208856
55 41 0.1234 1.7494
55 42 -1.6564 3.25581
55 43 0.38635 0.496477
55 44 0.943601 -0.242761
55 45 1.41425 -0.200493
55 46 1.42646 0.165935
55 47 0.00211354 -0.331585
55 48 0.515365 -0.337818
55 49 0.290496 0.476736
55 50 0.180879 -0.0335755
55 51 -0.0414882 -0.00322125
55 52 0.0711239 1.0928
55 53 2.47609 -0.857446
55 54 0.350267 0.073203
55 55 -0.0983782 -0.0587317
55 56 0.217502 -0.809514
55 58 0.0602006 -0.0290005
55 59 0.607484 0.0247334
55 62 0.0255954 -0.0361131
55 63 -0.0631385 -0.422525
56 33 0.782343 -0.56797
56 34 4.87015 -1.04025
56 35 -1.39006 -1.27633
56 36 0.979662 -0.201282
56 37 2.9899 0.747309
56 38 3.9152 0.549541
56 39 0.680567 -0.799436
56 40 1.16942 -0.495259
56 41 -0.924105 0.644262
56 42 4.63624 -0.396772
56 43 0.254597 1.3532
56 44 0.146526 0.5609
56 45 -0.333308 0.581487
56 46 -0.913043 -0.652409
56 47 0.561161 0.0516194
56 48 -0.104865 0.494467
56 49 -0.103761 1.01339
56 50 0.535862 -0.164767
56 51 1.19437 -0.913581
56 52 -0.201704 -0.174836
56 53 1.17794 1.88981
56 54 -0.822319 -0.354232
56 55 -0.0730988 -0.0641296
56 56 -1.44683 0.168147
56 57 -0.96871 -0.244695
56 63 -0.322077 -0.172936
56 65 0.526839 -0.268799
56 66 0.0226465 -0.0655867
57 33 0.645825 -0.2
57 34 2.25167 -0.875769
57 35 0.953495 -0.309266
57 36 1.16263 0.422606
57 37 2.27944 -0.619053
57 38 1.40281 -1.96525
57 39 1.13905 0.637708
57 40 -0.739272 2.14818
57 41 -0.875963 -0.0569404
57 42 1.73092 0.233472
57 43 0.93246 -0.44275
57 44 -1.7748 1.28013
57 45 1.83809 0.862814
57 46 -1.32461 0.211336
57 47 -0.536568 -1.44849
57 48 0.442479 0.414217
57 49 0.296549 1.09328
57 50 -0.123209 0.0435859
57 51 0.818651 0.422453
57 52 0.9557 -0.0178074
57 53 0.686121 0.105349
57 55 0.249164 0.123224
57 56 -0.0354395 -0.0412237
57 57 0.272674 0.416041
57 58 0.685763 0.0910429
57 59 -0.319718 -0.0586213
57 61 -0.749352 2.17613
58 33 2.83029 1.05842
58 34 0.323339 2.09203
58 35 0.00557459 0.354897
58 36 2.83027 0.813539
58 37 -1.89478 0.236052
58 38 -0.714178 -1.59169
58 39 -0.0890358 0.863258
58 40 -1.95085 0.866517
58 41 -0.410632 -0.186132
58 42 -1.47544 1.16432
58 43 3.00547 1.95982
58 44 -0.405365 -0.128066
58 45 0.459612 0.132165
58 46 2.09502 -0.76023
58 47 -0.861378 -0.570507
58 48 0.177534 0.716114
58 49 1.19944 -0.826865
58 50 1.73341 -0.341468
58 51 -0.0390584 0.580726
58 52 -1.02142 0.74738
58 53 0.296422 0.310583
58 54 0.279208 0.0679211
58 55 0.648862 -0.171633
58 56 0.730896 0.121321
58 57 0.0456589 0.344021
58 58 -0.466211 0.0521523
58 59 0.55778 -0.0345037
58 60 0.247994 0.240519
58 61 -0.348623 0.268053
58 62 -0.110837 -0.100223
58 64 0.257351 -0.0797055
59 33 1.34081 0.752576
59 34 0.154316 1.90261
59 35 1.03358 0.868954
59 36 0.440227 2.75709
59 37 1.6592 1.03628
59 38 3.4749 -0.0761171
59 39 1.63892 0.955177
59 40 -0.622373 0.728721
59 41 2.01852 1.48357
59 42 1.59739 0.219094
59 43 -0.495709 2.50174
59 44 0.709128 0.492105
59 45 -2.68802 -0.16795
59 46 -0.684136 -1.31294
59 47 2.4441 -2.55547
59 48 0.741187 0.477003
59 49 -0.137033 0.135366
59 50 -0.284518 0.517684
59 51 -0.481057 0.230136
59 54 0.498913 -0.120279
59 55 -0.139808 0.123745
59 56 1.48058 0.179461
59 57 -0.0711254 -0.0409499
59 58 0.0318878 0.171378
59 59 -0.580548 0.523203
59 60 0.439835 0.992914
59 63 0.468779 0.139305
59 64 -0.209245 -0.102227
60 33 0.851117 0.145184
60 34 0.625756 -0.39724
60 35 2.16774 -0.617026
60 36 0.826871 0.901451
60 37 -0.0409532 1.38729
60 38 2.9734 -0.494948
60 39 4.24538 0.103244
60 40 4.04233 0.254306
60 41 0.278485 2.81211
60 42 3.04727 -1.63066
60 43 0.40849 -0.0636524
60 44 2.68856 -0.201858
60 45 1.02578 -0.545774
60 46 -1.28198 0.850469
60 47 -0.113012 1.24486
60 48 -0.0950013 -0.458073
60 49 0.260919 0.14739
60 50 0.404322 0.24797
60 51 -2.23978 0.25628
60 52 0.0526812 0.345662
60 53 0.0114392 0.011642
60 55 -0.65444 -1.21726
60 58 0.0490635 -0.00976557
60 59 0.46176 0.560531
60 60 0.362423 -0.143811
60 64 1.01204 0.092537
60 65 0.150864 0.0920671
61 33 0.220086 1.63655
61 34 -0.909895 -0.684735
61 35 2.28839 -1.15988
61 36 1.26517 -0.440475
61 37 -1.0013 -0.630964
61 38 5.08923 0.635326
61 39 -1.79513 -0.0370121
61 40 2.96388 0.17423
61 41 1.94325 -0.727605
61 42 -1.35386 -0.0125186
61 43 0.991155 -0.308705
61 44 -0.759925 -0.315852
61 45 0.515171 0.768686
61 46 -0.387133 0.617128
61 47 0.741138 0.730874
61 48 1.04865 0.687953
61 49 -0.427504 0.559327
61 50 0.537095 0.300496
61 51 -0.353302 0.694795
61 52 0.923411 1.62269
61 53 0.0469576 -0.669938
61 54 -0.10045 -0.0712992
61 57 0.153111 -0.290817
61 58 0.602543 0.365678
61 59 -0.556043 0.609768
61 60 0.98346 0.867502
61 64 -0.240192 -0.193212
61 65 -0.0523163 0.0473136
62 33 0.0457638 0.188951
62 34 0.188317 -0.241475
62 35 0.430781 0.665826
62 36 1.63907 -0.0565334
62 37 3.75013 -0.0246065
62 38 1.40278 0.653305
62 39 0.211964 2.46547
62 40 0.367711 0.0403791
62 41 -0.639876 0.599873
62 42 1.80314 -0.020389
62 43 0.774115 0.546229
62 44 0.587042 -0.645958
62 45 -0.784568 -0.146113
62 46 0.133384 0.23359
62 47 0.424238 0.937272
62 48 0.450999 1.05686
62 49 0.256777 0.674621
62 50 -0.540223 0.190619
62 51 0.0361256 -0.0250797
62 52 -0.0430067 -0.113173
62 53 0.5612 0.665236
62 54 -0.70867 -0.309123
62 55 -0.388706 -0.513718
62 57 0.134205 0.0114539
62 58 0.598164 0.439079
62 60 0.250271 0.52702
63 33 1.55169 2.17539
63 34 1.39411 -1.70332
63 35 3.20437 -1.16037
63 36 2.28401 -0.222683
63 37 -0.545518 -0.495569
63 38 1.04386 -0.213146
63 39 -0.357274 0.891206
63 40 0.349835 -1.34801
63 41 -0.627286 1.39217
63 42 2.46707 0.0245587
63 43 -0.718236 1.47046
63 44 -0.492067 0.566021
63 45 0.677781 -0.390754
63 46 0.91621 1.03975
63 47 1.47123 1.13968
63 48 0.546913 0.986149
63 49 0.658102 0.767306
63 50 0.600299 0.781129
63 51 0.691551 1.05231
63 52 0.112061 -0.0075229
63 53 0.000708706 -8.48687e-05
63 56 -0.0160147 -0.00807985
63 58 0.117322 0.659266
63 59 0.870471 0.4363
63 60 0.244609 0.210244
63 61 0.0159644 -0.0398343
63 63 0.131094 0.527948
63 64 -0.0624579 -0.29149
64 33 -0.0450977 -0.750654
64 34 -0.982938 -0.922423
64 35 1.11728 0.159845
64 36 1.18271 0.540472
64 37 1.15446 -0.660752
64 38 -0.660027 -0.862059
64 39 1.47132 -0.652954
64 40 0.443289 1.41632
64 41 1.13925 1.5582
64 42 -0.0720435 0.177019
64 43 1.96367 0.197263
64 44 0.462966 0.114122
64 45 -0.925773 -0.830602
64 46 2.02781 2.06568
64 47 0.527357 0.499954
64 48 -0.336193 0.46219
64 50 0.981379 1.41259
64 51 -0.272155 -0.0362105
64 52 0.241095 0.209226
64 53 0.0783824 -1.02613
64 54 -0.176823 -0.099379
64 55 -0.0403109 0.0629926
64 56 0.075119 -0.0488275
64 57 0.274763 0.83919
64 58 -0.32752 0.743757
64 59 0.572111 0.714819
64 61 -0.270763 0.313128
64 62 -0.537921 0.255308
64 64 0.131308 0.335211
64 65 -0.0260278 -0.00925546
64 66 -0.282844 0.0358904
65 33 -0.0220997 1.22287
65 34 0.743241 0.201316
65 35 0.107755 0.915438
65 36 0.869582 0.144135
65 37 1.83233 0.163468
65 38 1.6267 -0.461734
65 39 3.33743 0.174079
65 40 0.938989 0.276815
65 41 2.64407 0.942052
65 42 0.832175 1.02592
65 43 2.3646 1.0988
65 44 1.80056 2.399
65 45 0.14865 0.56646
65 46 1.25411 0.835142
65 47 -0.0807666 0.690935
65 48 0.612193 -0.0599803
65 49 0.479581 0.0135626
65 51 -1.16345 -0.0250306
65 52 0.26617 -0.351222
65 53 1.08535 -0.368419
65 55 0.0392757 0.251925
65 56 0.0359302 -0.305767
65 57 0.0483735 1.06825
65 58 0.361868 1.95802
65 59 0.557825 0.973936
65 60 0.0886138 0.0429606
65 61 -0.0493569 0.52782
65 62 0.501917 0.56204
65 64 -0.0816964 0.348464
66 33 1.29911 0.0551155
66 34 1.79544 0.138562
66 35 0.362741 -0.135772
66 36 1.23185 0.184293
66 37 2.33342 0.483133
66 38 1.74363 0.157515
66 39 3.276 0.761408
66 40 2.17696 0.31446
66 41 0.633384 0.221622
66 42 1.67974 -0.518438
66 43 0.762187 -0.266982
66 44 2.25849 1.15057
66 45 0.147416 0.554128
66 46 1.01873 -0.219869
66 47 0.571119 0.238214
66 48 -0.27318 -0.431775
66 49 0.140018 -0.0741761
66 50 0.493989 0.174079
66 51 -0.0789281 0.0231284
66 52 -0.0440247 -0.0131963
66 53 0.540651 -0.403868
66 54 -0.00598571 0.00383833
66 55 0.409124 0.214056
66 56 0.592796 0.0265665
66 57 0.0915379 0.195141
66 58 0.593775 0.422504
66 60 0.164682 0.224686
66 62 0.395931 -0.169022
67 33 0.0481327 0.212598
67 34 0.0720564 0.151183
67 35 0.0943612 0.067289
67 36 0.0364453 0.0861778
67 37 0.138558 0.129754
67 38 0.235569 -0.0050707
67 39 0.20818 0.0062544
67 40 0.178967 0.15709
67 41 0.0804184 0.0564046
67 42 0.0730943 0.0912693
67 43 -0.00860213 0.0467793
67 44 0.112746 0.049002
67 45 0.0568723 0.0868355
67 46 0.0621843 0.0186937
67 47 0.152875 -0.0665936
67 48 0.0375107 -0.0128141
67 49 -0.0223387 0.0296241
67 50 0.0303835 0.0218796
67 51 -0.0488434 0.0166906
67 53 -0.0466943 0.0434828
67 54 -0.0336064 0.0394649
67 55 0.0208034 -0.00925717
67 56 0.0517196 0.0287421
67 57 0.0133029 -3.71094e-05
67 60 0.0427852 -0.0159821
