0 33 -3.03085 8.96081
0 34 -0.736959 -0.709057
0 35 3.93019 1.57145
0 36 -3.61974 10.8157
0 37 -3.07202 4.621
0 38 4.77004 3.5976
0 39 0.331381 -0.48686
0 40 -0.270603 7.70817
0 41 0.406804 2.22292
0 42 -2.02056 3.99331
0 43 -2.26274 0.652387
0 44 -0.106522 1.19976
0 45 -0.817678 2.34261
0 46 -0.597491 1.31483
0 47 -0.419127 1.75217
0 48 0.72482 1.60079
0 49 -1.60169 -0.191863
0 50 0.172324 -0.677547
0 51 0.94865 1.16997
0 52 1.77155 0.90714
0 53 0.295679 0.698122
0 54 0.253761 -0.565816
0 57 0.240435 0.656829
0 59 1.23592 -0.754141
0 60 0.00359999 -0.00221457
0 63 0.03938 0.0230647
1 33 -3.40745 15.0271
1 34 0.29774 12.9994
1 35 -2.09076 13.0079
1 36 -1.94558 11.5404
1 37 0.700365 13.3185
1 38 -9.47517 7.18133
1 39 -3.12129 7.82918
1 40 -8.19162 13.4659
1 41 -0.788888 8.50422
1 42 -1.57879 5.63871
1 43 2.72615 4.27518
1 44 9.46589 3.77888
1 45 1.45589 8.08697
1 46 4.41292 6.52008
1 47 0.287103 3.34642
1 48 2.15276 4.90652
1 49 4.66845 3.12569
1 50 -1.2799 1.52527
1 51 1.38131 0.0292242
1 52 3.12478 3.74086
1 53 -0.322666 2.67637
1 54 -0.141881 -0.723053
1 55 -0.40269 -0.0592707
1 56 0.0267948 0.0243809
1 57 -0.0380132 -0.0243741
1 58 -0.568718 1.22382
1 59 0.511666 1.40474
1 60 -0.0731636 -0.167666
1 62 -0.798259 -0.55977
1 63 -0.0179882 0.00499355
1 64 -0.0225449 0.019868
1 65 -0.0871166 0.0566515
2 33 6.12447 36.7606
2 34 13.0045 26.0229
2 35 -2.27688 11.3236
2 36 2.77118 32.103
2 37 0.468895 19.8005
2 38 8.18121 22.2751
2 39 -5.50878 7.40944
2 40 -1.20906 17.3572
2 41 10.1052 22.8151
2 42 -3.36531 8.29452
2 43 -2.79183 16.8959
2 44 2.87442 5.88425
2 45 8.43605 4.84551
2 46 8.85157 4.12906
2 47 -11.0782 11.5362
2 48 -0.116629 5.85697
2 49 4.19929 6.79672
2 50 2.15292 0.233339
2 51 5.9793 6.18695
2 52 -2.52918 0.175793
2 53 1.69981 -0.109845
2 54 -4.38731 0.670846
2 55 2.47938 2.0411
2 56 -2.16585 -0.990092
2 57 0.66711 2.47421
2 58 -0.423451 0.790006
2 59 -0.403065 -0.0349352
2 62 -0.745611 0.58894
2 63 0.779489 0.704205
2 65 0.0466711 -0.000899206
3 33 2.92305 40.4651
3 34 -4.49899 27.961
3 35 1.72693 24.5897
3 36 -16.318 28.3922
3 37 5.11488 25.3343
3 38 3.17235 15.2398
3 39 7.6516 17.8098
3 40 -6.21534 12.3565
3 41 3.48198 19.7047
3 42 -9.40337 18.3251
3 43 -8.67869 12.0285
3 44 1.02696 26.9589
3 45 -6.92368 12.022
3 46 2.07411 4.95318
3 47 2.31887 9.87948
3 48 -3.51387 3.63884
3 49 0.0384867 0.943607
3 50 -4.34928 7.01312
3 51 -5.47856 -0.129586
3 52 0.20789 1.50521
3 53 0.594168 0.44254
3 54 0.816507 1.5382
3 55 0.336743 -0.0664231
3 56 0.0056782 0.349636
3 57 1.29548 -0.283423
3 58 -0.318278 0.461326
3 59 -1.2802 1.07529
3 60 0.493404 -0.492175
3 61 -0.296095 0.144231
3 62 -0.632639 0.801547
3 63 0.79234 -0.44016
4 33 10.6161 55.0001
4 34 -5.6237 28.4334
4 35 -7.26153 24.3814
4 36 6.8732 35.1409
4 37 -0.55923 24.3522
4 38 6.34311 36.747
4 39 28.5194 32.9987
4 40 3.8095 15.5871
4 41 2.62497 27.7705
4 42 5.53307 29.9661
4 43 -3.14114 26.5632
4 44 0.52905 14.5654
4 45 21.6883 8.63931
4 46 -3.4151 14.1841
4 47 -2.72154 16.8263
4 48 0.978898 5.46327
4 49 -0.332896 8.89798
4 50 3.78859 12.0996
4 51 0.855893 5.87784
4 52 3.3181 0.676609
4 53 -0.903359 3.41866
4 54 1.27826 4.87135
4 55 -1.72788 -1.12237
4 56 -0.495174 -0.394304
4 57 -1.12461 0.560373
4 58 0.0934954 0.183708
4 60 1.14265 0.28965
4 61 0.0110789 -0.012831
4 63 -0.742927 -0.456599
4 64 0.0946305 -0.15849
5 33 3.10793 48.9577
5 34 -10.1471 29.0394
5 35 -7.84505 21.0323
5 36 4.8885 26.1751
5 37 5.88736 22.7604
5 38 1.56894 22.7063
5 39 -0.673896 25.5511
5 40 4.6263 22.7118
5 41 -4.40981 18.4017
5 42 -2.64503 16.7222
5 43 19.3395 19.3725
5 44 3.59521 19.4262
5 45 13.5239 14.2477
5 46 6.71975 20.852
5 47 6.36184 19.4341
5 48 4.28507 9.09472
5 49 -1.11717 14.2901
5 50 0.565597 7.26166
5 51 2.66642 2.52781
5 52 -3.69537 7.14732
5 53 -4.40857 2.79399
5 54 2.72921 3.37029
5 55 -1.08595 2.51071
5 56 0.381536 -0.525921
5 57 -0.345831 -0.732295
5 58 -0.560952 0.129375
5 59 1.40238 -0.957506
5 60 -0.248493 0.512887
5 61 -0.0764524 0.089557
5 62 -1.13751 0.186133
5 63 0.578983 -0.396542
5 65 -0.105055 -0.495075
5 66 0.00816056 -0.00256724
6 33 11.1265 55.7079
6 34 4.64834 37.6976
6 35 -10.2119 28.7731
6 36 24.5685 34.9071
6 37 9.63036 10.084
6 38 -0.804286 29.5961
6 39 6.6601 32.3344
6 40 3.99155 29.1152
6 41 6.05982 26.9126
6 42 2.4032 16.2144
6 43 6.76187 13.7265
6 44 1.52904 18.1297
6 45 -5.09357 24.2548
6 46 -0.60435 10.5498
6 47 11.6154 5.14718
6 48 4.65205 2.86462
6 49 5.36788 14.1713
6 50 3.40894 8.49938
6 51 6.73697 7.83044
6 52 1.31627 4.55203
6 53 -3.49848 -1.62717
6 54 -6.1221 3.73115
6 55 2.95891 2.62881
6 56 0.791777 1.21753
6 57 1.11317 1.38565
6 58 0.553357 0.266845
6 59 0.142957 0.452024
6 60 -0.889406 0.205033
6 61 -0.0756869 0.000227908
6 62 -0.46166 0.0921746
6 63 0.942196 -1.12769
6 64 -0.0547482 0.00459861
6 65 -1.16418 -0.0614907
7 33 10.4188 50.7106
7 34 10.1332 30.0813
7 35 1.17179 29.1825
7 36 18.5892 19.8696
7 37 8.43346 26.7139
7 38 12.0199 32.4847
7 39 0.0528827 21.152
7 40 15.1751 34.2227
7 41 -8.68614 23.2599
7 42 25.4174 13.3757
7 43 -0.00840023 17.5968
7 44 1.90042 13.1479
7 45 0.195305 14.3643
7 46 9.17284 23.5598
7 47 0.907655 16.3136
7 48 3.89483 6.73717
7 49 13.4835 8.97175
7 50 12.9321 5.81165
7 51 2.79035 1.63306
7 52 2.31195 7.49277
7 53 1.45575 5.95869
7 54 -5.35 4.10573
7 55 0.729697 2.93357
7 56 -2.29716 -0.373229
7 57 0.233123 -0.0637174
7 58 0.18421 0.500726
7 59 2.22225 1.79605
7 60 -1.32877 -1.03671
7 61 -0.108899 0.398044
7 62 0.100204 0.217638
7 63 -0.759786 -0.0517271
7 64 -1.16981 0.331768
7 65 -0.148636 -0.829342
7 66 -0.464281 0.171011
8 33 2.46395 41.4247
8 34 -22.9231 33.3719
8 35 5.54791 27.0165
8 36 -4.26258 26.8479
8 37 -9.57324 26.6084
8 38 -0.232087 8.75201
8 39 10.5929 32.5447
8 40 0.969067 27.5272
8 41 0.837655 10.9694
8 42 -1.76953 14.7708
8 43 8.32249 15.3974
8 44 4.43961 20.6432
8 45 12.2687 17.7191
8 46 6.00339 18.6158
8 47 6.00462 11.7326
8 48 -4.24465 8.94033
8 49 2.78381 4.55406
8 50 6.8701 5.91141
8 51 0.691294 4.16061
8 52 -0.339593 6.09002
8 53 5.44437 4.90714
8 54 -5.08503 5.13342
8 55 3.12051 -0.482473
8 56 -4.15276 -0.450189
8 57 1.08698 -0.746119
8 58 0.274663 1.22408
8 59 -0.359151 1.97162
8 60 -3.07709 1.84791
8 61 -1.06423 0.751337
8 62 0.931728 -0.197399
8 63 -0.405077 -0.0487524
8 65 -1.25567 -0.406694
9 33 0.774308 38.1152
9 34 16.3354 18.2876
9 35 12.2581 13.0302
9 36 17.8322 20.5216
9 37 12.0886 11.7522
9 38 4.68564 17.9879
9 39 5.73074 8.84182
9 40 17.8923 13.1776
9 41 1.00734 9.3113
9 42 5.82734 10.7876
9 43 8.50205 13.1688
9 44 7.36921 4.02634
9 45 8.11003 6.81453
9 46 10.2252 5.28256
9 47 -1.39023 8.04606
9 48 5.40951 8.40531
9 49 -0.17345 9.31355
9 50 7.1415 13.1221
9 51 0.949363 3.51188
9 52 -1.53938 9.79337
9 53 1.27304 4.69824
9 54 2.11528 2.38658
9 55 1.43222 5.44058
9 56 1.8 3.40856
9 57 -0.548158 -0.255664
9 58 -0.661144 0.519113
9 59 -0.311189 2.11461
9 60 -0.909481 1.26699
9 61 0.89517 -0.371557
9 62 -2.70105 -0.229668
9 63 -0.0188598 0.00455574
9 64 0.137504 0.0667374
9 65 -0.0317011 -0.0548155
10 33 7.04836 24.5668
10 34 9.53835 11.8965
10 35 13.4776 5.41747
10 36 13.1633 9.42726
10 37 4.75105 16.6586
10 38 5.76443 3.96562
10 39 8.08636 14.6861
10 40 11.882 13.0587
10 41 14.0147 15.359
10 42 17.9827 12.6179
10 43 -12.3246 10.0318
10 44 4.77253 11.069
10 45 -2.87948 8.09119
10 46 0.581319 -0.686537
10 47 16.701 12.9786
10 48 0.408231 3.25447
10 49 0.0170183 4.97501
10 50 2.32122 9.03916
10 51 -5.0892 3.46747
10 52 12.4909 1.45888
10 53 3.22974 7.33919
10 54 -0.24512 1.6957
10 55 1.4559 3.13672
10 56 -1.55459 1.44707
10 57 1.29231 -0.906591
10 58 -1.62712 0.618132
10 59 0.220031 0.696019
10 60 -0.146953 0.652121
10 61 0.0273062 0.61331
10 62 -0.544467 0.0247412
10 63 -0.378294 -0.708928
10 64 -0.425464 1.09541
10 65 -2.26608 -0.0645132
11 33 4.58305 18.3037
11 34 6.75118 10.4457
11 35 7.4417 9.46291
11 36 8.38926 16.1416
11 37 2.14833 16.9118
11 38 -0.691323 7.16256
11 39 17.0161 7.90129
11 40 13.8966 9.30611
11 41 8.9866 10.9868
11 42 1.58404 14.4747
11 43 3.22269 -1.2088
11 44 3.78812 4.82072
11 45 17.6436 12.5815
11 46 7.34563 7.00938
11 47 8.49297 -0.510682
11 48 6.56448 8.36476
11 49 11.8854 10.4582
11 50 14.2646 1.81709
11 51 3.14289 1.20585
11 52 5.63264 -0.0362037
11 53 2.26278 4.92077
11 54 5.33876 0.425543
11 55 -1.18893 -1.30093
11 56 -0.34457 -0.115508
11 57 2.26944 -0.615788
11 58 -0.237541 0.319307
11 59 0.0594252 0.731216
11 60 1.20801 -1.02158
11 61 1.74018 0.620693
11 62 0.2546 -0.00898749
11 63 -0.418693 0.220304
11 64 0.277033 -0.552177
12 33 9.26149 6.84504
12 34 7.61578 4.46871
12 35 8.40052 11.5294
12 36 -7.80875 4.48385
12 37 17.6946 2.44196
12 38 15.6345 14.8608
12 39 3.74053 4.8281
12 40 4.46672 8.31978
12 41 4.60693 6.31256
12 42 1.74227 7.37471
12 43 4.86321 11.0106
12 44 6.78786 12.6152
12 45 7.15229 11.4131
12 46 -2.48483 7.8831
12 47 9.05663 10.7325
12 48 4.06594 -2.44567
12 49 7.75926 1.41555
12 50 3.23154 10.7481
12 51 6.97476 0.168363
12 52 -0.227954 4.77302
12 53 -6.70924 2.94255
12 54 6.05921 4.66221
12 55 1.08783 6.74622
12 56 1.0867 2.14122
12 57 0.902692 1.54402
12 58 0.183068 0.889249
12 59 -0.337539 0.748933
12 60 1.77399 0.638512
12 61 -0.27558 -0.000859254
12 62 2.16122 1.52927
12 63 -0.216116 -0.186471
12 64 0.210847 0.0902453
12 65 1.86011 -0.655065
12 66 0.0312281 0.114694
13 33 1.38976 4.03767
13 34 -2.96292 8.40311
13 35 11.6606 -8.68971
13 36 13.2025 5.25843
13 37 8.23762 10.6464
13 38 1.72214 5.59725
13 39 -4.34336 1.17954
13 40 -0.316187 0.306355
13 41 10.6938 0.30023
13 42 5.27301 7.51919
13 43 12.2728 7.06326
13 44 10.4565 0.543356
13 45 4.28912 5.60124
13 46 -2.81274 8.66607
13 47 6.01183 0.0781743
13 48 -3.22283 7.90264
13 49 6.70788 3.14015
13 50 3.12049 2.62808
13 51 5.10157 3.21181
13 52 1.93241 10.9801
13 53 0.811182 5.62725
13 54 3.71085 -0.694247
13 55 1.64817 -0.469324
13 56 4.76357 3.72611
13 57 0.134473 -0.473565
13 58 -0.415317 0.295663
13 59 0.550097 -0.160235
13 60 2.00305 0.529408
13 61 0.313665 0.188124
13 62 0.706862 1.41722
13 63 -0.023031 0.308211
13 64 -0.824845 0.0612787
13 65 0.477475 0.318452
13 66 0.382791 0.911097
14 33 4.16135 0.348832
14 34 0.101816 -6.8571
14 35 4.59338 -0.305075
14 36 4.36642 1.45671
14 37 13.0689 8.32794
14 38 6.29777 3.73839
14 39 5.41682 4.04434
14 40 5.64861 -1.18027
14 41 5.8862 -0.538629
14 42 10.368 9.42932
14 43 2.78874 2.23962
14 44 7.13241 5.53153
14 45 1.59978 2.90477
14 46 8.24933 4.25335
14 47 10.2522 6.76295
14 48 4.60204 3.30171
14 49 -1.42388 -1.86749
14 50 0.578292 2.89829
14 51 4.74072 2.61604
14 52 1.32855 7.62992
14 53 -2.82822 5.30881
14 54 4.26379 0.993264
14 55 -2.49794 0.333931
14 56 2.70809 0.066548
14 57 -2.23243 0.511686
14 58 1.27111 -0.00606468
14 59 3.42746 1.82272
14 60 2.03135 0.695126
14 61 0.0124644 -0.205119
14 62 0.0577955 0.274471
14 63 -0.626389 0.176295
14 64 0.148242 0.117327
14 65 -1.75629 1.18221
14 66 0.204162 0.477173
15 33 3.39884 2.37395
15 34 6.03022 -2.71296
15 35 4.75297 1.0912
15 36 6.93245 10.8236
15 37 1.19506 1.64727
15 38 7.17467 1.09479
15 39 16.1774 2.6229
15 40 6.5951 10.3261
15 41 3.46096 7.57297
15 42 10.9574 10.2565
15 43 3.75045 0.835487
15 44 5.48004 4.82778
15 45 -0.0566117 -3.7876
15 46 5.09314 4.96809
15 47 7.1555 8.64163
15 48 7.02341 -2.76893
15 49 1.78636 3.13326
15 50 -3.08729 2.22312
15 51 1.3152 5.1898
15 52 -2.59593 2.56944
15 53 0.831791 3.51402
15 54 4.99109 -2.2589
15 55 4.0404 0.995653
15 56 -4.28248 2.31081
15 57 0.76927 -1.22563
15 58 -0.612704 -1.23386
15 59 1.76599 0.872628
15 60 0.137488 -1.56349
15 61 1.49408 -0.3471
15 62 -0.19806 -0.498267
15 63 0.516495 0.149514
15 64 0.236158 0.296374
15 65 -0.606618 0.13454
15 66 1.13227 0.359418
16 33 4.72417 3.42565
16 34 5.70021 2.4223
16 35 23.4279 -6.20148
16 36 0.317109 2.5557
16 37 0.664733 4.93841
16 38 2.34889 -2.72827
16 39 5.21741 -2.88475
16 40 13.0088 5.3897
16 41 -1.95255 -2.33614
16 42 9.30141 3.95234
16 43 8.13127 -1.52079
16 44 4.03561 2.9552
16 45 9.32665 -0.758096
16 46 9.64099 2.15682
16 47 5.6569 4.63394
16 48 4.59114 7.35922
16 49 9.9222 5.22855
16 50 -1.66331 -4.50047
16 51 4.83768 5.19708
16 52 4.23166 6.60603
16 53 -4.91293 6.57048
16 54 -2.82507 3.69837
16 55 3.15315 5.15479
16 56 2.60828 -0.480501
16 57 1.81423 -0.485927
16 58 5.27322 0.687072
16 59 -0.427172 1.13087
16 60 0.819269 -0.141864
16 61 0.942602 2.63731
16 62 0.132737 -0.0854597
16 63 -0.392015 0.850748
16 64 -0.0977815 0.0829911
16 65 -0.0906705 0.448054
16 66 0.576776 -0.34501
17 33 5.56169 2.81945
17 34 3.20327 -0.91317
17 35 6.5613 2.45404
17 36 2.8315 5.90137
17 37 1.18407 2.11412
17 38 -1.47828 -0.816947
17 39 3.42334 -4.95876
17 40 10.7155 1.1452
17 41 -0.782466 4.39612
17 42 10.7226 -0.592689
17 43 8.24939 2.40078
17 44 7.84907 6.70557
17 45 10.4053 5.01218
17 46 12.2613 0.52579
17 47 -1.95201 2.34916
17 48 2.88719 6.47807
17 49 2.49885 4.49941
17 50 3.98888 3.30232
17 51 3.26354 3.82894
17 52 7.14122 1.05122
17 53 3.24915 -1.2245
17 54 6.46558 1.48618
17 55 1.58698 3.23685
17 56 0.871836 0.519255
17 57 -0.938989 0.715733
17 58 1.05803 1.85573
17 59 0.738074 0.57551
17 60 0.64576 2.33427
17 61 -0.604089 0.758546
17 62 -0.309915 1.35587
17 63 -0.967749 0.018885
17 64 0.0330359 0.0249176
17 65 1.13516 -0.0336557
17 66 -0.644513 -0.00290282
18 33 3.31076 0.000759375
18 34 7.27891 1.15983
18 35 3.12427 -0.981222
18 36 5.98016 1.02801
18 37 6.95032 -4.43369
18 38 9.10123 2.27687
18 39 2.82852 -6.53146
18 40 10.5719 -9.77763
18 41 13.0052 10.3435
18 42 3.18628 -1.47874
18 43 10.4509 2.07168
18 44 2.34847 6.94014
18 45 9.96098 -1.89521
18 46 6.11146 -1.52735
18 47 0.331912 5.82101
18 48 6.93062 3.29976
18 49 -0.483323 -0.909307
18 50 0.293483 4.24778
18 51 0.924128 6.7957
18 52 7.61045 7.61866
18 53 3.62696 1.11981
18 54 0.221713 0.528671
18 55 0.529451 1.29634
18 56 0.449135 2.03874
18 57 -0.597163 -0.721846
18 58 1.1873 -0.709647
18 59 2.25376 0.438647
18 60 2.51601 0.676087
18 61 -0.645613 2.72834
18 62 -3.74229 1.66519
18 63 -0.0395149 -0.616661
18 64 -0.733941 0.921493
18 65 0.175529 1.77067
18 66 -0.0998582 0.0867361
19 33 2.37362 -1.00165
19 34 9.88486 1.49367
19 35 2.86123 -2.63461
19 36 5.53451 1.38824
19 37 5.48192 4.34932
19 38 1.97168 -0.688723
19 39 4.16221 1.73958
19 40 10.4128 2.12701
19 41 9.87698 -2.34373
19 42 2.13892 2.45317
19 43 5.93785 -0.978697
19 44 9.52319 -8.11402
19 45 3.19816 5.28162
19 46 7.43942 3.89518
19 47 5.89071 0.457722
19 48 0.950378 4.38522
19 49 6.07108 2.72154
19 50 0.540638 8.03515
19 51 2.25072 5.01125
19 52 5.40561 1.97746
19 53 5.49778 -1.56412
19 54 0.514309 6.07088
19 55 0.446108 2.28952
19 56 2.64801 -0.704538
19 57 2.58313 -0.364446
19 58 -1.18429 -0.457232
19 59 -1.07884 2.24489
19 60 -0.265582 2.23844
19 61 1.84139 0.764965
19 62 -3.72472 0.704301
19 63 -0.00189574 0.956602
19 64 -1.41593 0.526955
19 65 -0.983544 0.896303
19 66 0.00568884 0.00956401
20 33 -0.29391 -0.947546
20 34 6.49783 0.468136
20 35 6.19709 -0.375931
20 36 4.30822 -0.649776
20 37 4.6188 -2.98255
20 38 11.1677 -1.4193
20 39 2.8089 6.41383
20 40 1.55212 -5.39301
20 41 11.1737 2.28867
20 42 9.06392 1.68495
20 43 -1.51534 -4.45852
20 44 12.1721 -4.00513
20 45 4.53393 -3.78432
20 46 9.36404 1.70164
20 47 6.23119 3.48265
20 48 1.10106 0.47126
20 49 6.71011 1.4974
20 50 4.47286 6.01409
20 51 8.69959 -3.49665
20 52 -2.49104 -1.49355
20 53 7.20796 -0.265352
20 54 5.50998 3.97173
20 55 -1.0681 -2.0885
20 56 -3.073 0.412773
20 57 -0.0408517 0.962115
20 58 -0.468748 0.674076
20 59 0.169145 0.636742
20 60 -2.16048 2.8803
20 61 2.76685 -2.36718
20 62 1.78349 0.320444
20 63 0.00101587 -0.0299667
20 64 -0.703586 0.856136
20 65 -0.59437 0.0720661
20 66 0.0778738 0.32794
21 33 2.36675 -4.18981
21 34 5.47979 -3.28365
21 35 3.08872 -0.491597
21 36 4.63896 -3.57182
21 37 -4.56387 0.685529
21 38 9.88296 -1.73261
21 39 15.7146 2.85488
21 40 -3.51691 2.30809
21 41 5.26035 -0.480873
21 42 4.27157 -3.44382
21 43 -0.489266 -4.03775
21 44 -0.716372 1.68099
21 45 9.62077 -1.22388
21 46 8.10033 0.0668472
21 47 12.6158 8.0071
21 48 8.09659 1.85032
21 49 7.44532 1.71239
21 50 2.54759 6.42184
21 51 4.23694 3.2876
21 52 2.08844 4.67907
21 53 5.67756 -0.892602
21 54 5.63359 -0.988809
21 55 -2.24111 4.85039
21 56 1.17178 -1.93655
21 57 -1.86716 0.314403
21 58 -2.10645 -1.71253
21 59 2.41427 2.25933
21 60 1.1546 2.3862
21 61 0.347086 -1.18409
21 62 0.303308 0.669144
21 63 -0.334807 0.188193
21 64 -0.963806 -0.36425
21 65 -0.662489 -0.460707
21 66 1.23341 0.39025
22 33 4.82437 -1.63651
22 34 6.65781 -1.54139
22 35 6.09879 1.91242
22 36 1.526 -0.880031
22 37 1.26549 -3.46661
22 38 0.613245 -3.81943
22 39 7.15802 3.39956
22 40 2.23821 1.48799
22 41 0.838708 2.14735
22 42 5.11036 -4.57271
22 43 -2.67445 2.95751
22 44 9.10756 7.46602
22 45 7.94295 4.70918
22 46 6.93046 4.75624
22 47 -0.38102 1.18817
22 48 9.11038 1.08513
22 49 4.26008 0.101914
22 50 1.43539 -2.62725
22 51 3.91615 4.89893
22 52 3.81971 1.69868
22 53 6.4762 4.01299
22 54 -0.396117 6.60011
22 55 -0.769815 0.867357
22 56 1.72892 0.538077
22 57 -0.688093 -1.35213
22 58 -1.30773 2.24221
22 59 -0.802215 0.782158
22 60 1.97207 -1.27808
22 61 -0.820609 1.71915
22 62 -0.139981 -0.33973
22 63 0.107305 1.05197
22 64 -0.379919 0.962353
22 65 1.28685 0.0904882
22 66 -0.417484 1.33612
23 33 8.75512 -4.06299
23 34 3.37983 1.77937
23 35 4.64749 -1.00988
23 36 3.8633 3.18393
23 37 5.5697 -2.82871
23 38 -1.77295 -0.767295
23 39 7.0993 -3.15612
23 40 4.58427 -4.83015
23 41 5.02194 -8.61279
23 42 19.6944 4.79914
23 43 -0.774681 -1.60571
23 44 1.49133 -7.14731
23 45 5.48241 -1.54541
23 46 5.71971 1.84198
23 47 4.49796 0.872559
23 48 7.59287 0.750402
23 49 7.00584 -0.271402
23 50 8.22039 2.23559
23 51 2.91982 -7.12725
23 52 2.79361 3.17936
23 53 8.65461 1.83318
23 54 1.53412 2.59773
23 55 3.79504 0.0823029
23 56 -2.567 0.843162
23 57 -0.548023 -0.716303
23 58 1.74647 1.92301
23 59 0.927359 0.484755
23 60 -0.230648 -0.6492
23 61 -2.21387 0.325974
23 62 1.67955 -0.078921
23 63 0.225947 1.13796
23 64 0.187331 -0.225188
23 65 0.0110206 -0.0618536
23 66 -0.143048 0.693314
24 33 4.42469 -4.73714
24 34 -0.708619 -0.712014
24 35 7.30728 -2.45737
24 36 6.54794 -0.112739
24 37 2.1233 -0.234374
24 38 8.33909 -6.48946
24 39 -1.78217 -4.18167
24 40 -6.48423 -0.0904551
24 41 1.9507 9.59276
24 42 7.88523 0.882551
24 43 16.2119 -4.37234
24 44 2.5861 -0.130497
24 45 6.38034 0.124441
24 46 5.8105 -4.95548
24 47 6.55612 5.21661
24 48 3.77966 3.22652
24 49 7.19733 5.31967
24 50 7.91758 4.8039
24 51 1.74718 4.64013
24 52 5.86704 2.32673
24 53 6.21708 2.45801
24 54 -1.82478 3.4046
24 55 1.96548 2.06557
24 56 -0.158896 2.79415
24 57 -1.56566 1.23414
24 58 5.02689 2.70294
24 59 0.854078 -0.194085
24 60 2.12318 3.14971
24 61 1.69691 -0.733773
24 62 1.44614 -0.0624867
24 63 -0.618266 -0.54601
24 64 0.31606 0.107335
24 65 0.535172 0.232981
24 66 0.198138 0.174372
25 33 5.01101 -2.48308
25 34 7.77544 -2.09595
25 35 6.46384 -0.696676
25 36 8.25421 -4.81962
25 37 1.43891 6.70189
25 38 13.0007 -1.12898
25 39 2.52491 1.25186
25 40 2.29066 3.37983
25 41 4.53306 0.594173
25 42 8.72465 0.811691
25 43 8.19999 -0.22507
25 44 5.20221 -4.49917
25 45 4.71196 0.561211
25 46 11.446 -1.94939
25 47 9.15523 -1.77211
25 48 10.161 3.83407
25 49 2.21212 2.93027
25 50 2.30485 7.50596
25 51 6.87817 0.449068
25 52 2.09492 -1.11425
25 53 3.03647 1.42216
25 54 0.401171 2.57256
25 55 0.213874 0.0395529
25 56 2.07265 -0.214541
25 57 4.49294 0.39976
25 58 1.8734 -1.88295
25 59 0.267351 1.74313
25 60 2.0854 0.675346
25 61 1.56341 1.69621
25 62 -0.260836 0.713925
25 63 -0.800003 1.23419
25 64 0.528013 0.633895
25 65 -0.371068 0.00411276
25 66 0.0725414 0.0780812
26 33 6.25189 -1.55169
26 34 7.85802 -0.661036
26 35 5.36117 0.631937
26 36 9.20333 -0.767523
26 37 5.23975 -0.0882286
26 38 9.40939 -4.47761
26 39 6.06461 -2.29647
26 40 5.81573 -0.288198
26 41 6.99351 1.7165
26 42 12.0064 4.07823
26 43 6.87621 -2.95276
26 44 1.82067 -2.41455
26 45 4.08879 -1.44865
26 46 11.2841 5.67558
26 47 5.50294 -3.86489
26 48 6.06673 6.28551
26 49 4.57704 4.30011
26 50 3.15147 10.0085
26 51 0.89698 -6.89692
26 52 7.643 -0.282089
26 53 2.21498 0.186393
26 54 -0.0450782 2.32478
26 55 -0.896868 2.86539
26 56 2.68617 1.21901
26 57 4.13455 -0.58661
26 58 0.815893 -0.125774
26 59 0.601258 2.39214
26 60 -0.978727 0.170268
26 61 1.63211 0.737822
26 62 0.843573 -0.680445
26 63 -1.40496 -0.636775
26 64 -0.392413 -1.07829
26 65 1.38574 -0.581847
26 66 0.0327329 -0.0265459
27 33 -0.165575 -1.71665
27 34 11.0455 -6.09141
27 35 -1.3748 -0.253727
27 36 8.30791 -1.19905
27 37 4.89462 -1.23567
27 38 3.3805 -2.30173
27 39 6.47788 0.752072
27 40 0.289578 2.36859
27 41 1.70533 -0.0207476
27 42 5.69074 6.3025
27 43 0.431993 2.97018
27 44 0.722559 4.73968
27 45 0.195726 1.88758
27 46 2.36139 1.40419
27 47 7.84821 -4.52054
27 48 0.176317 1.94716
27 49 7.85971 2.44579
27 50 9.33451 0.196321
27 51 2.0925 -1.4949
27 52 4.67991 2.67414
27 53 -0.899177 3.50094
27 54 5.28604 5.47103
27 55 2.08035 5.12701
27 56 3.39233 1.30002
27 57 2.05846 0.512588
27 58 -0.0951048 0.447212
27 59 -2.26156 -1.44295
27 60 -1.24287 -0.612607
27 61 2.28487 0.828792
27 62 1.20088 -0.227598
27 63 -2.29557 1.72557
27 64 -2.16656 1.36205
27 65 0.943274 -1.00434
27 66 0.915173 0.183036
28 33 0.52706 -2.0409
28 34 7.24338 1.35869
28 35 -0.528265 -1.37597
28 36 6.15994 -3.42225
28 37 0.411263 -7.39863
28 38 9.40277 -8.00716
28 39 11.6598 -3.89756
28 40 0.997446 -4.53185
28 41 8.14289 2.70381
28 42 10.8393 -2.42681
28 43 -2.48683 -2.55986
28 44 6.32539 4.99255
28 45 7.42055 6.65436
28 46 6.47572 4.38831
28 47 4.35912 2.19887
28 48 7.98534 -5.57208
28 49 10.1798 3.84738
28 50 0.248016 -1.33826
28 51 8.48726 2.68015
28 52 0.54148 2.4414
28 53 4.72318 3.0616
28 54 -3.49779 2.94631
28 55 6.37566 -0.257784
28 56 5.39222 0.876721
28 57 -1.30093 0.583822
28 58 3.42585 0.93616
28 59 0.285307 -0.431273
28 60 0.793699 2.02165
28 61 -0.855515 0.319363
28 62 0.703708 1.67207
28 63 2.33353 -0.390634
28 64 1.015 -0.508784
28 65 2.1649 1.03465
28 66 -0.649822 0.0157835
29 33 8.86798 -5.10839
29 34 -0.309759 -3.03764
29 35 4.18907 -6.95372
29 36 1.41772 -0.913845
29 37 9.41747 0.83084
29 38 1.03063 -0.702267
29 39 6.80509 -3.71182
29 40 -1.59662 -0.980118
29 41 4.83978 2.92219
29 42 13.3228 -1.00883
29 43 8.45122 -1.8251
29 44 4.87806 2.04281
29 45 1.45268 6.2862
29 46 5.76081 -3.86836
29 47 5.71686 1.38759
29 48 8.18431 4.43637
29 49 5.7839 3.36507
29 50 -2.48385 -1.28005
29 51 6.50751 3.70624
29 52 5.10222 5.25772
29 53 -0.153332 4.60683
29 54 1.91428 3.91075
29 55 -0.652744 1.30519
29 56 -0.876878 0.17733
29 57 -1.88514 0.163503
29 58 -1.08196 -1.19007
29 59 0.0518564 1.46764
29 60 -1.34091 -0.176797
29 61 2.73957 0.817033
29 62 -2.09184 0.640577
29 63 1.35936 -1.21426
29 64 0.370582 0.34732
29 65 -1.96032 -0.0702453
29 66 -0.512174 1.03716
30 33 4.99938 1.37445
30 34 0.999753 2.05832
30 35 1.75014 -1.34014
30 36 2.7686 -2.07785
30 37 1.9658 -0.423746
30 38 2.0811 -4.00467
30 39 5.84963 3.6952
30 40 5.85524 -0.829664
30 41 7.74728 -3.09714
30 42 8.46255 -1.2594
30 43 7.49035 -3.26324
30 44 10.8337 0.480819
30 45 9.52158 4.82529
30 46 1.12965 7.40288
30 47 9.11489 -2.23554
30 48 2.09736 0.570916
30 49 9.50225 3.85314
30 50 6.97448 1.0005
30 51 2.78417 -0.122128
30 52 0.0786351 -0.577907
30 53 -1.92283 1.79874
30 54 10.3704 8.8792
30 55 0.967298 3.47845
30 56 4.39712 0.213405
30 57 0.111551 3.31884
30 58 0.704347 -1.16972
30 59 -1.75146 -1.38828
30 60 -1.60747 -0.104208
30 61 -3.0331 0.438742
30 62 0.728091 0.202376
30 63 -0.751537 -0.0852915
30 64 0.590852 -0.75213
30 65 -0.547475 0.299738
30 66 1.47031 -0.77794
31 33 2.56497 2.03358
31 34 -0.111181 5.31415
31 35 -1.59793 -1.56741
31 36 -2.59568 -2.89302
31 37 12.2545 -3.037
31 38 4.16635 7.8089
31 39 7.3358 7.01545
31 40 11.4263 -1.33777
31 41 5.87789 0.0709412
31 42 11.783 -2.06599
31 43 -3.61788 -3.44546
31 44 3.27759 3.99383
31 45 1.18803 -3.95071
31 46 3.72254 1.33316
31 47 6.95242 -0.284883
31 48 7.81083 -0.429105
31 49 3.73571 -1.92706
31 50 4.00646 1.67882
31 51 5.19023 6.15213
31 52 4.57563 6.87227
31 53 -6.48438 0.543032
31 54 4.40557 0.16937
31 55 4.97094 3.03704
31 56 1.13727 1.06881
31 57 1.83909 1.67459
31 58 -4.26877 2.30225
31 59 -1.54364 1.22971
31 60 0.637985 1.86808
31 61 3.11431 0.801746
31 62 1.82336 -0.748634
31 63 0.320799 -0.19638
31 64 -0.351768 -0.754869
31 65 -0.401549 0.670866
31 66 0.0127133 -0.0955336
32 33 4.39405 0.946428
32 34 2.51453 3.14691
32 35 0.366798 -4.05772
32 36 9.7411 -1.94025
32 37 2.44954 3.11969
32 38 -1.78696 -2.3567
32 39 0.912557 3.93862
32 40 10.843 3.60999
32 41 0.438104 -4.12835
32 42 3.87211 2.33384
32 43 3.72237 -1.71447
32 44 2.92245 0.116791
32 45 1.85729 1.53619
32 46 0.308152 -0.845517
32 47 4.58381 6.65491
32 48 1.6783 -7.50274
32 49 3.12911 -2.73671
32 50 6.66094 1.73709
32 51 2.3274 7.21633
32 52 5.27792 3.33196
32 53 1.18304 0.557949
32 54 5.00302 1.96097
32 55 -1.02215 0.814781
32 56 2.37771 4.85686
32 57 1.9686 1.90646
32 58 -2.29667 -0.0930386
32 59 -0.507074 1.91186
32 60 0.0563467 -1.29152
32 61 -2.21951 1.37577
32 62 -0.286328 -1.12916
32 63 -0.470453 -0.033137
32 64 -2.06479 -0.22094
32 65 0.484592 0.177045
32 66 -0.0551677 0.281462
33 33 3.52443 -0.615319
33 34 0.72544 -3.54586
33 35 0.607292 0.844831
33 36 4.29848 -0.84963
33 37 -1.30943 -5.92925
33 38 -4.17696 -1.46649
33 39 3.06826 1.39641
33 40 7.14725 2.01474
33 41 13.1077 -1.97774
33 42 4.30951 -2.56728
33 43 -3.61596 -2.3944
33 44 -0.865541 7.90715
33 45 7.29896 -4.25338
33 46 1.33941 5.32547
33 47 2.42338 -1.44822
33 48 3.87936 2.98234
33 49 6.98211 1.70968
33 50 1.8529 -0.234264
33 51 0.426016 -4.59816
33 52 5.58431 0.311666
33 53 4.96104 0.810266
33 54 6.12039 0.265033
33 55 -0.22389 -0.0700268
33 56 3.46188 -2.1794
33 57 1.31376 0.0600452
33 58 2.35516 1.29823
33 59 -1.30836 2.6243
33 60 1.26496 -0.362014
33 61 1.90461 6.17898
33 62 -0.86625 -0.00167105
33 63 0.796956 -0.38116
33 64 0.0173874 0.111383
33 65 1.02553 0.290652
34 33 3.78429 -0.828443
34 34 2.95326 -0.229712
34 35 3.50794 0.202195
34 36 6.60362 1.64418
34 37 10.5122 1.6093
34 38 -2.21618 -0.571703
34 39 0.457728 -0.379772
34 40 0.463325 4.03612
34 41 8.90652 5.12713
34 42 4.7992 2.39583
34 43 4.05199 1.85894
34 44 1.33545 -4.66568
34 45 5.19607 -1.06413
34 46 5.12066 0.573969
34 47 1.38875 0.085117
34 48 11.0354 -3.97787
34 49 5.57186 5.46398
34 50 7.33869 1.8206
34 51 2.25 5.89735
34 52 2.17825 4.03762
34 53 5.02966 1.23309
34 54 -0.121307 0.296319
34 55 -2.20625 -1.57876
34 56 1.15047 2.41849
34 57 5.0018 2.39485
34 58 -0.20229 3.21025
34 59 -1.44221 -0.589396
34 60 -0.587466 0.749393
34 61 -2.62827 5.66531
34 62 -0.144744 1.03156
34 63 1.65966 0.33771
34 64 -0.15304 -0.0987023
34 65 0.002546 0.526725
34 66 0.267665 0.485529
35 33 6.75372 1.19923
35 34 6.34676 -4.04353
35 35 -1.17779 -2.54111
35 36 2.48353 4.47164
35 37 5.637 -0.240572
35 38 1.17701 0.937537
35 39 2.81329 0.553095
35 40 7.32258 -1.01434
35 41 2.82446 -5.80006
35 42 14.4595 -0.611251
35 43 9.35031 0.0155036
35 44 7.64014 3.28816
35 45 8.07324 3.236
35 46 3.11162 -0.541379
35 47 2.70158 -0.749676
35 48 2.84295 -1.1832
35 49 4.80626 0.834268
35 50 8.04892 5.57761
35 51 4.29853 1.58267
35 52 3.15012 2.92966
35 53 0.763862 -2.29343
35 54 10.4353 1.55401
35 55 3.0611 3.9807
35 56 1.00224 -1.80105
35 57 -0.256751 -0.638259
35 58 0.488607 1.19904
35 59 2.62739 -0.824782
35 60 1.83088 -0.385475
35 61 1.18537 1.40673
35 62 1.72144 1.93696
35 63 -0.447146 0.0103231
35 64 0.0338652 0.333152
35 65 -0.133733 -0.34136
35 66 1.36076 0.664182
36 33 1.84195 0.522536
36 34 2.63584 -2.81165
36 35 -1.69299 -2.74055
36 36 1.54152 -0.983288
36 37 5.81639 -2.8814
36 38 2.6612 -0.310045
36 39 8.76789 -5.76045
36 40 5.29604 -3.37047
36 41 4.2197 3.07499
36 42 2.83564 -1.27528
36 43 5.31817 -3.30339
36 44 -3.36417 1.28677
36 45 -0.289244 -2.91347
36 46 6.96298 -0.760757
36 47 6.48895 -0.587469
36 48 3.46729 0.063186
36 49 5.79492 -0.78099
36 50 13.1548 5.26877
36 51 4.77446 -1.0031
36 52 -0.0256423 -1.16494
36 53 2.44188 2.24624
36 54 1.69666 -4.25025
36 55 1.20407 -0.0422164
36 56 1.1544 4.30535
36 57 3.59547 2.45624
36 58 1.73583 2.64093
36 59 0.165214 -0.84395
36 60 -1.35934 0.219279
36 61 0.462888 1.34364
36 62 2.48733 -0.390795
36 63 1.14763 -0.0085202
36 64 -0.144958 0.324806
36 65 1.28066 1.16695
36 66 0.383344 0.782309
37 33 3.82589 -0.599712
37 34 1.00544 -1.25698
37 35 -0.687713 -0.480507
37 36 4.46881 2.95138
37 37 7.17658 -0.287981
37 38 2.31912 0.0866421
37 39 1.02493 0.881987
37 40 5.3432 -2.92546
37 41 9.18471 0.960235
37 42 2.18335 1.65755
37 43 5.07313 -2.85084
37 44 4.91839 1.00834
37 45 4.86302 -0.743006
37 46 6.22105 -5.42773
37 47 2.79973 -0.233069
37 48 2.91995 4.86355
37 49 -3.02714 0.260729
37 50 3.64422 -1.64236
37 51 0.481479 0.489837
37 52 -2.02384 5.38441
37 53 0.831079 0.218454
37 54 -2.10754 2.47548
37 55 -0.241281 -2.91836
37 56 3.16132 -0.289786
37 57 3.07888 1.20191
37 58 0.749264 2.62821
37 59 -1.02851 3.55616
37 60 1.77654 -0.311763
37 61 1.63288 0.8465
37 62 -2.00804 -2.02415
37 63 0.0749516 0.0597038
37 64 -2.08373 -0.440424
37 65 -0.911727 0.258628
37 66 0.275528 -0.270629
38 33 5.32002 -3.13451
38 34 3.97282 -1.44967
38 35 4.66434 -0.312096
38 36 2.01782 -3.64585
38 37 11.5547 -1.01029
38 38 0.513487 -0.979464
38 39 -0.239195 -1.71815
38 40 2.19004 0.724034
38 41 3.05407 0.000509615
38 42 -2.85492 -2.97042
38 43 7.32932 1.12174
38 44 14.4754 2.9684
38 45 2.46091 2.38604
38 46 7.68079 -0.28134
38 47 7.03172 -0.588991
38 48 -0.464799 -0.151427
38 49 2.66262 2.86387
38 50 8.77978 -1.41877
38 51 4.03127 0.75771
38 52 1.51618 1.88596
38 53 7.62783 6.45533
38 54 1.71557 3.29868
38 55 4.08431 1.9018
38 56 4.14784 1.17709
38 57 4.96066 1.45275
38 58 3.65196 0.859072
38 59 0.708293 2.806
38 60 2.0128 0.0130377
38 61 1.86437 2.05289
38 62 2.0398 0.482868
38 63 -1.14246 0.403931
38 64 0.637934 0.172345
38 65 -1.11854 0.157328
38 66 -0.122769 -0.000816502
39 33 3.40698 0.379627
39 34 -1.21071 -0.681317
39 35 -0.462506 -1.47045
39 36 6.37022 -0.931836
39 37 8.12625 -5.38229
39 38 -1.22192 -2.60203
39 39 0.572389 -2.85336
39 40 1.43014 -2.09356
39 41 7.90897 1.15791
39 42 -3.24583 -4.29511
39 43 8.17801 4.75535
39 44 3.69663 -3.04516
39 45 2.24609 5.85731
39 46 4.78686 5.59637
39 47 -0.619997 0.57469
39 48 2.14866 -0.0868913
39 49 5.52907 6.24312
39 50 1.10941 1.58038
39 51 2.73116 -1.77278
39 52 2.69284 -4.23822
39 53 0.0771082 1.37737
39 54 4.95603 2.59674
39 55 5.01944 -0.0122315
39 56 2.82238 0.175692
39 57 -1.47492 -1.38734
39 58 2.3015 0.012196
39 59 0.133492 2.59057
39 60 -0.114049 0.958563
39 61 -0.243603 0.524841
39 62 0.166958 -0.617614
39 63 1.73639 0.0123157
39 64 -0.640069 0.202972
39 65 -0.0721972 0.00197302
39 66 -0.355856 -0.258871
40 33 7.30134 -0.901854
40 34 -1.74992 0.431636
40 35 1.60432 -2.61284
40 36 9.84634 -6.47498
40 37 3.5191 -0.171969
40 38 4.99898 -1.62391
40 39 4.04362 -1.46059
40 40 2.10902 0.375265
40 41 0.34227 0.326595
40 42 -3.10274 5.61419
40 43 1.14969 0.931194
40 44 3.40409 -1.35653
40 45 1.22308 -1.97994
40 46 4.35075 1.37392
40 47 2.18519 2.03526
40 48 -4.66618 1.22071
40 49 3.52572 2.97722
40 50 5.40333 0.348065
40 51 2.38146 1.56941
40 52 -1.07514 1.20841
40 53 3.66211 3.36617
40 54 0.896543 3.13102
40 55 3.55191 4.02774
40 56 4.48944 1.54503
40 57 2.07602 5.09483
40 58 0.148453 0.417583
40 59 1.67551 2.05162
40 60 2.08189 1.94844
40 61 -0.775941 -1.50791
40 62 1.23415 -0.018134
40 63 0.139746 -0.465836
40 64 -0.377675 0.252995
40 65 0.0286626 0.256242
40 66 0.563815 0.353396
41 33 2.38292 -2.43133
41 34 3.18625 -3.41118
41 35 1.24524 -4.32018
41 36 3.84845 -3.74088
41 37 4.77986 0.135213
41 38 0.076798 -5.47222
41 39 0.30549 3.52171
41 40 4.03595 0.244448
41 41 -2.67037 -1.02105
41 42 4.65219 -3.15942
41 43 15.2352 -0.0165778
41 44 9.70428 4.32822
41 45 9.80426 6.61755
41 46 6.29583 2.43914
41 47 5.35827 0.0848217
41 48 8.21236 3.28968
41 49 0.842731 -2.88925
41 50 2.48136 0.151265
41 51 0.710032 3.924
41 52 3.04459 -2.55158
41 53 4.13517 0.142268
41 54 2.4328 4.56098
41 55 1.62678 4.71459
41 56 0.354503 -0.630766
41 57 -2.44805 -3.58808
41 58 -0.0176644 -0.87961
41 59 1.21253 0.359368
41 60 1.10069 3.41562
41 61 1.61212 2.75265
41 62 0.0440312 -0.267616
41 63 -0.463055 -3.08243
41 64 0.409639 -0.59824
41 65 1.0491 0.430621
41 66 0.971162 0.158468
42 33 3.62288 -1.29335
42 34 2.32633 -3.26194
42 35 3.51431 -0.682889
42 36 4.72977 -0.248241
42 37 5.15636 0.841117
42 38 -0.426079 1.96863
42 39 0.668942 -3.77676
42 40 3.3675 1.15917
42 41 0.555378 -5.79478
42 42 4.67514 1.71267
42 43 6.67413 -2.65707
42 44 7.33197 -2.41339
42 45 7.94588 4.73735
42 46 6.23074 1.97244
42 47 4.88235 -0.307558
42 48 0.264651 0.444676
42 49 6.03737 -1.95234
42 50 3.76068 4.99354
42 51 7.1831 4.25172
42 52 4.5547 2.64736
42 53 9.20111 0.664732
42 54 2.24766 -1.59968
42 55 6.70856 4.83989
42 56 0.421828 -1.59781
42 57 -2.39176 0.265092
42 58 1.20471 -1.09767
42 59 -2.75156 0.111656
42 60 4.26135 0.763023
42 61 0.882872 1.39744
42 62 -0.24673 -0.1921
42 63 -0.136048 0.102795
42 64 0.924924 1.94734
42 65 0.555934 -0.889552
42 66 1.52783 0.640288
43 33 0.105925 -0.207486
43 34 5.95958 0.231759
43 35 7.00602 -0.784606
43 36 5.93342 0.194081
43 37 5.86497 1.24174
43 38 4.76852 -2.38217
43 39 4.706 -0.619935
43 40 6.22555 4.42019
43 41 7.35603 0.844885
43 42 8.799 -2.29935
43 43 2.30826 0.661212
43 44 3.44588 4.82673
43 45 -0.439897 0.422677
43 46 2.12749 1.19248
43 47 2.91882 -1.05821
43 48 4.53378 -1.88256
43 49 5.21727 1.33528
43 50 5.65415 0.274168
43 51 2.15348 3.43009
43 52 -0.861215 -3.78722
43 53 -0.605534 -1.15426
43 54 2.52059 3.81003
43 55 0.448716 -0.475743
43 56 -1.34063 2.08658
43 57 -1.0138 2.97315
43 58 3.99941 1.80121
43 59 -1.93389 1.22721
43 60 0.473959 0.394283
43 61 -0.243394 0.618195
43 62 0.346556 1.67606
43 63 1.68315 1.53221
43 64 1.24592 3.73079
43 65 -0.167823 1.92131
43 66 0.831216 -0.445441
44 33 4.77203 -1.17902
44 34 3.1594 1.00127
44 35 5.17971 0.831996
44 36 5.681 -2.58307
44 37 4.60235 -2.00652
44 38 4.16732 0.563884
44 39 2.49918 3.94762
44 40 3.63303 0.625067
44 41 3.21894 5.07273
44 42 6.76835 2.07612
44 43 7.18691 -3.75086
44 44 9.61872 -1.05884
44 45 1.42211 -1.3288
44 46 0.706379 3.98303
44 47 2.03916 0.253823
44 48 2.30847 1.19027
44 49 -2.90429 -1.51688
44 50 -2.95833 1.29283
44 51 11.7255 -0.633917
44 52 -1.77114 2.83356
44 53 -6.75105 -1.20127
44 54 5.94245 0.546766
44 55 4.81264 1.54142
44 56 -1.41784 -3.0357
44 57 1.79641 2.46514
44 58 1.24766 0.922845
44 59 2.84801 -1.94914
44 60 0.469546 1.2135
44 61 3.59188 1.18978
44 62 0.737051 0.556549
44 63 1.23844 0.82884
44 64 -0.721944 1.8201
44 65 0.982065 0.259056
44 66 0.163886 -0.673351
45 33 4.42419 -0.116428
45 34 1.10448 -3.48814
45 35 9.09278 1.2608
45 36 1.31468 2.20699
45 37 8.01469 -3.72627
45 38 -0.811309 -0.783895
45 39 4.50063 -7.97104
45 40 7.70747 -1.25602
45 41 5.00031 2.76864
45 42 1.77258 3.92636
45 43 8.11519 -0.0340681
45 44 2.11029 -4.37381
45 45 0.220021 1.28008
45 46 1.44876 -2.47675
45 47 0.104872 -1.62777
45 48 3.01605 5.11941
45 49 2.07079 0.645552
45 50 9.67439 -0.275052
45 51 3.82561 1.83321
45 52 0.921498 -0.671602
45 53 0.182022 2.17194
45 54 4.14245 -3.94975
45 55 0.707139 3.87007
45 56 4.65288 1.45255
45 57 1.38189 1.87561
45 58 2.13279 0.364132
45 59 -2.31398 1.07672
45 60 1.12657 0.519904
45 61 2.7068 3.02789
45 62 -1.66966 -0.4156
45 63 -1.63812 -0.648257
45 64 0.755011 1.45718
45 65 1.53234 2.04162
45 66 0.495621 0.674748
46 33 2.68244 -2.83633
46 34 2.87786 1.16205
46 35 -5.10697 1.36936
46 36 7.23804 5.69922
46 37 1.49662 3.66132
46 38 4.96221 -9.46783
46 39 1.11241 -7.27642
46 40 1.10741 -2.60101
46 41 4.00059 -3.36556
46 42 1.12074 0.567093
46 43 -0.759774 3.84832
46 44 5.58868 -0.767939
46 45 -1.08879 -0.00978729
46 46 -0.687449 2.52554
46 47 1.09956 4.05521
46 48 0.392057 4.17426
46 49 -1.68646 1.94705
46 50 -1.23025 2.17498
46 51 6.15578 3.03428
46 52 1.36467 1.5966
46 53 3.90956 2.47242
46 54 -0.395225 2.26393
46 55 4.16786 -1.82095
46 56 5.14981 2.34935
46 57 7.40036 -1.10383
46 58 2.88826 0.15799
46 59 1.74548 -0.0816006
46 60 1.52692 3.8153
46 61 2.65426 3.04663
46 62 0.458091 1.63448
46 63 -1.95771 0.671517
46 64 -0.343257 0.51621
46 65 -0.695557 -0.0312385
46 66 1.27211 2.09108
47 33 1.12763 1.87471
47 34 -0.73192 -1.26511
47 35 2.06213 -2.07691
47 36 2.38447 -5.85845
47 37 7.56871 -1.02119
47 38 0.761214 -3.2401
47 39 7.00548 -3.20702
47 40 6.66193 -1.01095
47 41 9.16411 -1.42432
47 42 6.19451 0.269393
47 43 11.1829 1.35568
47 44 14.0553 -0.612929
47 45 7.06886 2.84844
47 46 3.09456 3.13013
47 47 3.57561 3.60068
47 48 6.30909 3.07225
47 49 9.61054 1.38321
47 50 2.8018 1.44443
47 51 3.00054 1.02973
47 52 7.10043 0.870263
47 53 -1.55066 0.356963
47 54 -2.16293 0.404954
47 55 2.48251 2.47188
47 56 2.69301 0.457995
47 57 3.24192 4.06298
47 58 3.03636 0.324445
47 59 3.02246 -0.200398
47 60 1.30211 1.72439
47 61 2.60669 0.566247
47 62 0.455788 0.0334464
47 63 -0.757098 0.721814
47 64 -2.63578 1.44484
47 65 -0.275001 0.561009
47 66 -0.0272609 0.342225
48 33 3.63239 0.193565
48 34 4.8639 -1.05366
48 35 -0.0724609 1.08092
48 36 4.96549 -0.934166
48 37 3.10132 1.41957
48 38 0.564492 -2.54399
48 39 -0.210515 -1.23165
48 40 1.47336 1.44112
48 41 7.98187 1.86092
48 42 8.67234 4.52583
48 43 4.66797 -2.30048
48 44 13.7394 5.03331
48 45 11.3755 0.651523
48 46 0.441292 0.527058
48 47 3.509 -0.657712
48 48 5.18864 4.06192
48 49 9.61218 2.29732
48 50 5.67815 3.41873
48 51 5.06835 -0.640038
48 52 2.96054 -2.06737
48 53 1.18279 -1.18849
48 54 2.17685 1.16768
48 55 0.168588 1.59097
48 56 -0.367557 2.0881
48 57 3.3665 6.33233
48 58 0.39124 0.0946282
48 59 3.50157 -0.0890688
48 60 -0.778735 0.735362
48 61 0.302103 0.630816
48 62 -0.0735696 0.179266
48 63 -0.916985 0.747413
48 64 -0.0421102 -0.687952
48 65 1.40943 0.35861
48 66 0.23332 0.876461
49 33 2.03015 -1.22697
49 34 -1.37019 -5.0669
49 35 6.35805 -3.28801
49 36 3.42493 -1.63114
49 37 5.90304 -0.670191
49 38 6.16777 -2.37921
49 39 2.90307 2.09853
49 40 -1.20067 -0.639789
49 41 10.5482 -0.429056
49 42 6.05394 -0.00155492
49 43 11.7457 -1.07394
49 44 4.4956 5.09251
49 45 5.50829 -3.96464
49 46 0.280145 4.6016
49 47 7.84802 -0.0821501
49 48 9.77645 5.68107
49 49 10.2132 -0.287516
49 50 4.41906 2.46502
49 51 5.25289 -1.94624
49 52 -1.60806 0.0665226
49 53 4.76318 0.0361126
49 54 0.954289 1.71762
49 55 2.26758 2.20246
49 56 0.800451 -0.312014
49 57 -0.157928 0.837907
49 58 6.07642 -1.87627
49 59 -1.29526 0.132111
49 60 2.15708 -0.111832
49 61 3.44825 -1.10006
49 62 -1.02951 1.15596
49 63 3.6799 2.59388
49 64 -0.131842 -0.0862983
49 65 -0.418615 0.770021
49 66 -1.07048 -0.213496
50 33 2.64501 -3.07933
50 34 2.48051 -1.64228
50 35 2.17983 1.27656
50 36 5.60664 -3.9897
50 37 10.2356 3.74477
50 38 6.22682 -3.52891
50 39 4.05363 -1.88603
50 40 0.841918 -2.83736
50 41 4.80594 3.57054
50 42 -0.891697 -2.66718
50 43 10.5451 -0.973981
50 44 4.06347 -3.17644
50 45 6.30929 3.05922
50 46 6.51162 3.78613
50 47 8.47345 4.12319
50 48 0.269652 2.69333
50 49 7.0982 3.73158
50 50 -2.25753 2.52129
50 51 -0.137101 1.50433
50 52 8.17111 6.5205
50 53 0.440797 0.948051
50 54 1.76347 -0.111281
50 55 3.28307 3.04201
50 56 5.68485 -1.22101
50 57 -3.45707 0.238625
50 58 0.405999 -0.361915
50 59 0.220315 0.853739
50 60 -2.68091 1.01014
50 61 2.12927 -2.20195
50 62 3.42757 0.289086
50 63 -3.57497 0.0604169
50 64 -0.163692 1.38301
50 65 1.92287 2.01299
50 66 0.583986 0.00346413
51 33 7.15566 -1.38679
51 34 5.16768 -0.298142
51 35 5.79497 -5.17253
51 36 2.20975 -3.65995
51 37 0.774398 -7.09885
51 38 0.936213 -4.62454
51 39 7.44979 3.18557
51 40 7.6826 -1.0817
51 41 4.51691 0.221269
51 42 5.15162 -0.585032
51 43 0.0870379 -2.57714
51 44 3.45986 -2.45619
51 45 5.95454 -0.794422
51 46 4.61113 -1.48712
51 47 -0.869368 -0.378842
51 48 -0.419899 1.20277
51 49 4.36726 0.577105
51 50 4.39792 1.91391
51 51 -2.34008 1.47253
51 52 -0.561218 1.58958
51 53 1.61087 1.78533
51 54 -2.00982 0.240752
51 55 -2.7673 -3.46499
51 56 3.36366 -0.561363
51 57 5.7736 0.907175
51 58 4.7162 1.68664
51 59 0.0728742 2.58908
51 60 -1.56277 0.340817
51 61 -0.0988378 0.239231
51 62 1.91088 2.57268
51 63 -0.326394 1.44807
51 64 -3.41692 2.41087
51 65 3.4145 1.53037
51 66 0.516852 -0.655528
52 33 3.51644 1.52321
52 34 -1.65172 0.738582
52 35 1.97579 0.775543
52 36 2.61416 -0.870786
52 37 7.74563 -2.38887
52 38 1.98053 -5.60933
52 39 7.18127 -2.26587
52 40 6.20968 -4.90311
52 41 6.62027 0.228711
52 42 3.30897 3.04809
52 43 5.31106 0.479312
52 44 6.54972 0.736013
52 45 5.95986 0.171333
52 46 1.92405 0.29813
52 47 2.87795 3.51935
52 48 3.2882 2.36924
52 49 2.61204 -4.48721
52 50 4.80395 0.186468
52 51 1.99115 -1.00293
52 52 2.53008 -1.23381
52 53 0.56364 -0.798514
52 54 1.47223 0.327664
52 55 -1.56808 -1.69857
52 56 2.32235 2.57633
52 57 4.65509 0.0551078
52 58 0.452811 1.34191
52 59 1.41016 0.273965
52 60 2.70187 1.20403
52 61 0.0208051 0.0503784
52 62 1.0167 0.532801
52 63 -2.41207 0.344715
52 64 0.754943 -0.389989
52 65 0.590307 -0.220464
52 66 0.153363 0.627222
53 33 2.55795 1.93216
53 34 4.81744 2.43218
53 35 8.31035 -4.47062
53 36 3.10178 -3.20557
53 37 7.32907 -6.05015
53 38 5.51342 1.18081
53 39 3.44561 3.2569
53 40 5.74845 -0.607503
53 41 -2.10533 0.207227
53 42 0.0481462 0.927743
53 43 8.88917 3.01105
53 44 10.1187 -3.34482
53 45 6.10309 -4.20236
53 46 4.70958 -0.188375
53 47 5.20039 2.55695
53 48 2.85253 5.49326
53 49 1.97422 2.9313
53 50 1.47897 -1.76527
53 51 0.30217 4.08683
53 52 1.22542 1.54965
53 53 6.56026 2.60993
53 54 -0.633794 2.67838
53 55 7.61273 -1.79984
53 56 2.04615 -1.50272
53 57 1.98561 1.95477
53 58 -3.28725 -4.04453
53 59 2.16811 1.9513
53 60 0.609545 -1.25218
53 61 -1.3915 -0.196108
53 62 1.62003 0.000364322
53 63 -1.21545 -0.541876
53 64 1.21994 0.575946
53 65 0.814202 -1.1212
53 66 -0.0154224 0.492095
54 33 1.58761 1.40484
54 34 3.19183 -2.15947
54 35 2.01784 -0.53175
54 36 6.59815 -2.93874
54 37 0.406222 -1.73026
54 38 4.46144 -2.45795
54 39 0.996118 -1.03464
54 40 6.36791 3.4481
54 41 8.32214 4.40033
54 42 6.9029 2.12041
54 43 7.77989 -3.5736
54 44 -1.73862 -0.930898
54 45 1.41008 -4.95345
54 46 -0.997077 0.864314
54 47 6.61061 -2.92344
54 48 -0.769856 0.456591
54 49 3.17008 0.803254
54 50 -1.996 2.22362
54 51 0.611105 -0.747412
54 52 3.32001 2.42439
54 53 -4.78441 3.01565
54 54 0.957395 1.24084
54 55 1.74066 2.12462
54 56 2.9519 -2.34732
54 57 -0.804037 2.78651
54 58 -1.09488 1.53433
54 59 2.58108 0.728627
54 60 4.78055 1.9636
54 61 2.34807 2.50435
54 62 2.62059 -0.865627
54 63 1.95963 0.247953
54 64 1.72783 -0.000872593
54 65 4.32591 0.303412
54 66 0.912849 -0.353284
55 33 0.162079 -0.320405
55 34 2.6151 -4.52753
55 35 0.722881 -5.31558
55 36 3.47303 -2.95836
55 37 2.10961 -0.268355
55 38 7.58634 -1.04076
55 39 6.86683 0.543027
55 40 3.55443 -1.57929
55 41 11.2648 -2.26956
55 42 4.833 2.58447
55 43 1.96938 -0.822209
55 44 2.16516 -3.12957
55 45 0.678256 2.16128
55 46 -1.35674 2.04016
55 47 4.63661 3.97202
55 48 4.23105 0.524807
55 49 1.89971 -0.551881
55 50 -0.767724 2.18357
55 51 11.0747 2.21369
55 52 2.72903 4.37675
55 53 0.792548 -2.18759
55 54 3.19124 2.59182
55 55 1.54159 2.59034
55 56 2.61342 1.28612
55 57 -0.11564 1.30587
55 58 1.78725 1.30903
55 59 1.34926 0.818184
55 60 2.28742 -0.848969
55 61 -0.226726 0.630082
55 62 2.3688 1.95677
55 63 2.47222 1.71297
55 64 -0.22629 -0.108673
55 65 -0.702521 1.34162
55 66 -0.700081 -0.309543
56 33 2.28715 -1.11729
56 34 4.08224 0.0465387
56 35 0.706712 0.821225
56 36 1.10429 -0.945298
56 37 0.257282 -0.724498
56 38 4.2227 0.775247
56 39 7.34789 -1.46642
56 40 4.15538 -1.15014
56 41 -0.925468 1.35542
56 42 -1.59711 2.48223
56 43 6.44026 0.0648903
56 44 0.438634 2.052
56 45 4.85072 2.9833
56 46 4.87432 2.41435
56 47 3.5193 -3.51672
56 48 1.68005 -5.44107
56 49 -7.63361 -0.717295
56 50 4.69931 0.784224
56 51 3.86273 0.753425
56 52 4.30199 2.4402
56 53 3.02982 2.8487
56 54 2.6997 1.83505
56 55 2.54797 1.06168
56 56 4.18577 1.22868
56 57 5.40312 -1.85297
56 58 -0.216515 -0.197734
56 59 -3.33024 0.565096
56 60 3.66786 0.908858
56 61 -0.67237 0.428724
56 62 -1.94413 1.39692
56 63 1.72792 1.76865
56 64 1.09161 -0.483751
56 65 0.363678 0.358721
56 66 0.276811 -0.08293
57 33 -0.72378 -0.727638
57 34 1.88418 -3.08172
57 35 6.37797 -0.877128
57 36 3.50364 1.14173
57 37 -0.215077 0.242797
57 38 6.17984 0.555987
57 39 1.74807 -2.7779
57 40 7.70644 -0.924005
57 41 1.97782 -3.79182
57 42 2.33764 3.50803
57 43 -3.91537 -3.18984
57 44 0.53144 -0.698149
57 45 1.27274 2.3553
57 46 4.27865 -2.14007
57 47 10.4421 1.34389
57 48 -0.0256033 0.445087
57 49 1.4747 -1.97723
57 50 -0.0489711 1.75673
57 51 4.5713 -3.81575
57 52 8.54245 3.27132
57 53 3.64246 -0.95279
57 54 2.00626 -0.480761
57 55 5.37105 2.24257
57 56 -4.21385 2.22554
57 57 3.32613 1.40969
57 58 -0.436812 -0.0296727
57 59 -0.114064 1.44143
57 60 -0.6682 -1.76788
57 61 -1.20916 -1.13883
57 62 0.202431 1.29479
57 63 -3.4971 -0.867579
57 64 0.433765 2.43211
57 65 -0.749217 1.01675
57 66 0.355239 0.3084
58 33 4.39377 1.76469
58 34 4.74443 -1.73043
58 35 3.56977 -1.11104
58 36 2.33104 -0.924437
58 37 -1.89046 -3.58269
58 38 3.9904 -1.95898
58 39 9.06681 -2.18411
58 40 -2.6712 -4.81224
58 41 2.77754 2.24555
58 42 5.3276 -1.11049
58 43 3.86616 -1.70752
58 44 -0.891518 -0.221626
58 45 4.78569 -0.727484
58 46 7.58457 3.88126
58 47 4.40688 2.24224
58 48 9.94003 3.96147
58 49 2.57323 2.10615
58 50 -1.68383 2.45751
58 51 -3.97323 0.128313
58 52 1.58365 -2.14323
58 53 9.08514 4.34012
58 54 -3.49178 1.13018
58 55 -1.46338 1.71257
58 56 1.68224 4.95335
58 57 6.73916 -0.761798
58 58 -1.40166 0.469179
58 59 1.30645 -0.124106
58 60 1.85754 1.98085
58 61 0.458842 -1.21524
58 62 0.463435 1.13877
58 63 0.446404 3.25939
58 64 0.772783 0.1632
58 65 -1.77783 -0.640393
58 66 0.0753639 -0.801663
59 33 1.6457 -1.10342
59 34 2.8751 -0.597683
59 35 6.24304 1.40467
59 36 4.18929 -1.62769
59 37 1.18814 2.64034
59 38 6.27409 -0.851592
59 39 1.90069 0.0830114
59 40 6.44395 -3.06188
59 41 1.97114 3.92779
59 42 4.53207 -1.13779
59 43 4.77191 -1.32566
59 44 4.93159 -0.180169
59 45 7.9613 4.6057
59 46 1.93523 0.328485
59 47 0.22049 1.16379
59 48 -0.638733 -2.58439
59 49 2.63914 0.31692
59 50 -1.35422 -0.0632608
59 51 -2.37781 0.346996
59 52 -1.09844 -1.45853
59 53 4.04871 0.273264
59 54 -1.86911 -0.952163
59 55 -0.256221 -0.721981
59 56 3.90109 1.6784
59 57 0.710808 2.69962
59 58 1.85676 2.08327
59 59 -0.298741 -0.536451
59 60 0.135262 1.40453
59 61 2.9155 1.8843
59 62 1.83624 1.1958
59 63 0.255591 -0.00094988
59 64 0.320045 -0.422914
59 65 -0.768042 0.4541
59 66 0.625372 1.12096
60 33 1.29104 0.284852
60 34 5.52898 -0.552347
60 35 1.8684 -2.34755
60 36 1.13525 -5.71789
60 37 5.00011 -4.47596
60 38 -1.41 -2.75968
60 39 3.94998 -1.90099
60 40 0.406801 1.05428
60 41 -1.42759 1.64784
60 42 -0.46206 -0.169516
60 43 2.59198 -0.324425
60 44 5.27297 1.99089
60 45 6.06355 -4.74749
60 46 1.10385 1.51645
60 47 -0.174281 3.21044
60 48 2.83663 -0.126251
60 49 2.96366 2.15544
60 50 0.0704641 3.60772
60 51 1.89806 3.02471
60 52 0.54029 3.45835
60 53 1.71873 0.120151
60 54 5.04003 2.03349
60 55 3.31329 0.136296
60 56 3.87101 -1.0535
60 57 3.68927 0.689014
60 58 1.74005 1.41687
60 59 -0.382245 2.94093
60 60 0.790088 0.151196
60 61 2.00858 0.707577
60 62 -0.653825 -0.603385
60 63 1.76343 -0.430305
60 64 0.149808 -0.642767
60 65 -0.850542 0.421614
60 66 1.46459 1.90668
61 33 2.91877 1.72911
61 34 6.1677 -3.5406
61 35 4.17724 -0.35184
61 36 5.50137 1.97219
61 37 5.30382 -0.216764
61 38 6.13392 -2.37791
61 39 7.92146 -0.804073
61 40 4.28015 0.411992
61 41 4.91854 -1.3621
61 42 -3.80423 -1.39508
61 43 2.16751 4.95526
61 44 4.89322 2.46393
61 45 5.56987 4.65995
61 46 2.85715 -0.548584
61 47 4.53514 1.23099
61 48 -0.161492 -3.61332
61 49 2.97096 -0.858635
61 50 2.99024 1.8193
61 51 7.99903 -4.23681
61 52 3.88802 1.52725
61 53 5.29729 0.515221
61 54 6.12012 1.247
61 55 2.32547 0.281148
61 56 2.517 2.90148
61 57 2.21708 0.674484
61 58 2.26276 2.41223
61 59 -0.225627 -0.309245
61 60 0.642923 -0.557116
61 61 -1.02728 -0.839381
61 62 1.98338 -0.57695
61 63 3.3426 -0.954158
61 64 1.11074 -0.668658
61 65 1.72754 1.52924
61 66 -1.06741 -1.7956
62 33 6.45771 1.39534
62 34 0.108341 -3.48052
62 35 4.62743 -3.46736
62 36 7.40953 2.15572
62 37 4.43038 -0.9185
62 38 3.24352 2.35595
62 39 3.08634 0.79563
62 40 4.04341 2.37624
62 41 2.09355 2.71647
62 42 2.71055 -1.28498
62 43 7.80654 2.57712
62 44 -0.711513 -3.47976
62 45 1.66433 -1.52623
62 46 6.40788 2.46518
62 47 -0.323185 -1.7101
62 48 4.99812 -1.40369
62 49 3.94258 -0.456292
62 50 2.80891 1.00171
62 51 3.0919 -5.51942
62 52 1.20636 1.36171
62 53 5.00236 1.72212
62 54 4.73495 3.26964
62 55 -1.53251 1.97914
62 56 3.52616 -0.684828
62 57 -1.87572 -1.05099
62 58 -1.20201 -1.98997
62 59 -1.56915 3.70888
62 60 2.30315 -0.617772
62 61 0.738428 0.104384
62 62 -0.0527997 0.60434
62 63 0.00930474 -0.136687
62 64 -1.94994 0.96843
62 65 -0.556164 -0.123999
62 66 0.340515 0.511367
63 33 2.09186 -1.28158
63 34 1.4965 -2.42492
63 35 2.37811 -1.8203
63 36 5.4912 -0.179699
63 37 6.73707 -1.04016
63 38 1.79251 -3.5755
63 39 6.26825 -0.319175
63 40 2.04602 2.16948
63 41 4.71085 0.327683
63 42 4.95942 0.556325
63 43 5.44478 -2.87698
63 44 6.55148 -0.940598
63 45 7.77257 0.779715
63 46 8.1307 2.69169
63 47 0.385867 -2.52754
63 48 4.63051 0.883391
63 49 4.17555 -3.14767
63 50 1.44049 -0.10115
63 51 4.891 4.14294
63 52 4.24405 0.52627
63 53 3.33152 2.20796
63 54 1.8098 1.79647
63 55 -0.563502 2.37123
63 56 0.730925 -0.220881
63 57 -2.14092 0.214443
63 58 -0.321033 0.102568
63 59 2.17876 -1.42023
63 60 2.12371 1.23765
63 61 2.70677 1.62606
63 62 1.32057 0.205741
63 63 -1.07704 0.236643
63 64 -1.32575 -0.409909
63 65 1.71246 -0.892037
63 66 0.233846 0.481228
64 33 5.37926 -0.503171
64 34 3.69271 -5.51116
64 35 -1.02721 -2.15416
64 36 7.47647 -2.46923
64 37 7.07194 -3.91065
64 38 1.8934 0.363407
64 39 3.86876 -3.50039
64 40 1.02377 -1.39292
64 41 2.56266 -2.39628
64 42 6.11025 0.115207
64 43 5.3593 3.49209
64 44 2.59191 0.926245
64 45 2.5513 -0.191625
64 46 1.46708 1.64342
64 47 -0.100944 1.85737
64 48 2.03831 0.207198
64 49 9.0499 3.56322
64 50 4.3085 0.0866159
64 51 1.67685 -0.923058
64 52 1.55503 2.4369
64 53 -0.493482 1.53608
64 54 2.75022 1.70044
64 55 4.00921 -1.60028
64 56 1.78573 2.52378
64 57 0.0389089 2.44749
64 58 1.47723 -0.0302171
64 59 -0.323289 -0.365345
64 60 1.6124 1.3016
64 61 0.276971 1.65651
64 62 2.08425 0.234334
64 63 0.809264 1.41127
64 64 -0.646541 0.466253
64 65 0.991019 1.26225
64 66 0.693066 -0.385834
65 33 2.1248 0.59409
65 34 6.07856 -0.0826811
65 35 3.05989 -0.272252
65 36 6.71221 -2.13376
65 37 6.72597 0.481159
65 38 2.36681 -1.16838
65 39 3.65361 0.449897
65 40 4.55428 0.769128
65 41 4.05323 3.06584
65 42 1.34682 -1.34469
65 43 5.48122 0.391791
65 44 8.15112 -1.74047
65 45 3.95052 0.338319
65 46 4.80409 0.488341
65 47 4.32087 3.82008
65 48 5.01229 1.5791
65 49 6.97425 3.45612
65 50 3.68456 2.26833
65 51 6.20838 -1.07396
65 52 4.09809 1.31522
65 53 1.60732 1.90439
65 54 2.09987 0.353441
65 55 2.01822 -0.675408
65 56 0.841777 1.12787
65 57 1.63776 2.4957
65 58 4.33164 0.914216
65 59 -0.371061 -0.778707
65 60 1.34732 0.290716
65 61 1.65901 0.106227
65 62 1.25313 0.0229309
65 63 -0.511581 2.92938
65 64 0.928264 0.667305
65 65 1.92496 0.649416
65 66 0.740374 0.127281
66 33 2.48635 -1.62738
66 34 2.23582 -0.89848
66 35 3.42936 0.0444726
66 36 5.67282 0.404618
66 37 6.10503 -0.0433504
66 38 3.71503 -2.54016
66 39 4.48876 0.662562
66 40 5.96566 1.43549
66 41 4.94396 0.794771
66 42 3.03675 0.564404
66 43 5.06412 2.55697
66 44 7.83228 0.35848
66 45 6.20539 1.45472
66 46 6.31392 0.0502542
66 47 4.19234 0.602582
66 48 5.37929 3.25552
66 49 3.72445 -0.755638
66 50 5.36257 -0.293371
66 51 5.55494 -1.11661
66 52 5.17682 0.96467
66 53 2.20297 1.01387
66 54 4.17086 0.250075
66 55 2.61721 0.370023
66 56 1.86797 -0.136346
66 57 2.47986 1.97095
66 58 3.69889 1.3301
66 59 0.603596 0.144176
66 60 2.49067 2.10216
66 61 1.52498 0.459005
66 62 1.24582 0.130084
66 63 0.260745 0.568361
66 64 0.120186 0.622057
66 65 1.07517 -0.0354165
66 66 0.507626 0.15338
67 33 0.430891 0.160428
67 34 0.282765 -0.0703775
67 35 0.387351 -0.15589
67 36 0.564703 -0.0651174
67 37 0.579406 0.0188323
67 38 0.456251 -0.0474893
67 39 0.325996 0.0594943
67 40 0.750029 -0.109421
67 41 0.737545 -0.0612714
67 42 0.415401 -0.0277209
67 43 0.982894 -0.112235
67 44 0.866089 0.0214737
67 45 0.594049 -0.0237874
67 46 0.685654 0.181282
67 47 0.545053 -0.076851
67 48 0.837207 0.206011
67 49 0.544465 0.0347085
67 50 0.479592 -0.0264197
67 51 0.712113 -0.0162172
67 52 0.601416 0.124209
67 53 0.208425 0.0309062
67 54 0.453242 0.0701501
67 55 0.367869 0.131792
67 56 0.187735 -0.0899972
67 57 0.420181 0.171892
67 58 0.325441 0.210426
67 59 0.0638191 -0.0075156
67 60 0.468599 0.103537
67 61 0.237432 0.0466336
67 62 0.17687 0.0700915
67 63 0.122632 0.0398637
67 64 0.0583284 0.0101753
67 65 0.116092 0.0424681
67 66 0.0558826 -0.0138609
