0 33 2.05725 3.82281
0 34 0.688318 2.8114
0 35 -0.938642 3.14464
0 36 0.206376 0.503291
0 37 0.203292 4.3874
0 38 1.61684 -1.04183
0 39 0.0681393 2.08084
0 40 -0.240153 0.60001
0 41 1.8025 0.562345
0 42 1.25837 0.677405
0 43 -1.64344 0.00497157
0 44 1.46053 1.12934
0 45 -0.786727 0.348049
0 46 -0.113146 -0.0651971
0 47 -0.385743 -0.270886
0 65 -0.981084 -0.0807029
1 33 4.87688 11.4725
1 34 0.564746 5.07632
1 35 2.74377 3.34084
1 36 2.28029 7.59939
1 37 5.94328 5.83423
1 38 0.452112 3.42894
1 39 -1.58239 4.89416
1 40 -1.71914 3.0794
1 41 -1.48871 1.66357
1 42 -1.39892 1.4647
1 43 1.06999 -0.240027
1 44 0.033175 1.86269
1 45 0.377306 1.02478
1 46 0.493603 0.479288
1 47 -0.0121552 -0.061649
1 49 0.140123 0.0974687
1 54 -0.0595499 -0.0841245
1 65 0.561179 -0.707885
2 33 5.64882 18.1556
2 34 1.3376 4.67926
2 35 -2.48989 3.71493
2 36 -1.69621 2.57736
2 37 10.2376 3.00911
2 38 1.31726 1.99635
2 39 -0.333203 -0.200747
2 40 -3.15913 4.70605
2 41 -1.67455 3.93631
2 42 -1.76018 -0.537791
2 43 2.67396 -1.07231
2 44 -1.0028 -1.09357
2 45 1.65649 0.887234
2 46 0.376677 -0.226016
2 47 1.03837 -0.39594
2 49 1.59516 -1.15259
2 52 0.0507246 0.0643398
2 53 -0.429714 0.130427
2 55 -1.16633 -0.00695362
2 65 -1.02596 0.149274
3 33 -0.642236 31.326
3 34 6.98077 -2.12882
3 35 17.9472 10.812
3 36 2.2857 15.1373
3 37 0.48626 11.1277
3 38 8.48041 3.21567
3 39 2.70103 5.41724
3 40 3.02623 -3.04155
3 41 1.105 6.08564
3 42 4.06415 -0.386011
3 43 -0.98917 -0.0507985
3 44 -0.998177 2.32629
3 45 0.441359 1.34161
3 46 0.123573 0.775695
3 47 -0.742848 -1.0578
3 48 -0.112803 0.943367
3 51 0.0360804 -0.00793933
3 52 0.398238 -0.00455964
3 53 0.0370934 -0.119402
3 54 0.283893 0.931052
3 55 -0.360816 0.198956
3 57 -1.36089 0.389683
3 58 0.0330516 -0.0130926
4 33 -6.49654 24.1315
4 34 8.57133 9.73209
4 35 -1.30598 10.8842
4 36 -3.76955 4.70665
4 37 -2.08274 8.57269
4 38 8.8716 9.70763
4 39 2.29581 9.88703
4 40 -7.68099 3.43464
4 41 3.16053 2.68461
4 42 -1.03089 5.01305
4 43 0.716535 0.804655
4 44 0.275562 -0.0937622
4 45 0.345438 0.985848
4 46 -0.496098 1.36908
4 47 -0.134615 0.12105
4 52 -0.311688 -0.0552504
4 53 -0.0800233 0.339833
4 57 -0.0035732 -0.00223413
4 59 0.587191 -0.67858
4 61 -0.253468 0.0762606
5 33 -5.59441 36.9915
5 34 -1.54414 17.4346
5 35 -5.98317 20.7788
5 36 3.197 13.4229
5 37 -2.65152 8.60103
5 38 3.3692 7.74932
5 39 3.71615 5.53371
5 40 1.55397 5.86914
5 41 2.4195 7.60593
5 42 2.79865 7.52008
5 43 0.834606 3.70706
5 44 -1.53951 -0.279056
5 45 1.58862 0.449809
5 46 -0.126505 0.175323
5 47 -1.30903 0.525074
5 48 0.766354 -0.381084
5 49 0.591736 1.13509
5 50 -2.72764 -0.271011
5 51 0.963083 0.13529
5 52 -0.835116 -1.55362
5 54 0.166449 -0.147452
5 55 0.0699277 0.0517767
5 57 -0.30258 -0.101153
5 59 -0.109638 -0.136404
5 61 -0.648718 -0.605061
6 33 3.82194 30.8627
6 34 8.0631 19.6223
6 35 -3.74536 15.3019
6 36 -1.25672 6.24212
6 37 13.3209 17.8608
6 38 -3.32492 8.81734
6 39 -0.849305 6.92817
6 40 3.86452 9.9495
6 41 8.79588 10.7516
6 42 -2.08964 -1.07447
6 43 2.9986 3.718
6 44 0.974097 1.51854
6 45 1.44494 0.583749
6 46 1.1988 2.92492
6 47 0.209437 0.969613
6 48 0.319513 0.601841
6 49 0.13344 0.255863
6 50 1.18486 -0.80406
6 52 -0.0190868 0.0339432
6 53 0.0207744 0.857363
6 55 0.361391 0.0418266
6 57 -0.0273669 0.0251744
6 60 -0.15577 0.00650311
6 61 -0.552758 0.727018
6 64 0.182375 -0.0201217
7 33 -3.39106 37.0502
7 34 0.370636 7.85327
7 35 0.236566 15.0048
7 36 -0.695157 8.84069
7 37 -0.171756 9.05148
7 38 -3.31575 6.08235
7 39 6.54541 15.2824
7 40 7.89402 9.21072
7 41 -5.12869 9.11993
7 42 -0.237173 6.57911
7 43 -0.00436807 -0.956831
7 44 -2.61278 -0.528261
7 45 -3.47947 1.47631
7 46 0.659696 -0.670855
7 47 -1.551 0.291256
7 48 -0.309362 0.605527
7 49 0.466724 -0.775468
7 50 0.10607 1.5381
7 51 -2.31371 -0.798119
7 52 0.888181 0.865011
7 53 0.830527 0.457587
7 54 -0.941096 -0.0258198
7 56 0.333722 0.259434
7 58 -0.134085 -0.0714176
7 59 -0.517178 -0.730063
7 62 -0.0823286 0.01796
7 64 0.0972992 0.740321
8 33 3.72863 34.4457
8 34 5.89026 10.3697
8 35 14.7004 18.2825
8 36 5.3204 3.73705
8 37 6.68088 16.4576
8 38 5.26123 4.69404
8 39 6.6491 12.0392
8 40 3.57128 5.26846
8 41 4.28879 0.139245
8 42 1.62731 4.08626
8 43 6.28285 -0.662135
8 44 1.96277 5.37856
8 45 2.85637 0.768698
8 46 0.57662 1.70792
8 47 0.671858 0.596986
8 48 -1.17662 0.398206
8 49 -0.472436 0.0722833
8 50 -0.983179 0.610897
8 51 -0.061819 0.0790034
8 52 -0.0253897 0.122077
8 53 0.0309756 -0.47427
8 54 -0.364018 -0.437818
8 55 0.245987 0.353565
8 56 0.0559241 0.112256
8 57 0.854777 0.340003
8 58 -0.317667 0.364467
8 59 -0.0679327 0.735815
8 62 -0.0121884 0.304945
8 63 0.141466 -0.0559893
8 66 0.406505 0.0764889
9 33 1.4773 26.5954
9 34 5.91422 26.586
9 35 7.83303 18.8626
9 36 7.61183 4.74564
9 37 -1.80423 11.1582
9 38 9.49313 9.63242
9 39 -5.36187 10.3677
9 40 2.2346 12.5501
9 41 6.74773 1.23022
9 42 1.30378 -4.25081
9 43 -0.163786 2.49992
9 44 6.22698 1.37869
9 45 -0.259943 -0.219215
9 46 5.10515 2.25587
9 47 0.595927 1.16037
9 48 1.99649 -2.00851
9 49 0.108887 0.0231441
9 50 -1.00781 -0.0573493
9 52 0.740822 1.37442
9 53 0.862969 -0.0939191
9 55 0.0512452 -0.213204
9 56 -1.91851 -0.263517
9 59 0.219594 0.145815
9 61 0.0187678 0.0027108
9 66 0.675693 0.340371
10 33 11.0064 23.7695
10 34 5.47742 11.0446
10 35 3.35123 14.182
10 36 7.93417 17.9986
10 37 -0.931222 8.78594
10 38 14.8196 10.2438
10 39 5.40716 6.19316
10 40 -0.556446 1.92295
10 41 8.93158 5.93684
10 42 -2.94895 -1.56261
10 43 -0.0162481 -1.63593
10 44 0.0980308 2.66341
10 45 1.67281 2.30029
10 46 -4.1003 0.45989
10 47 -0.489238 0.220653
10 48 0.0505778 -0.008389
10 49 0.0152471 -0.0353161
10 50 0.523262 1.34029
10 51 -0.57354 0.659963
10 52 0.0988626 0.0146568
10 53 0.32511 -0.274552
10 54 -0.681529 -0.151483
10 58 -0.160679 0.245523
10 59 -0.71189 0.381117
10 60 -0.00150622 0.00257548
10 61 -0.10654 0.0123028
10 63 0.158635 0.390737
10 66 0.717066 0.41495
11 33 -0.793833 22.4409
11 34 2.22456 10.4286
11 35 -0.308728 6.93297
11 36 0.294382 13.1056
11 37 0.907771 9.90037
11 38 0.554888 7.84649
11 39 -1.3372 7.57019
11 40 -1.27419 11.6628
11 41 4.45817 0.28419
11 42 0.297222 -4.7036
11 43 3.68244 7.57145
11 44 1.06508 7.76595
11 45 0.401893 1.34386
11 46 1.4918 1.15083
11 47 2.00674 -0.0415362
11 48 -0.496819 -2.74229
11 49 -0.932274 0.532331
11 50 -0.145862 2.09493
11 51 0.602226 0.0118311
11 52 -0.167632 0.604242
11 53 -0.921226 0.273865
11 54 0.869093 -1.57192
11 55 0.247044 0.0179683
11 56 -0.207573 0.124639
11 57 0.060167 -0.0176736
11 58 -0.315264 -0.657293
11 59 0.619185 -0.180006
11 60 0.471252 -0.134114
11 62 0.100439 -0.207583
11 63 -0.216871 0.0094091
11 64 0.0225731 0.0115459
11 65 -0.238263 -0.308415
11 66 0.301974 0.123948
12 33 3.58064 22.5099
12 34 6.75218 10.0237
12 35 11.039 6.79643
12 36 3.95839 8.85337
12 37 2.7658 11.4564
12 38 7.83241 4.81068
12 39 7.41607 11.0301
12 40 0.754956 8.68124
12 41 9.43762 2.4184
12 42 6.88474 -1.88137
12 43 2.27359 -2.01203
12 44 2.34044 2.63502
12 45 -0.442859 1.62968
12 46 -0.362538 -0.667385
12 47 -0.543216 1.18871
12 48 1.20423 0.341331
12 49 0.692862 -0.0261866
12 50 -0.605822 0.73243
12 51 0.159383 0.109071
12 52 0.205835 0.148888
12 54 1.13626 1.51835
12 55 -0.272248 0.404619
12 58 -0.0372803 -0.0439373
12 60 -0.12562 -0.127498
12 62 0.0691885 0.0797222
12 63 -0.0657301 0.0721663
12 64 0.19098 0.630071
12 66 0.538527 0.0240516
13 33 -0.485959 17.8368
13 34 3.89638 3.54088
13 35 9.28536 5.10654
13 36 2.53954 11.8387
13 37 6.52087 5.98649
13 38 3.75911 3.59432
13 39 1.98009 6.35385
13 40 10.5513 6.93411
13 41 17.2238 -0.685806
13 42 4.75961 7.71123
13 43 -2.02652 3.74062
13 44 5.59017 5.17548
13 45 0.527984 1.46051
13 46 3.19638 -0.868423
13 47 1.00248 -0.971507
13 48 1.13865 -0.783364
13 49 -0.88331 0.389396
13 50 -0.668792 -0.268086
13 51 0.288007 -0.160157
13 52 0.304914 -0.138939
13 53 0.025673 0.0510972
13 54 -0.949799 0.260272
13 55 0.259531 0.157835
13 56 0.24142 0.687458
13 57 -0.0896317 -0.024548
13 64 1.50225 -0.23311
13 66 0.445105 -0.00498963
14 33 -1.11683 13.9462
14 34 3.8054 2.53328
14 35 14.7771 8.24059
14 36 1.19302 4.70454
14 37 -0.143665 7.46259
14 38 3.07332 7.52654
14 39 15.7761 2.61069
14 40 8.24 -2.97438
14 41 9.16832 2.69867
14 42 4.41723 -3.77439
14 43 -0.251798 2.82747
14 44 0.0673682 5.29893
14 45 1.52812 2.12531
14 46 0.286666 -0.0634541
14 47 -0.541379 0.293955
14 48 0.247805 -0.770691
14 49 -1.16177 1.7359
14 50 0.535758 0.704951
14 51 1.04844 1.59254
14 52 0.445995 -0.0313856
14 53 0.830995 1.36419
14 55 0.202828 -0.0245354
14 56 -0.486218 1.12402
14 57 0.754972 0.846521
14 58 0.309133 -0.377128
14 59 -0.165004 -0.130235
14 60 -0.651276 0.10839
14 62 -0.224063 -0.368143
14 63 0.034444 -0.00120999
14 66 0.566464 0.453698
15 33 4.91894 12.4554
15 34 10.5226 9.5039
15 35 -5.62226 5.45621
15 36 10.5398 4.03798
15 37 -2.36705 -0.896109
15 38 2.74765 5.48179
15 39 11.186 2.02903
15 40 10.4734 -1.67769
15 41 2.15908 0.00063168
15 42 -2.28471 -0.923898
15 43 3.87715 3.64893
15 44 0.940624 -0.424755
15 45 3.78 0.106361
15 46 -1.24301 -0.532226
15 47 0.00438094 -0.802324
15 48 2.24506 -1.71232
15 49 1.07753 0.285869
15 50 -1.19571 1.76434
15 51 -3.54771 1.08412
15 52 -0.418592 1.23622
15 53 -0.0685925 0.0209284
15 54 -0.0930118 -0.00555825
15 56 0.118318 -0.0390427
15 57 -0.235766 0.0331431
15 58 0.264223 -0.0357547
15 59 -0.507058 -0.407115
15 62 -0.232806 -0.0321011
15 63 0.0622096 0.288337
15 65 0.303132 0.689808
15 66 0.123974 0.236622
16 33 3.12577 10.5061
16 34 18.1174 5.07695
16 35 1.94319 -5.53924
16 36 10.9036 -1.69317
16 37 11.3101 2.15732
16 38 10.5775 4.93529
16 39 13.1497 7.73034
16 40 2.7536 2.32652
16 41 4.26432 10.4064
16 42 6.01887 4.14785
16 43 -0.968242 4.6468
16 44 -0.684087 2.34274
16 45 -0.519855 0.48421
16 46 0.159216 1.97874
16 47 -2.96594 1.8465
16 48 -1.64134 0.519038
16 49 -1.41167 -0.172308
16 50 -1.65922 0.825848
16 51 0.728158 -0.249426
16 52 -0.616511 0.284108
16 53 0.305844 -0.418454
16 54 0.466206 0.590431
16 55 0.0656766 0.874751
16 56 0.0971632 0.00613587
16 58 0.0178195 -0.0112296
16 64 0.0967701 0.0409325
16 65 0.496915 0.389476
16 66 0.266491 -0.131792
17 33 0.0431635 5.17832
17 34 9.3586 7.2635
17 35 3.55919 2.13872
17 36 4.96172 2.49431
17 37 2.54112 -3.08378
17 38 5.79685 2.87727
17 39 3.99689 -3.45005
17 40 1.91435 -1.52603
17 41 5.97961 6.99127
17 42 14.0889 3.37739
17 43 0.589556 3.00176
17 44 4.24956 3.43361
17 45 -0.373441 0.72129
17 46 0.111902 0.738051
17 47 0.72772 1.21312
17 48 3.16204 0.700439
17 49 0.273994 0.756426
17 50 1.93457 0.65455
17 51 0.283904 0.207699
17 52 -0.560241 0.539275
17 53 0.997379 0.0654627
17 54 0.566439 -0.123585
17 55 1.23738 -0.076915
17 56 -0.320011 0.0592298
17 57 -0.329155 0.00663327
17 59 -0.0160948 0.00435812
17 60 0.0104777 -0.0588022
17 61 0.450115 -0.131218
17 62 0.209289 -0.112658
17 63 0.329164 0.165997
18 33 4.63321 2.48061
18 34 8.63213 6.20133
18 35 8.61994 -6.53468
18 36 8.94198 -2.17614
18 37 -8.68635 2.73808
18 38 14.7221 0.41804
18 39 12.0756 0.547189
18 40 3.41862 7.93184
18 41 8.19163 4.46473
18 42 -0.929597 -0.565912
18 43 1.94115 1.50431
18 44 1.15073 0.33924
18 45 0.959366 1.60384
18 46 0.749082 2.30219
18 47 1.86244 -1.0708
18 48 1.22296 -0.554523
18 49 0.418279 -0.26967
18 50 -0.216907 1.85521
18 51 0.370195 0.28073
18 52 0.143536 -0.945545
18 53 -0.427604 0.534491
18 54 1.31204 -1.25931
18 55 0.763038 -0.342706
18 57 -0.351254 -0.582972
18 59 -0.130027 -0.882165
18 60 0.955565 0.343961
18 61 1.90214 -0.689739
18 62 -1.13023 -0.0723767
18 63 0.905096 0.702221
18 65 -0.257668 -0.0349492
18 66 0.278762 0.235343
19 33 2.70602 1.81322
19 34 5.67916 -5.08781
19 35 4.96483 4.48674
19 36 9.26431 -3.38211
19 37 9.60077 5.44166
19 38 13.6087 2.16014
19 39 10.6472 -1.25613
19 40 7.59569 -1.41709
19 41 10.7595 -5.33573
19 42 -0.987651 -1.30106
19 43 3.00223 -1.05795
19 44 5.53519 -0.785078
19 45 -0.641857 1.18944
19 46 0.209395 1.10805
19 47 -0.511372 2.86233
19 48 1.67613 -0.634017
19 49 -1.47658 -0.505882
19 50 -0.320053 0.690847
19 51 0.17653 0.596638
19 52 -0.155429 -0.347955
19 53 -0.890285 0.418045
19 54 0.0466769 0.140977
19 56 3.87829 0.684364
19 57 -0.09898 -0.0992745
19 59 0.00145419 0.000689724
19 60 0.349522 0.210339
19 61 0.413144 0.398754
19 62 0.163893 0.417191
19 63 -0.0444531 0.0920311
19 64 -0.249433 0.823872
19 65 -0.765931 0.586603
20 33 2.11874 -0.469616
20 34 0.076475 0.572452
20 35 1.57613 -5.01488
20 36 0.787495 -5.57983
20 37 4.54578 0.497224
20 38 8.09801 2.08179
20 39 6.97189 2.04933
20 40 3.3702 3.62966
20 41 5.31112 1.3444
20 42 5.7594 9.83441
20 43 1.53279 -0.292109
20 44 -3.77657 1.45748
20 45 1.78332 0.932549
20 46 1.93606 2.11061
20 47 -0.43295 -0.622893
20 48 1.62007 -0.964039
20 49 -1.43269 0.852503
20 50 -0.750856 0.0924507
20 51 0.0686593 -0.0398964
20 52 1.37007 -0.789785
20 53 -0.370181 -0.134845
20 54 1.75597 0.419077
20 55 0.232851 -1.12907
20 56 0.934451 -0.909435
20 58 -0.450588 0.24141
20 59 -0.518222 -0.0370964
20 60 -0.00713894 -0.00429751
20 61 0.051635 -0.019247
20 62 0.136586 0.121386
20 63 0.965979 0.557836
21 33 3.54723 0.702818
21 34 8.52626 -4.06611
21 35 1.34517 3.05551
21 36 4.60413 -0.705927
21 37 0.840345 -0.719779
21 38 9.34128 0.761771
21 39 8.65986 3.0412
21 40 8.81159 5.14907
21 41 3.60196 -2.09317
21 42 2.7147 -2.0584
21 43 7.87238 3.55459
21 44 -4.1611 3.15346
21 45 2.20489 1.47473
21 46 -0.0978451 2.56506
21 47 2.44303 4.40566
21 48 1.80894 0.3738
21 49 -1.15358 2.13798
21 50 -0.70022 0.276184
21 51 -1.65698 -0.530698
21 52 -0.173242 -1.2269
21 53 0.101154 0.557971
21 55 -0.474542 -0.181531
21 56 -0.274947 0.0316929
21 57 0.288629 -0.230652
21 58 -0.162032 1.30573
21 59 0.158301 0.0632005
21 61 -0.0973681 -0.0592381
21 63 -0.235809 0.132442
21 64 -0.121954 0.559866
21 65 0.770854 -0.6073
22 33 2.34721 -1.23916
22 34 -3.7636 -2.60412
22 35 8.44844 -0.372831
22 36 6.8145 -3.20352
22 37 7.99913 0.0720966
22 38 11.1479 -0.13729
22 39 7.02327 1.61797
22 40 2.95588 -2.17472
22 41 5.26662 -2.15451
22 42 3.10823 1.47976
22 43 1.29013 2.80501
22 44 -0.949061 2.00494
22 45 3.03987 2.40441
22 46 -1.48462 0.0852033
22 47 -2.31671 -0.00686306
22 48 -0.115471 0.337951
22 49 -1.15771 -0.553465
22 50 -0.602923 0.798715
22 51 -0.485846 -0.651226
22 52 2.11712 0.789978
22 53 -1.3085 -0.320522
22 54 0.266827 0.0882011
22 55 -0.115176 -0.702085
22 56 0.380961 0.0896445
22 57 0.00309568 0.0042664
22 58 -1.86296 -0.0832363
22 59 -0.186998 -0.034733
22 60 0.00776472 -0.0545403
22 61 -0.370657 -0.432929
22 62 -0.0284489 0.00684699
22 66 0.434022 0.302574
23 33 0.254758 0.734829
23 34 8.03286 -5.24253
23 35 -0.0200016 -2.00609
23 36 7.15746 -3.58778
23 37 2.52062 1.24242
23 38 2.32347 2.90621
23 39 -2.91315 1.78712
23 40 2.14173 2.99378
23 41 4.92297 3.69859
23 42 2.4961 -0.795299
23 43 -2.41011 3.9038
23 44 0.656447 1.95958
23 45 6.47288 4.3486
23 46 -0.894148 -0.15333
23 47 3.13579 1.54173
23 48 -0.839851 0.0605665
23 49 -1.5637 1.56529
23 50 0.0745231 -0.31218
23 51 2.57091 0.656991
23 52 -0.0832189 -0.0241448
23 53 -1.4832 0.114323
23 54 1.07842 -0.363948
23 55 -0.042275 0.0571458
23 56 -0.394754 -0.234203
23 57 -0.468888 -0.370629
23 59 1.17985 -0.832588
23 60 -1.54081 -0.048219
23 61 -0.13062 -0.0113562
23 65 0.851428 -0.271446
23 66 -0.0949911 0.411263
24 33 3.07726 -0.952614
24 34 5.28748 2.17009
24 35 2.20676 -3.59272
24 36 -0.963515 -4.62039
24 37 0.141785 2.9126
24 38 4.11702 3.61298
24 39 7.99378 -1.64338
24 40 5.19111 2.43393
24 41 8.04114 -0.38418
24 42 1.33027 -0.498741
24 43 4.634 1.28752
24 44 1.04192 7.30307
24 45 -1.45542 0.176162
24 46 2.40116 0.438191
24 47 0.223528 2.7003
24 48 0.589782 0.300319
24 49 0.757735 1.79251
24 50 0.418374 0.342977
24 51 -0.746383 2.1225
24 52 0.168678 0.190484
24 53 0.052726 0.426303
24 54 -0.707647 0.450185
24 55 0.842913 -1.04447
24 56 1.30408 0.733998
24 57 0.0641328 0.00419001
24 58 0.437308 0.0412478
24 59 -1.64742 0.0819151
24 60 -0.259897 1.40075
24 61 1.33693 0.208995
24 62 2.09701 -0.395285
24 63 -1.70549 0.488141
24 65 -2.04355 -1.25282
25 33 3.72873 -4.06875
25 34 6.94478 1.83629
25 35 7.40072 1.91249
25 36 1.78184 -4.20904
25 37 5.71259 -0.161725
25 38 4.93248 -0.266933
25 39 4.44914 -0.77155
25 40 4.55342 -1.30858
25 41 6.06296 2.10078
25 42 -0.63789 2.52755
25 43 7.12387 1.60948
25 44 -0.302128 2.6561
25 45 2.49156 3.2636
25 46 4.13319 -0.0374874
25 47 3.42267 -3.61678
25 48 -0.876141 1.86901
25 49 -0.489834 -0.448804
25 50 -1.75061 0.214289
25 51 0.102773 -1.79335
25 52 -0.280111 -1.49391
25 53 -0.488765 0.998487
25 54 -0.935763 0.330647
25 55 0.1196 0.147875
25 56 -0.460886 0.106709
25 57 -0.623337 -0.0736215
25 58 0.906026 0.894094
25 59 -0.0403114 0.0286315
25 60 -0.0424693 0.300155
25 61 -0.450212 0.981023
25 62 0.308224 0.306147
25 63 0.047728 0.0234259
25 64 0.0864331 -0.0187458
25 65 0.427075 -0.615615
26 33 7.23637 -0.0094784
26 34 5.65416 -4.8619
26 35 5.39759 -1.95312
26 36 8.60188 0.844127
26 37 2.06814 -0.959908
26 38 -1.1031 2.8776
26 39 -2.10806 -0.834674
26 40 7.21068 4.14574
26 41 10.8206 -1.2147
26 42 -0.469028 4.46864
26 43 0.923472 -3.29518
26 44 0.160972 -1.74411
26 45 -1.69599 2.6571
26 46 -0.488525 -0.768654
26 47 0.851835 0.804742
26 48 0.697845 0.370908
26 49 2.26466 0.404856
26 50 2.59085 1.32186
26 51 0.927763 -0.0663523
26 52 -0.143332 -0.225266
26 53 1.05543 -0.0430575
26 54 -0.743501 0.675773
26 55 0.121594 -0.0395549
26 56 -0.387375 0.186134
26 58 -0.753288 0.0343364
26 59 -0.381981 0.21979
26 60 -1.81601 0.68536
26 61 -0.428218 0.257884
26 62 0.88576 -0.0436572
26 63 -0.0605616 0.0291031
26 64 0.865766 0.210225
26 65 0.210276 -0.113659
26 66 0.200448 -0.016253
27 33 7.87266 -1.53083
27 34 3.60639 1.14554
27 35 6.06374 -0.698252
27 36 5.49136 -4.2467
27 37 8.49998 -2.68619
27 38 -4.84761 -1.49279
27 39 6.20577 0.331634
27 40 10.152 -4.26393
27 41 5.53131 -1.7232
27 42 0.664357 -0.601897
27 43 -0.354694 -1.48479
27 44 3.14103 1.54849
27 45 -1.14837 1.02617
27 46 0.438718 1.03255
27 47 -1.18077 0.482051
27 48 5.96687 -0.571681
27 49 -3.65899 4.76365
27 50 0.704914 2.26219
27 51 -0.155215 0.695148
27 52 -0.618044 1.53791
27 53 -0.774053 0.433114
27 54 0.796888 0.621514
27 55 -0.149935 -0.00278098
27 56 0.102752 -0.145109
27 57 -0.170324 -0.676709
27 58 0.700941 0.322277
27 59 -0.512439 0.374704
27 60 -0.0860927 -0.191505
27 61 0.210374 -0.142059
27 63 0.159747 0.322657
27 64 -0.0785734 0.652084
27 65 -0.905946 -0.449038
27 66 0.447062 -1.05925
28 33 1.17108 -2.21486
28 34 5.98684 -1.94994
28 35 7.81385 -1.77124
28 36 5.83795 -1.63187
28 37 3.9747 2.23238
28 38 6.57774 -0.466571
28 39 4.70315 -3.26702
28 40 3.75669 -4.28744
28 41 7.98434 2.32689
28 42 5.65352 1.80432
28 43 2.76654 3.78738
28 44 5.75011 8.23924
28 45 3.01568 1.66699
28 46 1.38506 1.22989
28 47 -0.0861028 3.56292
28 48 5.1204 2.05071
28 49 -0.00974645 0.311939
28 50 -0.746661 2.53522
28 51 3.90686 -0.925844
28 52 0.194237 -0.285514
28 53 0.271385 -0.0761041
28 54 -1.59381 1.14626
28 55 0.75116 -0.899769
28 56 0.652517 0.29504
28 57 -1.07683 0.0261108
28 58 1.37025 0.0936952
28 59 -1.32788 -0.663193
28 61 -0.427876 -0.0341725
28 64 0.14604 -0.00573752
29 33 2.75105 1.00294
29 34 5.31694 2.05146
29 35 3.2095 -0.218898
29 36 2.33121 -5.39434
29 37 6.84948 0.976998
29 38 2.86189 -0.133584
29 39 3.59972 0.192931
29 40 8.82456 3.81952
29 41 6.89383 0.398492
29 42 0.420412 0.469381
29 43 3.70293 1.70487
29 44 4.76509 4.13483
29 45 4.49538 3.78374
29 46 5.3874 2.49098
29 47 0.821715 -0.623573
29 48 1.11117 2.65706
29 49 -0.538012 -0.957175
29 50 -1.83422 0.00869212
29 51 -0.110325 0.493255
29 52 1.37515 -0.139359
29 53 -0.871334 0.0552186
29 54 0.0645121 -0.0703469
29 55 1.34906 0.317983
29 56 -0.313517 0.0812448
29 57 -3.53895 -0.374486
29 58 0.205307 0.819588
29 59 -0.0493639 -0.0651239
29 60 0.34487 -2.13983
29 61 0.655751 0.667289
29 62 0.491171 0.409039
29 64 -0.00225033 0.000484738
30 33 1.7108 -1.20243
30 34 0.401705 -3.02188
30 35 -0.916202 -3.05107
30 36 1.33104 2.91305
30 37 0.692491 -3.33435
30 38 4.24464 -4.01736
30 39 1.33448 0.0294984
30 40 1.29423 -1.19406
30 41 5.01488 -1.67326
30 42 5.48811 1.78638
30 43 3.61098 0.779396
30 44 -2.0869 9.2123
30 45 0.803979 3.0982
30 46 1.8599 1.18609
30 47 -2.63314 0.586221
30 48 -0.636897 1.54265
30 49 1.82092 -0.58702
30 50 0.72736 0.434818
30 51 1.4878 0.645238
30 52 -0.505473 0.322034
30 53 0.842235 0.904812
30 54 0.197438 0.582171
30 55 -0.249154 0.338715
30 56 -0.2112 -0.0131808
30 57 -0.0742973 -0.0597749
30 58 1.01489 0.583328
30 59 -0.212872 -0.0924418
30 60 -0.528852 -0.717885
30 61 -0.652089 -0.502301
30 63 -0.0594765 -0.0267334
31 33 3.78371 0.563835
31 34 2.4391 -2.3026
31 35 2.35601 3.74742
31 36 0.995136 0.262668
31 37 5.25091 0.235537
31 38 5.09939 -5.27632
31 39 7.14486 1.31966
31 40 2.51625 0.172512
31 41 8.246 2.09003
31 42 4.55959 1.43901
31 43 4.66277 3.45342
31 44 -3.88532 0.627488
31 45 3.49375 0.957912
31 46 2.64048 6.74297
31 47 0.580147 -0.834447
31 48 4.48469 1.18224
31 49 2.65645 1.95751
31 50 -0.383967 0.75364
31 51 -0.762804 1.7299
31 52 -0.349219 2.83872
31 53 0.146987 0.229874
31 54 -3.00025 -0.0333802
31 55 1.15829 -0.628945
31 56 0.798205 -0.774806
31 57 0.138088 0.0638259
31 58 -1.96321 -0.0777428
31 59 -0.379435 0.106295
31 62 -0.136516 -0.206694
31 65 0.0748627 0.0941259
32 33 2.2211 -1.37434
32 34 11.8519 -4.70876
32 35 7.96143 -1.46979
32 36 1.87455 -0.499164
32 37 8.07696 3.22074
32 38 7.73416 5.01339
32 39 7.20689 0.621975
32 40 5.32736 1.07296
32 41 6.93105 5.82873
32 42 5.35589 0.832076
32 43 0.490184 -0.11948
32 44 -0.715075 0.608321
32 45 6.12575 6.30083
32 46 -1.42042 4.16587
32 47 -1.60404 -0.0132381
32 48 1.26101 1.03679
32 49 0.192538 0.416489
32 50 0.178342 -1.39536
32 51 3.76552 -1.24836
32 52 -0.557181 1.28826
32 53 0.259048 -0.297068
32 54 0.515713 -0.00992459
32 55 -2.61929 -0.472457
32 56 0.0965853 1.04333
32 57 -0.181904 0.346262
32 58 -0.227947 -0.286098
32 59 0.00868642 -0.0155755
32 60 -0.438959 0.800829
32 61 0.273383 0.163386
32 62 -0.00303636 0.0857161
32 64 -1.31942 0.132599
32 65 0.710507 1.00176
32 66 -0.0485512 0.0873876
33 33 2.27124 -0.915176
33 34 2.23639 -2.67146
33 35 1.62447 1.71299
33 36 1.51274 -1.86311
33 37 2.37847 2.30382
33 38 4.78143 3.90743
33 39 2.25375 -2.28571
33 40 8.20821 4.12616
33 41 3.36713 2.28133
33 42 2.6474 0.557018
33 43 3.64776 0.838505
33 44 1.83371 1.19508
33 45 0.0636718 3.45765
33 46 0.313957 -0.177774
33 47 -1.40882 -0.466818
33 48 1.74521 -0.0801725
33 49 0.639832 0.0788433
33 50 0.906863 1.91994
33 51 3.07178 2.43664
33 52 3.49731 1.89924
33 53 -0.350446 0.907327
33 54 0.548883 0.546583
33 55 -0.24945 0.16854
33 56 0.266541 -0.0518004
33 57 -1.36287 -0.39588
33 59 -0.278426 1.27747
33 60 -0.22407 0.113004
33 61 0.799021 0.693808
33 63 -0.0278171 0.0450033
33 64 -0.0188221 0.0183553
33 65 0.191419 -0.113471
33 66 -0.060796 -0.223732
34 33 5.34992 1.3341
34 34 -3.58079 -1.25711
34 35 4.24492 -4.55654
34 36 0.496521 1.86938
34 37 -1.19575 2.18067
34 38 3.1015 4.45594
34 39 2.05962 0.629881
34 40 -0.587954 2.11851
34 41 6.74483 -0.249061
34 42 -1.24419 3.34836
34 43 8.21547 -1.81167
34 44 0.153151 5.12712
34 45 -0.286966 1.15241
34 46 3.04305 0.922549
34 47 0.317315 -0.961851
34 48 -0.82546 0.145523
34 49 -0.0876701 -0.223555
34 50 0.882232 2.48982
34 51 0.207972 -0.375581
34 52 1.31752 1.49552
34 53 0.221938 0.999965
34 54 -0.502005 1.14166
34 55 0.0838558 0.413444
34 56 0.184063 -0.425889
34 57 1.90793 -0.199958
34 58 -0.0147467 -0.4161
34 59 0.722635 0.546526
34 60 -0.0998665 0.0662831
34 61 -0.123574 -0.732553
34 62 1.38002 -0.0987871
34 63 0.276971 0.0759011
34 64 0.0321102 0.0148453
34 66 -0.193018 -0.105868
35 33 1.98003 -1.08676
35 34 1.54808 -4.68765
35 35 -2.81373 3.81241
35 36 4.12272 -0.346071
35 37 4.76268 -1.7445
35 38 2.72457 1.72236
35 39 4.34434 5.55414
35 40 5.7466 -0.451837
35 41 5.24862 3.15041
35 42 -0.846913 1.57033
35 43 1.05213 0.431718
35 44 4.23006 -0.018207
35 45 4.20052 -0.264728
35 46 1.6352 3.46323
35 47 -4.02198 0.869679
35 48 0.968296 3.27254
35 49 2.38759 -0.211184
35 50 0.60315 0.848853
35 51 -2.34646 1.88922
35 52 0.83799 -0.0326542
35 53 0.349828 -1.31924
35 54 0.409955 1.80878
35 55 0.633406 0.0284779
35 56 1.38015 0.0660686
35 57 0.174209 0.0640695
35 58 -0.568695 0.0542513
35 59 0.247315 0.472727
35 61 1.0353 1.41591
35 63 -1.25308 0.310776
35 65 -0.143757 -0.0574955
35 66 -0.0655645 0.528753
36 33 3.72943 -0.317197
36 34 2.26061 -1.28744
36 35 3.29737 0.720395
36 36 -0.918901 2.39108
36 37 6.06496 2.03135
36 38 0.937948 1.03164
36 39 6.69425 -0.832618
36 40 5.61507 3.88887
36 41 -0.116805 -1.10617
36 42 3.89105 -1.97312
36 43 1.8772 -1.36572
36 44 6.24168 2.6248
36 45 0.805652 -2.00981
36 46 0.411357 -0.0369313
36 47 2.24808 0.0128642
36 48 1.52684 1.16222
36 49 2.00677 1.49934
36 50 -0.806079 0.0554787
36 51 0.494386 -1.21946
36 52 0.2641 0.112933
36 53 0.658459 0.196527
36 54 1.00367 -0.812615
36 55 -0.910828 -0.304167
36 56 -2.16537 -0.175003
36 57 -0.000168833 -1.57599e-05
36 58 -0.224959 0.166451
36 59 0.0778264 0.129861
36 60 -0.790591 -0.386654
36 61 1.85995 -0.497572
36 62 0.56271 0.104636
36 63 0.561738 0.402722
37 33 1.65028 -2.29434
37 34 4.66525 -2.10482
37 35 2.21704 -2.0856
37 36 1.34956 -2.20743
37 37 3.30081 -0.567704
37 38 -5.33033 -1.97889
37 39 0.95727 2.28662
37 40 -3.54146 5.94727
37 41 -1.36094 3.73648
37 42 2.96508 -1.92654
37 43 2.467 0.373412
37 44 -1.89943 -2.24576
37 45 -0.44149 1.94837
37 46 1.50431 1.53032
37 47 -0.447839 1.04301
37 48 0.455717 2.26595
37 49 0.573536 -0.271032
37 50 0.0975928 -0.687521
37 51 2.95317 0.804043
37 52 -1.58842 -2.69107
37 53 0.097893 -0.674706
37 54 1.97874 0.254672
37 55 -0.774191 -1.04405
37 56 0.527663 0.862407
37 57 -0.803199 0.513836
37 58 0.825678 -0.159043
37 59 0.0206274 0.452662
37 60 -0.144102 -0.576732
37 61 -0.239092 -0.650396
37 62 0.483179 1.38829
37 63 0.80793 -0.291704
37 65 0.97168 0.0770029
38 33 0.641448 -3.60495
38 34 4.2126 -2.91517
38 35 5.52772 1.77511
38 36 2.8346 3.33513
38 37 4.21206 -4.6335
38 38 -2.96516 1.43049
38 39 4.04354 -1.43962
38 40 4.44476 0.126673
38 41 4.48022 1.19521
38 42 1.97623 2.52119
38 43 -1.13455 3.58058
38 44 -0.484408 -0.0705025
38 45 -1.10522 0.48823
38 46 -0.146626 -0.920428
38 47 -3.10528 1.42109
38 48 1.35488 1.1526
38 49 -0.250285 0.0881748
38 50 -0.46009 0.518467
38 51 0.779307 0.200233
38 52 -0.0112546 0.0433289
38 53 -0.617392 -0.585883
38 54 -0.395307 -0.0202188
38 55 -1.33542 0.157083
38 56 0.134959 0.3425
38 57 -0.37788 0.147849
38 58 -0.330717 0.155863
38 59 -0.00147555 0.00168789
38 60 -0.372328 -0.681566
38 61 0.112743 0.19086
38 62 0.448298 0.0679932
38 63 0.842858 0.901182
38 64 -0.496361 -1.00567
38 65 0.0259776 -0.0309003
39 33 2.76715 -0.934165
39 34 1.38344 -4.61483
39 35 4.51388 1.92247
39 36 6.69876 -2.72058
39 37 -2.61254 0.399307
39 38 0.76094 -0.805848
39 39 5.48121 0.0741575
39 40 7.42629 4.89546
39 41 8.80144 -1.50538
39 42 1.64557 2.8641
39 43 -1.81127 0.88948
39 44 0.983826 0.834593
39 45 0.748588 0.679563
39 46 1.12786 1.44263
39 47 -0.558883 0.0488752
39 48 0.132213 0.752451
39 49 -0.542463 -1.19351
39 50 -0.730086 1.19974
39 51 3.97267 0.607945
39 52 0.454142 0.363031
39 53 0.122193 0.614191
39 54 0.47356 0.598922
39 55 -0.710651 -1.51463
39 56 0.840539 1.53009
39 57 0.698932 0.47035
39 58 1.13399 -0.718632
39 60 0.0121839 -0.00655477
39 62 0.360274 0.224293
39 63 -0.309917 -0.410829
39 64 0.468221 0.657818
39 65 0.144445 -0.123813
40 33 3.57009 -1.67056
40 34 5.76857 1.00584
40 35 0.756077 -1.2218
40 36 0.0746782 -3.89595
40 37 4.64427 1.66836
40 38 -1.61474 -0.791262
40 39 6.92954 -0.667631
40 40 -0.323967 0.690774
40 41 5.33279 0.568349
40 42 2.38664 -0.628807
40 43 4.6866 1.51739
40 44 -0.0928769 -1.54577
40 45 0.43673 -0.00777891
40 46 -0.0336454 2.66012
40 47 -0.348055 2.20311
40 48 0.926479 -0.049357
40 49 -0.852957 -0.367278
40 50 1.68237 1.74617
40 51 0.471826 0.868491
40 52 1.50184 0.294705
40 53 -0.562587 -0.750472
40 54 1.02059 0.167351
40 55 -0.400351 1.35576
40 56 -0.211118 0.689548
40 57 1.09891 -0.0341604
40 58 0.184079 -1.04863
40 59 0.574342 -0.0625794
40 60 -0.0540027 0.0026861
40 62 -0.885572 0.17584
40 63 -0.833492 0.0519635
40 64 0.869768 0.983845
40 65 0.38431 0.91293
41 33 1.16209 -1.43651
41 34 1.46414 -2.30232
41 35 -1.45507 -2.65831
41 36 2.78098 -0.877934
41 37 4.85095 -2.66787
41 38 2.75047 -2.63281
41 39 1.33475 3.65704
41 40 0.657274 0.566955
41 41 4.10496 -1.52263
41 42 0.777787 2.67162
41 43 3.96157 1.57457
41 44 6.46518 0.925771
41 45 -3.31511 -0.464773
41 46 4.25854 -3.51592
41 47 1.44092 0.763224
41 48 3.91121 -0.181557
41 49 -0.743742 0.99936
41 50 -0.787936 0.51155
41 51 0.490341 -2.39084
41 52 -0.576969 0.0191843
41 53 -0.837716 1.73297
41 54 2.03667 0.092086
41 55 0.678591 0.0246817
41 56 -1.28285 0.339549
41 57 0.676516 -0.0758295
41 58 -0.615368 0.716133
41 59 0.37151 -0.37216
41 61 -0.800294 -0.73771
41 64 0.531442 0.323797
41 65 0.30551 0.326027
41 66 -0.00889098 0.713545
42 33 -0.269372 -2.00526
42 34 6.92438 0.786396
42 35 3.07991 0.709283
42 36 6.07763 -1.55874
42 37 2.98567 0.129284
42 38 2.34718 5.81106
42 39 5.47867 0.779335
42 40 3.67163 1.25923
42 41 -2.42621 -1.09931
42 42 1.45077 5.09398
42 43 2.58901 1.16484
42 44 1.74571 2.92165
42 45 1.85815 2.04713
42 46 -0.145381 2.68418
42 47 1.34258 -2.84742
42 48 1.51662 -0.529888
42 49 2.5353 -0.646691
42 50 0.333007 0.962195
42 51 1.23495 1.43725
42 52 -1.50454 2.05342
42 53 1.44594 0.836979
42 54 -0.271295 0.528351
42 55 -1.78117 2.19255
42 56 0.72553 0.0664729
42 57 0.228943 0.693247
42 58 -0.415818 0.411216
42 59 0.0375577 -1.42959
42 60 0.120303 -0.18543
42 62 0.582757 0.659586
42 63 0.573565 -0.284312
42 64 -0.0165182 -0.0378354
42 65 -0.647711 -0.0530295
42 66 0.515434 -0.243649
43 33 2.54674 -1.9062
43 34 1.62699 -1.78368
43 35 -2.71748 -1.18693
43 36 2.75318 -7.63717
43 37 3.90074 3.83434
43 38 3.07749 -0.58023
43 39 1.80804 -1.53804
43 40 4.06309 -0.361248
43 41 0.514531 2.8671
43 42 -1.53018 1.75938
43 43 -0.0141466 0.878444
43 44 2.18826 2.27655
43 45 3.81154 3.16307
43 46 -0.241093 2.96163
43 47 -1.26012 -2.17583
43 48 0.673412 -1.42363
43 49 2.08223 -2.83758
43 50 0.818255 0.000237871
43 51 0.82816 -0.837894
43 52 -3.1828 1.75679
43 53 0.677952 -0.0170646
43 54 -0.00259875 -0.489362
43 55 -0.385066 -1.12074
43 56 -0.345925 -0.0169499
43 57 0.879109 -0.777819
43 58 -0.29271 -0.543432
43 59 -2.44977 0.0345781
43 60 -0.348592 -0.270149
43 63 0.286263 -0.206401
43 64 0.418638 0.0137805
43 65 -1.23289 0.822239
43 66 -0.540939 -0.174965
44 33 1.69537 0.627252
44 34 2.30793 3.15548
44 35 2.59989 -0.820992
44 36 5.09285 0.625306
44 37 0.282257 1.5856
44 38 -1.66429 -0.934857
44 39 0.832784 0.170099
44 40 1.40809 3.02667
44 41 1.79142 -0.0327402
44 42 -2.63548 0.76389
44 43 1.76928 1.25175
44 44 3.12249 0.288028
44 45 0.938156 2.42533
44 46 -1.38039 0.682704
44 47 1.83783 0.13121
44 48 1.29147 2.2236
44 49 -0.982008 0.246294
44 50 3.0878 0.0566049
44 51 0.531681 -0.215763
44 52 1.76523 1.0723
44 53 -0.640283 -1.16533
44 54 0.222499 1.0052
44 55 0.979038 -9.07537e-05
44 56 1.02679 0.0758223
44 57 -0.0931563 0.335235
44 58 -0.201565 0.878395
44 59 0.420524 0.905174
44 60 -0.0241518 -0.248496
44 61 0.0246896 -0.0285592
44 62 -1.14766 -0.273189
44 63 -0.0871916 0.0244742
44 64 -0.802707 -0.860986
44 65 -0.23256 0.204947
44 66 0.00132793 0.393893
45 33 3.13336 0.278415
45 34 6.70568 0.348812
45 35 3.35929 -0.582551
45 36 2.25407 0.942077
45 37 3.30373 -1.5555
45 38 5.03167 3.10019
45 39 6.30683 -1.53702
45 40 8.71661 1.07852
45 41 6.99855 -5.26966
45 42 4.75591 0.0264905
45 43 1.79697 -0.0384346
45 44 4.1566 -0.468314
45 45 0.0676428 -1.63759
45 46 0.446082 0.265891
45 47 0.640726 1.8584
45 48 2.11494 0.710851
45 49 0.203236 0.659789
45 50 -0.790896 -1.05154
45 51 2.32898 1.48514
45 52 0.0250991 0.856961
45 53 -0.484044 0.624421
45 54 3.57766 -0.296792
45 55 0.190981 -0.313186
45 56 -0.474117 -0.464895
45 57 0.740443 0.0926163
45 59 -1.06276 -0.0424411
45 60 -1.02605 -0.122596
45 61 0.281038 -0.0881979
45 62 0.0631268 -0.0121274
45 63 0.426053 1.29558
45 64 -0.175296 -0.0397474
45 66 0.00891828 -0.1304
46 33 -0.502457 0.803578
46 34 3.20578 -2.34992
46 35 -0.025136 -2.29271
46 36 2.10636 1.36562
46 37 -1.17794 -2.45726
46 38 7.29405 2.54526
46 39 -1.67652 1.79051
46 40 2.43255 4.22138
46 41 0.594368 0.883338
46 42 4.89081 1.22649
46 43 7.05385 -1.92308
46 44 -2.35412 2.01821
46 45 -2.56683 -1.80121
46 46 0.320985 2.47599
46 47 0.806156 1.4102
46 48 0.855153 1.30753
46 49 0.319456 1.4837
46 50 -0.689913 1.23604
46 51 -0.968086 0.665713
46 52 0.0996201 0.0955953
46 53 0.0239038 1.35171
46 54 -0.336108 0.696346
46 55 0.654834 0.0339057
46 56 0.57126 0.880498
46 57 -0.225754 0.267966
46 58 0.00133788 -0.000349567
46 59 0.113468 -0.298625
46 60 1.37639 -0.175841
46 61 0.492578 0.979352
46 63 -0.21433 0.162107
46 64 -0.18863 0.18257
46 65 -0.217237 -0.117653
47 33 -1.71717 -0.893755
47 34 -4.78002 0.8109
47 35 8.75209 -1.48011
47 36 -0.448026 2.39113
47 37 5.5364 -2.24382
47 38 5.54617 -1.14629
47 39 -0.108629 -0.318846
47 40 0.309599 -0.177635
47 41 8.85385 -3.81425
47 42 3.59303 1.23179
47 43 2.64821 -0.259458
47 44 0.0505129 1.88433
47 45 -0.829978 3.9115
47 46 4.02381 1.1782
47 47 2.93567 -1.86762
47 48 0.687814 -1.33553
47 49 -0.0468197 -0.0393952
47 50 -2.30505 0.493216
47 51 0.109976 2.71402
47 52 1.0324 0.303884
47 53 -0.00345603 -0.233712
47 54 0.711383 0.265482
47 55 2.32978 1.10407
47 56 -0.82999 0.197644
47 57 2.23582 0.817795
47 58 -0.963162 0.000990413
47 59 1.06856 -1.59245
47 60 0.506463 -0.534862
47 61 0.577815 -0.0233643
47 62 0.214801 0.141576
47 63 1.08742 0.655905
47 64 1.16589 -0.455376
48 33 1.97578 -0.142582
48 34 -0.0507308 -3.05462
48 35 4.83449 0.555282
48 36 2.79732 -3.14559
48 37 0.0696921 3.09709
48 38 2.29461 -1.1943
48 39 4.95061 -2.61177
48 40 -0.413607 -3.00946
48 41 0.251746 -2.38185
48 42 6.05272 -0.894253
48 43 4.80051 2.7026
48 44 1.43097 4.66545
48 45 0.855683 2.28465
48 46 1.76752 2.16999
48 47 -1.80772 0.509935
48 48 0.0788617 -0.950498
48 49 -1.79889 0.2334
48 50 0.334258 -0.82354
48 51 -0.741324 1.24221
48 52 -0.0990573 0.422972
48 53 -1.0918 0.295596
48 54 0.991138 -0.511333
48 55 -0.667989 0.65119
48 56 1.13145 -0.21932
48 57 1.10723 0.667875
48 58 -0.189295 0.00476843
48 59 -0.570186 0.244572
48 60 0.0794474 0.19643
48 61 -0.913796 -0.680801
48 62 0.772789 -1.08095
48 63 0.452287 -0.339582
48 64 -0.294398 0.217051
48 65 -0.896991 -0.139187
49 33 3.0104 -1.10962
49 34 1.74862 -7.55302
49 35 2.08344 -0.744211
49 36 0.610783 -0.37527
49 37 1.25815 0.844938
49 38 3.84734 -5.25386
49 39 7.45415 2.0532
49 40 5.07276 1.97167
49 41 3.76953 2.6115
49 42 0.799278 0.983996
49 43 1.05953 -3.95181
49 44 2.46455 1.00648
49 45 3.54109 0.273825
49 46 1.65464 0.546741
49 47 -1.83514 1.09102
49 48 1.62433 0.894688
49 49 0.158886 -0.369331
49 50 2.10082 -0.662035
49 51 0.878534 0.000805079
49 52 -0.27309 -0.2635
49 53 1.98209 -0.00231965
49 54 -0.480416 1.0908
49 55 -0.949442 0.553896
49 56 -1.75197 -0.769043
49 57 -0.211574 -0.243145
49 58 -0.736575 0.579441
49 59 0.976516 2.20679
49 60 0.718525 -0.707805
49 61 0.0296308 -0.733343
49 62 0.488392 0.458898
49 63 0.0856027 -0.142192
49 64 -0.534523 0.144752
49 65 0.662723 -0.321236
49 66 0.0268945 -0.00513243
50 33 3.02821 0.53566
50 34 2.11274 -0.280325
50 35 2.73216 1.80151
50 36 3.85973 1.04483
50 37 -1.51432 3.44685
50 38 4.78095 -0.248964
50 39 0.0670361 -0.418898
50 40 0.93874 1.70063
50 41 -1.2962 -0.184669
50 42 2.35709 4.59281
50 43 4.39668 2.11309
50 44 4.92592 -0.12932
50 45 1.73828 -1.59442
50 46 3.29704 -0.207107
50 47 3.06611 -0.016688
50 48 -0.179811 0.773783
50 49 -2.43489 1.39659
50 50 0.932754 0.960159
50 51 -1.5865 1.71372
50 52 1.16225 0.811452
50 53 0.219038 1.39068
50 54 0.0246143 1.4369
50 55 0.39332 -0.303866
50 56 -0.869424 0.217162
50 57 -0.0367704 0.102473
50 58 0.53878 -0.415188
50 59 0.383777 0.512182
50 60 -0.0521112 0.060302
50 61 -0.611956 -0.0821857
50 63 -0.141773 -0.0119601
50 64 0.049371 0.0118619
50 65 -0.342021 0.212704
51 33 6.70643 0.970501
51 34 -0.40158 0.46928
51 35 1.23271 -0.271341
51 36 4.59585 0.695007
51 37 2.71422 -1.00836
51 38 1.20498 1.82952
51 39 0.859973 0.851436
51 40 1.18212 1.54925
51 41 12.8162 -4.89952
51 42 7.1996 -0.3029
51 43 0.363956 -1.59863
51 44 3.58288 -1.28021
51 45 2.88877 -2.47529
51 46 1.05966 -0.959962
51 47 1.15952 3.55897
51 48 0.00473215 -1.42671
51 49 -0.754843 1.99844
51 50 -1.40424 -0.0508696
51 51 1.15877 -0.716247
51 52 -1.20175 1.05179
51 53 -0.394637 2.65599
51 54 -0.715202 1.08491
51 55 -1.26033 -1.85501
51 56 -0.600463 0.345004
51 57 1.40626 -0.0245194
51 58 2.28971 0.528303
51 59 -0.020099 0.0009598
51 60 -1.27565 0.0717401
51 61 0.155476 -0.0811395
51 62 -0.0213497 0.121256
51 63 -0.215893 -0.112476
51 65 0.0784599 0.0527685
51 66 0.0484757 -0.0409016
52 33 3.56175 0.225865
52 34 4.62733 0.956189
52 35 -0.114858 -0.604909
52 36 2.94739 1.24336
52 37 -0.98324 -4.36424
52 38 -1.23799 -1.86117
52 39 3.22078 -2.79826
52 40 5.46978 2.93951
52 41 3.57965 -4.66214
52 42 4.27237 0.461585
52 43 0.892627 1.55365
52 44 -1.46338 0.663128
52 45 0.0877502 0.931923
52 46 -2.97651 -0.392131
52 47 0.57756 1.79914
52 48 2.68931 -0.171814
52 49 0.834455 1.51617
52 50 2.99707 1.57231
52 51 2.12502 3.14719
52 52 -0.446323 -0.127789
52 53 -1.65203 -1.19446
52 54 1.35977 1.35687
52 55 0.745666 0.171849
52 56 -1.63652 0.196084
52 57 -1.4629 0.270009
52 58 1.18329 0.507121
52 59 0.80226 1.1428
52 60 -1.19091 0.634956
52 61 -0.146056 -0.26843
52 64 0.325009 0.197073
52 65 -0.0427934 0.105137
52 66 -0.0176221 0.172962
53 33 0.947047 -1.42325
53 34 5.1352 0.383229
53 35 -0.454205 -4.09348
53 36 5.57728 -1.68868
53 37 -2.72177 0.281628
53 38 2.2996 -0.699056
53 39 5.15239 1.46481
53 40 -3.80822 0.174181
53 41 -5.7835 -2.14677
53 42 8.03534 0.580292
53 43 5.50725 -0.761403
53 44 -0.613262 0.516267
53 45 1.61465 0.917046
53 46 0.571438 0.204208
53 47 -0.115146 3.53474
53 48 1.42371 -0.733862
53 49 3.78009 1.88602
53 50 -0.306788 -0.00975123
53 51 3.24197 -0.325108
53 52 -0.300752 -0.897499
53 53 -0.374103 -1.34619
53 54 1.61173 1.33991
53 55 -0.595037 -0.611325
53 56 -0.187356 0.278483
53 57 -0.104806 -0.21144
53 58 0.401657 1.61182
53 59 0.0322062 0.228413
53 60 0.336117 -0.0617418
53 61 -1.35817 1.73288
53 62 0.434149 -0.201291
53 64 0.0349227 0.0224409
53 66 -0.01497 0.12527
54 33 0.908277 -1.48208
54 34 5.09995 -0.508582
54 35 2.21089 2.61694
54 36 3.06354 -1.5563
54 37 0.193922 1.38059
54 38 -0.309962 1.18801
54 39 -0.0181658 -0.759221
54 40 -0.879943 1.97978
54 41 2.71606 0.836999
54 42 7.62664 -2.7037
54 43 3.83885 0.378464
54 44 -1.86108 2.34466
54 45 2.22551 3.81525
54 46 -0.137514 1.99626
54 47 2.94706 4.98888
54 48 3.50194 -0.158683
54 49 1.85488 -0.317276
54 50 -0.891329 2.66078
54 51 -1.29585 1.4911
54 52 1.22373 0.595266
54 53 0.392553 0.447831
54 54 -0.681878 0.375825
54 55 0.0951538 0.0535113
54 57 -0.478498 -0.740952
54 58 0.0545259 0.609633
54 59 1.48538 -0.0275038
54 60 0.834819 -0.00932772
54 61 -0.394025 0.432435
54 62 -0.0980541 0.170706
54 63 0.649119 -0.420176
54 64 -0.141524 -0.0583604
54 65 0.385784 0.19587
54 66 -0.76773 0.872729
55 33 2.72696 -0.613514
55 34 2.38422 -2.21065
55 35 2.59341 -0.618446
55 36 8.07614 -0.49591
55 37 7.94993 -0.777756
55 38 2.39986 1.93259
55 39 -3.70201 2.35781
55 40 7.3506 2.80578
55 41 6.03177 -1.29332
55 42 5.70327 -0.191511
55 43 5.25575 -0.597468
55 44 1.90409 -2.29051
55 45 3.61294 0.179784
55 46 1.77631 -0.235198
55 47 1.09826 -0.0943875
55 48 0.697029 1.20723
55 49 1.97605 -0.563495
55 50 -1.46542 -0.708359
55 51 -0.323182 0.616519
55 52 4.85945 3.01821
55 53 0.911792 -0.50256
55 55 1.8535 -0.0928784
55 56 1.4407 -1.19546
55 57 1.51205 0.508406
55 58 0.961284 0.631966
55 59 -0.55919 0.211319
55 60 -0.158735 0.240475
55 61 1.26306 -0.657494
55 62 -0.62067 2.28399
55 63 0.648116 -0.203446
55 65 -1.82417 -0.339992
56 33 1.73909 0.239035
56 34 1.53209 -1.65732
56 35 5.99382 -2.8779
56 36 -1.43984 1.79173
56 37 1.44428 1.3032
56 38 2.72538 1.97509
56 39 -0.0604356 1.32242
56 40 4.42925 1.35419
56 41 0.311921 -4.48621
56 42 1.24073 -0.0483123
56 43 0.760106 1.08671
56 44 3.14299 0.117692
56 45 -2.07535 -0.918272
56 46 0.409567 -1.21642
56 47 -0.495566 2.7997
56 48 1.07331 -0.985626
56 49 2.1247 1.6717
56 50 -0.916694 -0.0843631
56 51 0.953005 -1.30543
56 52 -0.00975208 0.656639
56 53 1.02246 0.981522
56 54 0.08003 0.0958906
56 55 -0.624988 -0.105985
56 56 -0.496848 -1.60592
56 57 0.906435 1.42965
56 58 -0.746995 -0.790301
56 59 -2.02825 -0.655549
56 60 0.0572138 0.0597237
56 61 -0.0695365 0.118728
56 64 -0.0820737 0.0688765
56 65 0.787707 -0.426755
56 66 -0.396515 0.572911
57 33 1.1706 1.67947
57 34 3.10625 3.48576
57 35 5.349 1.10666
57 36 -2.97533 0.916385
57 37 -1.37022 0.0716611
57 38 4.42436 -1.53506
57 39 1.07826 -0.263449
57 40 -1.04785 1.53375
57 41 3.11416 1.83308
57 42 4.38812 1.28341
57 43 7.53617 0.562384
57 44 1.37413 -0.681384
57 45 2.21661 0.930307
57 46 0.598563 1.09942
57 47 1.61523 1.31641
57 48 -0.0966906 2.14866
57 49 -0.765042 1.4794
57 50 0.936775 -1.35684
57 51 -1.10095 -0.321369
57 52 1.53997 0.290651
57 53 -0.775657 0.375464
57 54 0.631808 0.491759
57 55 -0.0859504 0.0713334
57 56 0.944136 0.604209
57 57 -0.54718 1.06451
57 58 -0.273983 0.334712
57 59 0.0828436 -0.519427
57 60 -0.705024 1.45212
57 64 0.0421224 -0.051774
57 65 1.33483 0.274292
58 33 0.722609 1.78781
58 34 2.57065 -0.647571
58 35 1.87423 -1.83065
58 36 6.44441 2.26182
58 37 -2.88664 0.139155
58 38 0.853807 0.390876
58 39 -0.211828 -2.59675
58 40 4.17345 0.457092
58 41 4.84296 -3.41669
58 42 1.6933 0.786269
58 43 1.93434 -1.02
58 44 3.74698 2.49479
58 45 2.64853 -0.63498
58 46 -0.0610102 0.340852
58 47 0.0671256 3.28309
58 48 -0.399801 2.46099
58 49 1.06404 -1.71337
58 50 -1.61961 -0.297429
58 51 0.229113 -1.01644
58 52 0.394209 0.312482
58 53 1.23819 0.27966
58 54 -0.749332 0.326318
58 55 1.32028 -0.565195
58 56 -2.18247 -0.280518
58 57 0.528551 0.131123
58 58 -0.353848 -0.236194
58 60 -0.433132 0.74806
58 61 0.989918 0.0194451
58 63 0.867855 -0.341777
58 65 -0.844411 0.475534
58 66 0.0210255 -0.00587566
59 33 0.14633 0.594012
59 34 1.80958 -0.991053
59 35 5.69326 -0.199314
59 36 -2.64452 -0.342441
59 37 4.64758 1.57457
59 38 -2.26256 1.21231
59 39 -1.21591 0.637695
59 40 0.661952 0.0435333
59 41 5.55351 0.718776
59 42 1.20942 -2.41823
59 43 1.22935 -3.01027
59 44 0.395926 2.39236
59 45 -0.649108 7.66973
59 46 3.51427 -0.606575
59 47 -2.57678 0.735687
59 48 -1.09868 0.594843
59 49 1.15956 1.29093
59 50 -0.205306 1.32097
59 51 0.118165 -1.44291
59 52 -1.12853 -1.06786
59 53 0.268763 -0.101994
59 54 -1.02495 0.541225
59 55 -0.0181659 0.239547
59 56 0.124127 -0.0268505
59 57 -0.391504 -0.218438
59 58 -0.108326 0.0695254
59 59 -0.0985247 0.139881
59 60 0.103272 -0.151537
59 61 0.487476 -0.0332342
59 62 0.182176 -0.0727047
59 64 -0.141161 -0.0598156
59 66 -0.124816 -0.0999668
60 33 -0.818695 -0.730939
60 34 1.73195 -2.05032
60 35 3.61104 0.343816
60 36 0.489793 0.80797
60 37 4.65757 -0.448251
60 38 -0.595791 0.260418
60 39 1.34832 -0.753595
60 40 3.36298 -1.73921
60 41 7.04827 1.00253
60 42 0.695617 -0.649246
60 43 3.99671 0.181059
60 44 0.879005 -2.47345
60 45 0.607802 0.17619
60 46 2.95641 -0.0556827
60 47 2.72731 -4.03424
60 48 -0.019015 0.204805
60 49 0.336576 -0.105745
60 50 0.640853 0.214066
60 51 -1.51398 -1.04017
60 52 -0.265152 0.0345497
60 53 0.785546 0.762455
60 54 -1.92448 0.409812
60 55 -1.47553 3.77447
60 56 -0.275969 -0.449673
60 57 0.752706 0.302706
60 58 0.787745 -0.459625
60 59 0.35791 -0.390834
60 60 0.253395 -0.0915005
60 61 1.3273 -1.50979
60 62 0.383278 0.0195362
60 63 0.00436294 -0.0724804
60 64 -0.560027 -0.0435238
60 65 0.109016 -0.30074
61 33 1.73791 -0.0432916
61 34 -2.2296 -0.884073
61 35 4.41096 -0.892459
61 36 2.72608 1.41421
61 37 -2.47031 -1.31526
61 38 -5.3374 -1.30743
61 39 1.5893 3.42847
61 40 0.31632 3.80272
61 41 -1.38386 1.80282
61 42 3.34221 2.66827
61 43 1.70549 -0.759268
61 44 -1.25855 0.39498
61 45 2.30161 0.136256
61 46 1.48556 1.50078
61 47 0.937646 0.219952
61 48 -2.32054 2.6381
61 49 0.656103 1.17411
61 50 -0.968905 1.15419
61 51 1.68633 0.206609
61 52 1.70306 0.902811
61 53 0.454974 -0.0412115
61 54 -0.0489897 0.676613
61 55 -0.572125 -0.338878
61 56 1.60569 -0.0884373
61 57 0.485614 0.274493
61 58 0.775401 -0.333843
61 59 0.762971 -0.140685
61 61 2.45964 0.976475
61 62 0.00446996 -0.00161273
61 63 -0.120589 -0.0511717
61 64 -0.78278 1.12724
61 65 -0.924621 0.240442
61 66 0.361483 -0.0450026
62 33 -1.28227 -1.90301
62 34 1.30334 -2.30619
62 35 4.42259 -1.29639
62 36 2.32767 -2.27423
62 37 1.9634 0.648437
62 38 7.26194 1.74301
62 39 2.21887 -0.668007
62 40 1.62872 3.56945
62 41 2.17518 -1.04561
62 42 -0.5152 0.0638329
62 43 3.354 0.369763
62 44 -1.66175 0.185877
62 45 4.12997 0.855393
62 46 1.29451 0.445132
62 47 0.758229 1.66409
62 48 0.19157 1.58864
62 49 0.602119 0.63536
62 50 0.244798 0.401172
62 51 -0.889217 1.20184
62 52 1.20992 -1.14947
62 53 2.06192 0.771049
62 54 -1.21332 -0.0596539
62 55 -0.26712 -0.303222
62 56 0.176008 1.45669
62 57 -0.432577 -0.288638
62 58 0.756223 -0.910728
62 59 0.181363 0.702251
62 60 2.28364 0.185388
62 61 2.76571 -0.74313
62 62 0.0140131 0.0200346
62 63 0.033326 0.00718797
62 64 -0.0909442 -0.0383042
62 65 0.0760141 0.191637
63 33 2.89166 -0.636659
63 34 4.16737 3.3652
63 35 1.60005 -0.424539
63 36 7.50562 3.21449
63 37 1.62194 -0.888853
63 38 4.82023 -0.866543
63 39 -1.8618 0.942114
63 40 5.41851 1.75974
63 41 -0.0522932 0.251521
63 42 0.964849 0.86948
63 43 7.61607 -0.179248
63 44 0.32441 1.62954
63 45 1.00775 0.756871
63 46 3.0349 -0.67924
63 47 -0.731798 2.87927
63 48 0.0763832 2.01438
63 49 -0.270421 1.80946
63 50 -0.00195199 1.72947
63 51 0.88862 -0.114563
63 52 -0.433781 -0.0980935
63 53 -0.342136 -0.427644
63 54 0.889682 -0.696396
63 55 0.312162 -0.236451
63 56 0.642134 0.403226
63 57 -0.347021 0.363192
63 58 1.09734 2.61496
63 59 0.575361 1.07995
63 60 -0.0958793 0.219593
63 61 1.3618 0.23894
63 62 1.45239 0.516379
63 63 0.157202 -0.102195
63 64 0.998655 -0.22498
63 65 0.152765 -0.0343924
63 66 0.305544 0.136997
64 33 4.90314 -2.37058
64 34 0.314465 -0.303925
64 35 2.78371 0.156574
64 36 0.914117 -1.68553
64 37 4.11781 1.16562
64 38 0.653154 -0.131074
64 39 2.38964 0.589153
64 40 3.54796 -2.40405
64 41 3.64777 0.929703
64 42 1.01395 0.184264
64 43 0.871812 0.978238
64 44 2.01581 0.537803
64 45 0.691761 0.625068
64 46 -0.929308 -0.655142
64 47 0.806925 1.59476
64 48 1.56516 0.973682
64 49 -0.552948 0.545256
64 50 0.81081 3.09409
64 51 1.83573 2.61449
64 52 0.652431 2.37289
64 53 0.24002 -0.217525
64 54 0.430741 -0.41612
64 55 1.08574 0.114837
64 56 0.258868 0.248466
64 57 -0.476878 -0.17386
64 58 0.315855 0.531614
64 59 -2.78591 0.291931
64 60 0.146446 0.0716221
64 61 0.125047 0.169186
64 62 -0.709526 0.607893
64 63 -0.0136857 0.526377
64 64 0.612226 -0.0418053
64 65 0.00847919 0.0384076
64 66 0.0726073 -0.0727812
65 33 3.38236 -0.681032
65 34 2.15938 -0.732263
65 35 1.20719 -0.466751
65 36 3.57101 0.0157454
65 37 7.49386 -0.204378
65 38 -0.471863 0.767882
65 39 4.02072 -0.365326
65 40 4.55098 0.754652
65 41 3.26418 -0.355983
65 42 3.35945 1.29042
65 43 4.53075 2.1246
65 44 1.50992 -0.323263
65 45 2.5822 0.13502
65 46 1.06147 0.764768
65 47 0.911093 -0.276394
65 48 1.90924 1.27812
65 49 -0.313376 1.5137
65 50 1.23641 -1.21735
65 51 2.36357 1.63001
65 52 1.52534 0.490942
65 53 0.530618 0.072671
65 54 0.925653 0.529899
65 55 0.546209 0.631544
65 56 -0.311809 0.544414
65 57 -0.611405 0.255003
65 58 -0.157069 -0.600777
65 59 -0.156896 0.0851224
65 60 1.19497 0.0643583
65 61 1.20497 0.433284
65 62 0.297245 -0.815459
65 64 0.238592 0.313499
65 66 1.40247 -0.190818
66 33 1.25387 -0.349242
66 34 1.68572 -1.0966
66 35 4.4653 -1.43221
66 36 6.23074 -1.04168
66 37 4.21297 0.224614
66 38 3.11553 0.905788
66 39 4.4844 -1.18711
66 40 3.50523 -0.435301
66 41 3.72511 1.25062
66 42 6.9926 2.10859
66 43 2.50524 1.37161
66 44 1.96366 0.535965
66 45 4.35339 2.03722
66 46 3.58339 0.850191
66 47 3.53266 1.08808
66 48 0.523581 0.0130618
66 49 2.60529 1.87525
66 50 1.00763 0.498232
66 51 1.93275 1.02016
66 52 1.73103 0.313674
66 53 0.176993 0.356449
66 54 0.507111 1.18376
66 55 0.894915 0.850067
66 56 0.354707 -0.129926
66 57 0.135085 0.418043
66 58 0.96765 1.01034
66 59 0.0052762 0.439851
66 60 -0.115024 0.330821
66 61 0.511657 0.098691
66 62 -0.42385 0.482761
66 64 -0.0427661 0.0057868
66 66 0.38562 -0.0866216
67 33 0.161685 -0.0333988
67 34 0.299261 0.0576437
67 35 0.290382 -0.0205359
67 36 0.518922 0.0729996
67 37 0.231953 -0.0424399
67 38 0.179141 0.0662396
67 39 0.428721 -0.0912034
67 40 0.369949 0.129841
67 41 0.424172 0.151594
67 42 0.442974 -0.00465791
67 43 0.45911 0.1838
67 44 0.34925 0.236572
67 45 0.455146 0.0975512
67 46 0.452638 0.11146
67 47 0.43259 0.25695
67 48 0.0269793 -0.0364192
67 49 0.275688 0.155036
67 50 0.154459 0.0699635
67 51 0.290647 -0.0436065
67 52 0.0229694 0.0616449
67 54 0.0847133 0.0639537
67 55 0.122132 0.236048
67 56 0.0270417 0.0917584
67 57 0.0739534 0.0720034
67 58 0.0839839 0.0774928
67 60 0.0110128 0.00628587
67 61 0.0201244 0.0100857
67 62 0.0763413 0.0508504
67 63 -0.00799319 0.00828527
67 64 -0.012898 0.00548659
67 66 0.0305995 -0.00585157
