0 45 -4.85876e-05 0.000276811
0 58 -0.000292221 0.000167302
1 34 -0.000327449 4.58664e-05
1 35 -2.85037e-05 4.0831e-05
1 39 0.000376625 8.76736e-05
1 43 -2.56569e-05 -9.92387e-06
1 45 -0.000200932 -0.00016654
1 46 6.65268e-05 0.000356163
1 48 0.000175996 -0.000129972
1 50 0.000391837 9.73649e-05
1 55 -0.000139533 2.20184e-05
2 34 -6.00772e-05 0.000253177
2 36 0.000304451 -0.000233934
2 39 -0.00033001 -2.15719e-06
2 41 -0.00033786 0.0001645
2 42 0.00037944 6.92051e-05
2 43 2.77758e-05 2.94606e-06
2 44 -0.000200534 0.000188462
2 45 0.000213072 3.42589e-05
2 46 -1.36965e-05 -0.000219337
2 47 7.22833e-05 1.98695e-05
2 48 -0.000334256 -0.000107603
2 49 0.000401469 -0.000155384
3 35 -2.22449e-05 -3.72503e-06
3 37 0.00012421 -0.000601136
3 38 5.97417e-06 -8.32228e-07
3 39 2.95779e-05 -0.000289033
3 41 -0.000343478 -1.10599e-05
3 42 -3.56519e-06 0.000150813
3 43 0.000283975 0.00027852
3 44 0.00019575 -0.000267176
3 46 0.000104704 -0.000230085
3 47 0.000393711 0.000210566
3 48 -0.000591907 0.000170798
3 50 3.63884e-05 0.000213305
3 57 -0.000277249 3.63794e-05
3 58 -3.41211e-05 3.98813e-05
4 33 5.06977e-05 6.72681e-06
4 35 -0.000283093 0.000398796
4 36 0.000246612 0.000246108
4 38 -2.29117e-05 1.54903e-05
4 39 -0.000366395 0.000223157
4 40 -0.000235256 -0.000193902
4 41 0.00022219 -0.000147393
4 42 -0.000139703 -2.67298e-06
4 43 0.000149948 -6.48775e-05
4 44 0.000272538 0.000323845
4 45 0.000287563 -0.000234527
4 46 5.28744e-05 0.000109997
4 47 0.000679843 -0.000313671
4 50 -0.000233885 -0.000300565
4 51 0.000225558 0.000239787
4 52 -0.000234733 4.9487e-05
4 53 1.19733e-05 5.33193e-05
5 34 0.000628546 2.77293e-05
5 35 -0.000260003 -3.70522e-05
5 36 0.000453885 -5.96441e-05
5 37 -0.000445402 -0.000202457
5 38 -0.000151973 -8.60785e-05
5 39 0.000155333 -0.000232553
5 40 0.000254884 0.000225277
5 41 -3.07078e-05 -0.000181369
5 42 7.59488e-05 0.00010779
5 43 -6.96205e-05 2.2338e-05
5 44 0.000347926 0.000348813
5 47 -0.000154035 -0.000339369
5 48 -0.000166466 -0.000342387
5 49 -0.000345393 -0.000101
5 54 -0.000188867 -4.12706e-06
5 56 9.72917e-05 0.000156392
5 57 9.44456e-05 5.89969e-05
5 58 3.82668e-05 6.5486e-05
6 37 1.30684e-05 8.40582e-05
6 38 0.000347132 -0.000122161
6 39 2.38576e-05 1.80421e-05
6 41 0.00026625 9.05681e-05
6 42 0.000425875 -0.000374537
6 43 -0.000304552 -0.000252799
6 45 -3.6425e-05 -0.000240982
6 46 1.31059e-05 -3.66546e-06
6 47 9.60318e-05 0.000117991
6 48 3.19232e-05 0.000176312
6 49 -0.00018273 -0.000396279
6 50 0.000146736 6.7603e-05
6 51 8.37219e-05 0.000134156
6 53 3.80374e-05 0.000236877
6 58 0.000307201 0.000111283
7 33 9.96644e-06 -8.45783e-06
7 34 2.65947e-05 -0.00014588
7 36 4.0861e-06 -7.46004e-06
7 37 -9.39254e-05 -8.24063e-05
7 38 -9.7427e-05 0.000362344
7 39 -0.000470257 -0.000280458
7 40 6.88073e-05 0.000137562
7 41 -0.000409677 0.000551444
7 42 0.00110277 0.000123749
7 44 -0.0004583 -0.000306662
7 45 0.000176798 4.99834e-05
7 46 0.000395162 0.00048071
7 47 0.000242357 0.000254021
7 48 0.000326457 0.000175384
7 49 -6.65768e-06 1.51672e-05
7 50 -1.74674e-05 5.94531e-05
7 51 0.000383966 -8.86076e-05
7 53 -1.69183e-05 2.20447e-05
7 56 1.32605e-05 7.98625e-06
7 64 2.96855e-05 7.9598e-07
8 33 0.000448022 -0.000111806
8 34 0.000463073 2.56031e-05
8 35 4.12589e-05 0.000321804
8 36 0.000136833 -9.68243e-05
8 37 -0.000215273 -2.02152e-05
8 38 -0.000259876 0.000152194
8 39 -0.000109547 -5.89499e-05
8 40 1.23962e-05 -1.23734e-05
8 41 0.000617506 6.10311e-05
8 42 0.000189342 -6.96906e-05
8 44 8.2686e-05 0.0001698
8 45 0.000400513 0.000203094
8 46 -0.000216101 -4.76064e-05
8 48 0.000601007 6.70252e-05
8 49 -8.00713e-07 0.000122241
8 53 -0.000201168 0.000442093
8 54 -0.000246768 0.000301615
8 63 0.000202993 0.000115041
9 33 -0.000286561 -9.54939e-06
9 34 -0.000480606 4.97047e-05
9 35 6.79766e-05 5.79707e-05
9 37 -4.19885e-05 -0.000221814
9 38 -0.000102875 -0.000283839
9 39 0.000110151 -0.000205207
9 40 0.00058187 0.000384269
9 41 0.000199975 0.000206615
9 42 -6.95192e-05 -1.58001e-06
9 43 5.94139e-05 -4.54191e-05
9 44 0.00070671 0.000169807
9 46 -0.000154626 0.000137639
9 47 0.000207213 0.000123829
9 48 0.000140244 4.34499e-05
9 49 0.000112998 2.27563e-05
9 50 0.000141215 7.07261e-05
9 51 9.92209e-05 0.000194135
9 52 -0.000116726 -2.2288e-05
9 53 0.000377617 0.000682808
9 54 -5.55732e-05 -7.83946e-06
9 58 1.16044e-05 6.38511e-06
10 33 -7.87168e-05 -0.000142134
10 34 8.13324e-06 9.34555e-06
10 35 0.000164483 -0.000278142
10 36 0.000127899 -0.000104023
10 37 -0.000380496 0.000130092
10 38 0.000293539 -0.000515765
10 39 -0.000317515 -0.000118795
10 40 0.000814225 -0.000150453
10 41 0.000587308 0.000376269
10 42 8.31887e-05 -7.05807e-05
10 43 0.000475519 0.000471475
10 44 4.69799e-05 -4.14746e-06
10 45 -0.000217873 -6.80415e-05
10 47 0.000361207 0.000209221
10 48 0.000243494 -9.80525e-05
10 49 0.000128617 0.00017828
10 56 -0.000110006 -5.56545e-05
10 60 2.46382e-05 0.000267529
11 34 8.9096e-05 -0.000136491
11 35 6.10573e-05 3.30575e-06
11 36 0.00050355 -0.000552994
11 38 0.000229556 -0.000454539
11 39 2.84601e-05 -0.000274202
11 40 0.000160633 0.000118177
11 41 0.000409099 0.000178961
11 42 -0.000181901 0.000399564
11 43 0.000236497 -0.000102593
11 44 4.36098e-05 -0.000122221
11 46 0.000155924 0.000233157
11 47 0.00018544 -6.51351e-05
11 50 -1.75081e-05 2.11287e-05
11 54 2.30735e-06 1.5337e-05
11 56 0.000150399 0.000538257
11 64 0.000192651 -0.00033506
11 66 -0.000176628 -8.05538e-05
12 33 0.000422119 0.000238135
12 34 -8.20011e-05 -0.000642821
12 35 0.000478606 8.53566e-05
12 36 4.24292e-05 4.20556e-05
12 37 -2.98221e-05 0.000104893
12 38 -0.000251853 -0.00029117
12 39 9.87902e-05 -0.000569168
12 40 -0.000770148 0.000419618
12 41 0.000688242 3.51739e-05
12 42 -6.95986e-05 4.84981e-05
12 43 0.000301547 1.30839e-05
12 44 -0.000315762 0.000245169
12 45 0.000364273 0.000296522
12 46 0.000337595 2.2339e-05
12 47 -9.97312e-05 -0.000282907
12 48 0.000161904 5.37005e-06
12 49 0.000359869 -9.03291e-05
12 50 0.000370172 -0.000265167
12 53 -5.74021e-05 -9.95463e-06
12 56 -0.00020642 5.49156e-05
12 66 3.75682e-05 0.000124766
13 34 0.000142736 5.17879e-05
13 35 -0.000312038 -0.000592166
13 36 0.000390085 0.000409632
13 37 -0.000503327 -0.00034965
13 38 -0.000150443 -0.000407364
13 39 -0.000481139 0.000602112
13 40 -0.000228373 4.40081e-05
13 41 0.000792452 -4.73231e-05
13 42 8.68394e-05 -0.0001429
13 43 0.0008316 0.00030262
13 44 -5.62991e-05 -0.000288266
13 45 0.000336051 0.000193616
13 46 0.000507893 9.15418e-05
13 47 -6.60437e-05 -0.000699
13 48 0.000686221 0.000254268
13 50 0.000218933 -3.30848e-05
13 52 3.46055e-05 7.70444e-06
13 53 -0.000138741 -4.50972e-05
13 55 5.66354e-05 6.49123e-05
13 58 -0.000116665 -8.82039e-05
13 59 0.000206783 0.00022807
14 33 0.000223487 -6.872e-05
14 36 1.97538e-05 -0.000195943
14 37 0.000143877 -0.00025079
14 38 1.62193e-05 5.36998e-06
14 39 -0.000456149 0.000216786
14 40 -8.01037e-05 -0.000399826
14 41 0.000362667 0.000356016
14 42 1.44631e-05 3.24775e-05
14 43 0.000305903 0.000283795
14 44 -0.000639435 0.000237285
14 45 0.000185538 -8.31202e-05
14 46 -5.28362e-06 -2.84356e-06
14 47 0.000317688 0.000471516
14 48 0.000212884 0.00022866
14 49 -0.000347032 -9.97437e-06
14 50 0.00029381 0.000827859
14 51 -0.000287437 -0.000287573
14 52 0.000280697 2.10611e-05
14 53 9.9036e-05 6.27799e-05
14 55 0.000549952 9.30968e-05
14 56 0.000458671 -0.00019593
14 58 -0.000207745 -0.000381191
14 59 -0.000146443 -7.46442e-05
15 33 -0.000182935 -0.000349204
15 34 0.000347515 -0.000350854
15 35 0.000801691 0.000541536
15 36 0.000400424 -0.000170291
15 37 -1.49286e-05 -1.28752e-06
15 38 0.00037768 -0.000316481
15 39 0.000155083 -0.000398603
15 40 0.000531259 -5.93027e-05
15 41 -1.08487e-05 0.00014232
15 42 -6.16212e-05 -0.000194037
15 43 2.59652e-05 0.000112948
15 44 0.000153694 7.27343e-06
15 45 0.000261068 0.000188761
15 47 0.00016369 0.000258875
15 48 0.000106915 -0.000298355
15 49 0.000184661 0.000291368
15 50 3.07996e-05 4.14235e-05
15 58 -4.40163e-05 2.47893e-06
16 33 0.000783362 -0.000611079
16 36 -0.000501478 0.000205275
16 37 0.000214764 -0.000441158
16 38 3.41454e-06 3.6376e-07
16 39 0.000423535 -0.00015762
16 40 -0.000163434 0.000483236
16 41 0.000503297 -0.000843728
16 42 -0.000486782 -9.14613e-05
16 43 0.000597622 0.00023861
16 44 -8.97385e-05 0.000367489
16 45 0.000492766 -0.000115924
16 46 -0.000555663 -0.000212407
16 47 0.000262237 0.000534422
16 48 -3.45995e-05 4.12548e-05
16 49 -0.000326805 3.48459e-05
16 50 -4.08615e-06 7.41121e-06
16 51 0.000357021 7.77758e-05
16 52 0.000404244 0.000532345
16 53 -7.62795e-05 0.000232165
16 55 0.000216587 -0.000435417
16 56 0.000241578 -0.000355391
16 58 -8.40342e-05 -4.17778e-05
16 59 0.000172371 0.000316605
17 34 4.54043e-05 -1.89598e-05
17 35 0.00021945 0.00027203
17 37 0.00045011 0.000197126
17 38 -0.000166895 0.000184139
17 39 0.000292078 -1.77989e-05
17 40 0.000143725 -2.57748e-05
17 41 0.00019236 -9.84958e-05
17 42 -0.000176978 0.000317264
17 43 0.000623639 -1.23299e-06
17 44 -2.55528e-05 -2.13372e-05
17 45 0.000549828 4.16512e-05
17 46 -0.000238073 -0.000166595
17 47 0.000877468 -0.000126744
17 48 0.000341711 2.99e-05
17 49 3.803e-05 -1.3895e-05
17 50 0.000775819 -0.000227089
17 51 0.000102542 0.000298665
17 52 0.000131536 0.00101631
17 53 5.44357e-05 -4.12855e-06
17 58 -0.000110679 -0.000117481
18 33 6.53493e-05 -0.000489794
18 34 3.42177e-05 0.000143832
18 35 0.000486545 -0.000285109
18 37 0.000325416 5.35453e-06
18 39 -0.000592449 -0.000361531
18 40 -4.10308e-05 -0.00045614
18 41 0.000281877 0.000330715
18 42 0.000306376 0.00010733
18 43 -0.000166938 -0.000305325
18 44 0.000838588 0.000613132
18 45 0.000356077 -0.000149173
18 46 -0.000276998 0.000238238
18 47 0.000588666 0.00021932
18 48 0.000302167 0.00043585
18 49 -4.65723e-05 -0.000210363
18 50 0.000366205 3.66414e-05
18 52 0.00030199 -0.000200495
18 54 0.000153202 3.19327e-05
18 56 1.84075e-05 -7.73972e-06
18 57 -0.000417079 -0.000224959
18 60 -0.000310766 8.49445e-05
18 61 -1.33625e-05 5.27222e-06
18 63 0.000141497 1.03347e-05
18 64 -0.000469 1.2059e-05
18 65 8.60892e-05 0.00027207
19 33 -5.9806e-05 -0.00028312
19 34 8.75722e-07 -1.51105e-06
19 35 -0.000191301 0.000260957
19 36 9.87367e-05 -0.00042158
19 37 0.000189609 0.00026019
19 38 0.000435954 0.00011121
19 39 1.8891e-05 -0.000255032
19 40 0.000955561 -0.000348759
19 41 8.2959e-05 6.26818e-05
19 42 4.57881e-05 0.00033522
19 43 0.000254952 0.000226239
19 44 0.000775611 0.000138004
19 45 0.000396037 -2.85325e-05
19 46 0.000803814 -0.000108414
19 47 0.000204056 0.000260548
19 48 -4.82422e-05 -2.0417e-05
19 49 0.000414578 -6.18562e-05
19 50 0.000328715 0.000315874
19 51 0.000137771 0.000340268
19 52 -5.1075e-05 0.00059232
19 53 -0.000349708 4.61947e-05
19 56 0.000198452 -0.000260747
19 57 -0.000108732 -0.000136463
19 65 0.000397789 -6.70025e-05
20 33 0.000216901 -3.34378e-05
20 34 0.000160704 -3.28165e-05
20 35 -0.000326313 -0.000109079
20 36 -0.000642115 2.40388e-05
20 37 0.000365679 -0.000461112
20 38 -0.000167543 -0.000232202
20 39 6.01128e-05 -0.000431175
20 40 0.000529579 0.000491844
20 41 -0.000172496 2.2121e-05
20 42 0.000788191 0.000287729
20 43 0.000315468 0.000235269
20 44 -0.000292705 -5.12473e-05
20 45 0.000177787 -0.000197357
20 46 0.000265316 6.24096e-05
20 47 -6.49917e-05 0.000178951
20 48 -1.14318e-05 -6.13099e-07
20 49 1.49975e-05 1.32187e-05
20 50 1.21968e-05 0.000474239
20 51 -0.000469653 -0.000144556
20 52 0.000115544 -7.51832e-05
20 53 -0.000412362 9.20579e-05
20 54 -0.000141445 0.000434066
20 55 -0.000134357 7.47317e-05
20 61 -0.0003742 8.88786e-05
21 33 5.72776e-05 -3.34369e-05
21 34 -0.00025163 -0.000733934
21 35 0.000275832 -4.50395e-07
21 36 0.000154133 0.00011579
21 37 8.59703e-05 -0.000263732
21 38 0.00031613 4.98522e-05
21 39 0.000736021 0.000401977
21 40 0.000928528 0.00071214
21 41 0.000448639 0.000125435
21 42 1.46248e-05 -6.53544e-05
21 43 -0.000107844 -0.000295955
21 44 -0.000143501 -0.000370474
21 45 0.000107438 -2.20762e-05
21 46 -7.65496e-05 4.09399e-05
21 47 -0.000277249 0.000306269
21 48 0.000369382 6.20447e-05
21 49 -0.000316502 0.000396279
21 50 -0.000333174 -0.000364737
21 51 -2.70443e-05 3.63447e-05
21 53 0.000158946 0.000263429
21 54 0.000447045 0.000222956
21 62 -0.000321783 -0.000135001
22 33 0.000140992 -5.71306e-05
22 34 6.03432e-05 0.000377566
22 35 0.000113086 -0.000363264
22 36 -0.000336333 0.000218481
22 37 -6.93432e-06 -0.000707316
22 38 0.000720875 -0.000330816
22 39 0.000331615 -0.000140667
22 40 0.000244575 0.000445225
22 41 0.000101828 -3.24727e-06
22 42 0.000414772 -4.92955e-05
22 43 0.000188756 -9.13743e-05
22 45 -0.000283617 7.39667e-05
22 46 0.000473749 -0.000176342
22 47 -0.000245762 -0.000242088
22 48 0.000117691 0.000475139
22 49 -0.00028091 0.000133398
22 50 0.000131169 0.000113967
22 51 8.56713e-05 9.17528e-05
22 52 -6.65613e-05 0.000145099
22 55 4.90281e-05 0.000880498
22 57 -4.06896e-05 0.000102883
22 59 0.000383586 0.00019622
22 60 0.000120115 0.00015399
23 33 -4.83646e-05 6.40766e-05
23 34 -0.0005854 -0.00028236
23 35 0.000211334 0.000138085
23 37 0.000254603 2.93804e-05
23 38 0.000443037 0.000198892
23 39 -2.23914e-05 0.000180678
23 40 0.000534213 -0.000340582
23 41 0.000900824 -0.000256547
23 42 0.000257791 -0.000233402
23 43 0.000373267 -7.51696e-05
23 44 -5.49687e-05 4.10239e-05
23 45 0.000207503 0.000206969
23 46 -0.00044591 -0.000148413
23 47 0.000439457 -0.000200115
23 48 0.000415873 0.00012571
23 49 0.000195266 0.00035331
23 50 -0.000276581 0.000226266
23 51 -0.00014527 -0.00024307
23 52 0.000200965 0.000246271
23 57 -0.000319148 4.74501e-05
24 33 0.000621601 -8.86177e-05
24 34 0.00118609 -7.89443e-05
24 36 0.000786519 0.000567455
24 37 0.000386643 0.000816516
24 39 -0.000150045 -0.000217604
24 40 0.00026213 0.000323855
24 41 0.000193222 0.000603031
24 42 -2.33294e-05 -0.000407642
24 43 0.00038471 0.000358131
24 44 3.65756e-05 -1.12357e-05
24 45 0.000539676 0.000163585
24 46 -4.5062e-05 -0.000138173
24 47 -0.000157785 -6.67673e-05
24 48 0.000225521 0.000172901
24 49 -0.000106099 -3.19826e-05
24 50 5.47123e-06 8.021e-06
24 51 0.000217831 -2.25806e-05
24 52 -6.24122e-05 0.000294631
24 53 0.000203524 0.000130005
24 54 3.62516e-05 0.00061954
24 58 -0.000161053 -0.000256895
24 59 -7.98454e-05 0.000240446
24 61 -0.000245772 -6.37028e-05
25 33 0.000108241 -8.15358e-05
25 34 0.0012237 2.67895e-06
25 36 0.000406301 4.66195e-05
25 37 0.000980682 -0.000195863
25 38 -9.47388e-05 -1.69692e-05
25 39 0.000852107 -0.000223817
25 40 0.000462857 2.33514e-05
25 41 0.000341049 -0.00021686
25 42 -0.000263967 0.000198224
25 43 -2.6257e-05 -6.28569e-05
25 44 0.000453081 0.000215521
25 45 0.000398504 0.000219302
25 46 -0.000670268 0.000312143
25 47 -0.000411139 0.000331484
25 48 -0.000102605 -0.00012009
25 49 -0.000126307 2.18137e-05
25 52 0.000143434 0.000258336
25 55 8.36701e-05 3.1778e-05
25 56 0.000476365 5.29136e-05
25 57 0.000713892 -0.000168486
25 58 0.000196452 2.704e-05
25 60 0.0002566 -0.000139466
26 35 0.000646944 -0.00010555
26 36 3.08828e-06 -0.000261577
26 37 -0.000524275 0.000133873
26 38 -0.000230385 0.000245009
26 39 0.000173759 5.60818e-05
26 40 0.00017553 0.00040424
26 41 0.000287528 -3.17926e-05
26 42 0.000804053 0.000472203
26 43 0.00128459 -0.000173855
26 44 0.00116142 0.00029468
26 45 -4.49693e-05 -0.000392018
26 46 0.000477486 -4.43199e-05
26 47 -0.000249475 4.53813e-05
26 48 0.00042628 0.000335203
26 50 0.000494918 -0.000191942
26 51 0.000415999 0.000459407
26 52 -0.00034944 0.00035343
26 53 -4.48083e-05 3.64564e-05
26 54 -1.08545e-05 2.16296e-05
26 60 1.9589e-05 5.57294e-05
27 34 0.00020972 3.94876e-05
27 35 -0.000396884 -0.000594514
27 37 0.000165757 -0.000143092
27 38 -2.72133e-05 -8.17523e-05
27 39 0.000211266 -3.60332e-05
27 40 -1.46833e-05 -0.000338268
27 41 7.41526e-05 -0.000591749
27 42 -0.000112847 -6.43288e-05
27 43 0.000819568 0.000240412
27 44 0.00050853 -0.000184263
27 46 0.000636674 -0.000125808
27 47 -0.000143162 -5.18898e-05
27 48 7.67802e-05 0.000561784
27 49 0.000182155 -0.000267996
27 50 0.000292096 8.51236e-05
27 51 4.5659e-05 1.6126e-05
27 52 7.62708e-05 0.000538295
27 53 9.96444e-06 8.34352e-06
27 55 0.000237155 0.000134962
27 56 0.000441055 -0.000133738
27 58 1.10936e-06 -1.37831e-06
27 60 -0.000177923 0.000455797
27 61 0.000223407 -0.000221188
28 36 0.00115492 5.14836e-05
28 37 -0.00024219 -7.29374e-05
28 38 0.000244818 0.000109856
28 39 -4.65428e-05 0.000601969
28 40 0.000252405 0.000219977
28 41 0.00132784 6.67153e-05
28 42 9.02125e-05 -6.46332e-05
28 43 0.000694334 -0.00026713
28 44 -2.57126e-06 -2.39303e-06
28 45 7.17285e-05 -0.000172454
28 46 0.000488808 -3.73249e-05
28 47 0.000577996 8.68639e-05
28 48 -0.000433045 -1.66461e-05
28 49 -0.000480515 5.39164e-05
28 50 -0.000128953 0.00012771
28 51 0.000277257 0.000123176
28 52 -0.00028322 0.000208525
28 54 0.000121504 4.06866e-05
28 55 1.60257e-05 0.000528331
28 58 0.000179346 0.000275609
28 63 0.000336793 0.000312968
28 64 -1.56212e-06 4.08971e-07
29 33 -0.000363892 -8.64578e-05
29 34 0.000327962 -0.000214786
29 35 -1.90003e-05 0.000273471
29 36 0.00013366 -0.00032693
29 37 -3.43108e-05 -0.00031196
29 38 0.000243238 -5.55425e-05
29 39 -0.000202997 -5.44796e-05
29 40 0.000287396 -0.000228199
29 41 -0.000242083 0.000203544
29 42 -0.000968179 -0.000492253
29 43 0.000940897 0.00049011
29 44 -0.000147004 0.000499524
29 45 -3.42731e-05 -0.000449959
29 46 0.000166052 -3.94761e-05
29 47 -0.000663257 -5.9698e-06
29 48 -0.000168456 0.000258029
29 49 -0.000494229 -0.000423025
29 50 0.000393104 -5.75108e-05
29 51 0.000349948 0.000216727
29 52 -0.000274007 0.000397834
29 54 0.0001733 0.000491645
29 60 0.000401339 -0.000169011
29 62 -0.000315973 1.32718e-05
30 33 -8.67682e-05 4.54837e-05
30 34 -0.000500513 -0.000239695
30 35 0.000631234 -0.000313267
30 36 -0.000126007 2.82845e-05
30 37 -0.000210629 -0.000779858
30 38 -0.000288356 -0.000359743
30 39 0.000265555 -0.000301569
30 40 -0.000281185 6.23378e-05
30 41 0.000459209 6.94361e-05
30 42 0.000250195 -4.84061e-05
30 43 -0.00026412 -0.000112501
30 44 0.000280496 -7.4941e-05
30 45 5.62091e-05 -1.38469e-05
30 46 0.000256521 -3.23951e-05
30 47 0.00051014 0.000410025
30 48 -0.000245072 0.000206261
30 50 0.000116133 0.00041045
30 52 -0.000105002 0.000468954
30 53 0.000144697 0.000283816
30 54 0.000135254 6.24616e-05
30 58 -0.000336624 4.23678e-05
30 61 0.000128654 -0.000103029
30 62 0.000173826 -5.915e-05
31 34 0.000308922 -0.000205558
31 35 -2.99778e-05 2.25347e-05
31 36 0.000310232 8.88834e-05
31 37 0.00043181 -0.000110769
31 38 0.000449971 -0.000544511
31 39 0.000643519 -7.7182e-06
31 40 -3.11313e-05 0.000125475
31 41 5.44086e-05 0.000426133
31 42 -0.000145504 -0.000150284
31 43 -0.000350919 7.8184e-05
31 44 0.00024151 0.00057509
31 45 -0.000483076 -0.000230979
31 46 -0.000254054 -0.000255421
31 47 0.000288112 -0.000126778
31 49 1.39539e-05 -1.51858e-06
31 50 0.000196221 0.000227622
31 51 0.000317715 -0.000179879
31 52 -0.000110501 7.53985e-05
31 53 -2.37565e-05 0.000325486
31 59 0.000541254 0.000394669
31 60 -0.00028059 -0.000120368
32 33 8.25896e-05 -0.000401964
32 36 0.000245369 -2.14731e-06
32 37 0.000167652 -4.10401e-05
32 38 6.90058e-06 -0.000197403
32 40 0.000541939 0.000451088
32 41 -7.16037e-05 5.41831e-05
32 42 0.00027995 0.000168882
32 43 0.000713822 0.000427652
32 45 0.00047525 0.00053208
32 46 0.000715059 -0.000175612
32 47 0.000242651 0.000208285
32 48 -0.000338711 0.000107916
32 50 -0.000282047 6.674e-05
32 51 -0.000210758 0.000402318
32 52 -0.000316022 0.000338325
32 53 8.26793e-06 -1.66761e-06
32 54 -0.000448158 0.000439749
32 55 0.00025973 0.000244707
32 56 -0.000536568 -0.000653956
32 57 6.46177e-06 1.98044e-05
32 59 -0.00021579 0.000361702
32 64 8.01489e-05 -2.15107e-05
32 66 0.000391525 0.000157742
33 33 -0.000309156 -0.000218165
33 34 2.41871e-05 -1.55904e-05
33 36 0.000743306 -6.69582e-05
33 37 0.000247521 -0.000367819
33 38 1.5933e-05 1.99574e-05
33 39 0.000481936 -0.000815483
33 40 0.000707133 0.000217848
33 41 -0.000710132 0.000648818
33 42 -6.89405e-05 -0.000544014
33 43 0.000238594 -2.34727e-05
33 45 -6.98861e-05 2.04802e-05
33 46 -7.83607e-05 -0.000272322
33 47 -0.000101056 5.75718e-06
33 48 1.16169e-05 0.000103015
33 49 -7.64177e-05 2.72934e-06
33 50 6.48233e-06 6.68412e-05
33 51 -0.000277298 0.000108943
33 52 -6.09349e-05 0.00029949
33 53 -0.000273837 0.000132063
33 54 -0.000168348 0.000441128
33 59 -0.000213392 0.000154995
33 60 0.000449027 -4.83371e-05
33 61 5.55481e-05 0.00010642
33 66 0.000288613 1.00861e-05
34 33 -0.00027365 -0.000121527
34 35 3.3254e-06 5.37972e-05
34 36 0.000769008 -4.62491e-05
34 37 -5.39811e-05 3.5165e-05
34 38 -2.68469e-05 -0.000284675
34 39 0.000263497 -0.000309568
34 40 -1.87845e-05 -3.61389e-05
34 41 -0.000197606 -0.000204455
34 42 0.000400365 0.000124205
34 43 -0.000218567 0.000283158
34 44 0.000343697 0.000121793
34 45 -0.000233947 0.000457154
34 46 4.13013e-05 0.000140297
34 47 0.000113555 -0.000267775
34 48 0.00041089 -0.000306861
34 49 0.000337667 0.000796834
34 50 -0.000104835 0.000269908
34 51 0.000737143 -0.000350837
34 52 8.37404e-05 2.40972e-05
34 53 0.000553997 0.000171734
34 55 6.29669e-05 -6.04599e-05
34 56 2.95958e-05 -0.000254298
34 57 -0.000273367 -0.000125858
34 58 -0.000440235 0.000241469
34 60 -3.12871e-05 -3.07024e-05
34 62 0.000478534 2.06345e-05
34 64 5.58812e-06 -4.61946e-06
35 34 0.000116368 5.84881e-05
35 35 -0.000311049 0.000153463
35 36 2.43044e-05 0.000199895
35 37 0.000496775 -0.000250643
35 38 0.000737487 -0.00039511
35 39 0.000738524 0.000184709
35 40 -1.98221e-05 -6.00809e-05
35 41 -8.69741e-05 -0.000423285
35 42 -5.20569e-05 -8.34112e-05
35 43 0.000265469 9.43985e-05
35 44 0.000351707 -0.000253774
35 45 0.000416332 0.000392999
35 46 0.000120278 -0.000173015
35 47 0.000156805 -0.000395383
35 48 2.5997e-05 -0.00086135
35 49 -0.000238237 -0.000206599
35 50 0.000462342 -0.000241927
35 51 -2.71536e-05 -0.000105892
35 52 0.000723592 -0.000209874
35 53 0.000408787 0.000606799
35 54 -0.000208242 0.000130782
35 55 0.000464141 0.000150068
35 57 0.000178517 -0.000334114
35 60 0.000417166 -9.82978e-05
35 63 -0.000108889 -2.19254e-05
36 33 6.7272e-05 -0.000221314
36 34 0.000182405 0.000292094
36 35 9.07315e-05 7.44371e-05
36 36 0.000760875 -9.95898e-05
36 37 0.000123526 -0.000167751
36 38 -0.000357111 3.19853e-05
36 39 -0.000137338 5.89398e-05
36 41 3.50728e-05 0.000346747
36 42 -0.000436327 -7.67066e-06
36 43 0.000788227 0.000381322
36 44 0.000807932 -9.87525e-05
36 45 -0.000163377 0.000258171
36 46 -0.000320501 0.000164179
36 47 0.000425289 0.000202434
36 48 -0.000234758 0.00030898
36 49 0.000513979 0.000464453
36 50 0.000103445 0.000419188
36 51 0.000560385 0.000446992
36 53 -4.89275e-05 0.000155929
36 54 0.000630004 -0.000332369
36 55 0.000459257 3.7326e-05
36 56 -3.43964e-05 4.11795e-05
36 57 1.63147e-05 1.28867e-05
36 58 -0.00030018 8.47267e-05
36 59 0.000112716 -0.000449394
36 65 -0.000152671 0.000363928
37 33 -0.000115367 0.000113349
37 34 0.000250196 -0.000281868
37 35 5.62017e-05 1.1433e-05
37 36 0.000370195 -0.00016915
37 37 2.54399e-05 2.24131e-05
37 38 -0.000400834 0.000103471
37 39 0.000638315 -0.000272145
37 41 -4.73873e-05 -8.49763e-05
37 42 0.000145375 -1.21732e-05
37 43 -0.00018452 -0.000296195
37 44 -0.000231882 0.000583574
37 45 0.000528154 -0.00034373
37 46 0.000398619 0.000209021
37 47 0.000150637 -9.93498e-05
37 48 0.000787782 0.000175978
37 49 0.000226742 -3.69787e-05
37 51 -0.000626867 0.000114405
37 52 -0.000565451 -8.24096e-07
37 55 0.000252723 -0.000215822
37 56 -0.000281946 0.000429557
37 59 6.97106e-05 -8.11169e-05
37 61 4.22211e-05 2.20802e-05
37 64 0.000150305 0.000204249
37 66 -0.00036258 -2.124e-05
38 34 0.000294938 -0.000243649
38 35 0.000236612 -0.00020038
38 36 0.000355934 0.000133686
38 37 -0.000252268 0.000185396
38 38 0.000520822 -0.000145448
38 39 0.000344679 0.000149861
38 40 0.000435878 -6.49456e-05
38 41 0.000105812 0.000109668
38 42 -0.000395111 -0.000210101
38 43 -0.000150731 -0.000539571
38 44 -0.000214759 -0.000157108
38 45 0.00026193 0.000179062
38 46 -0.000923758 0.000248575
38 47 -3.39921e-05 -0.000178385
38 48 0.00022411 -0.000235521
38 49 -0.000518613 -0.000106108
38 50 0.000859546 0.000241184
38 51 8.84084e-05 6.24646e-05
38 52 -0.000206122 -0.000174114
38 53 -0.000354684 -8.23018e-06
38 55 0.000146158 -5.35081e-05
38 56 -0.000308975 -0.000225395
38 58 -0.000160666 0.000629747
38 59 -0.00020932 -6.32918e-05
38 60 -0.000296885 5.47472e-05
38 61 -1.94116e-06 1.58914e-06
38 63 0.000257598 -1.52257e-05
39 34 -6.13419e-05 0.000218758
39 35 0.00014449 -0.000146942
39 36 0.000115515 -2.56361e-05
39 37 6.37199e-05 3.76041e-05
39 38 0.00033102 -0.000232458
39 39 9.47163e-06 3.27988e-05
39 40 0.000368923 -0.000165899
39 41 -7.33964e-07 4.66515e-05
39 42 -0.000112732 -7.72365e-05
39 43 0.000112517 -0.000279123
39 44 0.000466066 1.40298e-05
39 45 0.000734582 -3.54249e-05
39 46 0.000494648 8.51646e-05
39 47 -7.63887e-05 0.000237723
39 48 -0.000217118 0.000434907
39 49 -0.000196092 0.000735456
39 50 0.00049697 0.000378384
39 51 -0.000296654 5.41496e-05
39 52 5.65846e-05 9.33209e-06
39 56 -0.000176929 5.16657e-05
39 61 -0.000397761 0.000106285
39 63 -0.000284543 -6.82854e-06
39 64 0.000113652 4.03715e-05
40 34 3.67094e-05 4.37632e-05
40 35 0.000351141 -3.77043e-05
40 36 0.000217307 5.23478e-06
40 37 0.000337816 0.00013804
40 38 0.000420552 -0.000225525
40 39 2.18532e-05 0.000121182
40 40 0.000583073 0.000327309
40 41 0.000192991 6.6473e-05
40 42 6.16664e-05 -8.68452e-06
40 43 0.000333973 -1.87742e-05
40 44 -0.00050703 -0.000354662
40 45 0.000157255 -0.000133128
40 46 0.000625802 0.000188482
40 47 0.000418914 4.24696e-05
40 48 -0.000529439 -0.000182065
40 49 2.28612e-05 0.000378905
40 50 -0.000282987 2.60408e-05
40 51 0.00115082 9.77174e-06
40 52 -0.000153815 8.18812e-05
40 53 0.000303695 0.000793864
40 54 -0.000105364 -7.52792e-05
40 56 0.000220933 2.36832e-05
40 58 1.47894e-05 9.73152e-05
40 59 -3.4428e-05 0.000113212
40 60 0.000282846 6.57966e-05
40 64 0.000401153 -0.000106874
41 35 -0.000246342 -0.000112706
41 36 0.000355247 -8.42081e-05
41 37 -0.00035351 -0.000355802
41 38 0.000139648 3.07683e-05
41 39 0.000295833 -3.65028e-05
41 40 -0.000234652 0.000108061
41 42 0.000230515 0.000150703
41 43 0.000381116 -0.000353729
41 44 8.23259e-05 -3.01905e-05
41 45 0.000596494 0.000116973
41 46 0.000241048 0.000623038
41 47 0.000187007 0.000119133
41 48 -5.81789e-05 -3.84565e-05
41 49 -8.61358e-05 0.000210868
41 51 0.000232646 -1.87643e-05
41 52 1.33514e-05 0.000251551
41 53 -0.000577363 0.000336691
41 54 0.000470561 0.000498464
41 55 0.000510985 0.000114953
41 56 -0.000308885 0.000234304
41 57 -3.88957e-05 0.000103616
41 58 0.000191003 0.000358482
41 59 0.000610769 0.000415882
41 62 9.77232e-05 0.000174632
41 63 -5.83223e-05 7.1363e-05
41 65 0.000107912 -0.000185969
42 33 -0.000143061 -0.000309838
42 34 -0.00013819 -5.39202e-05
42 36 0.000926032 0.00031984
42 37 0.000101045 -9.93526e-05
42 38 0.000283909 -8.00004e-06
42 39 0.000237788 -7.25202e-05
42 40 0.000230418 -0.000264637
42 41 0.000131161 0.000438217
42 42 0.000731874 0.000135118
42 43 0.000547865 -5.50705e-05
42 44 0.000421909 0.000434783
42 45 -1.02531e-05 5.89583e-05
42 46 0.00132173 0.00057155
42 47 0.00037287 -0.0003679
42 48 0.00029506 0.00011341
42 49 -0.000132347 0.000176157
42 50 4.16112e-05 2.07944e-05
42 51 0.000722529 -0.000229506
42 52 5.77292e-05 -8.99388e-05
42 53 -0.000556393 0.000422431
42 54 -0.000235149 0.000350446
42 55 -0.000328121 8.90903e-05
42 56 -0.000451412 6.90208e-05
42 57 -0.000361611 6.36892e-05
42 60 -0.000125293 -0.000388873
42 62 -0.000118778 0.000442588
42 63 7.77206e-05 6.87557e-05
43 33 -0.000181724 0.000443452
43 34 0.000137859 -0.000254337
43 35 0.000279595 -9.46643e-05
43 36 -6.74471e-05 0.000137634
43 37 -0.000141813 0.000278636
43 38 -5.15307e-05 0.000132306
43 39 -0.000311686 -6.76958e-05
43 40 0.000296755 -0.000486168
43 41 -0.000290113 -0.0001021
43 43 0.00062154 -0.00012048
43 44 0.00016705 3.52118e-05
43 45 0.000973702 -0.000372281
43 46 -1.07311e-07 -7.33961e-05
43 47 0.000489234 2.42416e-05
43 48 7.06701e-05 6.70521e-05
43 49 0.000398138 0.000506354
43 50 0.000212175 -0.000183461
43 51 0.000290081 0.000134968
43 53 0.000197855 -0.000143424
43 54 0.000379177 0.000103394
43 55 -5.13764e-05 0.000107497
43 57 -0.000325668 -0.00028826
43 58 0.000183062 0.00019103
43 59 -0.000246011 -0.000174093
43 60 -9.8656e-05 5.21804e-05
43 61 2.75121e-06 1.9516e-07
44 34 7.40821e-05 -2.9357e-05
44 35 1.67415e-05 -0.000299227
44 36 -0.000401206 -6.00822e-05
44 37 0.000196249 -0.000657246
44 38 6.78479e-05 -4.48278e-05
44 39 -0.000367645 4.52723e-05
44 40 0.000185574 8.77405e-05
44 41 -5.63936e-05 0.000153139
44 42 -0.000115686 0.000286174
44 43 -0.000239218 8.37508e-05
44 44 -0.000142061 0.00021425
44 45 -2.15334e-05 -3.70999e-06
44 46 -0.000199354 4.72093e-06
44 47 4.73061e-05 -0.000395213
44 48 -0.000409349 4.72217e-05
44 49 0.000265187 -0.000115068
44 50 1.30538e-05 -1.69405e-06
44 51 0.000209235 -0.000122299
44 52 -0.000280857 -3.31943e-06
44 53 6.528e-05 -6.55909e-05
44 55 0.000301986 -0.000229899
44 56 -0.000165513 -0.000197137
44 57 -0.000112191 -2.6917e-05
44 58 0.000199865 3.22246e-05
44 59 -0.000397782 4.19623e-05
44 61 0.000390026 6.73988e-05
44 63 -0.000252777 7.7537e-05
44 64 0.000321304 8.89088e-05
44 65 -0.000471262 1.99943e-05
45 35 0.000260299 0.00011857
45 36 -8.32814e-05 -0.000109291
45 38 0.000422304 -0.000665103
45 39 5.5033e-05 2.71806e-06
45 40 0.000281452 -0.000194096
45 41 -0.000481882 -0.000143598
45 43 8.73369e-05 1.29223e-05
45 44 0.000484073 -0.000219301
45 45 -3.65181e-05 -7.1034e-05
45 46 -0.0001959 -0.000248544
45 47 0.000231562 0.000113909
45 48 -0.00011433 9.34989e-05
45 49 0.0003676 -2.0553e-05
45 50 -3.25685e-06 2.03318e-06
45 52 0.000453831 -0.000245698
45 53 7.52616e-05 -0.000527293
45 54 0.000446647 5.84796e-07
45 55 -2.87538e-05 -0.00010975
45 58 0.000383597 -7.21614e-05
45 63 5.37442e-05 1.40311e-05
45 65 0.000133668 0.000224513
46 33 0.000100275 -0.000302018
46 34 0.000403425 -3.36109e-05
46 35 -0.000167212 -9.89327e-05
46 36 -0.000376559 -9.64817e-05
46 37 0.000565841 -0.000224363
46 38 -0.000279549 -0.000812688
46 39 0.00028441 -0.000166312
46 40 -0.000183302 0.000129052
46 41 0.000217998 -0.000205247
46 42 0.000533346 0.000529646
46 43 0.000306953 0.000251338
46 44 0.000489441 -0.000228305
46 45 0.00100473 -0.000626133
46 46 0.000396099 0.00016309
46 47 0.000195217 6.42788e-05
46 48 0.000530218 -8.97359e-05
46 49 -0.000528273 -2.39751e-05
46 50 0.000199262 0.000127871
46 51 -0.000173371 -0.000799428
46 52 0.0012133 0.000409394
46 53 1.46803e-05 -4.69454e-05
46 54 -0.000171252 3.2546e-06
46 55 8.77064e-05 4.33575e-05
46 56 0.000236009 -0.000110347
46 57 8.51367e-05 3.31913e-05
46 58 8.66715e-05 8.70256e-05
46 59 0.000363077 0.000148621
46 63 4.0252e-05 0.000223972
46 65 -0.000334364 -0.000319031
46 66 -9.26991e-05 0.00019571
47 33 -0.000101247 3.59186e-05
47 35 0.00016355 -0.000750279
47 36 -0.000137486 -0.000107888
47 37 4.70947e-05 -0.000209591
47 38 6.29087e-05 0.000166314
47 39 0.000140181 0.000215678
47 41 0.000221235 -0.000106892
47 42 0.000494724 -0.000184536
47 43 0.000674858 0.000292832
47 44 0.000164619 -0.000379521
47 45 -4.172e-05 6.51874e-05
47 46 0.000230866 -0.000389072
47 47 -0.000214908 4.81989e-05
47 48 4.31448e-05 6.22861e-05
47 50 -0.000172129 -0.000160867
47 52 -0.000368224 0.000189987
47 53 0.000336591 -0.000330117
47 54 0.00053364 -0.000246217
47 55 0.000169152 0.00027156
47 58 -0.000287278 4.74398e-05
47 60 0.000333428 4.32935e-05
47 63 -0.00030879 -5.19104e-05
48 34 1.75287e-05 -2.0819e-06
48 35 4.95142e-05 6.68565e-05
48 36 -0.000419213 7.96256e-05
48 37 -0.000609964 2.65997e-05
48 38 -1.75288e-05 -0.000188379
48 39 1.6076e-05 1.30528e-05
48 40 0.000931208 0.000252869
48 41 -0.000112685 -2.38433e-05
48 42 0.000384734 -0.000422954
48 43 0.00101281 -7.72965e-05
48 44 6.25678e-07 -0.000157455
48 45 -0.000319548 0.000735299
48 46 0.000123582 0.000347043
48 47 0.0004546 -0.000370291
48 48 -0.000335076 1.0925e-05
48 49 -0.000337466 -0.000147591
48 50 -0.000469783 -9.70803e-05
48 53 0.00013793 0.000194111
48 55 2.38066e-05 1.61393e-05
48 57 -8.18853e-05 -2.46946e-05
48 58 0.000247222 0.000131586
48 59 -0.000107409 9.40094e-06
48 60 0.00039158 -0.000256765
48 65 2.65766e-07 2.69847e-06
49 34 0.000229625 -0.000341537
49 35 -0.0001283 -9.45817e-05
49 36 0.00010923 1.95772e-05
49 37 4.99147e-05 -0.000255263
49 38 2.38608e-05 0.000423632
49 39 -0.000220869 -4.50226e-05
49 40 -0.000517967 2.7467e-05
49 42 0.000156745 -2.23938e-05
49 43 0.000718046 -0.000676989
49 44 -1.33605e-05 0.000355738
49 45 2.60176e-05 8.32799e-05
49 46 -0.000464138 -0.000166407
49 49 0.000391107 3.10846e-05
49 50 0.000272665 -0.00033074
49 51 2.90697e-05 0.000130556
49 54 2.35749e-05 -2.69381e-05
49 55 -0.000446278 -6.58768e-05
49 59 -0.000108647 9.31504e-06
49 60 3.95476e-05 0.000149716
49 63 0.000152389 -9.42859e-05
49 64 -0.000145598 6.5021e-05
49 65 -0.000152532 0.000268678
49 66 -0.000145669 7.81031e-05
50 33 0.000234812 -0.00014051
50 34 0.0002234 0.000114191
50 35 0.000655734 -0.000425335
50 37 0.000157037 0.000348734
50 38 -0.000278679 4.7236e-05
50 39 0.000264906 -0.00018097
50 40 0.00041333 0.000591281
50 41 0.00114468 -0.000182493
50 44 0.000290202 0.000330093
50 45 0.000243988 -0.000274982
50 46 0.000178999 -0.00024894
50 47 -7.40304e-05 0.000555999
50 48 -0.000700048 -0.000275953
50 49 -0.000228613 7.93995e-05
50 50 -3.5513e-05 0.00035352
50 51 -0.000196627 -0.000116686
50 52 -0.000317698 7.81168e-05
50 53 -0.000410253 -3.34809e-05
50 55 0.000360375 8.12874e-07
50 56 -0.000194357 -0.000249552
50 58 6.67326e-05 -6.57632e-06
50 59 0.000224248 7.34996e-05
50 60 -0.000192218 -0.000217996
50 63 -2.51201e-05 -2.05829e-05
50 66 -0.00014803 0.000345977
51 33 0.000127867 3.85638e-05
51 34 0.000175194 -0.000179442
51 35 0.000253092 4.94997e-05
51 36 -0.000414401 -0.000244249
51 37 0.000195142 -1.52232e-05
51 38 0.000383418 0.000196412
51 39 0.000205543 -0.000332908
51 40 -0.000351095 -0.00017445
51 41 -8.46053e-05 0.00029156
51 42 -0.000392376 9.86506e-05
51 43 0.00099103 7.06011e-05
51 44 9.46647e-05 1.4701e-05
51 45 0.000479603 -0.000396755
51 46 -0.000153571 -0.000250205
51 47 0.000242136 0.000403422
51 48 -8.7807e-05 0.000409926
51 49 0.000804496 0.000590772
51 50 6.63863e-05 0.000193652
51 51 0.000356616 0.000286775
51 52 0.000314979 -0.000188714
51 53 -0.000217002 -6.64724e-05
51 54 0.000164673 0.000158303
51 55 -0.000434329 0.000238775
51 56 0.000122687 0.000320619
51 58 0.000283881 4.85912e-05
51 59 3.62306e-05 1.0209e-05
51 61 -4.17176e-05 2.80568e-05
51 64 0.000261055 0.000329095
51 65 0.00024539 0.000313872
52 34 0.000265522 0.000135059
52 36 0.000166365 0.000240367
52 37 0.000164302 -0.000147101
52 38 -0.000122174 0.000242737
52 39 0.000328587 1.51679e-06
52 40 1.74037e-05 -0.000161523
52 41 0.000102791 -0.000806592
52 42 0.000800125 -0.000100289
52 43 -0.000831364 -0.000282678
52 44 0.00012293 8.13393e-05
52 45 0.000548159 -6.23132e-06
52 46 -7.07958e-05 4.86084e-05
52 47 0.0001036 -0.000131031
52 48 -8.00685e-06 0.000472234
52 49 -0.000592381 0.000394615
52 50 -9.12707e-05 0.000200823
52 51 0.000397305 -2.02467e-05
52 52 2.54558e-05 4.37669e-05
52 53 0.000414775 -5.21839e-05
52 54 0.000785797 0.000610882
52 55 -0.000203628 -1.2497e-05
52 56 0.000326005 0.000371529
52 57 0.000133347 0.000309276
52 58 0.000147843 0.000141735
52 59 -0.000347369 -0.000182686
52 64 -0.00010794 -0.000215796
53 33 8.64675e-06 -2.33543e-05
53 35 0.000164162 0.000224223
53 36 6.03004e-06 7.77662e-05
53 37 -0.000679257 -0.000255983
53 38 0.000455003 0.000328652
53 39 -0.000368812 0.000169222
53 40 0.000160014 -0.000995572
53 41 2.57814e-05 6.20128e-05
53 42 -0.000224642 -1.01076e-06
53 43 0.000400233 -9.41384e-05
53 44 -0.000273652 0.000154403
53 45 -0.000452396 0.000775904
53 46 0.00015456 3.26172e-05
53 47 0.00015915 0.000453599
53 48 0.000448796 -8.12396e-05
53 49 0.000177412 0.000193723
53 50 -0.000220971 -0.000139144
53 51 -0.000237663 0.00011597
53 52 -0.000183119 -0.000311984
53 53 -0.000265121 0.000244271
53 54 -0.000461924 0.000130462
53 56 -0.000539167 0.000327084
53 57 7.4179e-06 0.000328199
53 59 -0.000205213 4.21269e-05
53 60 0.000135619 7.53773e-05
53 61 0.000285531 0.000498546
53 62 0.00029491 -0.000138066
53 65 0.000313351 0.000279219
54 34 0.000254369 -0.00032546
54 36 0.000419551 -5.97137e-05
54 37 3.6533e-05 -0.000122246
54 38 0.000444655 -0.000238544
54 39 0.000221471 -7.45116e-05
54 41 0.000255242 2.48954e-05
54 42 -0.000114906 0.000506571
54 43 0.000359271 -4.44121e-05
54 44 -8.11192e-05 0.000256509
54 45 0.000216019 6.46796e-05
54 46 0.000448525 4.76196e-05
54 47 0.000674297 -0.000227352
54 48 0.000218373 -0.000488499
54 49 -0.000411557 -0.000293098
54 50 4.47959e-06 -3.14287e-06
54 51 -5.72806e-05 0.000366671
54 53 0.000121106 -4.86098e-05
54 54 0.00055308 0.000198156
54 55 -0.000573477 -8.57785e-05
54 58 -0.000233999 -0.000310538
54 59 -0.000264846 4.70067e-05
54 60 -0.000446045 7.65348e-05
54 61 -3.1192e-05 4.69419e-05
54 62 1.24877e-06 5.78771e-06
54 63 0.000169908 0.000152102
55 33 -0.000310271 -3.76153e-05
55 34 0.000417932 -0.000152804
55 35 0.000230531 -0.000285969
55 36 -1.26626e-05 -1.94327e-05
55 37 0.000287018 -0.000333006
55 38 0.000160154 -0.000111542
55 39 -0.000411548 0.000343415
55 40 0.000270441 0.000280802
55 41 1.84845e-05 -6.4362e-06
55 43 0.000410534 -0.000518492
55 44 0.000398957 1.78506e-05
55 45 0.00114414 9.1261e-05
55 46 0.000634781 -0.00025891
55 47 0.000416609 0.000172015
55 49 0.00068138 0.000227156
55 50 4.36496e-06 -1.26067e-06
55 51 0.000433034 -0.00055526
55 52 0.000103329 6.29649e-05
55 55 1.77941e-05 -6.28932e-07
55 56 -9.47222e-05 0.000320527
55 60 1.50058e-05 1.38095e-05
55 61 -0.000102595 -6.27042e-05
55 64 0.00012044 -0.000196762
56 35 0.000433666 8.28758e-05
56 36 0.000271278 -0.0002098
56 37 0.000176408 0.00012416
56 38 -3.11759e-05 0.000226226
56 39 0.000260083 -0.000266686
56 40 0.000420229 -0.000164195
56 41 0.000398281 -0.000456957
56 42 2.39645e-05 6.49852e-06
56 43 0.00136743 -0.000248508
56 44 0.000161389 2.47165e-05
56 45 8.79531e-05 -0.000453951
56 46 -6.76452e-05 8.24676e-05
56 47 0.000729539 -0.000223694
56 49 -7.69676e-05 7.79324e-05
56 50 0.000414293 0.000155013
56 51 0.000148321 -0.000121042
56 53 0.000108527 -2.34927e-05
56 54 -0.000258911 0.000291461
56 55 0.000352333 1.8138e-05
56 56 -7.56782e-05 0.000252148
56 59 -0.000188422 6.17977e-05
56 60 6.88651e-05 4.41678e-05
57 33 0.000489104 4.97807e-05
57 34 -0.000172033 -0.000282174
57 35 0.000247307 6.83852e-05
57 36 5.35478e-05 -4.32852e-06
57 37 -0.000365909 0.000156344
57 38 6.28393e-05 1.33809e-05
57 39 0.000450307 -0.000318104
57 40 0.000549769 2.17162e-05
57 41 8.89129e-05 -3.50937e-05
57 43 0.000262631 -7.00132e-05
57 45 0.000815968 0.000174045
57 46 1.66678e-05 1.43114e-05
57 47 -0.000327052 -0.000223501
57 48 0.000437396 0.000125548
57 52 0.000606698 -2.16247e-05
57 53 -0.000141667 -0.00015678
57 54 -0.000247883 -9.54497e-05
57 55 0.00019953 -2.42093e-06
57 60 -0.000414767 -0.00027204
57 63 -0.000217343 8.7873e-06
58 34 -0.000137554 -0.000194549
58 35 3.37013e-05 -0.000189722
58 38 0.000692498 5.1629e-05
58 39 6.78845e-05 -0.000138056
58 40 0.000481308 0.000422913
58 41 0.000426594 -0.000354283
58 42 0.000289055 -2.06257e-05
58 43 -0.000522906 0.000261871
58 44 -0.000184485 7.67238e-05
58 45 0.000365297 4.58242e-06
58 46 -1.05711e-05 -0.000616948
58 47 0.000281584 0.000399063
58 48 -0.000294656 0.00014518
58 49 0.000681474 0.000113344
58 51 0.000215302 0.000150516
58 53 -0.000208731 0.000145157
58 54 1.29012e-05 0.000259303
58 55 -0.000405853 9.61795e-06
58 57 -6.3291e-05 0.000116754
58 60 -7.71312e-05 2.46515e-05
58 63 0.000113023 -0.000223659
59 34 -7.17995e-05 5.19925e-05
59 37 -0.000344282 0.000166859
59 38 0.000409352 5.90081e-05
59 39 -0.000748179 0.000198776
59 40 -0.000130162 -5.30146e-05
59 41 0.000453199 -0.000344586
59 42 4.3394e-05 0.000154647
59 43 -0.000249384 -0.000369929
59 44 0.00027634 0.000198069
59 46 0.000318428 -0.00015613
59 47 0.000941247 0.000190583
59 48 0.000148157 -5.52166e-05
59 49 -4.31884e-05 0.000428209
59 51 6.72328e-05 8.32969e-06
59 52 -0.000139916 -0.000101569
59 53 -0.000375961 -8.04184e-05
59 58 -0.000253221 0.000140147
59 59 4.63336e-05 0.000257487
59 60 -7.76703e-05 0.000121985
59 63 -7.99204e-05 -3.64183e-07
59 65 7.68695e-05 -4.85946e-05
60 33 0.000277461 -2.90761e-05
60 34 -0.000177813 -5.10932e-05
60 35 0.000346774 -0.000102352
60 36 3.55882e-05 -0.000221564
60 37 0.00035423 -0.00029718
60 38 0.000175654 0.000101156
60 39 0.000378507 -5.89082e-05
60 40 -0.00043134 9.26188e-05
60 41 -0.000110582 -0.000167062
60 42 -1.88115e-05 2.06948e-05
60 43 1.38879e-05 -1.9954e-06
60 44 0.000372361 -0.000165399
60 45 0.000408997 0.000265492
60 46 0.000426371 0.000120475
60 47 0.00029985 -7.62965e-06
60 49 -9.84534e-05 -0.000312733
60 50 0.000214283 -0.00049398
60 51 0.000192277 0.000517844
60 52 3.38378e-05 2.79614e-05
60 53 2.17373e-06 -9.26297e-07
60 54 -0.000192767 6.55108e-05
60 55 0.000476315 -0.000186355
60 56 2.81411e-05 2.8485e-05
60 59 0.0002931 1.39369e-05
60 63 6.35906e-05 -9.95871e-05
61 33 -0.000245135 -9.21501e-05
61 34 -0.000161221 -9.99446e-05
61 35 0.0001726 3.24373e-05
61 37 0.000442361 5.18277e-05
61 38 0.000628453 -1.95429e-05
61 39 -6.8902e-05 -0.000166595
61 40 7.00522e-06 -2.83622e-06
61 41 -0.000531668 -0.000371534
61 42 -0.000133149 5.32664e-05
61 44 0.000131487 0.000196716
61 45 3.70081e-05 5.14409e-05
61 46 6.87061e-05 3.99345e-05
61 47 -0.000402048 0.000198647
61 49 -4.04957e-05 0.000245166
61 50 0.000249055 3.3211e-05
61 51 0.00052323 -0.000243785
61 53 0.000181094 6.62619e-05
61 55 -0.00036373 0.000220752
61 57 0.000261191 0.000122164
61 60 8.57931e-05 7.67188e-05
61 62 0.000316322 9.10721e-05
61 63 -0.000132671 0.000309509
62 34 0.000247576 -8.93169e-05
62 35 0.000226153 -0.000294381
62 36 0.000323472 -0.000195431
62 37 0.000517336 -0.000209339
62 38 2.4636e-05 5.59174e-05
62 39 0.000280168 2.87116e-05
62 40 0.000207126 -0.000112933
62 41 0.000231801 6.83795e-05
62 42 -0.000202084 -0.000315821
62 43 0.000140394 -0.000156259
62 45 0.000773196 0.000392388
62 46 -8.80123e-05 0.000392629
62 47 7.43562e-05 -9.30863e-05
62 48 0.000440502 -0.00028237
62 49 0.000524371 0.000116246
62 50 0.000141697 0.000112862
62 51 0.000129939 0.000177147
62 53 -0.000312537 -0.000377085
62 58 9.41175e-05 0.000215627
62 59 -0.000204351 -0.000150682
62 60 -7.69859e-05 -6.9918e-05
62 63 7.53844e-06 3.79188e-05
63 34 0.000137265 -0.000100356
63 36 -5.85037e-05 -0.000106329
63 37 0.000772927 -0.000233652
63 38 -7.71853e-05 0.000547043
63 40 7.43007e-06 6.1273e-06
63 41 4.233e-05 -1.47747e-05
63 42 0.000227393 -9.33413e-05
63 43 0.000197354 -3.51176e-05
63 45 0.000454499 -0.000546793
63 46 0.000628576 0.000186344
63 47 0.000400363 -0.000446987
63 48 0.000867957 -3.2501e-06
63 50 0.000393336 0.000263674
63 51 -0.000232138 4.18806e-05
63 52 -0.000153683 9.96026e-05
63 53 -0.000165379 -0.000245718
63 54 -8.58455e-05 -8.87675e-05
63 56 6.39677e-05 2.47262e-05
63 59 0.000100038 -0.000137657
63 62 0.00020381 -0.000280811
63 65 1.54062e-05 0.000208482
64 33 0.000156337 -6.43726e-05
64 34 0.000138841 -2.72419e-05
64 35 3.58464e-05 0.000217012
64 36 -9.99347e-05 0.00018702
64 37 0.000510057 0.000379175
64 38 0.000223845 -0.000133944
64 39 0.000302545 5.19555e-05
64 40 0.000586445 -4.13691e-05
64 41 0.000204456 -5.96163e-05
64 42 -0.000130933 0.000421345
64 44 0.000254695 -0.000368154
64 45 0.000413649 0.000277319
64 46 -0.000133983 -0.000112944
64 47 0.000307515 0.000287068
64 48 0.000464758 -1.22984e-05
64 49 5.42438e-06 -6.06103e-05
64 51 0.000226946 -5.00006e-05
64 53 4.92808e-05 2.58569e-05
64 54 0.000434136 3.20469e-05
64 55 0.000292824 -2.78186e-05
64 57 0.0001259 0.000218358
64 59 1.64267e-05 -4.06786e-06
64 61 0.000170811 6.13921e-05
65 34 0.000105095 -0.00010516
65 36 0.000738356 -1.35066e-05
65 37 0.000328512 -0.000375747
65 38 0.000465851 -0.000175346
65 39 0.000384677 -0.000369227
65 40 0.000174261 -8.0515e-05
65 41 -0.000122187 0.000118249
65 43 -0.000191943 0.000245026
65 44 2.85754e-05 -0.00032842
65 45 3.34319e-05 -8.80636e-06
65 48 0.000103192 -0.00016187
65 50 0.000560529 -0.000260582
65 52 -0.00035002 0.000339711
65 57 1.80725e-05 6.16591e-05
65 58 0.000187858 0.000256207
66 34 0.000431128 1.1685e-05
66 35 0.000448918 -0.00045236
66 36 -0.000223884 1.99786e-05
66 37 -0.000607091 -0.000338965
66 38 -0.000257458 0.000182866
66 39 -8.67443e-06 -1.83928e-05
66 40 -0.000135733 -3.69381e-05
66 41 0.000406068 0.000632459
66 42 1.54088e-05 -1.78871e-06
66 43 0.000368102 -5.62512e-05
66 44 0.000609644 0.000210919
66 45 0.000178852 -0.000231838
66 46 0.000228882 -5.37088e-05
66 47 0.000589038 0.0001001
66 49 7.374e-05 -4.1702e-05
66 51 0.00033212 -0.000147558
66 52 0.000588573 0.000107015
66 55 0.000209756 4.76893e-05
66 57 0.000204921 -4.80692e-05
66 61 0.000311703 -0.000169688
67 37 0.000466266 -8.18893e-05
67 38 0.000322865 -9.03913e-05
