0 33 -8.00772 6167.03
0 34 19.0074 10459.6
0 35 49.8436 10621.2
0 36 14.7905 10770.1
0 37 48.1584 10727.7
0 38 -3.82545 10461.8
0 39 14.0759 10386.4
0 40 43.5393 10442.6
0 41 -34.5715 10488.5
0 42 65.327 9930.02
0 43 74.461 9644.47
0 44 34.2837 9208.58
0 45 82.6566 9084.47
0 46 109.341 8974.95
0 47 88.3455 8550.43
0 48 68.1293 8282.52
0 49 -5.9694 8095.72
0 50 45.2777 8438.68
0 51 94.943 8762.55
0 52 38.1496 9568.18
0 53 115.323 12160.3
0 54 186.552 9719
0 55 3.17503 52.32
0 56 7.80151 -6.40034
1 33 44.8107 18135.4
1 34 141.688 30646.6
1 35 187.862 30667.3
1 36 311.622 30532.8
1 37 230.219 30612.3
1 38 132.187 31285
1 39 242.128 30556.3
1 40 356.009 30927
1 41 193.38 30276.1
1 42 322.019 29581.4
1 43 339.817 29148.7
1 44 296.571 28313.7
1 45 298.407 26915.6
1 46 362.291 26510.8
1 47 295.314 25987.4
1 48 487.477 25490.7
1 49 317.779 25031.3
1 50 358.918 25273
1 51 441.898 25359.2
1 52 466.554 26333.3
1 53 554.056 32649.4
1 54 788.959 29856.5
1 55 -4.26778 48.0839
1 56 3.96663 -4.00706
1 66 4.34275 3.429
2 33 203.185 27522.7
2 34 521.218 47526.9
2 35 490.166 48399.6
2 36 737.211 48651
2 37 500.416 48154.5
2 38 403.574 48073.7
2 39 731.208 47373.1
2 40 727.423 47051.3
2 41 734.982 46427.9
2 42 835.518 45615.4
2 43 880.48 45242.9
2 44 957.239 44725.5
2 45 948.141 44517.3
2 46 791.803 42507.7
2 47 872.691 41443.1
2 48 1035.82 39883
2 49 861.687 39397.6
2 50 985.584 39321.7
2 51 1064.12 39340.8
2 52 1060.76 42097.5
2 53 1781.77 54309.3
2 54 1484.89 47857.9
2 55 6.87088 110.839
2 66 3.1091 1.99645
3 33 297.562 34658.7
3 34 892.105 59321.4
3 35 1035.03 59537.6
3 36 995.016 59846.1
3 37 1096.02 60104.2
3 38 1073.43 59508.1
3 39 1297.9 59951.8
3 40 1328.51 59147
3 41 1417.74 59175.9
3 42 1488.63 58558.7
3 43 1347.59 57701.7
3 44 1737.77 55419.7
3 45 1582.68 54577.5
3 46 1542.64 53940.5
3 47 1672.14 52490.8
3 48 1740.65 51614.5
3 49 1762.75 51705.7
3 50 1647.02 51499
3 51 2219.98 53431.7
3 52 2060.78 56510
3 53 2954.36 72291.9
3 54 2873.2 64839.9
3 55 12.627 91.0772
3 60 1.10126 20.2814
4 33 628.308 39120.6
4 34 1225.05 66948.7
4 35 1480.47 67465
4 36 1395.53 67747.3
4 37 1638.21 68275.3
4 38 1664.4 68710.8
4 39 1716.66 68186.5
4 40 2322.02 67915.4
4 41 2224.4 66858.9
4 42 2051.66 66142.8
4 43 1946.94 65557.3
4 44 2703.16 65614.4
4 45 2363.71 64562.3
4 46 2254.9 63515.9
4 47 2823.09 62546.1
4 48 2672.49 61352.8
4 49 2552.95 60294.1
4 50 2750.26 60614.3
4 51 2971.27 62079.7
4 52 3411.26 68173.1
4 53 4654.97 87027
4 54 3831.82 77477.3
4 55 17.371 196.149
4 59 -5.64929 8.63695
4 61 -6.08496 0.92772
5 33 428.371 40088.1
5 34 1568.06 68666.3
5 35 2007.08 69694
5 36 1859.32 70221
5 37 2187.57 70623.4
5 38 2361.58 70496.4
5 39 2362.19 71465
5 40 3012.41 71718.4
5 41 2869.53 71324.2
5 42 3078.34 70507
5 43 2762.97 69801.1
5 44 3217.02 69169.2
5 45 3355.59 69367.8
5 46 3384.29 68880.5
5 47 3445.08 68584.1
5 48 3587.82 68173.1
5 49 3906.36 69163.6
5 50 3801.74 68714.8
5 51 3893.72 71106.7
5 52 4905.38 76196.4
5 53 6563.63 97933.2
5 54 5293.95 87584.1
5 55 18.5416 332.734
5 59 -4.32179 7.8966
5 64 -9.47632 5.43096
6 33 574.25 39162.2
6 34 1755.64 67385.1
6 35 2393.94 68520.1
6 36 2417.92 68962.3
6 37 2549.04 68791.6
6 38 2745.89 69430.5
6 39 2682.52 70217.4
6 40 2883.4 69687.8
6 41 3695.92 70003.3
6 42 3713.6 70403.9
6 43 3487.42 69760
6 44 4096.4 69429.8
6 45 4079.95 70240.7
6 46 4321.16 69347.1
6 47 4174.35 69903
6 48 4532.64 70188.5
6 49 4551.66 70391.3
6 50 5154.72 73366.1
6 51 5163.24 75704.1
6 52 6052 82719.4
6 53 7858.56 108805
6 54 7290.26 97348.8
6 55 15.2159 279.406
6 56 6.95025 2.76724
6 57 4.48075 -3.24862
6 58 -8.58815 -0.571221
6 59 4.15153 4.62884
6 60 -5.01032 -3.51728
7 33 700.955 35924.4
7 34 1751.55 61352.6
7 35 2436.63 62404.1
7 36 2855.1 63270.9
7 37 3085.46 64023
7 38 3062.11 64647.4
7 39 3233.5 64731.1
7 40 3647.63 65417.7
7 41 3957.59 65714.8
7 42 4001.4 66660.6
7 43 4246.29 67231
7 44 4351.18 66983.2
7 45 4557.19 66528.5
7 46 4885.23 67395.9
7 47 4760.64 67197.1
7 48 5125.47 68550.5
7 49 5144.47 71480.1
7 50 5796.19 74695
7 51 6135.18 78800.2
7 52 7145.89 87854.8
7 53 10140.5 114258
7 54 8455.77 101350
7 55 37.6502 402.895
7 56 6.98289 4.39035
7 57 3.00334 -1.5049
7 58 -1.02875 1.88845
7 59 -1.99287 3.78394
7 60 -0.41426 7.82072
7 64 -8.4475 -7.30225
8 33 742.5 30517.8
8 34 2217.14 52800.7
8 35 2699.82 54010.3
8 36 3123.94 54418.2
8 37 3279.48 55334.7
8 38 3723.88 56150.1
8 39 3623.13 57050.6
8 40 4351.56 58565.6
8 41 4076.61 57949.7
8 42 4623.03 59121
8 43 4211.11 60019.8
8 44 4838.33 60477.2
8 45 4824.93 61018.6
8 46 5168.97 63408.6
8 47 5618.92 64679.5
8 48 5538.27 65396.2
8 49 5800.58 67149.9
8 50 6567.72 70622.4
8 51 6796.58 75973.8
8 52 8310.44 84904.8
8 53 11944.5 115774
8 54 9726.69 101290
8 55 21.2722 232.365
8 58 -2.62253 4.77117
8 60 -0.00334017 0.00886671
8 61 4.37874 10.9681
8 62 5.10147 7.4773
8 63 4.56514 -0.997639
9 33 649.744 25179.4
9 34 2050.49 43500.5
9 35 3089.65 45039.4
9 36 2861.09 45495.7
9 37 3440.3 45838
9 38 3707.4 46277
9 39 3798.88 47188.1
9 40 4205.79 48074.9
9 41 3917.29 48853.9
9 42 4586.29 50529.9
9 43 4439.61 51692.2
9 44 4924.97 53260.1
9 45 5400.76 55005.1
9 46 5178.92 55997
9 47 5674.96 58092.8
9 48 5848.02 60779.2
9 49 6287.74 63397.2
9 50 6978.08 67635.6
9 51 7413.38 72545.8
9 52 8815.72 82886.7
9 53 12873.8 112459
9 54 10878.7 101786
9 55 1.65068 237.047
9 57 -0.0400642 0.205861
9 58 -18.4329 7.69036
9 60 -29.7545 15.8192
9 61 6.55752 1.84048
9 62 3.44932 9.55068
9 63 1.66058 4.33029
10 33 608.047 19143.6
10 34 2000.23 33564.1
10 35 2860.78 34815.6
10 36 3053.14 35693
10 37 3207.98 36560.9
10 38 3827.71 37699.8
10 39 3398.93 38245.9
10 40 4145.22 39554.4
10 41 4107.05 40543
10 42 4324.82 41789.3
10 43 4452.69 42708.5
10 44 4640.51 44712.7
10 45 5040.5 47687.2
10 46 5288.86 50309.7
10 47 5401.09 52174.4
10 48 6140.9 54519.9
10 49 6363.02 58391.9
10 50 6993.6 62671
10 51 8031.45 69709.3
10 52 9245.16 80018.5
10 53 13619.4 110368
10 54 11190.1 96256.2
10 55 -35.426 287.47
10 57 -2.13018 10.0534
10 58 -5.38718 2.30522
10 59 1.5078 -3.9747
10 60 -1.43361 0.768219
10 61 8.55168 4.88513
10 62 -10.6128 9.44803
10 63 13.3965 6.5055
10 64 0.822852 2.2668
11 33 593.899 14826.1
11 34 1974.94 25661.2
11 35 2789.97 26760.9
11 36 2997.39 27560.1
11 37 3230.36 27940.3
11 38 3833.63 29129.5
11 39 3480.37 29667
11 40 3829.9 31143.8
11 41 4088.89 32068.3
11 42 4139.59 33300.7
11 43 4447.06 35549.5
11 44 4516.57 37270.5
11 45 4872.92 38969.4
11 46 5051.21 40761.5
11 47 5290.19 43205.1
11 48 5765.28 46547.1
11 49 6267.85 51199.1
11 50 6752.36 56043.1
11 51 8149.66 63392
11 52 9342.22 73799
11 53 14279.9 105606
11 54 11028 90714.6
11 55 11.7118 275.803
11 56 7.42231 43.5361
11 57 5.80684 0.334731
11 58 -2.28515 -0.526694
11 59 8.29992 3.75512
11 61 25.3332 47.6156
11 62 -6.81233 15.0588
11 63 -3.63396 -4.41796
11 64 7.98985 18.8995
12 33 497.495 10645.3
12 34 1730.91 18742.6
12 35 2597.16 20082.9
12 36 3116.73 20969.4
12 37 2877.27 21233.8
12 38 3351.59 21836
12 39 3509.37 22426.6
12 40 3620.65 23062.9
12 41 3940.07 24365.6
12 42 4152.18 26121.9
12 43 4093.55 27397.2
12 44 4381.73 29072.9
12 45 4757.98 31988.3
12 46 4731.87 34680
12 47 5125.49 36883.8
12 48 5200.53 39872.2
12 49 5968.64 44301.3
12 50 6616.91 49851.3
12 51 7989.06 57326
12 52 9332.97 67633.9
12 53 14410.9 97479.1
12 54 12039.8 84633.9
12 55 12.2963 161.022
12 56 -5.71672 21.3895
12 58 -0.286051 -0.0729077
12 59 14.1344 -3.33377
12 62 -3.99651 3.18621
12 63 4.41276 1.90655
12 64 2.31206 7.16901
12 65 6.22458 15.2419
13 33 412.009 7313.83
13 34 1528.51 12911.6
13 35 2187.64 13791.3
13 36 2835.38 14505.9
13 37 2961.47 15122.6
13 38 3184.74 15911.5
13 39 3074.92 17007.2
13 40 3237.98 18372.3
13 41 3501.21 18871.7
13 42 3696.3 19599.1
13 43 3788.36 21410.7
13 44 3831.96 22454.7
13 45 4197.17 25015.1
13 46 4327.19 27820.5
13 47 5001.29 31446.6
13 48 4980.92 33834.3
13 49 5846.85 37456
13 50 6464.59 42755.4
13 51 7463.01 49358.3
13 52 9017.35 59887.9
13 53 14110.3 88368.1
13 54 11283.3 75351.6
13 55 7.15169 112.676
13 56 3.11038 0.982366
13 57 -8.21855 3.01779
13 58 1.74657 0.0305404
13 62 8.03431 6.31756
13 65 5.14104 9.86844
13 66 -0.0558114 0.0130511
14 33 318.209 5134.98
14 34 1183.43 9109.17
14 35 1984.63 9969.97
14 36 2352.23 10641.1
14 37 2838.54 11589.9
14 38 2956.98 12081.7
14 39 2910.21 12311.6
14 40 3128.76 13031.3
14 41 3141.09 13906.9
14 42 3476.32 14872
14 43 3443.7 16166.1
14 44 3711.85 17833.9
14 45 3839.39 19362.3
14 46 3945.15 21741.4
14 47 4145.17 24220.2
14 48 4832.97 28226.8
14 49 5191.55 31890.9
14 50 5935.6 35331.2
14 51 6779.73 41656.3
14 52 8496.25 52654.4
14 53 13652.2 79093.9
14 54 11029.7 67641
14 55 1.3467 154.102
14 56 3.67302 39.3694
14 57 8.95678 9.73454
14 58 -1.13536 19.9315
14 60 -4.78226 2.95429
14 63 -1.13636 0.66177
14 64 10.8355 13.2138
14 66 -0.411098 0.0954803
15 33 191.722 3202.57
15 34 1092.31 5916.23
15 35 1717.76 6608.69
15 36 2167.36 7227.69
15 37 2500.58 8110.41
15 38 2873.62 8294.33
15 39 2807.9 9040.57
15 40 2799.09 9584.57
15 41 2867.73 10223.6
15 42 3113.08 11205.9
15 43 3132.78 12259.1
15 44 3375.62 13790.7
15 45 3404.45 15191.1
15 46 3486.44 16412
15 47 3694.83 18556.4
15 48 4165.31 21731.1
15 49 4835.74 25906.4
15 50 5239.5 30220.8
15 51 6473.43 36291.7
15 52 7810.49 44872.5
15 53 12865.3 71045.8
15 54 9930.74 59430.5
15 55 13.1929 113.748
15 57 6.09092 -6.7072
15 58 10.3783 5.10615
15 61 16.7901 6.56813
15 63 5.59149 0.375878
15 66 -1.19802 0.272448
16 33 144.51 1982.16
16 34 861.416 3607.31
16 35 1434.83 4215.67
16 36 2118.85 5220.69
16 37 2339.31 5736.35
16 38 2558.62 6151.08
16 39 2717.99 6543.39
16 40 2436.28 6844.8
16 41 2533.21 7942.65
16 42 2771.95 8303.97
16 43 2997.14 9204.31
16 44 2900.25 9889.58
16 45 2857.45 11505
16 46 3273.76 13401.1
16 47 3448.59 15097.1
16 48 3737.98 17112.9
16 49 4140.05 20394.3
16 50 4850.18 24563.6
16 51 5718.06 30094.6
16 52 7318.08 39193.9
16 53 11861.7 61304.5
16 54 9393.71 52103.3
16 55 21.2527 132.992
16 56 -12.6091 10.1246
16 57 16.9535 -6.28654
16 58 4.52948 2.90793
16 62 5.966 -2.43665
16 63 -0.907224 4.65848
16 64 5.06384 9.07536
16 66 -2.86254 0.591192
17 33 200.628 1133.94
17 34 671.255 2207.03
17 35 1266.31 2632.71
17 36 1814.66 3285.36
17 37 2035.48 3786.64
17 38 2139.32 4184.05
17 39 2587.37 5065.38
17 40 2244.86 5152.52
17 41 2409.61 5583.98
17 42 2443.7 6251.38
17 43 2784.41 7280.24
17 44 2511.06 7373.09
17 45 2551.25 8524.67
17 46 2824.92 10190.8
17 47 2793.06 11463.7
17 48 3359 14117.4
17 49 3655.96 16619.5
17 50 4224.19 20123.4
17 51 5003.23 24513.7
17 52 6494.44 32725.5
17 53 10673.5 50905.4
17 54 8203.52 42259.3
17 55 1.71958 116.852
17 56 -0.518045 0.302312
17 57 0.107139 0.0562162
17 62 -0.100447 0.234602
17 63 -6.03875 13.2221
17 64 9.56922 17.9801
17 65 8.49403 14.2061
17 66 -7.66846 2.4491
18 33 170.575 637.664
18 34 473.633 1197.16
18 35 1096.02 1688.2
18 36 1566.91 2271.74
18 37 1671.88 2595.25
18 38 2038.74 3203.9
18 39 2135.53 3551.33
18 40 2315.79 3894.86
18 41 2184.86 4169.69
18 42 2218.61 4760.23
18 43 2482.81 5623.6
18 44 2225.28 6074.28
18 45 2334.61 6371.29
18 46 2364.96 7426
18 47 2525.51 8915.53
18 48 2930.26 10763
18 49 3301.72 13427.3
18 50 3756.46 16507.6
18 51 4474.75 20992.1
18 52 5724.79 27200.3
18 53 9740.98 44536.9
18 54 6967.03 34302.6
18 55 14.4677 34.0426
18 56 -2.86302 -2.18827
18 57 2.69426 -0.192256
18 60 10.9002 7.89216
18 61 7.63908 -7.25255
18 62 -4.92304 11.0555
18 64 -9.869 2.91662
18 66 -1.76628 0.793002
19 33 191.661 360.808
19 34 448.45 769.703
19 35 922.979 1090.89
19 36 1316.95 1657.4
19 37 1571.96 2038.07
19 38 1944.62 2491.45
19 39 2000.9 2875.71
19 40 2077.22 3171.95
19 41 2117.19 3382.5
19 42 2020.54 3783.54
19 43 2160.72 4315.79
19 44 2203.45 4721.88
19 45 2060.85 5124.66
19 46 2148.21 5766.39
19 47 2228.76 6788.1
19 48 2396.29 8078.11
19 49 2702.73 9909.03
19 50 3296.18 13129
19 51 3770.69 16661.6
19 52 5078.06 22588.3
19 53 9068.57 39004.2
19 54 6360.7 29382.3
19 55 -17.3473 23.5637
19 56 3.51314 3.66246
19 57 2.42466 11.4928
19 58 -2.69128 35.5201
19 59 2.08383 4.98879
19 60 5.40168 0.277615
19 61 -0.385036 0.737007
19 62 -1.06098 1.97915
19 63 -17.0726 27.7908
19 66 -2.99588 7.26049
20 33 177.658 198.168
20 34 412.536 470.301
20 35 824.685 803.134
20 36 1195.55 1266.8
20 37 1505.19 1683.04
20 38 1801.93 2057.26
20 39 1803.15 2265.53
20 40 1921.02 2598.14
20 41 1980.54 2820
20 42 1914.5 3103.94
20 43 1868.74 3370.24
20 44 1984.89 3783.77
20 45 1823.44 4057.45
20 46 1898.98 4704.81
20 47 1936.46 5264.33
20 48 2175.07 6442.46
20 49 2264.95 7979.49
20 50 2736.45 9946.98
20 51 3279.61 13414.6
20 52 4412.11 18512.7
20 53 7951.49 32067.1
20 54 5359.83 24016.2
20 55 -18.4972 50.1039
20 56 4.04072 -2.35157
20 57 1.8706 10.1956
20 58 2.41598 4.37729
20 59 19.0788 8.23472
20 60 4.92797 0.329091
20 63 -15.886 24.3749
20 64 11.2427 -4.5555
20 66 -0.370577 0.421323
21 33 150.06 136.039
21 34 365.872 348.002
21 35 703.792 622.971
21 36 1046.74 963.926
21 37 1386.33 1328.48
21 38 1686.08 1861.93
21 39 1634.1 1938.21
21 40 1736.39 2218.17
21 41 1707.28 2342.12
21 42 1776.04 2664.27
21 43 1800.39 2896.73
21 44 1798.42 3203.38
21 45 1708.26 3463.19
21 46 1703.34 3915.12
21 47 1751.88 4198.24
21 48 1859.97 4800.23
21 49 2014.71 6168.08
21 50 2282.68 7998.02
21 51 2615.5 10206.9
21 52 3822.79 15411
21 53 7037.25 27452.7
21 54 4539.78 20065
21 55 19.7156 24.7903
21 56 -3.19618 1.9816
21 57 2.98482 3.70884
21 58 -1.06646 16.3812
21 59 14.7851 14.8322
21 60 3.54473 0.179257
21 61 -5.77877 5.37369
21 62 -0.659906 1.48557
21 63 -13.9998 22.3809
21 64 3.77463 -4.65819
21 66 -1.48729 1.72101
22 33 84.2462 91.7616
22 34 259.29 239.086
22 35 620.792 443.324
22 36 967.749 808.262
22 37 1177.29 1136.56
22 38 1466.17 1595.78
22 39 1494.82 1752.18
22 40 1597.75 1991.43
22 41 1808.04 2353.3
22 42 1645.67 2297.28
22 43 1662.53 2430.22
22 44 1724.28 2831.62
22 45 1612.75 2852.71
22 46 1680.49 3300.27
22 47 1571.18 3624.69
22 48 1721.23 4096.74
22 49 1637.88 4811.39
22 50 1864.65 6136.18
22 51 2388.07 8481.26
22 52 3068.02 11245.7
22 53 6210.12 21763.6
22 54 3785.34 15679.3
22 55 19.7662 44.9384
22 56 -4.70645 17.6549
22 57 -4.76427 21.8604
22 58 0.913829 10.139
22 59 -6.33018 -1.33829
22 60 6.94808 0.0692283
22 62 -8.71513 16.071
22 65 -0.830159 0.970024
22 66 6.86331 0.227853
23 33 69.9121 15.0436
23 34 249.647 107.066
23 35 491.534 272.977
23 36 843.951 579.186
23 37 1053.89 898.833
23 38 1331.71 1230.25
23 39 1459.24 1477.94
23 40 1500.89 1743.93
23 41 1670.5 2143.63
23 42 1507.19 2091.95
23 43 1476.29 2209.95
23 44 1579.12 2382.24
23 45 1475.53 2390.29
23 46 1510.6 2746.41
23 47 1456.71 3015.92
23 48 1529.17 3645.04
23 49 1452.24 3982.67
23 50 1649.73 5005.64
23 51 1945.26 6425.73
23 52 2705.91 9491.72
23 53 5025.91 17440.7
23 54 3080.67 12134.2
23 55 1.39814 33.354
23 56 2.59065 26.9983
23 57 8.39935 3.17945
23 58 -0.188596 -2.1292
23 60 15.7216 5.42128
23 62 -6.9554 12.1968
23 63 14.6397 6.4466
23 64 1.88405 4.03562
23 65 -0.848771 0.985369
24 33 54.1909 18.2135
24 34 231.39 76.4385
24 35 416.602 164.672
24 36 696.73 462.75
24 37 959.302 760.217
24 38 1197.33 1042.06
24 39 1340.27 1349
24 40 1302.49 1539.72
24 41 1521.74 1809.96
24 42 1464.02 1917.12
24 43 1320.07 1954.41
24 44 1528.99 2197.9
24 45 1492.03 2280.98
24 46 1437.23 2381.77
24 47 1361.07 2655.84
24 48 1306.06 2978.25
24 49 1355.81 3426.7
24 50 1494.41 4131.95
24 51 1693.07 5129.44
24 52 2289.7 7420.92
24 53 4291.55 14776.4
24 54 2405.44 9490.55
24 55 13.4662 37.3703
24 56 5.20179 27.31
24 57 4.79523 25.3269
24 59 -3.61604 -3.91311
24 60 19.8537 7.25757
24 61 0.321401 0.419481
24 62 -3.97196 6.68223
24 63 -1.38769 -5.50321
24 65 8.10356 3.91343
25 33 59.5352 3.59689
25 34 223.081 59.6306
25 35 400.571 165.905
25 36 654.456 408.255
25 37 899.209 685.655
25 38 1092.39 928.82
25 39 1214.42 1198.65
25 40 1244.6 1339.08
25 41 1438.55 1697.2
25 42 1267.78 1674.03
25 43 1283.16 1770.35
25 44 1396.08 2044.89
25 45 1346.37 2071.61
25 46 1250.38 2102.56
25 47 1272.7 2365.97
25 48 1180.33 2501.2
25 49 1127.7 2817.26
25 50 1333.2 3435.32
25 51 1485.34 4257.91
25 52 1915.23 6020.1
25 53 3561.91 11294.1
25 54 1850.33 6695.23
25 55 17.3482 9.17946
25 56 12.1832 8.95013
25 57 -7.97663 35.531
25 60 13.5775 -1.02413
25 61 3.39432 8.89227
25 62 5.04001 -4.64059
25 63 6.51663 9.93584
26 33 32.4454 2.69287
26 34 173.872 58.1771
26 35 339.423 100.079
26 36 448.142 289.674
26 37 814.127 610.528
26 38 919.733 769.629
26 39 1196.03 1136.84
26 40 1114.04 1157.5
26 41 1182.84 1380.81
26 42 1323.35 1618.59
26 43 1261.93 1659.83
26 44 1395.11 1970.03
26 45 1257.75 1899.19
26 46 1242.72 2070.93
26 47 1078.65 1874.53
26 48 1104.91 2197.2
26 49 1165.36 2632.37
26 50 1135.23 2910.53
26 51 1353.96 3764.25
26 52 1560.66 4868.03
26 53 2919.02 9220.44
26 54 1438.58 5018.07
26 55 3.89085 14.8164
26 56 4.9619 24.8199
26 57 -2.54424 9.26473
26 61 3.87513 7.22982
26 64 -10.6123 -2.97481
27 33 40.5543 1.34184
27 34 121.323 32.8965
27 35 298.006 99.2389
27 36 467.322 267.219
27 37 718.626 480.776
27 38 894.863 726.872
27 39 1084.32 1052.89
27 40 1099.63 1159.95
27 41 1136.67 1321.56
27 42 1200.23 1427.45
27 43 1185.7 1567.95
27 44 1182.43 1588.03
27 45 1201.74 1912.33
27 46 1213.72 1868.79
27 47 915.643 1558.72
27 48 957.61 1922.52
27 49 979.723 2058.37
27 50 994.972 2382.72
27 51 1169.83 3291.12
27 52 1464.99 4466.01
27 53 2462.88 7440.17
27 54 987.703 3419.16
27 55 0.0855259 13.463
27 56 9.86484 10.2631
27 57 -3.01898 0.210138
27 58 23.3869 18.4036
27 59 -17.1823 4.07726
27 60 3.88164 2.6907
27 61 -2.25997 3.53448
27 62 12.2858 0.0151521
27 65 2.02016 -3.32526
28 33 34.0061 3.95957
28 34 146.059 27.178
28 35 250.679 47.0782
28 36 432.146 215.605
28 37 622.486 441.265
28 38 820.288 614.922
28 39 961.968 921.165
28 40 1030.5 1113.61
28 41 992.299 1166.65
28 42 1113.4 1350.5
28 43 1068.5 1428.9
28 44 1130.53 1461.51
28 45 1074.24 1621.14
28 46 1080.73 1578.96
28 47 892.243 1499.48
28 48 936.99 1692.31
28 49 945.387 1974.42
28 50 878.892 2069.64
28 51 858.176 2342.68
28 52 1359.92 3863.43
28 53 2104.17 6366.52
28 54 801.865 2810.13
28 55 20.7686 40.9578
28 56 21.9302 18.1196
28 57 0.652517 2.59962
28 58 7.92765 8.15582
28 59 4.58951 0.994904
28 60 -10.1075 13.9333
28 61 3.68609 -6.14494
28 63 2.00564 9.41999
29 33 32.1627 -1.70551
29 34 86.3969 9.89917
29 35 197.095 54.0678
29 36 370.594 209.991
29 37 578.488 384.127
29 38 706.375 555.473
29 39 832.09 727.964
29 40 955.584 1018.5
29 41 904.093 1032.98
29 42 999.632 1179.17
29 43 1019.53 1314.6
29 44 1011.76 1302.14
29 45 1011.78 1424.52
29 46 1036.15 1476.71
29 47 872.727 1393.45
29 48 897.999 1651.07
29 49 891.714 1752.15
29 50 847.802 1880.57
29 51 800.581 1994.78
29 52 1072.4 2824.3
29 53 1657.94 5133.77
29 54 638.214 2152.98
29 55 -2.22021 33.3888
29 56 -2.787 14.1613
29 57 6.06349 8.51561
29 59 -7.95835 -9.70016
29 60 3.04862 6.44189
29 61 0.609757 3.83463
29 62 -2.29934 2.65709
29 63 -2.99087 2.95172
30 33 28.0515 -0.57421
30 34 83.8927 14.8202
30 35 146.579 48.6703
30 36 302.51 168.595
30 37 476.872 311.461
30 38 619.549 469.335
30 39 735.294 651.063
30 40 831.924 910.603
30 41 861.059 925.416
30 42 1013.63 1244.89
30 43 957.385 1240.95
30 44 973.985 1192.76
30 45 882.868 1239.58
30 46 951.098 1465.81
30 47 897.337 1441.3
30 48 849.365 1407.26
30 49 709.553 1487.84
30 50 752.692 1594.99
30 51 704.339 1733.61
30 52 760.617 2017.13
30 53 1468.96 4279.44
30 54 566.696 1587.26
30 55 28.9291 13.6837
30 56 7.49985 8.98973
30 57 22.5123 10.1641
30 58 1.33943 4.33131
30 59 6.17601 0.669368
30 60 -7.16419 2.58768
30 61 1.12155 5.86111
30 62 -1.39632 8.61129
30 63 2.02662 -0.655316
31 33 15.3968 -0.617116
31 34 76.5881 11.1064
31 35 145.063 26.7949
31 36 254.427 119.185
31 37 475.399 275.286
31 38 610.22 461.051
31 39 678.987 550.278
31 40 853.594 852.666
31 41 837.885 927.525
31 42 951.945 1056.32
31 43 945.777 1158.95
31 44 863.182 1114.11
31 45 797.815 1095
31 46 808.431 1217.91
31 47 828.98 1343.43
31 48 682.413 1225.52
31 49 629.391 1314.19
31 50 684.257 1391.89
31 51 547.688 1364.96
31 52 703.923 1816.26
31 53 1220.64 3052.14
31 54 391.94 1254.24
31 55 30.2628 10.7287
31 56 15.8561 16.1242
31 57 2.58595 5.61757
31 58 -15.4563 12.5887
31 59 7.65578 9.41273
31 60 -2.64251 16.928
31 61 4.0292 -0.908432
31 62 3.98256 2.84291
31 63 3.99396 -1.38455
32 33 17.2013 -2.15027
32 34 58.7585 4.58104
32 35 160.301 33.1715
32 36 209.917 93.9187
32 37 443.62 278.325
32 38 533.869 387.457
32 39 625.833 535.28
32 40 688.05 745.764
32 41 831.319 872.336
32 42 761.664 916.39
32 43 817.076 993.273
32 44 829.617 1057.2
32 45 738.428 1031.5
32 46 837.085 1164.05
32 47 826.821 1224.69
32 48 588.418 1043.21
32 49 620.873 1104.57
32 50 520.533 1162.12
32 51 507.34 1299.68
32 52 606.562 1599.41
32 53 946.206 2375.95
32 54 253.357 645.312
32 55 -15.1528 -2.52735
32 56 8.58905 21.1382
32 57 -8.32594 7.91198
32 58 8.44306 -0.66497
32 59 14.6211 12.4878
32 60 -3.23389 1.03831
32 61 4.92703 -1.85722
32 62 9.03713 -8.15361
32 63 3.97867 -1.83722
32 64 -6.57166 0.414762
32 66 -10.1445 0.542711
33 33 18.8089 -2.50799
33 34 72.4752 -2.38919
33 35 145.758 19.2807
33 36 187.224 82.1838
33 37 307.848 194.049
33 38 498.684 367.268
33 39 619.18 489.034
33 40 627.348 603.737
33 41 730.338 779.605
33 42 704.834 840.762
33 43 760.946 974.382
33 44 752.135 975.715
33 45 666.548 906.15
33 46 645.868 966.937
33 47 676.752 1111.88
33 48 562.855 968.332
33 49 517.862 1001.7
33 50 475.417 1017.68
33 51 429.739 1020.55
33 52 591.391 1487.42
33 53 861.012 2248.79
33 54 207.932 670.612
33 55 -0.596887 25.9647
33 56 18.7355 13.6796
33 57 -4.63523 8.26028
33 58 -6.35984 8.30632
33 59 12.8308 10.9559
33 60 -0.610787 2.30234
33 61 4.86763 -1.21484
33 63 15.866 0.258541
33 65 11.0334 34.7017
33 66 -3.22925 -0.0117268
34 33 15.6184 -2.76136
34 34 41.1556 7.52318
34 35 101.935 19.4715
34 36 177.637 69.6775
34 37 307.395 197.521
34 38 491.621 363.986
34 39 515.384 399.31
34 40 648.275 645.655
34 41 636.307 641.805
34 42 717.101 839.042
34 43 658.501 831.648
34 44 696.586 841.539
34 45 675.383 891.603
34 46 618.804 842.454
34 47 663.164 1072.09
34 48 518.31 907.742
34 49 498.142 834.972
34 50 422.194 866.882
34 51 409.417 841.137
34 52 478.115 1151.19
34 53 658.826 1637.96
34 54 130.343 399.104
34 55 10.9456 2.55041
34 56 -6.38001 4.27725
34 57 -2.07961 -4.28558
34 58 -11.775 7.02533
34 59 2.2679 11.7961
34 60 4.08791 34.2514
34 61 1.63874 24.0754
34 62 -2.04127 28.443
34 63 7.6164 -5.96062
35 33 15.6705 -2.26313
35 34 36.9626 7.02567
35 35 114.459 18.0313
35 36 165.235 53.6621
35 37 273.812 156.841
35 38 415.412 277.11
35 39 524.808 398.776
35 40 555.928 525.75
35 41 634.61 629.082
35 42 624.903 809.902
35 43 628.04 765.762
35 44 748.038 896.72
35 45 603.091 814.592
35 46 559.869 795.445
35 47 488.997 788.348
35 48 501.954 906.102
35 49 427.138 797.043
35 50 431.973 855.57
35 51 328.813 671.388
35 52 392.693 839.247
35 53 549.126 1538.91
35 54 54.8467 170.193
35 55 18.2108 15.5483
35 56 2.47295 -3.07707
35 57 10.39 4.88816
35 58 5.29781 10.5107
35 59 10.3898 -2.03282
35 60 2.14113 20.8884
35 61 18.4459 2.8404
35 62 4.78207 -3.20047
35 63 4.12481 -3.02224
35 65 9.62938 7.96532
35 66 10.3826 -4.57781
36 33 3.33426 1.88426
36 34 34.6444 0.925499
36 35 114.842 27.2581
36 36 177.276 58.9992
36 37 251.366 118.237
36 38 432.876 299.587
36 39 502.84 355.491
36 40 457.83 452.874
36 41 615.533 602.692
36 42 543.337 637.91
36 43 610.809 698.979
36 44 657.51 768.458
36 45 530.348 737.218
36 46 471.384 690.84
36 47 526.065 726.288
36 48 468.273 799.65
36 49 378.921 727.639
36 50 412.441 772.305
36 51 364.421 757.736
36 52 353.396 763.752
36 53 476.341 1185.15
36 54 76.4656 195.407
36 55 5.56835 48.2459
36 56 6.52964 4.32
36 57 10.8555 6.51087
36 60 5.87784 3.81137
36 63 5.81372 -1.53574
36 64 -4.28738 4.10662
36 65 9.54193 4.82165
37 33 2.73465 0.00874595
37 34 39.558 2.52621
37 35 87.6619 18.7303
37 36 134.633 41.2624
37 37 163.11 92.9763
37 38 364.668 260.935
37 39 449.321 353.511
37 40 461.132 394.988
37 41 564.226 533.126
37 42 428.258 512.385
37 43 552.274 727.427
37 44 684.111 767.383
37 45 527.863 697.077
37 46 484.188 708.953
37 47 480.378 671.252
37 48 431.724 671.999
37 49 318.611 614.908
37 50 373.761 687.427
37 51 373.06 726.646
37 52 286.319 641.231
37 53 278.38 655.698
37 54 54.9008 211.462
37 55 -6.43945 4.28551
37 56 13.9285 0.70676
37 57 10.2476 5.23757
37 58 -7.73349 5.98647
37 59 -9.77474 5.42367
37 60 13.421 8.1121
37 62 5.4558 3.35973
37 63 4.8503 0.273265
37 65 8.64254 0.337172
38 33 3.4264 2.15922
38 34 39.8329 -0.279868
38 35 107.282 21.5391
38 36 88.8768 41.4508
38 37 170.108 96.2457
38 38 314.127 177.218
38 39 440.921 354.681
38 40 353.449 311.896
38 41 439.814 399.426
38 42 446.961 495.8
38 43 541.403 670.607
38 44 626.323 783.445
38 45 480.468 623.816
38 46 448.948 664.407
38 47 424.607 612.821
38 48 414.069 659.108
38 49 308.843 589.956
38 50 327.189 625.212
38 51 312.355 586.929
38 52 248.953 560.5
38 53 296.927 733.425
38 54 35.8133 71.049
38 55 4.12392 -1.26065
38 56 19.6138 9.90728
38 57 12.5247 7.68608
38 58 8.09535 6.67291
38 60 17.9415 17.2972
38 65 -4.62711 3.29516
39 33 5.25581 2.92681
39 34 73.458 7.84701
39 35 70.4264 9.20261
39 36 89.7832 37.8938
39 37 158.207 75.985
39 38 318.919 167.498
39 39 333.482 271.557
39 40 371.886 313.693
39 41 452.788 425.62
39 42 416.121 428.399
39 43 470.185 567.088
39 44 568.34 751.129
39 45 520.077 679.478
39 46 393.608 555.164
39 47 439.911 647.258
39 48 362.624 526.626
39 49 265.897 491.233
39 50 319.331 571.462
39 51 300.739 511.871
39 52 229.313 491.875
39 53 202.619 553.579
39 54 54.7192 100.258
39 56 20.3229 14.4556
39 57 27.975 7.03948
39 58 -0.710223 7.37291
39 59 0.115245 12.7112
39 60 12.33 7.46623
39 62 -7.92004 6.49231
39 63 7.42302 9.22831
39 64 7.53506 9.1641
39 66 -4.31574 4.12067
40 33 1.05283 -0.742329
40 34 87.4977 5.80349
40 35 63.7681 7.73647
40 36 91.6581 36.7378
40 37 163.75 78.2546
40 38 249.223 151.375
40 39 332.707 256.764
40 40 296.03 253.815
40 41 371.129 361.386
40 42 412.911 425.622
40 43 455.209 482.026
40 44 509.206 639.1
40 45 475.894 579.15
40 46 352.121 505.596
40 47 386.353 590.593
40 48 282.197 477.198
40 49 257.887 483.553
40 50 229.798 376.208
40 51 275.387 463.404
40 52 277.059 551.453
40 53 159.749 393.059
40 54 36.0989 42.8295
40 55 -0.424655 16.2783
40 56 -7.7915 13.5558
40 57 30.6275 38.7714
40 58 5.77038 6.6603
40 59 1.0726 20.6723
40 60 12.249 20.139
40 61 -33.9322 0.0524351
40 63 2.20021 2.12858
40 64 19.5053 9.18391
40 65 8.93723 4.02025
41 33 2.78343 -1.99945
41 34 31.1653 -9.23868
41 35 41.8153 2.85592
41 36 90.6633 21.9291
41 37 107.767 41.7186
41 38 215.498 128.02
41 39 341.819 229.655
41 40 356.781 297.988
41 41 364.18 323.859
41 42 413.096 405.025
41 43 408.412 420.803
41 44 489.057 584.903
41 45 411.355 556.628
41 46 382.74 487.686
41 47 297.026 430.179
41 48 271.352 502.058
41 49 258.642 431.671
41 50 260.74 411.15
41 51 219.538 431.165
41 52 192.353 420.126
41 53 168.818 395.711
41 54 21.8522 107.856
41 55 14.5125 7.93792
41 57 21.5693 9.41489
41 58 10.3849 5.28468
41 59 -16.5982 7.95486
41 60 -6.06026 15.9391
41 61 -2.39217 3.84581
41 62 7.37816 -0.557885
41 64 8.44021 7.64375
41 65 18.636 -2.56966
41 66 -0.319424 13.2431
42 33 5.8382 0.837363
42 34 13.2956 0.341562
42 35 35.433 7.67907
42 36 93.0722 0.152605
42 37 69.4041 34.5933
42 38 217.111 122.33
42 39 285.939 195.459
42 40 363.556 305.871
42 41 353.221 286.02
42 42 368.48 398.93
42 43 380.497 386.208
42 44 427.53 481.385
42 45 429.423 542.634
42 46 374.472 530.617
42 47 275.4 317.852
42 48 260.497 476.752
42 49 282.223 423.701
42 50 239.359 417.724
42 51 163.827 301.05
42 52 170.82 393.494
42 53 133.992 347.753
42 54 16.196 25.4105
42 55 11.5874 4.96309
42 57 12.3506 6.05607
42 58 5.09854 7.5901
42 59 -4.74895 8.87228
42 60 -4.65386 9.53049
42 61 7.84441 13.5551
42 62 2.55708 25.7827
42 64 14.6144 7.54765
42 65 -1.93059 4.64582
42 66 8.5058 4.49962
43 33 10.5756 -1.33551
43 34 18.4011 8.0313
43 35 34.1173 10.1233
43 36 36.3312 21.5318
43 37 52.034 24.6405
43 38 188.794 107.19
43 39 241.259 157.291
43 40 304.996 246.735
43 41 265.908 292.247
43 42 369.596 349.754
43 43 394.64 331.419
43 44 402.636 444.431
43 45 400.388 450.126
43 46 296.596 404.974
43 47 285.138 401.973
43 48 235.08 396.568
43 49 236.061 383.523
43 50 196.519 320.193
43 51 159.521 315.4
43 52 140.978 305.176
43 53 95.2209 263.504
43 54 -0.162196 13.0689
43 55 27.5196 35.9682
43 57 4.00509 3.96627
43 58 5.97738 5.42274
43 59 4.38282 14.2025
43 60 -3.25679 5.02365
43 61 -5.22669 8.28842
43 62 17.6336 9.61693
43 65 22.2625 18.478
43 66 6.90671 0.441022
44 33 8.8567 -1.1179
44 34 15.8756 -3.84655
44 35 25.4201 9.49135
44 36 36.8079 13.5403
44 37 54.5239 23.1161
44 38 122.859 74.5172
44 39 233.212 152.145
44 40 370.424 315.218
44 41 253.748 227.888
44 42 339.43 320.023
44 43 312.884 309.81
44 44 357.935 366.05
44 45 386.088 506.14
44 46 312.032 391.211
44 47 255.309 369.829
44 48 251.547 353.067
44 49 223.72 358.79
44 50 212.553 344.578
44 51 159.774 286.659
44 52 66.9714 191.137
44 53 83.8631 191.51
44 54 -6.79761 15.0157
44 55 15.3225 15.2696
44 57 8.3539 3.08825
44 58 6.77243 24.5598
44 59 17.2486 16.3985
44 60 0.387765 7.80253
44 61 -2.72691 3.99814
44 62 2.10043 1.45338
44 63 2.92322 1.9767
44 66 4.96369 10.0051
45 33 4.28209 -3.63937
45 34 16.1094 -1.53538
45 35 32.5853 1.96384
45 36 52.1725 20.0225
45 37 53.8439 24.9646
45 38 135.75 82.1645
45 39 191.905 120.118
45 40 269.035 205.067
45 41 196.738 173.527
45 42 293.859 277.367
45 43 289.897 283.924
45 44 287.056 292.124
45 45 346.776 426.058
45 46 317.877 395.052
45 47 252.987 362.382
45 48 217.23 339.193
45 49 184.434 287.663
45 50 187.495 267.888
45 51 111.739 178.549
45 52 56.0879 183.65
45 53 34.0895 83.6613
45 54 14.118 4.29491
45 55 0.975347 2.7697
45 56 -17.0185 1.45453
45 57 7.87495 7.83895
45 58 24.8878 19.6585
45 59 9.58411 17.1269
45 60 19.4934 29.8744
45 61 2.65177 2.40645
45 63 3.82528 2.6184
45 65 4.93527 -4.65539
45 66 13.6602 4.29304
46 33 3.17538 1.82394
46 34 27.1224 -1.90664
46 35 1.51504 -1.3499
46 36 34.468 2.57213
46 37 54.3313 23.5736
46 38 121.39 46.3854
46 39 152.388 99.9864
46 40 194.71 143.885
46 41 211.541 181.72
46 42 239.928 228.358
46 43 304.412 261.684
46 44 231.74 253.345
46 45 307.639 350.603
46 46 312.243 411.675
46 47 237.553 336.503
46 48 226.751 281.047
46 49 143.464 271.282
46 50 156.717 206.698
46 51 99.0814 172.386
46 52 85.8306 161.201
46 53 41.2651 98.6515
46 54 -0.220672 10.5321
46 55 26.7216 10.623
46 57 7.78044 -1.56947
46 58 12.1133 10.2376
46 59 23.5003 21.1649
46 60 1.15667 6.94573
46 61 2.55992 2.3572
46 63 -1.70493 0.944694
46 65 7.41777 12.3396
46 66 9.53489 1.16772
47 34 14.8977 2.86371
47 35 10.6786 8.4612
47 36 42.697 17.1786
47 37 31.7478 22.7178
47 38 126.625 62.7349
47 39 112.621 85.3462
47 40 185.411 142.38
47 41 225.768 194.379
47 42 242.609 215.877
47 43 256.082 253.039
47 44 258.345 286.961
47 45 234.726 276.083
47 46 292.597 363.177
47 47 247.243 310.506
47 48 139.352 204.768
47 49 161.309 243.338
47 50 128.786 219.502
47 51 99.1697 148.487
47 52 62.9793 143.693
47 53 13.7353 52.618
47 54 -6.43855 14.4613
47 55 20.5351 21.5904
47 56 6.04435 8.37031
47 57 -9.26448 5.09366
47 58 5.25913 18.5455
47 59 2.31492 3.48423
47 60 6.20769 5.23827
47 61 -7.27385 8.06503
47 63 8.89691 0.33403
47 64 -7.70093 1.83171
47 65 5.76881 7.27697
47 66 14.9077 1.94182
48 33 4.54031 -2.64592
48 34 27.0227 -2.98525
48 35 9.94756 2.19475
48 36 44.3843 18.5161
48 37 44.3147 28.4641
48 38 58.2809 38.8059
48 39 135.013 66.5212
48 40 212.161 157.221
48 41 179.114 145.936
48 42 249.842 197.79
48 43 201.173 178.694
48 44 279.884 320.584
48 45 228.293 253.813
48 46 275.528 318.52
48 47 282.606 379.878
48 48 167.561 188.302
48 49 149.787 263.624
48 50 131.341 218.498
48 51 77.6203 112.374
48 52 81.6992 151.951
48 53 7.47708 38.6371
48 54 4.79872 3.8689
48 55 20.6109 18.4252
48 56 15.9506 25.3949
48 57 16.4551 -0.277364
48 58 3.48548 9.54262
48 59 8.64037 -6.18218
48 60 25.811 17.3596
48 61 7.62531 14.5796
48 63 2.12075 1.74331
48 66 15.5598 12.4333
49 34 29.5075 -3.80176
49 35 12.2311 6.99038
49 36 23.7462 7.70887
49 37 40.171 20.7027
49 38 48.8935 35.6535
49 39 103.71 64.9243
49 40 106.002 53.1854
49 41 154.441 158.324
49 42 176.402 108.992
49 43 193.297 197.668
49 44 235.718 237.775
49 45 183.827 220.149
49 46 205.136 276.351
49 47 230.713 302.471
49 48 139.93 208.43
49 49 113.293 199.258
49 50 143.197 198.479
49 51 51.4128 120.815
49 52 94.247 162.56
49 53 28.5478 60.0905
49 54 -0.61908 39.6822
49 55 6.2557 2.19497
49 56 10.6548 27.6506
49 57 2.30463 1.05054
49 58 15.7447 16.6637
49 59 18.7924 -13.3709
49 60 4.3495 3.42674
49 61 4.11259 7.04859
49 62 7.10915 17.1556
49 63 3.24676 5.90699
49 64 -8.33071 20.7735
49 66 8.98129 12.3987
50 34 30.9664 -1.52427
50 35 13.4631 2.70872
50 36 10.4914 7.80753
50 37 57.6174 25.6466
50 38 59.1417 33.3334
50 39 132.585 79.7673
50 40 124.888 88.3897
50 41 139.718 117.475
50 42 149.826 116.34
50 43 221.851 203.589
50 44 148.22 138.455
50 45 149.335 194.138
50 46 158.339 191.067
50 47 265.239 327.405
50 48 159.967 248.575
50 49 131.751 181.041
50 50 87.2716 142.119
50 51 69.3283 135.455
50 52 31.0262 72.1918
50 53 34.9368 89.0268
50 54 7.5472 14.8492
50 55 -11.4564 22.7003
50 56 -2.8814 5.1248
50 57 -0.406712 -3.82024
50 58 7.37262 8.18539
50 59 8.3201 4.98439
50 60 6.3398 5.37674
50 61 11.5461 14.6475
50 62 -9.45535 2.53727
50 64 12.5091 28.2539
50 65 -3.58161 -4.144
51 33 1.07088 3.14562
51 34 24.7392 -6.62929
51 35 17.9637 4.49237
51 36 9.27033 1.01681
51 37 41.891 17.2095
51 38 61.8936 26.4505
51 39 116.729 66.2628
51 40 112.9 94.4608
51 41 122.174 124.683
51 42 120.325 100.898
51 43 238.745 209.914
51 44 140.525 186.621
51 45 172.194 173.469
51 46 173.967 208.508
51 47 163.221 263.083
51 48 202.559 285.916
51 49 116.932 184.426
51 50 87.1502 132.916
51 51 73.5471 140.522
51 52 37.9238 53.1169
51 53 29.2378 44.676
51 54 -5.24723 11.4149
51 55 7.58915 18.3346
51 56 3.28694 -7.378
51 57 2.6857 1.25207
51 58 -1.74688 4.57938
51 60 6.00472 5.55127
51 61 26.228 1.9218
51 62 -14.4019 8.64638
51 64 -5.0862 7.50964
51 65 0.0220876 17.3834
51 66 14.9229 5.12286
52 33 5.90238 4.26653
52 34 30.7173 -14.9366
52 35 8.60464 -2.98751
52 36 19.19 -1.70476
52 37 78.579 36.8088
52 38 36.1794 20.8714
52 39 88.5765 60.649
52 40 80.4178 57.5081
52 41 120.66 97.2659
52 42 119.737 95.3916
52 43 179.839 143.095
52 44 106.584 133.723
52 45 167.357 172.817
52 46 144.003 159.186
52 47 168.294 255.333
52 48 202.295 242.33
52 49 99.602 228.127
52 50 112.406 126.963
52 51 67.299 85.911
52 52 75.6115 128.975
52 53 9.22192 18.9394
52 54 -4.90929 3.8798
52 55 9.93547 5.0636
52 56 -18.1229 0.075882
52 57 7.30469 2.0994
52 58 4.87997 3.44891
52 60 1.81841 8.74316
52 61 2.45328 0.166717
52 62 0.263327 6.59964
52 63 4.54856 20.9088
52 64 -1.30467 29.0734
52 65 -11.2078 45.883
52 66 10.2469 16.704
53 33 2.79566 3.43606
53 34 26.7906 -2.56409
53 35 21.0126 5.93817
53 36 15.1855 1.26583
53 37 24.3372 4.59576
53 38 36.6336 22.9701
53 39 105.822 70.5861
53 40 92.6366 62.9111
53 41 98.3013 71.9019
53 42 95.6423 86.1782
53 43 140.319 113.078
53 44 134.669 146.877
53 45 151.694 157.024
53 46 131.756 170.615
53 47 152.648 156.854
53 48 165.929 238.7
53 49 102.272 166.374
53 50 103.833 111.769
53 51 68.3181 69.729
53 52 64.7221 137.457
53 53 2.4781 26.0815
53 54 -6.7376 14.7514
53 55 23.8252 16.2592
53 56 -29.0501 2.21121
53 57 3.34733 1.66221
53 58 18.7536 10.6299
53 59 1.92798 1.63519
53 60 1.16171 9.36064
53 61 8.04739 1.39103
53 62 1.32105 23.0973
53 63 0.868644 6.24915
53 64 5.32126 9.90152
53 66 3.20559 13.9096
54 33 3.72808 1.10085
54 34 7.77705 8.41081
54 35 1.27031 0.426116
54 36 15.4902 4.29422
54 37 28.196 6.63841
54 38 27.8547 19.9853
54 39 75.0152 44.2357
54 40 102.462 78.9034
54 41 77.5866 54.8687
54 42 103.785 89.7788
54 43 106.97 103.017
54 44 173.702 152.367
54 45 147.796 154.325
54 46 110.588 107.877
54 47 132.929 142.101
54 48 104.856 155.1
54 49 97.1985 143.169
54 50 69.6796 55.9854
54 51 60.9774 53.1669
54 52 22.5702 65.7046
54 53 25.6463 39.4157
54 54 -7.29782 7.57953
54 55 24.2046 -2.51847
54 56 -8.27867 18.5347
54 57 1.06919 -1.21169
54 58 0.3749 -1.94793
54 59 2.02252 7.06916
54 60 6.9958 -0.51667
54 61 9.29224 4.48819
54 62 4.99693 4.30385
54 63 1.43054 1.17192
54 64 -7.10801 -3.26627
54 66 22.4056 -2.61363
55 33 0.908121 -0.188175
55 34 3.03842 6.76419
55 35 3.60952 4.37243
55 36 26.0222 1.38013
55 37 3.18292 1.60631
55 38 23.0748 14.2248
55 39 79.0832 59.1632
55 40 72.8418 59.6758
55 41 81.5753 55.3561
55 42 96.5471 82.3295
55 43 64.2301 72.0661
55 44 120.598 109.839
55 45 126.355 124.668
55 46 112.684 125.426
55 47 123.049 166.349
55 48 93.1311 169.525
55 49 82.7552 104.599
55 50 30.4533 42.8765
55 51 27.7184 25.0709
55 52 30.5186 17.2704
55 53 6.38071 14.73
55 54 -10.189 -1.7575
55 56 20.4129 6.16173
55 57 7.74659 -0.108328
55 58 -0.190321 19.1224
55 59 1.53391 6.42743
55 60 -2.39023 9.67617
55 61 9.50537 10.0764
55 62 -0.569245 11.2552
55 63 6.4723 1.68966
55 64 -22.4984 -10.4853
55 65 12.0399 -7.80314
56 34 7.63497 2.53052
56 35 14.0168 4.65789
56 36 7.03165 1.2929
56 37 3.63145 1.74949
56 38 20.6595 13.1465
56 39 74.1605 51.0319
56 40 41.1189 36.5847
56 41 115.751 93.8166
56 42 86.6284 74.9583
56 43 63.6518 60.6696
56 44 124.397 121.08
56 45 88.8527 95.1269
56 46 122.513 129.307
56 47 129.711 150.164
56 48 116.812 127.703
56 49 74.9844 109.985
56 50 74.4655 95.3543
56 51 45.0617 45.369
56 52 18.1756 21.0745
56 53 -4.08009 2.59088
56 54 4.25375 10.6296
56 55 -7.63882 44.715
56 56 19.4365 -3.85981
56 57 3.39103 6.3788
56 58 6.77646 8.53215
56 59 19.202 18.4907
56 60 12.2191 11.7247
56 61 14.0372 6.78973
56 62 3.5002 10.1427
56 64 0.845249 1.87524
56 65 2.04842 1.33854
57 34 2.65605 -0.301696
57 35 23.0175 3.14022
57 36 8.3194 1.46416
57 37 6.10038 1.0749
57 38 39.5111 22.0302
57 39 52.749 31.7794
57 40 66.1579 36.4283
57 41 96.1687 70.1818
57 42 48.9763 49.3439
57 43 51.12 48.1041
57 44 110.714 102.94
57 45 76.0378 115.948
57 46 97.5934 101.121
57 47 105.607 102.336
57 48 96.0497 94.6094
57 49 98.3701 144.15
57 50 71.7108 75.2553
57 51 48.4133 52.8883
57 52 19.9352 22.7461
57 54 16.1964 1.97229
57 55 7.3856 7.19799
57 56 17.3976 27.8406
57 57 12.4158 14.7475
57 58 17.2826 16.1064
57 59 -8.77052 -17.2391
57 60 1.59551 9.51196
57 61 17.3616 9.60605
57 62 9.59012 1.94742
57 63 4.51911 -3.8682
57 64 2.03852 1.59291
57 65 8.19151 -6.20405
57 66 5.35884 0.970147
58 34 10.6344 -2.85324
58 35 29.266 -0.752727
58 36 11.0519 2.47782
58 37 6.39844 2.97387
58 38 35.5493 15.5532
58 39 38.9265 18.6217
58 40 34.4914 28.2066
58 41 61.2309 50.1352
58 42 53.8109 45.7736
58 43 81.046 66.0326
58 44 114.14 94.3823
58 45 126.154 111.992
58 46 111.719 116.029
58 47 87.877 72.4647
58 48 85.8766 117.617
58 49 86.485 132.063
58 50 65.233 70.0157
58 51 29.1106 28.8667
58 52 13.5463 -2.18271
58 53 -16.2354 7.39411
58 54 29.3084 7.81602
58 55 7.65224 4.34191
58 56 -4.46281 3.04281
58 57 10.5165 8.13252
58 58 12.0782 1.64152
58 59 -15.9564 26.9531
58 60 10.3123 5.59174
58 61 18.3235 7.69862
58 62 13.1927 19.1433
58 63 -6.21447 2.53007
58 64 2.42688 1.89289
58 65 7.24328 -7.11502
58 66 0.382806 0.178087
59 34 11.9573 -2.33291
59 35 0.896238 0.332098
59 36 26.0015 10.4467
59 37 5.12493 2.37752
59 38 20.4484 10.8023
59 39 33.9467 18.9562
59 40 40.9168 30.6662
59 41 26.9406 56.771
59 42 58.317 40.6522
59 43 79.6296 71.8922
59 44 112.087 86.34
59 45 82.162 82.4958
59 46 105.959 105.588
59 47 52.9995 52.3757
59 48 80.8518 93.8736
59 49 51.4591 73.9208
59 50 50.1227 103.633
59 51 17.1487 13.2527
59 52 6.03005 0.391371
59 53 10.059 -4.60722
59 54 -4.63648 5.94853
59 55 29.3471 25.0884
59 56 -5.14601 8.3133
59 57 15.2636 9.94467
59 58 -2.01901 -0.467402
59 59 -4.49759 9.60387
59 60 10.9583 5.45584
59 61 22.2595 12.266
59 63 -4.8759 2.08042
59 64 6.55167 -0.81947
59 65 15.7861 11.2177
59 66 0.828972 0.382159
60 34 5.17562 -2.84659
60 35 3.33762 2.93307
60 36 3.3725 1.08048
60 37 -1.9405 -0.131095
60 38 3.95018 1.9021
60 39 37.5975 18.7205
60 40 48.3374 26.2036
60 41 53.6626 51.8708
60 42 53.9615 31.8075
60 43 112.083 108.021
60 44 66.5955 61.8732
60 45 70.7798 71.2698
60 46 80.5282 68.1403
60 47 45.9164 52.621
60 48 55.8808 87.4796
60 49 35.7959 46.7113
60 50 34.3897 97.7292
60 51 31.0085 32.0753
60 52 5.32461 0.154723
60 54 7.99759 1.7773
60 55 22.738 6.63848
60 56 -7.96079 5.17276
60 57 -15.8723 5.97382
60 58 3.99131 11.9907
60 59 8.61959 -0.773338
60 60 28.1756 4.61961
60 61 32.2295 2.62017
60 62 -9.78682 7.32065
60 63 -4.38507 -0.654259
60 64 1.40279 1.1491
60 65 11.4983 5.97446
61 33 0.0729191 0.067043
61 34 1.74225 0.340908
61 36 6.45641 2.11969
61 37 4.55772 1.36228
61 38 9.49214 2.94426
61 39 20.4916 11.1641
61 40 46.9432 30.5441
61 41 32.8002 19.4019
61 42 62.9738 43.6232
61 43 87.0982 76.4437
61 44 65.7326 55.0216
61 45 104.134 94.2143
61 46 101.528 56.3579
61 47 46.8064 58.2211
61 48 70.2496 55.0701
61 49 29.5224 54.8759
61 50 50.2301 67.262
61 51 19.9834 40.801
61 52 10.5025 3.13975
61 53 -0.318099 -1.19922
61 55 7.87319 12.2946
61 56 -13.4336 24.1632
61 57 -12.0194 18.8419
61 58 -2.64384 2.35808
61 59 3.35792 3.15446
61 60 44.9642 16.4537
61 61 8.37416 6.11223
61 62 1.11578 1.20714
61 65 4.69816 4.64637
62 33 0.57554 3.66817
62 34 5.6938 0.141846
62 36 5.154 1.62536
62 37 14.7086 4.73672
62 38 13.7583 4.32832
62 39 21.6233 11.4883
62 40 42.3593 24.0666
62 41 34.5188 30.2695
62 42 39.3225 30.3747
62 43 56.8464 53.1377
62 44 38.4456 34.8623
62 45 40.9913 37.7654
62 46 38.6198 27.0714
62 47 27.8667 36.3615
62 48 58.2826 74.0755
62 49 39.6017 39.0852
62 50 55.0236 74.2991
62 51 37.2462 43.5312
62 52 21.3778 14.149
62 53 6.35794 -0.715553
62 54 -6.80728 13.3259
62 55 12.4811 1.93077
62 56 -23.9395 29.6192
62 57 -2.21861 4.05334
62 58 4.08625 9.00914
62 59 8.80622 7.25482
62 60 13.1897 9.99636
62 61 2.07928 1.65676
62 62 1.48131 1.57793
62 63 0.68284 0.738499
62 64 -2.44286 2.13233
62 65 6.47287 6.37635
62 66 0.66935 0.822775
63 34 16.0379 -1.33742
63 35 2.1271 1.14925
63 36 2.9423 0.844615
63 38 21.8601 8.85754
63 39 23.895 10.2164
63 40 38.9008 34.1578
63 41 39.9719 29.139
63 42 65.8805 31.3873
63 43 49.2715 43.5214
63 44 27.1072 26.1089
63 45 49.9654 51.661
63 46 38.5046 45.2857
63 47 31.9984 43.6169
63 48 34.7068 39.8092
63 49 17.7662 25.8104
63 50 41.5865 94.846
63 51 44.2409 48.006
63 52 11.5521 14.2648
63 53 4.84576 -0.578321
63 54 0.337015 -0.656682
63 55 -4.71791 20.4922
63 56 -3.41922 7.58349
63 57 12.9399 6.51128
63 58 2.77475 -0.317196
63 59 2.95032 7.9308
63 60 -3.76923 -1.14219
63 61 6.18247 7.78099
63 62 4.59059 0.768846
63 63 5.29536 1.64695
63 64 -7.63358 14.2494
63 65 2.14263 1.84582
63 66 2.91132 3.32308
64 33 0.690377 -0.335238
64 34 4.57227 -0.394851
64 35 7.73848 4.90924
64 36 5.29356 1.6798
64 38 4.0798 -2.37439
64 39 11.7408 6.76381
64 40 34.3647 23.237
64 41 31.0987 22.434
64 42 49.3248 33.6605
64 43 63.1361 58.0399
64 44 42.2453 37.8577
64 45 22.8855 25.3297
64 46 23.4213 27.5846
64 47 41.6915 48.3463
64 48 9.39168 10.3524
64 49 23.1945 42.2911
64 50 28.0563 38.071
64 51 38.0372 41.8155
64 52 7.91731 4.75744
64 53 11.0816 0.185907
64 55 19.2806 -2.19515
64 56 4.86303 7.84726
64 57 16.9357 4.51449
64 58 15.5933 -6.86925
64 59 16.6062 13.5995
64 60 4.507 16.8825
64 61 -6.15193 9.44576
64 62 3.93582 3.11041
64 63 12.3981 3.48708
64 64 -7.35284 11.7617
64 65 -4.46321 7.55022
64 66 3.67923 25.3598
65 34 2.57255 -0.170867
65 35 7.35592 0.15895
65 36 -2.63052 10.3581
65 37 0.535036 -5.72916
65 38 7.21175 7.15364
65 39 10.1497 7.11651
65 40 28.8709 19.5561
65 41 22.0612 24.1032
65 42 46.194 30.1191
65 43 38.0766 19.803
65 44 45.4861 47.9027
65 45 39.3257 39.618
65 46 35.3837 3.53361
65 47 44.1289 53.5438
65 48 18.0436 7.86733
65 49 26.8537 20.8553
65 50 26.8678 29.7371
65 51 12.6582 10.4752
65 52 32.5363 6.84587
65 53 -11.617 -0.567274
65 55 12.4425 7.09906
65 56 5.66814 1.21655
65 57 5.29337 6.42375
65 58 21.9268 8.3429
65 60 25.3103 12.2822
65 61 11.0104 27.3896
65 63 13.9039 3.01358
65 64 7.78326 3.93161
65 65 -1.28487 9.73994
65 66 3.75824 4.03427
66 33 0.733096 4.22414
66 34 3.54875 -0.601641
66 35 9.60396 -1.23947
66 36 8.43789 4.9525
66 37 2.07958 -9.74069
66 38 5.8027 1.21601
66 39 18.6966 9.8296
66 40 19.2211 20.5048
66 41 39.051 38.5801
66 42 20.1915 11.5719
66 43 42.8884 26.9562
66 44 47.6738 55.712
66 45 14.1405 14.045
66 46 26.0244 25.0826
66 47 45.4857 38.8586
66 48 26.2036 21.0351
66 49 8.65997 9.06014
66 50 34.1558 7.25523
66 51 27.545 24.7969
66 52 19.9361 -0.149728
66 53 -9.44324 4.26449
66 55 7.36081 3.78373
66 56 7.24774 8.60744
66 57 10.13 5.76693
66 58 7.19357 0.850577
66 59 17.207 -5.34176
66 60 0.344311 -0.202081
66 61 21.4812 32.0659
66 62 1.72551 11.2855
66 63 1.44007 2.65969
66 65 7.28668 -4.28883
66 66 12.0561 6.68399
67 33 0.0360302 0.200272
67 34 0.15048 0.03265
67 35 0.477396 -0.0343128
67 36 0.539741 0.27229
67 37 0.0416985 0.210036
67 38 0.172015 -0.0139035
67 39 0.727415 0.203391
67 40 1.34783 0.604668
67 41 2.72875 0.758757
67 42 1.03241 1.11034
67 43 3.77779 0.36261
67 44 2.12744 2.08739
67 45 0.630396 0.627615
67 46 0.97767 0.942506
67 47 1.26115 1.33746
67 48 0.89343 0.694312
67 49 0.2063 0.287752
67 50 0.96514 0.150939
67 51 1.41353 0.806702
67 52 0.570389 0.0937704
67 53 0.260803 0.236753
67 55 0.509916 0.308573
67 56 0.18026 0.296382
67 57 4.55203 3.34716
67 58 0.283103 0.214644
67 61 1.85742 1.62192
67 62 0.116705 -0.0580187
67 63 0.156871 0.760931
67 65 0.385447 -0.285381
67 66 0.286355 0.264693
