0 33 1.22982 2.14378
0 34 1.57331 3.59672
0 35 -1.37208 1.13308
0 36 0.972043 1.80463
0 37 -0.306957 1.02839
0 38 0.764384 1.49674
0 39 -0.0669982 1.08819
0 40 -2.11593 2.20965
0 41 -3.62902 -0.780581
0 42 -0.124791 -0.963707
0 43 -0.156773 0.256722
0 44 0.712076 0.196659
0 45 -1.52278 -0.0663862
1 33 -0.659662 14.7137
1 34 -4.35327 4.7618
1 35 -3.00449 4.7398
1 36 1.54791 2.7846
1 37 -6.02584 2.43083
1 38 -5.57965 5.77665
1 39 0.429224 2.31154
1 40 -0.0271672 2.79298
1 41 3.22909 2.13757
1 42 -0.21714 1.8724
1 43 0.0574554 -2.08817
1 44 -0.114376 1.1968
1 45 0.0874494 -0.179457
1 46 -0.83322 0.227783
1 49 0.0462703 0.434651
1 50 -0.381017 -1.29063
1 51 0.0200149 0.0355047
1 57 -0.0946482 0.309898
2 33 -3.73851 25.6762
2 34 1.71025 14.1557
2 35 0.0971213 8.1458
2 36 -4.7001 10.6983
2 37 -6.96856 4.21193
2 38 -5.44604 3.99484
2 39 -1.73285 1.82028
2 40 0.170204 6.25341
2 41 -3.66378 1.2549
2 42 -0.823683 2.02098
2 43 -2.17099 0.0793066
2 44 -0.45997 1.04273
2 45 0.685104 1.16134
2 47 -0.0410305 -0.428056
2 48 0.0350757 0.0858842
2 49 0.034687 -0.00243197
2 50 0.274251 0.0200524
2 51 -0.406543 0.252674
2 52 0.0855006 -0.357397
2 55 -0.125236 0.168808
2 56 0.0505035 -0.0533144
3 33 5.4889 26.2394
3 34 1.41218 8.52074
3 35 5.02034 14.3758
3 36 9.6092 14.6977
3 37 4.10508 2.3013
3 38 -5.13189 11.3721
3 39 4.58736 8.20457
3 40 4.62017 -0.441871
3 41 6.09252 0.543976
3 42 -0.20137 0.899479
3 43 3.00315 0.523075
3 44 2.37612 1.06846
3 45 0.536899 0.412299
3 46 -0.645891 -0.560074
3 47 -0.33434 -0.551358
3 48 -0.183748 -0.252772
3 50 0.309924 -0.0127468
3 51 0.11783 0.389074
3 52 -1.99367 -0.00444827
3 53 -0.0697038 0.0548893
3 54 -0.908039 0.580025
3 55 -0.350524 0.11918
3 56 -0.38449 0.120451
3 64 -0.0881801 0.058447
3 66 0.000266657 0.754171
4 33 -4.04044 33.391
4 34 3.12505 11.8594
4 35 -4.38847 10.8563
4 36 -0.675089 5.47331
4 37 5.09279 10.3132
4 38 8.23355 6.52596
4 39 -0.712987 7.47527
4 40 1.7857 6.14742
4 41 7.6963 8.38807
4 42 1.91561 -1.70136
4 43 1.03145 1.44405
4 44 -0.554829 1.57106
4 45 -0.72245 1.03635
4 46 -0.825371 0.904411
4 47 -0.0123371 0.253103
4 48 1.0163 1.1772
4 49 -0.472235 -0.43675
4 51 0.294893 0.709631
4 52 0.337169 0.779171
4 54 -0.466306 0.588264
4 58 -0.94006 0.181629
4 62 -1.30757 -0.751645
4 66 0.563346 -0.27152
5 33 -2.05832 32.9748
5 34 2.65379 20.9952
5 35 6.91783 2.20398
5 36 3.55823 15.3007
5 37 10.7701 13.1022
5 38 1.45996 1.43439
5 39 -6.83963 0.735902
5 40 5.41949 7.26896
5 41 4.87628 7.21474
5 42 -0.204657 1.97216
5 43 0.543006 -0.484618
5 44 1.81698 1.04165
5 45 0.628585 -0.3368
5 46 0.597614 -0.688327
5 47 1.28347 -0.166199
5 49 -0.964856 -0.0305943
5 50 1.19939 0.263018
5 51 -0.852243 -0.0936382
5 52 -1.41363 -0.273785
5 53 0.043152 0.0153644
5 56 -0.0243082 -0.00199187
5 61 0.790447 -0.571183
5 62 0.170942 -0.149546
5 63 -0.307746 0.0269651
6 33 3.04373 31.8469
6 34 -5.72426 13.8644
6 35 -2.37205 12.5065
6 36 10.6877 10.5377
6 37 -2.07503 8.48409
6 38 2.61686 10.0614
6 39 1.00458 4.65595
6 40 -7.76479 -0.409107
6 41 -2.07582 4.26435
6 42 9.13615 0.893327
6 43 1.39969 2.60088
6 44 0.375949 0.713962
6 45 -1.16318 1.23417
6 46 2.90937 -0.757299
6 47 0.431676 2.17939
6 48 -0.667378 0.169079
6 49 0.851058 -0.944952
6 50 -1.80111 1.49138
6 51 -0.454917 0.67071
6 52 0.0434361 0.00277443
6 53 0.0441736 0.0501182
6 54 0.218653 0.115539
6 55 0.0829357 0.0321718
6 56 0.0602123 -0.0102248
6 60 0.308504 0.0618024
6 62 1.16924 -0.379059
7 33 8.00467 34.7301
7 34 10.5899 18.5613
7 35 1.50843 20.9046
7 36 4.64897 8.39677
7 37 9.21046 18.8943
7 38 4.20418 15.3605
7 39 2.40837 8.42149
7 40 -0.497722 8.24112
7 41 3.25612 4.23775
7 42 0.135567 7.35995
7 43 2.67606 7.80277
7 44 -3.42842 0.841412
7 45 2.25329 -0.35126
7 46 0.481959 0.041407
7 47 0.382759 -1.22566
7 48 -0.125553 0.0153964
7 49 0.768173 -1.01295
7 50 0.125614 -0.358408
7 51 0.578515 0.0383129
7 52 -0.493847 -0.175951
7 54 -0.0640234 -0.0137161
7 56 0.012393 0.194543
7 57 -0.770031 -0.143745
7 58 0.328945 -0.144579
7 59 0.0319124 6.09776e-05
7 62 -1.14454 0.40323
8 33 8.24538 31.7171
8 34 11.5155 26.3202
8 35 8.48141 1.98484
8 36 8.65013 5.72782
8 37 -7.2232 4.14235
8 38 -5.88076 12.6092
8 39 -2.96632 4.78053
8 40 8.1652 10.0423
8 41 1.28771 2.77302
8 42 -8.99747 0.162904
8 43 0.861272 -0.406596
8 44 0.269233 -1.40564
8 45 1.27787 0.586565
8 46 1.51012 0.00147971
8 47 -0.140361 0.339818
8 48 0.899815 -0.596539
8 49 1.08049 1.04077
8 50 0.247534 0.814761
8 51 -0.289762 0.504473
8 52 -2.0897 -0.732183
8 53 0.592168 0.0570679
8 54 0.205825 -0.0410489
8 56 0.295617 -0.0793211
8 57 -0.539767 0.274474
8 66 0.103331 0.136422
9 33 -5.10583 30.8386
9 34 2.90819 2.98618
9 35 8.89544 7.6605
9 36 12.6185 19.166
9 37 12.0061 14.4772
9 38 -4.52047 3.92331
9 39 5.09095 8.32562
9 40 9.4005 14.9854
9 41 1.7443 11.7427
9 42 10.5993 1.25094
9 43 4.43658 1.91682
9 44 3.47507 1.80145
9 45 0.090941 0.613761
9 46 2.80125 2.82215
9 47 -2.41852 1.7498
9 48 1.01226 0.987546
9 49 0.292146 0.553517
9 50 -1.39777 1.11874
9 51 -1.29702 0.099632
9 52 -0.295662 0.421801
9 53 -2.07584 0.83944
9 54 1.01347 0.27456
9 55 0.0980619 -0.041983
9 56 0.0212492 0.0117998
9 58 -0.0163416 -0.0763667
9 59 -0.00139304 -0.000128897
9 61 0.0920736 0.0961484
9 62 -0.423933 -0.09617
9 64 0.269258 0.203285
10 33 10.0886 29.1091
10 34 8.80022 10.8313
10 35 2.19677 16.2663
10 36 4.09937 9.00991
10 37 9.42353 6.90202
10 38 -1.42645 0.98976
10 39 -0.533222 8.03175
10 40 -5.63158 5.40793
10 41 1.15678 4.6402
10 42 2.51285 4.95402
10 43 2.24554 1.17217
10 44 -3.22032 -1.04143
10 45 1.60156 0.501868
10 46 -0.706443 1.87856
10 47 0.398044 0.333372
10 48 0.558949 0.511625
10 49 -1.73408 0.218744
10 50 2.01989 2.21026
10 53 0.500919 -0.180379
10 54 0.77766 0.364436
10 55 -0.477815 0.0869626
10 62 0.498878 -0.724155
11 33 1.5137 25.8689
11 34 -2.51503 0.637674
11 35 14.8504 13.3887
11 36 7.37746 15.029
11 37 8.02888 9.65748
11 38 2.29491 11.8614
11 39 4.37555 14.1265
11 40 7.81342 4.78612
11 41 -7.51764 4.97337
11 42 4.79817 6.78855
11 43 0.658982 -1.67464
11 44 2.11757 2.9425
11 45 0.566579 -0.493304
11 46 -1.64235 1.11224
11 47 0.24399 -0.424508
11 48 -0.235909 0.625171
11 49 -1.06205 0.476671
11 50 0.661158 0.745949
11 51 -0.191233 -0.0770074
11 52 0.285246 -0.292238
11 53 0.493439 -0.168775
11 54 0.0167119 0.131804
11 56 0.218289 -0.758778
11 57 -0.0595343 0.0379333
11 59 -0.738489 1.41623
11 63 0.399873 0.0419647
12 33 -6.03364 21.1441
12 34 4.75057 -0.533305
12 35 2.20894 6.79928
12 36 8.54769 4.23913
12 37 4.31896 5.75566
12 38 7.7841 11.1439
12 39 0.720552 -0.0346219
12 40 -0.105188 -3.48868
12 41 -2.66571 3.81876
12 42 2.95358 1.25981
12 43 5.2726 5.53604
12 44 4.54538 3.01854
12 45 -0.739878 1.98999
12 46 2.74935 1.01067
12 47 -1.23322 1.3474
12 48 -0.427462 0.671288
12 49 0.0470805 1.42865
12 50 2.16361 2.16937
12 51 -0.188616 -0.00774327
12 52 -0.0649549 0.0546478
12 53 -0.515228 0.428892
12 55 0.119121 -0.181554
12 56 -1.69491 -0.0438781
12 57 0.196796 0.0137937
12 58 0.897019 -0.958838
12 59 0.51776 -0.392898
12 60 0.0384857 0.0236315
12 61 0.118831 0.191776
12 64 0.672624 0.255978
12 65 -0.105496 -0.24024
13 33 6.4249 16.8164
13 34 5.18767 11.5531
13 35 -2.61482 13.0137
13 36 -2.94927 8.79269
13 37 0.198183 10.7056
13 38 7.50562 1.38376
13 39 -4.75027 3.16524
13 40 9.12808 -1.09891
13 41 8.01913 7.16551
13 42 -1.10524 -0.893628
13 43 1.27032 4.45299
13 44 0.858649 2.48641
13 45 -0.414598 1.03222
13 46 0.633807 1.83606
13 47 2.26768 0.0445764
13 48 2.23822 -0.62194
13 49 -1.20556 1.58589
13 50 0.845512 2.12866
13 51 -0.0285647 0.0408741
13 52 0.572077 0.154209
13 53 -0.20295 0.202313
13 54 0.617306 0.452917
13 55 0.170537 -0.0706023
13 56 -0.0950798 -0.000391161
13 57 0.458634 -0.629868
13 58 0.217403 -0.00853581
13 61 -0.532133 0.000405896
13 62 0.00366215 0.000897994
13 63 0.847052 0.103168
14 33 3.06598 11.123
14 34 6.21834 4.13653
14 35 3.98979 2.03888
14 36 0.576613 -2.27283
14 37 3.83451 3.46231
14 38 4.91887 4.10872
14 39 4.36035 6.81376
14 40 -0.525887 1.51341
14 41 6.35861 1.73476
14 42 3.32502 8.10498
14 43 -0.0429579 3.20111
14 44 -0.509179 1.81956
14 45 0.408685 -0.440276
14 46 -0.37846 0.379692
14 47 0.423688 0.846504
14 48 0.945917 0.268059
14 49 -2.08296 0.432878
14 50 1.878 -1.02112
14 51 0.806568 1.61097
14 52 -1.03465 0.550104
14 53 0.195624 0.0520824
14 54 0.55231 1.18805
14 55 0.682349 0.214432
14 56 0.00974052 -0.0112541
14 57 -1.27718 0.381741
14 59 0.591532 0.064294
14 60 -0.380101 0.44097
14 61 -0.0834078 0.41219
14 62 0.268836 -0.416575
15 33 0.000572564 12.6865
15 34 4.46271 7.06542
15 35 -3.64148 5.43925
15 36 2.44741 7.78051
15 37 8.26464 2.13886
15 38 13.7036 2.88701
15 39 5.82249 -0.101731
15 40 0.960541 4.24263
15 41 -2.37611 1.933
15 42 1.79752 -0.562839
15 43 5.23244 -1.35821
15 44 2.74162 -1.13173
15 45 2.79633 0.390385
15 46 1.62651 -1.534
15 47 0.138136 -0.355735
15 48 -1.24464 0.768939
15 49 0.453972 0.957596
15 50 0.219327 -0.521056
15 51 1.55561 1.0617
15 52 -1.71021 -0.586083
15 53 0.111655 -0.0324754
15 54 -0.922838 -0.552312
15 55 -0.521728 1.12635
15 56 -0.13377 0.174005
15 57 1.17711 -0.381372
15 58 -0.447179 0.0458833
15 59 0.6879 0.635051
15 60 1.38844 0.525624
15 62 0.383891 -0.0984591
15 65 0.0119643 0.00363764
15 66 -0.0591695 -0.108906
16 33 -3.23454 7.70076
16 34 6.55095 -4.34174
16 35 -9.59463 1.90681
16 36 16.4245 4.13654
16 37 5.0781 -0.149159
16 38 7.0928 3.47216
16 39 6.68661 6.31118
16 40 12.539 3.21458
16 41 3.96567 4.67955
16 42 2.23825 1.97147
16 43 3.41824 3.62018
16 44 2.05842 0.929069
16 45 2.51174 0.0624113
16 46 -0.469754 0.438524
16 47 1.24841 1.24596
16 48 -1.62578 0.896077
16 49 1.34454 0.329403
16 50 0.0777874 -0.021733
16 51 -0.831228 0.782161
16 52 -1.18791 0.239902
16 53 2.29295 0.416953
16 54 -0.0679049 -0.0217505
16 57 0.368434 -0.252565
16 59 -0.130467 -0.0281673
16 60 0.0133418 0.0481562
16 64 0.0208657 -0.00406607
16 65 -0.163765 -0.0917962
16 66 -0.0610554 -0.00826571
17 33 2.9196 6.9757
17 34 0.316317 0.233725
17 35 6.54905 3.60487
17 36 -1.56918 7.72673
17 37 4.60696 -7.24833
17 38 10.0673 -1.58435
17 39 7.9881 7.69722
17 40 7.58731 2.77487
17 41 9.09066 0.368976
17 42 6.12686 -3.1763
17 43 4.08797 0.0682939
17 44 2.55556 2.18576
17 45 2.58318 1.79409
17 46 2.52398 1.5934
17 47 -0.170352 2.06719
17 48 2.24949 1.63461
17 49 0.0727897 1.01989
17 50 0.0330862 0.040218
17 52 1.92062 -0.67792
17 53 0.59412 -0.105328
17 54 0.281402 0.0518132
17 55 0.0412159 0.0389325
17 57 0.769385 0.24126
17 58 -0.0736121 0.0814094
17 59 -0.223756 0.556977
17 60 0.00744094 -0.0828008
17 63 0.229536 -0.184756
17 66 -0.221144 0.0669724
18 33 -0.644541 4.61269
18 34 7.46152 -2.10714
18 35 6.60673 5.87917
18 36 3.52615 2.87164
18 37 11.306 2.10725
18 38 -1.6488 -1.45304
18 39 -1.18254 0.0527054
18 40 11.6444 8.42379
18 41 7.23437 3.82638
18 42 9.86521 0.598736
18 43 1.43017 0.395683
18 44 6.10172 -0.498874
18 45 2.76447 -1.46736
18 46 2.34385 1.80654
18 47 3.92628 0.821496
18 48 -0.114878 1.81388
18 49 1.94312 1.77117
18 50 -0.616932 0.932235
18 51 0.137755 -1.64174
18 52 0.794531 -0.212694
18 53 0.0369182 -0.25178
18 54 -0.00904979 -0.0108445
18 55 -0.344919 -0.318749
18 56 -0.0411559 0.645524
18 57 0.385605 0.241832
18 58 0.00800818 0.00727501
18 59 -0.0171985 -0.388761
18 62 0.108024 -0.0110188
18 63 0.937352 0.246622
18 64 -0.527796 -0.14819
18 66 -0.0876815 0.00592685
19 33 1.68346 0.65808
19 34 2.43734 -2.49847
19 35 -3.76494 0.507942
19 36 8.82578 2.85181
19 37 6.36399 1.37729
19 38 15.2103 2.50828
19 39 13.3726 1.29519
19 40 4.86282 7.71415
19 41 -6.38066 3.69032
19 42 9.37546 2.40147
19 43 5.75928 -0.163717
19 44 1.05501 2.05536
19 45 1.49653 1.95376
19 46 0.684456 -0.61205
19 47 -0.486446 1.00041
19 48 -0.211769 1.0351
19 49 0.92489 -0.472079
19 50 -2.2941 2.54651
19 51 -1.48919 1.62558
19 52 -0.418769 0.552594
19 54 0.879612 0.574199
19 55 0.165828 0.994023
19 57 -0.901343 -0.692941
19 59 0.893117 0.157805
19 60 -0.0466508 -0.0568902
19 61 -0.0706961 -0.0135096
19 62 0.261986 0.218531
19 63 0.0134101 1.3762
19 64 0.912427 -0.124758
19 66 0.0152448 -0.00534201
20 33 5.92389 -1.57081
20 34 -0.577925 -1.23518
20 35 1.42692 0.318883
20 36 -2.09626 -4.6287
20 37 -4.79574 1.33908
20 38 2.80641 3.24696
20 39 8.46057 1.67639
20 40 3.30512 3.57388
20 41 10.3569 0.321593
20 42 -0.273805 5.54866
20 43 0.591371 -0.477144
20 44 6.17352 -1.67836
20 45 0.551618 2.24085
20 46 -2.66859 1.91309
20 47 -2.19268 -0.356868
20 48 3.58438 0.589016
20 49 -0.306492 0.294864
20 50 0.0165674 -0.160429
20 51 -0.418763 1.16373
20 52 -0.301811 -1.8657
20 53 -0.482432 0.138235
20 55 1.27881 1.60365
20 56 -0.0728901 0.111389
20 57 -1.00443 -0.335099
20 58 1.19695 -1.34756
20 59 0.289245 -0.905739
20 60 -0.139481 0.0755972
20 62 0.108365 0.00621376
20 63 -0.67987 0.544578
20 64 0.990055 -1.13975
20 65 0.289848 0.0227488
21 33 3.88577 -2.44163
21 34 5.50523 3.08174
21 35 12.7101 -3.53521
21 36 0.600221 1.68405
21 37 0.782497 -0.211067
21 38 1.42497 2.53464
21 39 4.08863 0.540662
21 40 2.36806 2.05988
21 41 4.09729 0.605683
21 42 8.10809 0.863616
21 43 7.20711 -0.96971
21 44 -1.55913 0.459073
21 45 4.91263 3.37933
21 46 -2.14064 1.1806
21 47 -1.56517 -1.94414
21 48 0.0368105 0.682883
21 49 -0.860681 0.431381
21 50 0.465063 0.0250669
21 51 -0.333905 0.422965
21 52 -1.97843 -1.92822
21 53 0.0611039 0.248756
21 54 -0.331036 0.0933535
21 55 -0.676923 0.171516
21 56 0.910544 0.198077
21 57 -0.777342 -0.165907
21 58 -0.209637 1.55586
21 59 -0.657474 -0.072713
21 60 -0.0950746 0.0405412
21 61 -0.0540989 -0.00813402
21 63 0.19982 -0.0430399
21 64 0.363256 -0.0622399
21 65 0.09907 0.154732
21 66 1.16604 1.08003
22 33 -0.538692 -3.12211
22 34 2.5842 2.34835
22 35 3.30921 5.43278
22 36 6.34266 0.544037
22 37 2.45379 -0.0454046
22 38 7.06042 5.90502
22 39 8.13898 1.73123
22 40 10.5511 -1.30048
22 41 -0.312915 4.54181
22 42 8.03807 -2.02368
22 43 1.02776 0.780684
22 44 -0.547232 2.34889
22 45 0.899291 1.25302
22 46 -0.387279 0.27611
22 47 5.11957 2.53188
22 48 2.25349 2.63961
22 49 1.66803 1.1924
22 50 1.45366 0.62993
22 51 1.97363e-05 7.01402e-05
22 52 0.832681 -0.483308
22 53 1.26295 0.6139
22 54 -0.395042 0.717802
22 55 0.992057 -0.116496
22 56 -0.0251955 -0.351996
22 57 -0.0970215 0.0531013
22 58 1.01989 -0.404435
22 59 -0.760216 0.0160326
22 60 -0.164866 -0.0235797
22 61 -0.600278 -0.724339
22 63 0.37073 -0.180801
22 64 -0.448199 0.711757
22 65 0.624112 -0.0727179
22 66 0.0122473 0.0131672
23 33 -1.22504 -0.382925
23 34 6.0765 -3.22017
23 35 11.2766 -1.86788
23 36 13.8967 -1.43769
23 37 7.31728 1.32149
23 38 6.74383 0.975398
23 39 10.3326 2.27634
23 40 9.87325 -3.98209
23 41 9.40016 2.9227
23 42 5.34161 -0.522576
23 43 5.28056 4.12648
23 44 1.18771 3.14654
23 45 5.64307 2.5868
23 46 -0.474079 3.97822
23 47 0.485206 3.96127
23 48 0.427852 0.0173573
23 49 1.16204 0.605436
23 50 0.711578 -1.05045
23 51 0.264016 0.261167
23 52 0.874442 1.16543
23 53 0.879603 2.03147
23 54 0.125262 1.05268
23 55 -0.317922 0.356171
23 56 0.320269 -0.306856
23 57 -0.150787 0.0331311
23 58 -0.204012 0.0239619
23 59 0.842984 -0.158615
23 60 -0.0983243 0.168395
23 61 -0.0117469 -0.041046
23 63 1.32039 0.35989
23 64 0.935197 0.510691
23 65 -0.00184131 0.00174159
23 66 -0.0672567 -0.0678876
24 33 0.161418 -0.49517
24 34 8.77983 -2.51773
24 35 2.80182 -1.61221
24 36 10.1081 0.1885
24 37 2.51933 -1.19604
24 38 3.20569 -0.800935
24 39 3.84817 -0.164368
24 40 5.30944 -2.99514
24 41 4.58062 3.8408
24 42 -1.90954 4.8765
24 43 1.91383 2.68962
24 44 4.18281 1.15757
24 45 3.14266 -0.899062
24 46 -0.356402 0.343041
24 47 0.345479 0.815861
24 48 -1.56722 2.10617
24 49 -0.560627 1.04961
24 50 1.0868 0.600086
24 51 0.763353 0.0885117
24 52 0.92178 1.00905
24 53 -0.704146 -0.460717
24 54 0.562161 0.557859
24 55 0.0713936 0.702909
24 56 -0.896738 0.131444
24 57 -0.421204 -0.12996
24 58 0.669803 -0.0817593
24 60 -0.00756157 0.000227331
24 61 -0.524482 -0.0854686
24 62 -0.224695 0.0985901
24 63 -0.846066 1.38224
24 64 -0.0686041 -0.170106
24 65 -0.453233 0.557462
24 66 -0.0276257 0.197904
25 33 2.98721 -1.17184
25 34 -0.640605 -1.79722
25 35 -3.73932 -4.63311
25 36 12.1011 -3.31481
25 37 7.67437 -0.234409
25 38 4.71747 0.153994
25 39 1.28573 8.22303
25 40 4.14387 5.66971
25 41 5.31235 0.62004
25 42 5.11291 0.348653
25 43 3.81801 3.93177
25 44 -1.25323 0.668443
25 45 0.944972 0.63732
25 46 4.46563 4.44729
25 47 1.96059 1.23053
25 48 -1.65551 1.82441
25 49 3.5391 0.813007
25 50 0.573274 0.529616
25 51 -0.634327 0.339188
25 52 0.889387 2.41031
25 53 0.892522 -0.438651
25 54 0.135965 1.35533
25 55 -1.18512 0.249376
25 56 0.328559 -0.182698
25 57 0.358061 0.207286
25 58 0.0110684 0.858749
25 59 0.271533 0.341924
25 60 0.0306 0.00671076
25 61 -0.135286 0.376471
25 62 -0.00437006 0.00145128
26 33 1.30004 1.00422
26 34 2.31835 -3.99731
26 35 9.17914 1.85735
26 36 9.71628 0.505587
26 37 9.4068 -0.788278
26 38 6.57089 1.1075
26 39 5.74155 0.0895836
26 40 12.7024 -3.79399
26 41 5.1591 3.51332
26 42 2.62615 1.20564
26 43 -0.401084 2.45359
26 44 -0.672156 1.55783
26 45 3.28511 -1.01603
26 46 2.08676 -0.926702
26 47 3.53374 0.0889072
26 48 -0.424951 0.168207
26 49 0.182368 0.997779
26 50 2.72866 1.28616
26 51 1.94525 -1.82972
26 52 0.94599 0.546274
26 53 0.669734 0.801159
26 54 -0.203647 -0.387036
26 55 0.646296 0.697346
26 56 -0.401957 0.465822
26 57 -0.129372 -1.24459
26 58 -0.376596 -0.151726
26 59 -0.300101 0.503854
26 62 0.0538572 0.599862
26 64 1.13587 -0.32733
26 65 0.0610091 0.242009
26 66 -0.00726339 -0.00170322
27 33 3.32018 -4.81232
27 34 3.40971 -0.455962
27 35 -1.23686 -1.96226
27 36 7.50173 0.590643
27 37 9.59984 1.36321
27 38 9.8336 2.215
27 39 2.27052 2.47642
27 40 7.42541 -1.02776
27 41 1.83935 -2.06345
27 42 3.48922 1.62715
27 43 0.382268 0.770188
27 44 3.7265 0.748779
27 45 2.11117 2.98961
27 46 4.86428 1.39113
27 47 -0.00705774 -1.55768
27 48 1.26371 1.67774
27 49 -0.387169 -0.96649
27 50 0.547222 -1.25225
27 51 3.56366 0.700083
27 52 -0.885348 -0.846345
27 53 1.47966 -0.225604
27 56 -0.273318 -0.400839
27 57 1.30639 -0.214021
27 58 0.459332 -0.00699849
27 59 -0.612308 -0.0776893
27 60 -0.00447289 0.0106732
27 61 0.221794 0.414826
27 64 0.102183 -0.0220223
27 65 0.36607 0.539311
27 66 -0.813153 0.161137
28 33 2.15442 -1.21783
28 34 -1.29768 -2.1084
28 35 9.55836 -0.228071
28 36 9.69318 -0.22444
28 37 8.46108 2.07051
28 38 12.5811 -0.011664
28 39 11.4994 -3.62988
28 40 6.98343 3.62523
28 41 1.07918 1.50422
28 42 5.72479 0.990017
28 43 2.6952 3.40475
28 44 5.17228 1.21633
28 45 -0.919065 1.34604
28 46 1.77373 1.03878
28 47 0.533968 0.69275
28 48 1.7448 2.69409
28 49 2.52394 -0.0123035
28 50 -0.110811 0.010946
28 51 0.3167 -0.0225326
28 52 1.39872 -0.9853
28 53 -0.895874 1.15284
28 54 0.3383 -0.500627
28 55 -0.774126 -0.818612
28 56 -0.0286034 0.0444857
28 57 0.376571 0.0476889
28 58 0.363344 -0.164001
28 59 1.0644 -0.676584
28 60 -0.968074 -0.446793
28 61 0.846495 1.88947
28 62 -0.0121056 0.9053
28 65 1.09926 0.446849
28 66 1.66002 -0.134109
29 33 3.88816 -1.35078
29 34 6.11473 -3.52833
29 35 4.04757 -2.59937
29 36 6.62031 -3.66971
29 37 4.51544 -0.763106
29 38 5.0423 -1.84466
29 39 0.825291 2.21555
29 40 4.65811 -2.78545
29 41 7.07287 1.90839
29 42 5.57052 3.25035
29 43 1.02332 0.495328
29 44 5.73518 2.24834
29 45 -3.32945 -2.07415
29 46 -0.637787 0.0521375
29 47 0.08433 -2.15836
29 48 5.23596 1.58239
29 49 5.29954 1.49936
29 50 1.80461 0.209848
29 51 -0.526098 -0.390322
29 52 0.733667 -0.0449866
29 53 -0.288842 -0.0280373
29 54 0.245273 0.281209
29 55 1.499 1.37107
29 56 -0.343333 -0.685371
29 57 0.110215 -0.355188
29 58 3.1295 0.778225
29 59 0.487199 0.0122768
29 60 0.0681133 -0.0132791
29 61 -0.165679 1.81445
29 62 -0.838689 -0.370565
29 64 -0.0735433 -0.0668135
29 65 -0.483313 0.576817
30 33 2.21238 -0.818283
30 34 1.24124 -1.99261
30 35 4.35254 0.839433
30 36 3.31854 -1.76072
30 37 6.51392 1.00583
30 38 9.75856 1.42394
30 39 2.95278 0.665962
30 40 3.8264 -0.0841272
30 41 3.02535 2.57196
30 42 6.48002 -0.481328
30 43 3.72737 3.24904
30 44 4.99232 3.49847
30 45 -1.33297 1.27373
30 46 1.59657 1.93296
30 47 1.08078 2.11641
30 48 0.48729 2.12394
30 49 2.36496 -1.60791
30 50 2.32654 0.982883
30 51 -0.485785 1.1583
30 52 -1.63935 -0.752387
30 53 -0.351962 1.45856
30 54 -0.390237 0.867078
30 55 0.0325364 0.101798
30 56 -0.549828 0.205584
30 57 0.0752433 1.63905
30 58 -0.131577 0.0882537
30 59 1.87455 -0.663095
30 60 0.835709 -0.476095
30 61 0.0847729 -0.0797574
30 62 0.483269 -0.142241
30 63 0.00177705 0.00319072
30 64 0.278001 -0.138835
30 65 -0.0993467 -0.111849
31 33 2.9906 -0.815423
31 34 1.03843 -1.4658
31 35 8.5635 -0.219723
31 36 -2.73971 1.11726
31 37 4.08623 1.81953
31 38 7.13274 1.89017
31 39 4.0387 -2.8472
31 40 3.51768 6.43353
31 41 8.0018 -1.40795
31 42 -2.62041 -0.203627
31 43 -2.66481 0.264125
31 44 5.38756 2.7786
31 45 -1.01532 -0.196609
31 46 3.70646 3.33541
31 47 -1.3697 1.30015
31 48 -1.29944 1.07891
31 49 0.895575 0.623638
31 50 3.09167 0.680441
31 51 -0.09215 1.17327
31 52 2.44375 0.695791
31 53 -0.929941 1.00552
31 54 -0.346704 -0.0127162
31 55 -0.438085 0.428824
31 56 -0.634764 -0.10888
31 57 -0.221703 -0.213362
31 58 0.321436 -0.523241
31 59 0.340349 0.311608
31 60 0.450534 0.558012
31 61 -0.064425 0.00647981
31 62 -0.0660383 -0.0536386
31 63 -0.23373 -0.192711
31 64 0.42612 0.274371
31 65 0.0655194 -0.049938
32 33 2.3475 -3.95293
32 34 1.75044 -3.19345
32 35 9.02932 -5.73086
32 36 3.99188 4.0593
32 37 6.32069 -4.88526
32 38 3.41893 -1.04131
32 39 4.52496 3.27133
32 40 2.00489 -0.531396
32 41 7.55921 2.33452
32 42 1.78456 1.9409
32 43 2.4192 4.09817
32 44 3.61406 1.26599
32 45 3.3735 3.38502
32 46 -2.05366 0.0740658
32 47 -0.970242 -0.48355
32 48 -1.18033 0.46918
32 49 0.828862 0.21683
32 50 2.64017 -1.28183
32 51 -0.782176 0.279138
32 52 -2.44773 1.01819
32 53 -0.318051 -0.098537
32 54 0.97582 1.19164
32 55 -1.18172 0.285427
32 56 -1.5156 -0.412154
32 57 0.764319 0.427586
32 59 0.258834 0.091215
32 60 -0.552202 0.573397
32 61 -0.0735801 -0.757113
32 62 2.08542 -0.86493
32 63 -0.161712 0.0536184
32 65 0.233245 0.101099
32 66 -0.134008 -0.139847
33 33 -0.671944 -0.459743
33 34 1.96374 1.53654
33 35 1.84588 0.591157
33 36 5.79851 -3.77423
33 37 2.55178 -3.00037
33 38 5.01505 -8.23842
33 39 8.92022 -2.06784
33 40 3.89283 -3.28205
33 41 0.231689 -4.97746
33 42 4.72533 3.03475
33 43 5.36966 1.75278
33 44 3.87006 0.387201
33 45 -4.18172 2.34932
33 46 -1.90254 0.91169
33 47 1.43758 0.487271
33 48 0.110561 0.220616
33 49 4.63625 2.4119
33 50 2.04713 1.65033
33 51 -0.00642682 0.385193
33 52 0.224112 0.326975
33 53 2.04371 -0.735554
33 54 0.578469 -0.331145
33 55 0.780336 0.272839
33 56 1.59889 1.09295
33 57 -0.0577404 0.0961341
33 58 -0.0422905 -0.19731
33 59 -0.99873 0.0380429
33 60 0.0915824 -0.0542389
33 61 0.143281 -0.134565
33 64 -0.99568 0.151516
33 65 0.511107 0.872304
33 66 0.0727712 -0.0393136
34 33 0.628268 -0.808526
34 34 -2.15395 -1.8918
34 35 7.68497 1.18943
34 36 5.42269 -0.0146663
34 37 8.44196 -1.83851
34 38 -2.00063 5.23242
34 39 6.21503 -0.58191
34 40 10.9153 2.72058
34 41 0.76875 -1.94399
34 42 0.916887 4.18985
34 43 3.7193 -2.33602
34 44 -0.306548 0.714921
34 45 4.64189 0.135346
34 46 1.29205 0.98893
34 47 2.26522 2.44932
34 48 2.07597 2.46878
34 49 0.658235 0.492772
34 50 1.95589 0.312032
34 51 -0.233715 0.290803
34 52 1.61867 0.652592
34 53 0.600155 0.566323
34 54 -0.876396 -0.215971
34 55 -0.838822 -0.0624829
34 56 -1.90364 0.508697
34 57 0.775572 0.402838
34 58 0.152145 -0.656231
34 59 -0.0996054 0.232737
34 60 0.0147075 -0.00415315
34 61 0.205443 -0.0375802
34 62 -0.209463 -0.059532
34 63 -0.209307 -0.143188
34 65 0.0621191 0.269175
34 66 -0.445323 0.121574
35 33 0.641902 -3.4421
35 34 -0.547513 0.740787
35 35 2.60459 0.755745
35 36 4.122 -1.57609
35 37 2.26229 -0.0979732
35 38 2.44743 0.474294
35 39 1.08351 -0.0484193
35 40 0.841697 4.55809
35 41 10.7639 4.54409
35 42 3.35778 -0.998933
35 43 -2.85979 -2.16578
35 44 -1.17314 0.281706
35 45 -1.53003 3.1973
35 46 1.32436 0.902936
35 47 2.5978 2.06709
35 48 -1.73896 1.79498
35 49 -1.25733 3.37986
35 50 2.25148 -0.519996
35 51 0.281667 1.60385
35 52 -2.20037 0.640499
35 53 0.280762 0.762944
35 54 -0.506667 0.416447
35 55 -0.220178 0.0490411
35 56 -2.81278 1.42538
35 57 0.562966 0.21834
35 58 0.328796 -0.917713
35 59 0.334031 0.858706
35 60 -0.590054 0.71426
35 61 -1.39347 -0.412967
35 62 0.0729854 0.00844936
35 63 -0.0878669 0.107075
36 33 2.59405 -0.427514
36 34 1.74202 -0.429859
36 35 3.78061 0.580361
36 36 5.26438 -5.72724
36 37 -0.46757 -0.41637
36 38 7.42123 -3.27796
36 39 7.62857 2.27701
36 40 5.16593 4.61013
36 41 3.62816 2.99771
36 42 1.57158 0.909846
36 43 6.55319 0.408872
36 44 1.47648 -0.332813
36 45 0.25674 -0.605719
36 46 3.90397 -1.63071
36 47 4.22933 2.42171
36 48 -0.278575 -1.6542
36 49 -0.176164 -0.348078
36 50 -1.85809 0.584361
36 51 1.04824 0.30618
36 52 3.53589 0.283088
36 53 -2.55415 0.118282
36 54 -1.05169 -0.382571
36 55 0.35163 -0.950956
36 56 -0.0488004 0.142541
36 57 -1.04126 -0.725143
36 58 0.0670926 -0.111412
36 60 -0.184621 0.360777
36 61 1.18308 0.0577578
36 62 0.605412 -0.201591
36 63 -0.0260985 -0.0276616
36 64 0.125997 0.0783863
36 65 0.326451 -0.376886
36 66 0.350577 -0.0513348
37 33 2.49822 -0.314392
37 34 -0.877555 -2.56173
37 35 1.03375 -3.12521
37 36 -0.286115 -4.58868
37 37 0.162922 -1.48524
37 38 1.40252 -2.95807
37 39 9.27363 -1.41248
37 40 4.01903 -2.0345
37 41 6.62411 -1.35327
37 42 3.58121 2.97704
37 43 -2.51231 1.83446
37 44 2.16714 3.17736
37 45 1.55385 -2.73883
37 46 4.34167 -1.67437
37 47 4.31742 1.68073
37 48 -1.99976 -0.00606067
37 49 2.8913 -0.945582
37 50 -2.52903 0.0303298
37 51 -0.173885 -0.046857
37 52 3.28866 0.442313
37 53 0.928743 -0.418635
37 54 2.83095 1.51996
37 55 -1.06559 0.474977
37 56 0.749141 0.0298275
37 57 0.176721 -0.394442
37 58 -0.00027859 0.204005
37 59 0.233469 -0.0577965
37 60 -0.223707 -0.0175542
37 62 -0.00186247 0.287013
37 63 0.313591 0.364822
37 64 -1.05236 -0.730306
38 33 2.12461 -0.863521
38 34 4.85936 -0.523435
38 35 1.0255 -1.1645
38 36 -0.856151 1.45967
38 37 5.01622 0.805782
38 38 -1.04007 0.128948
38 39 2.0199 0.550864
38 40 4.0212 4.37084
38 41 -1.4012 0.199764
38 42 6.66225 1.68155
38 43 1.88171 1.13754
38 44 5.2483 1.45551
38 45 -2.73231 2.44205
38 46 -1.35607 -0.735843
38 47 1.82261 2.99923
38 48 -1.53612 1.80704
38 49 1.39505 0.359066
38 50 0.411658 0.234899
38 51 1.67027 1.41749
38 52 0.974933 -1.23836
38 53 -0.346029 -1.13961
38 54 -0.560511 -0.00487257
38 55 -1.83797 -0.0991894
38 56 0.115184 0.0235678
38 57 0.321828 0.341125
38 58 0.457335 0.353881
38 59 -0.454292 -0.751003
38 60 -0.244492 -0.0334591
38 61 1.61225 0.673747
38 62 0.940248 0.674583
38 64 0.860748 -0.175321
38 65 -0.926108 0.0953802
39 33 2.05991 -0.626445
39 34 7.78951 -1.63313
39 35 0.0335439 -0.547231
39 36 4.34346 0.290207
39 37 7.5999 1.41025
39 38 2.3516 -0.403453
39 39 5.33319 4.48235
39 40 4.14987 4.12976
39 41 4.0935 3.48596
39 42 4.49189 3.84664
39 43 2.69772 1.04296
39 44 2.36953 -0.857175
39 45 2.41062 1.67861
39 46 3.89151 0.68543
39 47 0.369316 0.532337
39 48 1.33406 2.38692
39 49 1.18299 0.0892629
39 50 -1.7175 0.689496
39 51 0.306639 1.41484
39 52 1.3073 0.887283
39 53 0.1278 0.0668628
39 54 -0.466978 -3.28996
39 55 0.196067 0.135169
39 56 -0.130415 -0.684185
39 57 0.413742 -0.105739
39 58 -0.248852 0.381858
39 59 -0.345964 0.303431
39 60 0.0743753 -0.184759
39 61 -0.400665 -0.0631312
39 62 -1.20773 0.0952549
39 64 0.0250736 0.0239446
39 65 -0.534938 -0.168832
40 33 1.75944 0.294805
40 34 -1.03541 -0.92771
40 35 8.59364 2.84583
40 36 7.0312 -4.21136
40 37 6.15127 0.78038
40 38 3.06949 -2.23783
40 39 4.25399 4.14439
40 40 4.61149 2.21773
40 41 -1.36851 0.528785
40 42 10.5452 1.83725
40 43 5.56874 -2.05277
40 44 6.00886 0.235573
40 45 -2.8157 1.3248
40 46 -1.04154 1.17817
40 47 -1.47917 1.71033
40 48 1.99961 0.579683
40 49 0.120523 0.605207
40 50 1.01579 -1.26879
40 51 0.587031 -0.612988
40 52 1.34905 3.4117
40 53 -1.51883 1.9837
40 54 -1.07859 1.11499
40 55 -1.02207 0.92157
40 56 0.912541 0.140546
40 57 0.131697 -0.00110966
40 58 0.0605029 0.960856
40 59 -0.124425 0.0162024
40 60 0.0825533 -0.102056
40 61 1.30612 -0.115184
40 62 -0.112842 0.224056
40 65 0.121583 -0.00611157
41 33 -0.602842 -0.568271
41 34 4.8254 2.6159
41 35 1.27274 -0.439374
41 36 4.37255 -2.37426
41 37 4.54742 0.839201
41 38 1.28868 0.293647
41 39 -1.27252 1.19082
41 40 9.00966 -0.511104
41 41 0.227948 -1.70267
41 42 -1.62042 1.59854
41 43 1.86743 2.60134
41 44 1.28703 2.76564
41 45 2.29851 -0.104632
41 46 -0.136649 0.308188
41 47 1.70526 2.16022
41 48 2.7395 0.992752
41 49 -0.526597 -2.04687
41 50 -2.31066 1.33594
41 51 0.128054 0.512351
41 52 2.09429 -0.303397
41 53 2.2573 0.882602
41 54 -0.172488 -1.44153
41 55 -0.247806 -0.248903
41 56 1.03174 -0.359568
41 57 0.786203 -0.539995
41 58 -1.8149 2.86077
41 59 -0.125595 1.5157
41 60 0.153369 -0.252952
41 61 -3.31914 -0.675122
41 62 0.20847 -0.168923
41 63 0.622796 0.132875
42 33 0.413461 -1.24915
42 34 -0.514093 -1.52455
42 35 1.06462 -2.40183
42 36 4.10076 -0.913801
42 37 2.58559 2.61179
42 38 4.02833 1.3761
42 39 8.44286 1.88175
42 40 3.7798 -5.07086
42 41 -1.76149 -2.19479
42 42 4.41867 2.72403
42 43 2.23689 -0.739739
42 44 3.60534 2.55798
42 45 3.8809 2.76297
42 46 3.27088 2.76258
42 47 -0.362609 2.09245
42 48 0.862368 0.870862
42 49 -3.32853 4.05064
42 50 3.40148 -1.05472
42 51 -0.0887413 -0.429057
42 52 3.4148 -0.361821
42 53 2.47639 0.544442
42 54 2.66857 0.303204
42 55 0.531225 1.09253
42 56 -0.0715851 -0.273196
42 57 0.0325372 0.476013
42 58 -0.2257 -0.582419
42 59 -0.369868 0.515918
42 60 0.796246 -0.269832
42 61 0.0135442 0.0227208
42 62 0.0439621 0.00679554
42 63 -1.17879 0.354417
42 64 0.452584 -0.135678
42 66 0.0504844 0.0116497
43 33 2.91824 -2.5903
43 34 2.642 -0.835388
43 35 3.231 -4.68928
43 36 6.3373 -1.25974
43 37 3.40896 -2.04376
43 38 4.18867 0.566222
43 39 6.40086 2.61464
43 40 2.28754 2.89149
43 41 1.01851 -0.659629
43 42 0.586052 2.31297
43 43 3.86616 1.07182
43 44 -0.565292 0.573293
43 45 -1.9043 -1.45399
43 46 4.40593 1.13297
43 47 -1.91223 0.595241
43 48 0.623993 1.75249
43 49 -2.83615 0.613419
43 50 -1.89991 2.98172
43 51 0.717026 0.666864
43 52 0.320075 0.863513
43 53 0.28508 1.64348
43 54 1.35147 0.581673
43 55 0.0527852 0.0590905
43 56 -1.32691 -2.30276
43 57 0.352074 -0.173458
43 58 1.04855 -0.193459
43 59 -1.13616 0.00690407
43 60 0.0650863 1.21427
43 61 -0.0534865 -0.290192
43 62 1.42134 0.031249
43 63 0.0188876 0.305845
43 64 -1.15921 -0.721617
43 65 -0.0180526 -0.058186
43 66 0.125835 -0.0790171
44 33 0.10425 -1.43845
44 34 2.78759 -2.87048
44 35 1.13561 -1.24405
44 36 7.53399 -1.20436
44 37 8.52856 0.269769
44 38 -5.26803 -1.53323
44 39 1.33517 -0.296343
44 40 2.99807 -3.70996
44 41 6.00102 0.918169
44 42 3.91604 0.626533
44 43 1.38245 1.99449
44 44 3.21941 1.26237
44 45 0.0829109 0.11589
44 46 5.28809 -1.48239
44 47 1.06352 2.00862
44 48 1.2207 2.36237
44 49 0.622272 -0.943016
44 50 0.57184 1.5853
44 51 2.52324 -0.318935
44 52 0.352117 -0.211178
44 53 -0.881458 -0.0845523
44 54 0.691363 2.66533
44 55 -0.85352 0.539908
44 56 -0.418194 -0.160449
44 57 0.00638971 0.0128777
44 58 1.07155 0.736893
44 59 -0.0907407 -0.207031
44 60 0.822252 0.695899
44 61 -0.0481257 0.0616224
44 62 -0.0120294 0.0521587
44 63 0.589735 0.118351
44 64 -2.44108 0.0281033
45 33 3.08432 -1.45268
45 34 1.25772 -2.79885
45 35 1.93763 -0.132767
45 36 -2.24861 -0.542529
45 37 1.57354 -6.12995
45 38 4.93422 0.726892
45 39 2.94296 1.27638
45 40 3.83001 -3.34263
45 41 4.62394 2.01914
45 42 2.2747 -0.617766
45 43 4.17865 0.989246
45 44 0.141319 -0.539547
45 45 4.31489 -1.02388
45 46 2.55642 4.54206
45 47 3.59449 -0.294387
45 48 0.45801 -1.09202
45 49 0.103737 0.807828
45 50 1.01811 -0.24229
45 51 -0.832081 1.31911
45 52 0.575134 -0.267598
45 53 -0.499175 -0.177511
45 54 -0.12904 -0.253737
45 55 0.539006 1.00699
45 56 -0.974739 0.848061
45 57 0.0181355 0.379546
45 58 0.748413 -1.17115
45 59 0.336374 0.475751
45 60 -0.324494 0.649405
45 63 1.68727 -0.52741
45 65 -0.986269 0.0858739
46 33 2.81672 0.879278
46 34 1.54458 -1.00206
46 35 3.55765 1.67201
46 36 1.92929 0.494651
46 37 3.35632 0.655219
46 38 8.63465 0.241276
46 39 2.92071 3.01896
46 40 6.81924 4.80888
46 41 3.71502 3.37483
46 42 6.16302 -0.0373125
46 43 1.29675 1.62318
46 44 3.45432 2.39569
46 45 1.38826 3.33624
46 46 2.33112 -0.330427
46 47 4.4988 -0.447872
46 48 -3.32305 0.158165
46 49 0.980891 1.01368
46 50 -3.46323 -0.168587
46 51 2.39861 5.12361
46 52 0.762826 -0.415015
46 53 0.947232 0.0524293
46 54 -1.16764 0.890632
46 55 0.167077 0.0439923
46 56 -0.670322 -0.338827
46 57 -1.08589 1.1259
46 58 -0.0148982 0.0635726
46 59 -0.557112 -0.749322
46 60 1.10258 0.839387
46 61 -0.211839 -0.0588923
46 62 0.0637481 -0.0309107
46 63 1.99594 1.51151
46 64 0.069938 0.190843
46 65 -0.457178 -0.193639
46 66 0.243924 0.0837034
47 33 3.58964 -1.28543
47 34 -4.82598 -2.6177
47 35 3.87439 2.53666
47 36 3.52926 -1.27838
47 37 9.4974 -0.591063
47 38 6.69662 -1.04134
47 39 1.87125 -1.2113
47 40 1.85787 1.49435
47 41 2.0305 0.198747
47 42 5.422 0.968676
47 43 1.64232 1.48408
47 44 0.172651 0.342096
47 45 1.6423 0.225207
47 46 -0.0160402 0.854817
47 47 0.500843 -1.52942
47 48 -1.12034 0.114613
47 49 0.34284 0.177083
47 50 2.84386 -0.325012
47 51 0.924988 0.383281
47 52 -1.82039 -0.123766
47 53 1.53128 0.414206
47 54 -0.107925 1.00545
47 55 1.23015 -1.07018
47 56 0.0950095 -0.0143807
47 57 1.8933 -0.592062
47 58 -0.0116038 0.00260082
47 59 -0.873713 0.585116
47 60 -1.52653 0.95912
47 62 1.84356 0.0173889
47 63 0.546319 0.27645
47 64 -1.97024 -1.26014
47 66 -0.832896 1.21119
48 33 -0.223191 1.08619
48 34 -1.00461 -1.63415
48 35 5.00104 1.49805
48 36 4.65872 1.16785
48 37 3.40467 1.34843
48 38 7.81519 2.1396
48 39 -1.30309 2.90066
48 40 3.65593 1.19716
48 41 5.10115 -0.0167471
48 42 2.02693 0.55995
48 43 3.38698 2.29408
48 44 -0.210225 1.20808
48 45 -0.0338046 0.203155
48 46 4.59527 -0.233775
48 47 1.66157 2.47071
48 48 3.54662 -0.0111213
48 49 -0.696347 -0.133422
48 50 2.22101 -1.77036
48 51 1.73725 -0.167835
48 52 -0.210068 0.773627
48 53 0.953471 0.665709
48 54 -0.0493154 -0.809261
48 55 0.0891848 0.323765
48 56 0.76816 0.442737
48 57 0.866502 0.181034
48 59 -0.0130824 0.000600467
48 61 0.657905 -0.557045
48 62 1.27406 0.36904
48 63 0.971776 0.565925
48 64 -1.74439 1.20483
48 65 0.399845 0.631865
48 66 -0.169606 1.10723
49 33 0.165481 0.304206
49 34 5.16111 2.02736
49 35 4.27422 -0.177238
49 36 5.34707 -4.41959
49 37 7.46623 -2.42455
49 38 1.3515 -2.2572
49 39 2.16603 -0.876368
49 40 1.89309 2.13004
49 41 -1.04028 0.681186
49 42 4.10638 3.18985
49 43 -0.970055 2.53775
49 44 1.32165 0.545806
49 45 1.66427 -1.09376
49 46 1.38467 -0.521561
49 47 -6.145 -3.54746
49 48 0.840329 -1.76572
49 49 1.97201 0.154427
49 50 2.95295 1.39992
49 51 1.23541 -0.926163
49 52 -1.15686 0.537046
49 53 -0.993582 -0.657423
49 54 -0.00364152 -0.216647
49 55 -0.199105 -1.05281
49 56 1.20637 0.359912
49 57 -1.61645 -0.707344
49 58 0.129393 -0.167425
49 60 2.53791 0.088176
49 61 0.766073 -0.0611257
49 63 -0.290287 -0.227707
49 64 -0.327077 -0.601138
49 65 0.25157 -0.0890108
49 66 -0.0839588 -0.0393041
50 33 0.820615 -1.37216
50 34 3.17884 -0.811856
50 35 2.32536 -1.8695
50 36 2.23296 -2.01505
50 37 2.65976 -1.56169
50 38 5.97126 -2.06981
50 39 -1.84451 -0.831836
50 40 1.84146 4.04797
50 41 1.52575 0.890261
50 42 0.876921 1.99936
50 43 0.676168 0.280587
50 44 1.70718 -1.62793
50 45 0.15546 -0.378581
50 46 -3.27586 -0.555777
50 47 -1.54304 1.04633
50 48 0.59332 1.19846
50 49 -0.695354 -0.0907562
50 50 0.838963 -2.63252
50 51 -2.93281 -1.29027
50 52 -0.281773 0.0203678
50 53 -0.469881 0.257257
50 54 0.30396 0.271348
50 55 -0.642178 -0.152742
50 56 0.000354306 0.230665
50 57 -0.120559 0.25324
50 58 0.433523 0.777454
50 59 0.0277143 0.416822
50 60 -0.286917 0.116828
50 61 0.339113 0.355012
50 62 -0.225612 0.385924
50 63 0.148887 0.358506
50 64 -0.0182006 -0.0448389
50 65 -0.0156008 0.0571917
51 33 2.36295 -1.83504
51 34 1.88756 -0.125043
51 35 1.17248 1.70689
51 36 1.77977 0.930248
51 37 -3.3856 -0.200303
51 38 0.62581 -2.8112
51 39 5.51547 0.626079
51 40 -0.690937 1.57812
51 41 2.90049 -0.638839
51 42 6.80979 1.4817
51 43 1.61312 1.07818
51 44 -1.1291 -0.26537
51 45 1.15044 0.616137
51 46 0.0416942 1.57875
51 47 1.04412 0.575957
51 48 2.81506 0.729715
51 49 -0.882693 -0.0294523
51 50 -0.395836 1.38778
51 51 -0.77102 1.78183
51 52 0.616536 -0.121227
51 53 -1.07481 -0.313283
51 54 0.234339 0.00240664
51 55 1.53757 0.278484
51 56 1.04557 -0.554069
51 57 1.27452 0.125588
51 58 -0.457719 0.554348
51 59 1.82964 -1.33095
51 60 0.524242 0.345874
51 62 0.0151558 -0.0136714
51 63 -0.282653 -0.247526
51 64 -0.00986404 0.0749875
51 65 0.586175 0.04172
51 66 0.225311 0.478052
52 33 1.76328 0.412778
52 34 2.91345 -0.0911835
52 35 2.51202 1.05136
52 36 -4.29086 0.790915
52 37 1.95028 1.98373
52 38 0.394491 3.21663
52 39 3.43697 0.659918
52 40 3.70984 -0.375367
52 41 5.48937 0.309003
52 42 4.58589 -1.77097
52 43 0.651323 1.61521
52 44 3.33992 4.55583
52 45 1.26908 -0.188884
52 46 5.31779 2.14878
52 47 0.654546 0.165818
52 48 3.08381 1.60731
52 49 1.98607 0.359171
52 50 0.829713 0.872553
52 51 2.45658 1.48858
52 52 3.32568 2.41792
52 53 -0.953507 -0.241123
52 54 0.338523 -0.30726
52 55 -1.21344 0.387368
52 56 -0.614298 0.595494
52 57 0.07987 0.052785
52 58 -0.204752 0.102705
52 59 -0.277975 0.499346
52 60 -0.0996954 -0.787549
52 61 0.0696488 0.0425695
52 64 -1.43347 -0.338959
52 65 0.215415 0.119412
52 66 -0.183833 -0.00966532
53 33 2.22988 -0.843545
53 34 1.35816 -5.39119
53 35 3.86193 -0.0225719
53 36 2.30094 -0.291438
53 37 4.57553 -6.7331
53 38 1.26761 -2.77955
53 39 -4.12754 -4.49963
53 40 3.02252 1.977
53 41 -0.47317 2.16725
53 42 0.383183 -1.56368
53 43 -2.29854 0.0823046
53 44 2.52298 2.89431
53 45 4.66202 2.40545
53 46 1.00577 1.32048
53 47 5.0217 0.135626
53 48 -0.0199959 0.114093
53 49 2.78687 0.39792
53 50 -0.849352 2.40483
53 51 0.796565 -0.409083
53 52 3.41759 -0.0503468
53 53 -1.12951 -0.113584
53 54 1.28734 -0.0665958
53 55 -1.29716 1.93707
53 56 0.331344 -0.267431
53 57 0.135337 0.863157
53 58 0.301707 0.133479
53 59 -0.416834 0.381874
53 60 0.598532 0.0330703
53 61 -0.804695 0.239017
53 62 0.544788 0.01212
53 63 0.261331 0.0594827
53 64 -0.205439 0.119792
53 66 -0.780305 -0.0234865
54 33 3.91335 -1.35622
54 34 1.12923 -2.51487
54 35 8.89546 0.367614
54 36 5.13781 -1.47631
54 37 -0.611903 -0.715321
54 38 0.943244 0.189507
54 39 4.36414 -0.386811
54 40 2.6836 -0.0856242
54 41 -0.4377 -2.83359
54 42 -2.46713 -1.00347
54 43 1.64543 1.85795
54 44 2.0558 0.0668632
54 45 -4.07387 -1.75099
54 46 1.06461 -1.33103
54 47 3.55328 -2.22507
54 48 0.430466 0.71146
54 49 1.28276 0.924483
54 50 -0.00720171 -1.16272
54 51 -0.304291 1.55122
54 52 2.31664 -0.618979
54 53 -1.75361 1.37905
54 54 1.13683 -0.181919
54 55 -1.99085 -0.966225
54 56 0.27231 -0.12978
54 57 0.718688 0.0729667
54 58 0.469059 -0.156376
54 59 -0.320482 1.53547
54 60 0.374351 0.115616
54 61 -0.23269 1.9906
54 62 0.136346 0.033654
54 63 0.903986 0.0423026
54 64 0.43941 0.81754
54 66 -0.135048 0.0820622
55 33 0.928394 -2.26653
55 34 6.32392 1.14329
55 35 5.04249 -1.09448
55 36 0.0527399 -2.45199
55 37 6.35831 0.991368
55 38 4.47713 0.894567
55 39 -0.430968 -4.15318
55 40 3.52763 0.658493
55 41 4.04005 -1.9131
55 42 -1.83751 1.7007
55 43 4.98431 0.248902
55 44 1.32826 1.83836
55 45 -1.08807 -0.645501
55 46 5.46384 0.739515
55 47 1.09648 0.545626
55 48 1.33047 0.245802
55 49 3.12755 1.01069
55 50 -0.732306 0.835738
55 51 -1.15671 -1.20283
55 52 2.22647 0.237016
55 53 -0.056287 -0.22461
55 54 0.00505605 0.9413
55 55 0.865218 0.696216
55 56 -0.14245 -0.0721805
55 57 -0.414877 -0.159889
55 58 0.635457 -0.161337
55 59 0.172697 0.010471
55 60 -0.159581 -0.567508
55 61 0.895443 -0.163129
55 62 0.710224 0.189552
55 63 0.693457 -0.451817
55 64 0.0175417 -0.0371826
55 65 0.0524568 0.182756
55 66 0.395523 -0.123652
56 33 2.2722 0.556477
56 34 2.0847 -1.22374
56 35 1.76911 0.864148
56 36 4.5068 -0.0397481
56 37 2.82228 -0.9682
56 38 7.57106 1.26078
56 39 4.93119 2.69212
56 40 -1.45625 -0.840292
56 41 2.74367 -0.724351
56 42 1.07218 1.06446
56 43 2.74057 -1.24385
56 44 -0.546963 1.55394
56 45 1.17057 0.0452328
56 46 -0.108294 0.432192
56 47 2.9153 -0.571657
56 48 0.748856 2.18408
56 49 1.50438 1.86847
56 50 -0.231474 -0.239997
56 51 1.54255 0.483496
56 52 -1.05481 -0.706099
56 53 -0.630695 0.823317
56 54 0.585622 3.97558
56 55 1.16579 -0.104754
56 56 1.68703 0.329235
56 57 -0.13476 0.793509
56 58 1.37454 2.63673
56 59 0.806495 -0.135685
56 60 0.0871515 -0.0447194
56 61 0.763918 -0.322846
56 62 -0.873638 -0.886472
56 63 1.9386 0.370761
56 64 0.534897 -0.174417
56 65 -0.333245 -0.0214851
57 33 0.80628 -1.96936
57 34 1.7111 0.619363
57 35 1.11775 0.876988
57 36 3.14068 4.07842
57 37 2.18018 1.78166
57 38 -0.259647 -0.251458
57 39 5.70031 -3.27911
57 40 2.51395 -3.98169
57 41 6.18569 2.11934
57 42 -1.75239 0.403535
57 43 1.11309 -0.188284
57 44 2.62596 -1.89614
57 45 -0.237116 6.11978
57 46 3.84634 -1.23262
57 47 2.14394 -0.0426905
57 48 4.54424 1.20806
57 49 0.874955 0.607892
57 50 -0.14146 0.344315
57 51 2.7115 3.14531
57 52 0.658501 0.227569
57 53 -1.15826 0.63224
57 54 -0.833084 0.652119
57 55 1.84812 -1.02038
57 56 0.210287 0.981055
57 57 0.530686 1.83757
57 58 2.70323 -0.0552408
57 59 1.27032 0.670385
57 60 1.45389 0.442245
57 62 -0.27098 0.452414
57 63 -0.525977 0.965212
57 64 1.2488 1.03842
57 65 0.0439978 -0.0100505
58 33 -0.501575 -0.98857
58 34 -2.3699 -1.84076
58 35 4.29005 -1.68549
58 36 -3.57794 1.14245
58 37 -3.16999 2.81698
58 38 1.98995 -0.853203
58 39 3.58876 -1.89628
58 40 0.624828 0.974716
58 41 6.62522 2.10249
58 42 2.93634 0.462331
58 43 5.32926 0.442739
58 44 0.00136474 0.249744
58 45 -0.626028 2.25785
58 46 0.0425865 1.42183
58 47 1.29372 0.602104
58 48 -2.28481 -0.0163897
58 49 -0.217228 1.78817
58 50 -0.554491 2.84709
58 51 -0.25019 -1.5437
58 52 -0.000364725 0.81069
58 53 -0.191058 0.230292
58 54 1.36442 -0.470276
58 55 2.62335 0.73663
58 56 0.609441 1.39406
58 57 -1.55655 0.514437
58 58 0.518478 1.9439
58 59 -0.909506 -0.264721
58 60 -0.482771 -0.054689
58 61 -0.183514 0.0966614
58 62 -1.11719 0.663853
58 63 -0.0142973 -0.00577128
58 64 0.538718 -0.408676
58 65 0.424773 -0.0996258
59 33 1.51026 -0.708339
59 34 0.598264 -3.00829
59 35 3.73501 -0.32135
59 36 2.41555 0.201678
59 37 -1.42487 -2.42098
59 38 3.14256 0.555923
59 39 1.74506 1.17802
59 40 -1.42004 3.18865
59 41 3.84198 -1.38225
59 42 1.68504 0.292168
59 43 0.0525311 1.17203
59 44 0.278803 1.71806
59 45 0.428201 0.126879
59 46 1.64493 1.15164
59 47 1.04403 -0.232765
59 48 0.855021 -0.623144
59 49 0.0123924 1.35338
59 50 1.22825 0.481967
59 51 -0.161338 -2.28219
59 52 0.742606 -0.852162
59 53 1.37671 -0.0393373
59 54 1.25636 0.729603
59 55 1.19958 0.479794
59 56 0.0934975 0.134902
59 57 -0.870873 0.361354
59 58 0.312936 0.249292
59 60 -0.000896083 0.00100247
59 61 -1.78724 1.02271
59 62 -0.0834582 0.0109133
59 63 0.120033 -1.48608
59 64 0.346883 -0.441402
59 65 0.827781 0.185419
60 33 -0.194981 0.0587428
60 34 -0.294057 1.77501
60 35 4.64506 -3.82732
60 36 0.495255 -0.22268
60 37 1.07362 -0.27989
60 38 2.27314 -1.47414
60 39 2.53207 -0.797868
60 40 -1.05214 0.616714
60 41 2.69678 0.840827
60 42 5.60084 2.27422
60 43 1.35805 0.138854
60 44 0.586075 -1.33843
60 45 3.28175 -2.73549
60 46 2.43392 -1.0799
60 47 -0.28898 -0.162124
60 48 -1.21274 0.265705
60 49 1.21623 1.00218
60 50 -0.543331 -1.15579
60 51 -0.760224 0.90048
60 52 -0.769885 1.66141
60 53 2.24988 0.227223
60 54 -1.21684 -0.509601
60 55 1.70152 -0.0739101
60 56 0.725561 0.5025
60 57 -1.61257 0.152557
60 58 -0.335441 1.04793
60 59 -0.0865954 0.777763
60 60 0.438368 1.16552
60 61 0.642916 0.65291
60 63 -0.919992 -0.583872
60 64 0.161815 -0.0123842
60 65 1.4766 -1.34612
61 33 0.8434 -0.0251566
61 34 5.76833 3.77189
61 35 -2.31696 0.514538
61 36 0.387459 0.0171704
61 37 2.85465 0.059475
61 38 2.81071 0.728237
61 39 3.41473 0.802388
61 40 3.91308 -4.50216
61 41 5.76008 1.43454
61 42 -3.49856 -1.2211
61 43 1.80028 2.87782
61 44 0.999264 0.98777
61 45 2.72718 1.53895
61 46 2.10679 2.85414
61 47 -2.60503 -0.558999
61 48 2.63483 0.703673
61 49 1.16533 1.77349
61 50 0.578173 0.604281
61 51 0.546831 0.374372
61 52 -0.177304 1.68617
61 53 0.362645 0.879092
61 54 0.317709 -0.372701
61 55 -0.498152 0.523731
61 56 -0.0283819 -0.368707
61 57 -0.818664 0.0485265
61 58 -0.612316 -0.323657
61 59 -1.0728 -0.300812
61 60 -0.230409 0.329634
61 61 -0.18377 -0.635029
61 62 0.443716 -0.327711
61 63 1.27676 -0.0567948
61 64 -0.0325168 -0.196583
62 33 1.21591 0.464451
62 34 0.753948 -0.598093
62 35 -0.245803 -0.855783
62 36 2.96679 0.567996
62 37 4.63555 -0.244378
62 38 4.11814 -1.19214
62 39 0.23036 2.36516
62 40 1.34515 -1.31086
62 41 2.50242 4.54737
62 42 5.21627 2.89752
62 43 4.02078 3.2978
62 44 5.4137 0.0946367
62 45 -0.831432 2.66391
62 46 -0.232573 1.82897
62 47 0.261409 -0.35502
62 48 -0.290477 1.43947
62 49 -0.106532 0.769814
62 50 1.58169 0.749614
62 51 1.75944 0.257883
62 52 0.764205 0.498121
62 53 -0.829096 1.33461
62 54 -0.723973 -0.108767
62 55 0.447193 0.199333
62 56 0.775026 0.0852432
62 57 0.0953355 -0.0475762
62 58 0.0800066 0.391878
62 59 1.33329 0.111051
62 60 0.551444 0.121501
62 61 0.858069 -0.291738
62 62 -0.895489 -0.0398068
62 63 0.270365 -0.0767031
62 64 -0.250176 0.469071
63 33 -1.26206 -0.114355
63 34 -0.363401 -1.81841
63 35 3.00673 -0.157854
63 36 7.73413 -0.792785
63 37 2.74476 1.49577
63 38 3.09587 0.953252
63 39 4.04016 0.974088
63 40 -0.488203 -0.0532845
63 41 3.21395 -0.001772
63 42 0.458224 0.917231
63 43 1.64769 0.498405
63 44 3.77389 -2.53604
63 45 2.10882 1.48454
63 46 0.0687307 2.87434
63 47 1.80146 0.720106
63 48 1.61665 -1.51456
63 49 0.374231 -0.467566
63 50 0.43028 1.65028
63 51 -1.65542 -0.490655
63 52 1.62764 0.263097
63 53 -0.655695 -0.241117
63 54 0.81452 0.371878
63 55 -0.243306 -0.112491
63 56 -0.470389 0.824688
63 57 -1.03554 0.9272
63 58 -0.0846642 -1.15864
63 59 -1.48415 -0.137904
63 60 0.0839935 -0.685114
63 61 0.640676 -0.0265578
63 62 -0.671216 -0.469018
63 64 -0.115661 0.102819
64 33 3.49003 -1.58417
64 34 -0.154129 -0.482526
64 35 3.52437 -1.87013
64 36 0.311873 0.332743
64 37 2.69928 -0.185534
64 38 0.658886 1.82793
64 39 1.23607 0.345317
64 40 3.41447 2.6627
64 41 5.30812 -1.86898
64 42 2.7079 0.809759
64 43 0.842155 1.0793
64 44 2.27336 0.618974
64 45 3.89209 -0.862381
64 46 -0.556091 0.860943
64 47 1.20808 0.889181
64 48 3.65276 0.650968
64 49 2.80559 0.786071
64 50 1.31643 0.933991
64 51 0.624828 -0.738532
64 52 2.08704 -0.439853
64 53 0.760523 0.0636266
64 54 1.68251 1.242
64 55 -0.16721 0.114174
64 56 3.39743 2.1482
64 57 0.500348 0.343701
64 58 0.244645 -0.620171
64 59 -0.254772 0.159538
64 60 -0.0338721 -0.032634
64 62 0.124577 0.32096
65 33 3.20047 -0.276124
65 34 1.63576 -0.709615
65 35 3.30117 1.12647
65 36 3.47419 1.44306
65 37 1.81942 -2.25737
65 38 5.24115 -0.0680691
65 39 3.94032 -1.68477
65 40 2.42471 0.199382
65 41 4.47299 0.74144
65 42 3.69434 0.19489
65 43 1.55764 -0.147543
65 44 0.0518158 0.0344279
65 45 -0.0366181 -0.528059
65 46 0.979771 1.10769
65 47 0.83231 1.62554
65 48 0.137639 1.64217
65 49 1.7438 1.67217
65 50 2.75941 -0.165556
65 51 0.454123 0.982325
65 52 0.322227 -0.00980051
65 53 1.51796 0.15613
65 54 0.238771 0.368654
65 55 -0.115417 -0.206769
65 56 2.13939 2.27969
65 57 -0.288555 0.599116
65 58 0.0951557 0.941215
65 59 0.126932 0.505942
65 60 0.316481 -0.130232
65 61 -0.0902398 -0.681391
65 62 -0.235111 0.0473954
65 65 0.36409 0.768932
65 66 0.30503 0.200012
66 33 2.26029 -0.1731
66 34 0.516143 -1.54707
66 35 3.96358 -0.207206
66 36 5.24969 -1.06409
66 37 4.59139 -0.0179691
66 38 4.64838 -0.601142
66 39 1.81226 -0.158171
66 40 3.5654 1.56149
66 41 4.51287 0.134559
66 42 2.42353 1.19153
66 43 2.46906 -0.378435
66 44 1.0714 0.560468
66 45 1.74619 1.27441
66 46 2.82732 0.0608454
66 47 2.35463 0.823371
66 48 1.12766 0.221289
66 49 0.629888 0.753475
66 50 2.98826 -0.23711
66 51 0.166726 0.0315694
66 52 1.03063 0.623838
66 53 1.63905 -0.0270344
66 54 0.965496 0.368965
66 55 0.138919 0.182768
66 56 2.12391 0.764525
66 57 0.22012 0.159052
66 58 -0.221759 -0.0898931
66 59 0.445863 0.377655
66 60 0.307829 -0.167124
66 61 0.0080203 0.00492586
66 62 0.265115 0.322964
66 63 0.0484652 0.00562058
66 64 0.27547 0.105375
66 65 0.554702 0.206024
66 66 -0.0275024 0.00410091
67 33 0.076661 -0.0309843
67 34 0.0916118 -0.00110098
67 35 0.119532 0.0239957
67 36 0.190135 0.0574931
67 37 0.27572 0.0924626
67 38 0.130789 0.026628
67 39 0.167948 -0.0201372
67 40 0.143036 0.0344234
67 41 0.253583 0.0806441
67 42 0.145246 0.0658287
67 43 0.129214 0.0446994
67 44 0.0374791 0.0295182
67 45 0.0937342 -0.013432
67 46 0.0864673 -0.0427787
67 47 0.0955445 -0.0811829
67 48 0.0752884 0.0180525
67 49 0.0823757 0.00867953
67 50 0.0708134 -0.0174867
67 51 -0.0364606 -0.102307
67 52 0.0509279 0.0222018
67 53 0.0435927 0.028205
67 54 0.0185393 0.00768622
67 55 0.00873373 -0.0122027
67 56 0.0225934 -0.0101325
67 57 0.00817687 -0.00330414
67 59 0.0182448 0.0392825
67 62 0.0410848 0.0254513
67 64 0.0529368 -0.00532152
67 65 0.0122661 0.00114082
67 66 0.0173549 0.0241632
