0 33 1.18124 9.6344
0 34 1.96225 4.2965
0 35 -6.66388 7.90776
0 36 -5.22028 1.34996
0 37 4.7634 3.13929
0 38 -2.66209 6.26877
0 39 1.92014 3.38784
0 40 -1.52893 3.76887
0 41 0.497263 -1.20895
0 42 0.405622 0.401799
0 43 3.82856 2.30467
0 44 -0.818867 0.936401
0 45 1.68519 1.95975
0 46 1.49079 -0.510452
0 47 -0.918058 0.040805
0 48 -0.260906 -0.385507
0 51 0.417546 -0.29048
0 53 1.34529 0.676448
0 59 0.217983 0.150225
1 33 -6.84202 18.6332
1 34 -5.83516 8.18157
1 35 -8.5214 11.6231
1 36 2.43148 4.14674
1 37 -0.0633939 9.86263
1 38 4.40337 6.32127
1 39 -3.51686 8.004
1 40 2.25424 4.90866
1 41 3.36786 5.82367
1 42 0.948931 4.5394
1 43 4.35615 2.5957
1 44 -3.01574 4.57756
1 45 1.01997 1.26601
1 46 4.04386 0.256356
1 47 1.05055 4.11676
1 48 2.15723 -0.0649295
1 49 -0.202651 0.31823
1 50 0.26378 0.247231
1 51 -0.0594446 0.605752
1 52 1.04903 -0.336046
1 53 -0.110688 0.406524
1 54 0.356649 -0.215955
1 61 0.0737105 0.204326
2 33 6.74945 24.0785
2 34 2.94015 14.2206
2 35 7.986 10.0939
2 36 3.63535 12.4429
2 37 1.78631 10.2594
2 38 -3.51253 10.4505
2 39 -3.23402 6.90757
2 40 -6.88948 6.99674
2 41 1.54325 9.54768
2 42 -2.47637 7.28265
2 43 0.40979 1.77656
2 44 3.18341 6.07046
2 45 4.33598 -0.455692
2 46 0.909615 2.32917
2 47 0.841655 1.04639
2 48 0.975132 -0.266523
2 49 0.0921324 0.106541
2 50 -0.693931 0.400828
2 51 0.122538 0.294146
2 52 -0.106286 1.29112
2 53 -0.812771 -0.271299
2 57 0.0469465 -0.231454
2 58 0.255905 -0.0466888
2 63 0.123144 0.339139
3 33 -5.27684 41.6699
3 34 -5.6692 20.3959
3 35 3.28113 18.3235
3 36 -1.25022 30.2466
3 37 -4.12225 16.2806
3 38 1.14393 6.10818
3 39 -6.93543 11.2606
3 40 -5.30291 13.4578
3 41 -2.92851 9.56102
3 42 -1.15626 7.34361
3 43 -1.02088 15.1005
3 44 1.57819 4.81264
3 45 4.0326 -0.977687
3 46 1.60627 2.0096
3 47 1.01694 0.741015
3 48 2.02224 0.557461
3 49 1.32695 -0.761993
3 50 -1.13325 1.04778
3 52 -0.598203 -0.00165791
3 53 -0.723656 0.0495132
3 54 -0.0147523 -0.0464021
3 56 0.139104 -0.199243
3 57 -0.405765 0.257364
3 58 -0.0369993 0.0147398
3 59 -0.100027 -0.00402078
3 60 0.484551 0.136619
3 64 0.307699 0.0200102
3 65 0.0179406 0.00146931
4 33 8.51998 45.6851
4 34 0.199796 20.8413
4 35 -6.78283 26.8805
4 36 10.4173 13.0016
4 37 0.595699 20.63
4 38 6.13651 15.3298
4 39 -4.75944 25.0014
4 40 2.42361 12.9491
4 41 4.46498 7.87851
4 42 -7.22639 12.2022
4 43 2.32924 10.0595
4 44 5.44851 5.83564
4 45 -0.995744 3.53724
4 46 -1.72284 1.60345
4 47 1.79145 0.634997
4 48 0.392566 -0.0214914
4 49 0.717462 -0.125178
4 50 -0.729604 0.578078
4 51 1.27746 1.20165
4 52 1.51799 -0.631619
4 53 0.00761319 -0.0793209
4 55 0.0647329 0.439806
4 56 0.841239 0.715624
4 57 -0.425494 -0.776226
4 58 -0.0295031 0.318023
4 59 0.227351 0.362199
4 60 0.685771 1.50761
5 33 3.4364 51.8593
5 34 20.1123 17.5526
5 35 4.40604 17.9846
5 36 -4.77654 11.9897
5 37 1.14203 22.2394
5 38 1.92436 11.2878
5 39 2.4124 16.0871
5 40 4.77301 12.6401
5 41 8.14737 15.8428
5 42 -6.61102 3.18062
5 43 12.0189 7.54806
5 44 -1.26633 5.56947
5 45 2.4299 -3.92529
5 46 -5.34575 2.82731
5 47 -2.19429 3.2607
5 48 0.3391 0.592633
5 49 -0.0285336 -0.388153
5 50 -0.857227 -0.144062
5 51 1.09487 -0.0780423
5 52 -0.0740398 0.228282
5 53 0.445669 -0.291806
5 54 -0.0205696 0.037336
5 55 1.15618 -0.233477
5 56 0.943736 -0.347047
5 57 0.0344314 -0.00795406
5 58 0.406522 0.283304
5 59 -0.0147954 0.00666984
5 60 -0.141235 1.09858
5 61 -0.171168 -0.0694615
5 63 0.382197 -0.111316
6 33 2.82129 41.1777
6 34 -7.09282 18.3009
6 35 -1.77774 30.1299
6 36 12.8879 17.2591
6 37 3.26529 25.325
6 38 13.4056 21.323
6 39 10.6102 12.4231
6 40 0.654313 19.4005
6 41 14.5436 10.1471
6 42 8.55506 13.7867
6 43 6.15558 9.6237
6 44 6.19028 8.43713
6 45 11.4971 3.52791
6 46 0.540029 2.79652
6 47 3.36212 0.504982
6 48 0.930368 0.628392
6 49 -0.0541764 0.317771
6 50 -0.257806 -0.0352344
6 51 -0.579882 -0.212276
6 52 1.36534 0.305523
6 53 -0.280666 -0.447817
6 54 0.43673 0.68125
6 55 -0.260606 0.205078
6 57 0.474603 0.0391791
6 59 0.00250364 0.00965848
6 61 -0.687097 -0.948449
6 64 0.00515211 0.00280832
7 33 -2.37047 44.9536
7 34 0.517623 10.0159
7 35 13.3107 11.4718
7 36 0.875316 17.9435
7 37 5.16391 14.5892
7 38 4.7697 19.5999
7 39 5.25804 21.476
7 40 -2.35431 13.2714
7 41 7.81717 14.5643
7 42 13.1412 5.53497
7 43 1.9574 4.55413
7 44 -0.703309 9.16932
7 45 11.5624 4.98587
7 46 1.27406 5.03902
7 47 4.22606 2.70298
7 48 0.570754 3.46385
7 49 0.605825 0.588864
7 50 1.16981 0.321273
7 51 1.37336 -0.826843
7 52 -0.162332 0.221795
7 53 0.862746 -0.026583
7 54 -0.0632635 0.159163
7 55 -1.04981 -0.390677
7 56 0.435818 -0.257551
7 57 0.251325 -0.108788
7 58 -0.589697 0.048854
7 60 0.275558 0.156252
7 66 -0.0529393 -0.0123389
8 33 5.08594 25.1501
8 34 -3.65245 16.3238
8 35 -10.3702 30.4394
8 36 11.0173 19.3064
8 37 -1.60634 16.4487
8 38 4.48385 20.6463
8 39 8.2113 14.6515
8 40 6.9095 12.6961
8 41 3.41528 10.4592
8 42 13.9738 15.2479
8 43 17.0009 11.2385
8 44 -5.11056 5.02872
8 45 3.78257 1.82324
8 46 -1.56927 4.97627
8 47 2.83548 2.35462
8 48 3.72937 0.23356
8 49 2.05974 1.65167
8 50 0.747946 2.00188
8 51 2.04889 -1.99493
8 52 0.890746 1.27951
8 53 -0.0950652 -0.179734
8 54 1.16864 -0.762118
8 55 -1.20421 -0.335716
8 56 0.491606 0.269823
8 57 0.315024 -0.00882517
8 58 -0.65285 0.484124
8 59 -0.0580959 0.0475816
8 60 -0.0198062 -0.0135246
8 61 0.0508384 0.00791357
8 64 0.126437 0.0652552
8 66 -0.163836 -0.269361
9 33 -4.16896 32.3411
9 34 -3.9238 8.97287
9 35 -2.41916 12.7723
9 36 6.78254 15.0831
9 37 1.53108 16.5595
9 38 -7.78099 11.4974
9 39 -2.01746 9.28094
9 40 8.29859 10.9324
9 41 4.58662 12.2326
9 42 -1.9479 7.41794
9 43 11.7652 7.42854
9 44 1.26054 3.76068
9 45 -3.80722 0.915839
9 46 13.8025 2.26234
9 47 2.14716 3.69141
9 48 -1.39267 -0.167218
9 49 1.9443 0.730372
9 50 -0.873744 3.20489
9 51 0.251688 0.272527
9 52 -0.00889284 -0.352188
9 54 0.114353 0.284142
9 55 -0.197633 0.0489338
9 56 1.00732 -0.535516
9 57 0.747766 -0.0732477
9 58 -0.0311688 -0.00668979
9 59 -0.284578 -0.305777
9 61 -0.280414 0.000838362
9 62 0.00818915 -0.0152901
9 65 0.991881 -0.772743
9 66 -0.207346 -0.903847
10 33 3.40614 25.1532
10 34 7.15182 12.4771
10 35 -0.217057 15.5889
10 36 -6.32328 20.3397
10 37 -2.44091 2.55473
10 38 3.90014 13.9516
10 39 7.27527 9.53073
10 40 -3.04255 7.96201
10 41 13.5428 8.79811
10 42 6.24452 8.96436
10 43 -2.63596 8.28221
10 44 5.99055 0.525888
10 45 1.78984 -1.28057
10 46 2.69051 3.69699
10 47 -0.995137 1.3852
10 48 2.68826 0.852739
10 49 -0.444475 0.756439
10 50 1.50159 -0.40527
10 51 -2.32528 1.12934
10 52 1.36267 -0.00627735
10 53 0.108363 0.0310409
10 54 0.848284 -0.789845
10 55 -0.328334 0.999754
10 56 -0.0278161 -0.0799839
10 57 0.523078 -0.67129
10 58 1.0613 -0.607578
10 59 -0.398926 0.0679741
10 60 1.34919 0.0446172
10 61 0.0173226 0.0315921
10 62 1.84505 0.167568
10 63 1.13262 0.0761849
10 64 -0.322895 0.157732
10 65 0.911153 0.393388
10 66 -0.0556084 0.00017615
11 33 4.81292 16.6427
11 34 3.79322 18.497
11 35 2.35614 13.2098
11 36 8.9419 17.1649
11 37 2.71495 0.960459
11 38 19.8312 6.35797
11 39 6.09588 7.30526
11 40 6.27098 5.14459
11 41 -0.396762 6.4118
11 42 6.4463 9.50729
11 43 -1.05858 4.54396
11 44 -1.28524 -2.98654
11 45 -1.75186 3.42834
11 46 6.40121 3.5345
11 47 1.4506 -0.103476
11 48 0.074205 2.10348
11 49 -0.344544 1.35101
11 50 1.51646 0.277303
11 51 -1.14231 2.31367
11 52 0.911585 1.21823
11 53 -1.185 -1.35045
11 54 0.582223 0.0124885
11 55 -1.64738 0.870023
11 56 0.0719373 0.0617077
11 57 -0.537291 0.209881
11 58 1.32542 0.208607
11 60 1.18363 -0.124674
11 61 -0.0577586 0.121163
11 63 0.386693 1.5269
11 64 -0.283358 -0.0903361
11 66 0.0642388 0.0510514
12 33 4.28802 11.5909
12 34 -1.16284 6.28958
12 35 13.622 11.1659
12 36 23.1972 6.04267
12 37 7.96022 5.38094
12 38 4.71987 13.094
12 39 0.677221 7.25537
12 40 2.8772 4.496
12 41 2.0625 1.282
12 42 3.22374 9.48101
12 43 -0.931876 -0.438957
12 44 7.66534 5.76078
12 45 8.59671 2.79471
12 46 2.29853 5.02265
12 47 0.398147 3.72973
12 48 -2.52416 1.62559
12 49 0.521681 2.89435
12 50 3.05676 1.06592
12 51 1.85536 2.96468
12 52 2.19833 -1.48841
12 53 -0.434369 -0.498997
12 54 0.188007 0.231414
12 55 -0.157487 -0.144225
12 56 0.47759 0.49363
12 57 0.0702084 0.00945143
12 58 -1.45417 1.83077
12 59 0.495696 0.169405
12 60 0.0801588 -0.0528631
12 61 -0.102419 -0.0945537
12 62 -0.593093 -0.0580938
12 63 0.110227 0.0190976
12 65 1.31482 -0.432955
12 66 0.172154 0.216047
13 33 1.40074 9.85045
13 34 13.6783 8.75596
13 35 4.82041 3.05316
13 36 13.0683 0.460376
13 37 6.59359 -1.01986
13 38 0.22081 4.20254
13 39 10.6877 2.64488
13 40 12.3366 4.62181
13 41 -0.411653 9.34243
13 42 1.54991 6.74869
13 43 2.74795 9.98259
13 44 7.59358 6.777
13 45 9.33364 8.61605
13 46 6.95657 1.90271
13 47 -2.63781 -0.331326
13 48 -2.83529 2.2803
13 49 1.3929 0.237452
13 50 0.0410622 1.32265
13 51 -0.760876 -0.168168
13 52 0.561876 1.76363
13 53 0.745413 0.119812
13 54 -1.60188 -0.667025
13 55 0.583244 -0.386
13 56 0.153452 0.126167
13 57 -0.611411 1.00025
13 58 2.26657 0.797336
13 59 1.1354 -0.226403
13 61 0.205863 0.0103941
13 62 -0.0225588 -0.0928262
13 63 0.658051 0.890723
13 64 0.197448 0.0193148
14 33 4.78504 12.1676
14 34 -0.492605 8.63371
14 35 10.1402 6.0197
14 36 11.7199 5.1753
14 37 8.10805 -0.0313126
14 38 6.00653 0.0249492
14 39 4.30612 6.81198
14 40 1.79732 7.86055
14 41 -0.851742 -2.03698
14 42 2.26962 4.00156
14 43 4.33457 5.39001
14 44 5.78407 6.97351
14 45 4.4528 -0.28096
14 46 5.89033 -4.48518
14 47 -1.70047 3.78849
14 48 -0.44567 1.09391
14 49 3.4747 0.468739
14 50 -2.30575 0.947766
14 51 -1.38501 -0.274249
14 52 1.20132 0.742199
14 53 -0.169455 0.507619
14 54 -1.29217 1.7676
14 55 1.33729 3.0929
14 56 -1.20092 1.19381
14 57 -1.85761 -0.759468
14 58 0.415339 0.396199
14 59 -1.45477 -0.282138
14 60 -0.128383 0.0105474
14 61 0.252628 0.926107
14 62 0.0272024 0.00333592
14 63 1.07331 0.357683
15 33 2.44034 0.837877
15 34 3.61892 -0.224309
15 35 9.94055 -2.79901
15 36 3.79164 5.72777
15 37 11.3947 4.07832
15 38 11.3493 0.796083
15 39 0.202301 -0.55969
15 40 3.27045 6.56393
15 41 5.48727 -0.973345
15 42 7.08122 2.88992
15 43 4.47873 3.36219
15 44 9.64531 5.20977
15 45 8.80294 2.81636
15 46 2.71214 1.88686
15 47 1.69006 -0.130908
15 48 0.372468 1.34645
15 49 1.18451 1.246
15 50 3.2378 -1.45094
15 51 -0.358286 -0.129105
15 52 -0.635487 0.0874052
15 53 0.456452 0.525273
15 54 -1.78201 -0.491548
15 55 2.80678 1.35297
15 56 -2.18582 0.0921925
15 57 -0.910531 -0.211822
15 58 -0.227161 0.407187
15 59 0.942547 0.915506
15 61 0.552721 0.603542
15 62 0.193392 0.0472875
15 63 -0.744452 -0.406672
16 33 -0.0355854 5.43495
16 34 9.2233 -2.34553
16 35 9.34507 -2.90248
16 36 4.71451 5.79625
16 37 7.26764 3.18356
16 38 9.21186 7.06992
16 39 4.36475 -1.84574
16 40 7.56099 5.39365
16 41 3.74858 -1.8579
16 42 7.24988 0.146888
16 43 2.47659 2.48719
16 44 5.24796 2.94307
16 45 8.81976 4.20725
16 46 0.0951912 1.84282
16 47 0.332048 2.07251
16 48 4.38763 0.750739
16 49 -1.28444 0.15515
16 50 1.94527 1.79812
16 51 -0.421063 -0.877211
16 52 0.734252 1.31105
16 53 -1.86528 1.0722
16 54 0.0172195 -0.895235
16 55 0.208432 -0.0104961
16 56 -0.0755269 -0.16885
16 57 -0.69914 -0.00546281
16 58 -0.39501 0.303725
16 59 0.39698 0.660321
16 60 -1.0193 -2.00065
16 61 -1.13922 -0.788582
16 62 0.631976 0.880901
16 63 0.147245 0.0300076
16 65 1.13573 -0.655135
17 33 3.89663 -0.518563
17 34 -0.758401 4.86005
17 35 5.43402 3.3781
17 36 -3.19503 9.94498
17 37 13.8564 -1.327
17 38 11.3728 -4.12705
17 39 1.00789 3.3036
17 40 8.20761 2.71993
17 41 10.6736 4.57362
17 42 6.53231 -1.60004
17 43 7.20411 1.49938
17 44 6.93128 9.36554
17 45 9.07489 -5.0656
17 46 -0.446833 3.17195
17 47 -1.8623 -0.42287
17 48 0.121808 -1.21332
17 49 -1.22734 0.685638
17 50 3.74807 0.950014
17 51 -0.915023 -0.827306
17 52 0.696302 0.195018
17 53 1.42863 0.919541
17 54 -0.431926 -0.63028
17 55 -0.201203 0.204955
17 56 0.091987 1.09633
17 57 -0.56366 -0.115155
17 58 -0.136057 0.470196
17 59 -0.114257 0.0288888
17 60 -0.124935 0.0754487
17 61 0.306104 0.120985
17 62 0.182892 0.705647
17 63 -0.942451 -0.286379
17 65 -0.0120069 0.75941
18 33 3.71441 -0.221164
18 34 7.09158 2.79846
18 35 -0.856081 -3.9846
18 36 3.93906 -6.61572
18 37 5.99509 -0.349677
18 38 8.62919 -2.33469
18 39 0.966938 3.55241
18 40 9.06168 4.04396
18 41 2.77203 1.40137
18 42 -3.61601 6.56625
18 43 -2.36641 1.96523
18 44 12.0753 6.31054
18 45 7.13277 3.2673
18 46 2.02529 1.45786
18 47 2.17171 2.11749
18 48 -1.64524 -0.0847984
18 49 0.17493 -0.550064
18 50 2.52578 0.861603
18 51 1.84595 -0.151887
18 52 -1.48381 0.447087
18 53 0.536722 0.342715
18 54 0.507908 1.27382
18 55 -0.493955 -0.191209
18 56 0.924308 -0.12166
18 57 -0.739544 -0.779195
18 58 -0.412974 -0.0873221
18 59 0.108112 0.0799641
18 60 -0.387276 -0.804634
18 61 0.00307751 0.00265347
18 62 0.468238 -0.295163
18 63 -0.0322374 0.013826
18 65 0.226151 -0.158594
18 66 0.336495 0.253598
19 33 3.28903 -1.07232
19 34 8.33625 1.01531
19 35 7.26907 -0.950653
19 36 8.24774 -1.42827
19 37 5.36662 2.75104
19 38 3.27624 -1.23033
19 39 1.29293 -7.30838
19 40 3.55272 -3.07612
19 41 -2.89904 0.333126
19 42 6.08107 -0.960117
19 43 11.1221 3.18728
19 44 9.42136 5.30727
19 45 2.24021 -1.44299
19 46 4.17568 0.837591
19 47 -1.55115 2.78267
19 48 -1.04182 3.84651
19 49 2.14909 1.80804
19 50 -4.15451 2.46935
19 51 -0.0609269 1.61666
19 52 2.13253 0.73283
19 53 -1.01768 0.448536
19 54 1.26012 -1.01157
19 55 -1.34261 0.0902707
19 56 1.61816 0.961756
19 57 -0.432228 -0.15712
19 58 -0.959526 -0.576392
19 59 -0.0447952 0.0214763
19 60 -1.06298 1.72908
19 61 -0.266272 -0.0264621
19 62 0.515027 -0.328095
19 63 0.00996831 0.013544
19 64 -0.198467 0.438727
19 65 0.909215 0.213175
19 66 0.149489 -0.00626859
20 33 2.24532 0.570089
20 34 -1.61018 0.898781
20 35 6.43826 0.978298
20 36 12.924 4.47467
20 37 5.67945 -2.77984
20 38 6.82225 2.92915
20 39 10.0898 4.10045
20 40 10.207 3.02322
20 41 8.00964 -1.4871
20 42 0.711456 0.501265
20 43 -2.8036 0.856844
20 44 6.25892 0.969454
20 45 8.34942 -0.425574
20 46 2.57001 4.84744
20 47 4.73058 1.51741
20 48 2.24471 2.3731
20 49 1.97096 1.3117
20 50 0.627049 2.26333
20 51 1.15217 0.512372
20 52 2.97236 -0.392263
20 53 1.61354 1.34
20 54 0.12594 0.379069
20 55 0.40263 0.224763
20 56 1.64795 1.66559
20 57 -0.636749 0.0301518
20 58 -0.135497 0.0270349
20 59 0.444009 0.862498
20 60 -0.342276 0.676234
20 61 1.46089 -0.133326
20 62 -0.207139 -0.207974
20 63 -0.769403 -0.473299
20 64 0.20898 -0.70766
20 65 -0.307676 -0.200819
20 66 0.577855 -0.114646
21 33 4.15671 0.0589197
21 34 9.91872 0.256951
21 35 2.88819 -4.59974
21 36 2.73936 0.175952
21 37 8.18866 -1.24869
21 38 5.06796 1.33199
21 39 7.00572 0.920145
21 40 5.40946 -1.58322
21 41 0.884541 1.84677
21 42 2.55086 3.1492
21 43 2.58196 0.0617091
21 44 5.05577 -0.462308
21 45 -1.71041 3.29063
21 46 1.43375 -2.55305
21 47 5.02358 1.82221
21 48 5.36575 -1.68921
21 49 0.949766 0.699374
21 50 0.260561 5.56034
21 51 -0.881642 -0.885216
21 52 1.23297 4.04197
21 53 -1.67879 1.75525
21 54 1.05655 -0.554484
21 55 -0.57951 0.734114
21 56 -0.7582 1.01131
21 57 0.236909 -0.184332
21 58 -0.717857 0.603418
21 59 0.376217 0.127147
21 60 -0.720576 -0.878253
21 61 0.249389 -0.139747
21 62 0.227013 -0.230357
21 63 0.541808 0.0437492
21 64 -2.09477 -0.0274145
21 65 -0.57087 0.0560437
22 33 5.75807 -0.879596
22 34 4.48249 -4.82935
22 35 8.17076 0.954105
22 36 10.8502 -2.32933
22 37 17.8395 1.49506
22 38 2.34226 4.72711
22 39 5.54548 -0.0723971
22 40 5.95766 -2.60982
22 41 2.86568 -0.825758
22 42 1.03829 1.59099
22 43 9.46996 3.95977
22 44 5.96519 -1.18319
22 45 1.07394 1.73324
22 46 2.55252 2.28881
22 47 -1.24151 3.78591
22 48 2.62281 1.43251
22 49 0.731499 -1.34896
22 50 -2.86647 -1.03209
22 51 1.32535 2.03488
22 52 0.801829 3.52356
22 53 4.7835 0.411941
22 54 1.56053 -0.506979
22 55 0.529122 0.155613
22 56 -0.843343 -0.441477
22 57 0.0397955 -0.116813
22 58 -0.0850429 0.5384
22 59 -0.472465 -0.0415862
22 60 0.396687 0.984203
22 63 -0.581861 0.76767
22 64 1.63415 0.162319
22 65 -2.47661 2.52829
22 66 0.696521 0.776342
23 33 1.81089 -3.33517
23 34 0.957046 -3.54532
23 35 5.96345 -8.36112
23 36 6.02517 -2.11973
23 37 2.71379 0.575562
23 38 -1.76342 5.14731
23 39 11.401 0.558009
23 40 10.3842 -1.30887
23 41 8.92007 -0.206906
23 42 5.58331 4.84286
23 43 1.40275 -0.213645
23 44 5.10801 1.35375
23 45 4.46714 0.139105
23 46 7.57272 -0.0821992
23 47 4.46455 3.642
23 48 7.15828 2.92046
23 49 0.673372 1.06653
23 50 0.645466 2.24316
23 51 -0.530909 1.46605
23 52 -1.15402 -0.48614
23 53 -0.555139 1.87257
23 54 -1.27674 0.494376
23 55 -0.220819 1.98329
23 56 0.415663 1.73111
23 57 -1.48606 -0.387191
23 58 -0.365147 0.711772
23 59 1.36747 -0.249004
23 60 -0.205423 0.280092
23 61 0.163269 0.0249102
23 63 0.840079 1.36289
23 64 0.139903 0.7371
23 65 0.968565 1.88769
23 66 0.0133856 0.125712
24 33 7.82744 -0.896561
24 34 6.39341 -2.053
24 35 2.02447 -7.47917
24 36 4.63749 -3.06626
24 37 11.1925 -2.94768
24 38 12.9267 -3.39981
24 39 7.55356 -0.537341
24 40 11.306 -3.92304
24 41 6.04419 -0.44364
24 42 4.26398 -1.65288
24 43 4.07859 2.14493
24 44 7.10584 0.641836
24 45 4.60562 1.98402
24 46 -3.91771 4.31235
24 47 0.991953 -0.768257
24 48 4.13162 5.01461
24 49 -2.12908 0.682326
24 50 1.13381 0.721375
24 51 -3.77723 0.580841
24 52 1.05395 -0.818575
24 53 0.373748 2.86816
24 54 1.31192 0.71413
24 55 0.117815 0.431122
24 56 1.41991 -1.44211
24 57 -0.212304 1.41852
24 58 0.385192 0.668887
24 59 -0.355367 0.275358
24 60 0.0264637 0.0550585
24 61 -0.551993 0.485823
24 62 0.741239 -0.890318
24 63 0.15715 -0.0843167
24 65 -2.04893 1.01418
24 66 -0.210464 -0.135916
25 33 0.714321 0.10804
25 34 1.03814 -1.41229
25 35 8.65957 -5.45078
25 36 7.27346 7.91334
25 37 -3.16541 2.59708
25 38 1.05604 -0.0259488
25 39 7.20213 5.10736
25 40 -2.44204 -0.0754601
25 41 7.30314 6.38799
25 42 4.26666 2.76967
25 43 1.70546 -0.331855
25 44 8.66719 0.08402
25 45 7.04247 -8.12628
25 46 -1.25001 4.54212
25 47 0.111607 -1.8112
25 48 4.92964 1.50519
25 49 1.36387 1.4172
25 50 1.02241 1.40013
25 51 0.623845 0.685467
25 52 2.22326 -0.838879
25 53 -1.61181 0.328137
25 54 2.21521 1.6369
25 55 -0.570473 0.0115824
25 56 -1.03346 0.599534
25 57 0.0640723 -0.0480166
25 58 -0.914478 0.485219
25 59 -0.000541696 0.927669
25 60 0.633815 0.296506
25 61 -0.393096 -0.076877
25 62 -0.0567996 0.476853
25 65 -0.109515 0.178163
26 33 3.12022 -1.21437
26 34 -1.0609 -2.61057
26 35 5.34536 1.46892
26 36 3.48945 -1.54483
26 37 5.83871 -0.28849
26 38 0.0495331 -0.0524887
26 39 9.74552 -0.792467
26 40 2.64469 -8.19159
26 41 11.4849 0.334451
26 42 2.05371 -0.969188
26 43 5.11807 6.10354
26 44 1.72982 3.71475
26 45 1.93896 2.41127
26 46 1.36461 3.71739
26 47 4.00844 1.52026
26 48 -0.819672 -0.653946
26 49 0.473686 3.59666
26 50 0.781729 -0.0720281
26 51 1.68991 2.26199
26 52 2.83337 1.49339
26 53 0.601173 1.27971
26 54 1.07749 0.273012
26 55 2.26107 0.708355
26 56 1.68442 -0.241461
26 57 1.74322 0.349336
26 58 -1.06581 0.0907961
26 59 1.21859 0.0878082
26 60 -0.555924 -0.525133
26 61 0.319212 -0.25416
26 62 -0.38014 -0.0617734
26 63 -0.587603 -0.52231
26 64 -0.336074 0.15024
26 65 0.0834736 -0.0652637
27 33 2.64729 -1.6895
27 34 -2.86481 2.16774
27 35 3.16082 -1.97273
27 36 -0.23089 0.848483
27 37 13.6932 -0.156122
27 38 2.84409 0.130041
27 39 0.624416 -1.18698
27 40 10.586 -3.02719
27 41 8.85561 -2.8806
27 42 -1.0453 1.86237
27 43 -1.52317 -1.30402
27 44 3.61696 -0.152422
27 45 0.225736 3.47491
27 46 5.27501 4.44672
27 47 3.08569 2.8839
27 48 -0.101753 5.67707
27 49 1.42305 -0.0888056
27 50 0.421911 -0.432252
27 51 2.05022 0.780503
27 52 0.477446 -1.45401
27 53 -0.562994 0.456568
27 54 0.714102 -0.543472
27 55 1.42914 1.15617
27 56 -0.626911 -0.063004
27 57 0.238728 0.329713
27 58 -0.58168 0.321945
27 59 1.48489 0.295535
27 60 1.53233 0.589771
27 61 0.0879229 -0.0624347
27 62 -0.306262 0.264838
27 63 0.767141 -0.775828
27 64 0.157739 -0.227572
27 66 0.0695283 -0.133243
28 33 4.0074 -1.50062
28 34 1.08208 -1.53599
28 35 6.40415 -0.808118
28 36 8.21994 3.01487
28 37 2.78115 -3.89316
28 38 4.28286 1.0871
28 39 7.97469 3.4053
28 40 4.8137 0.00403824
28 41 -0.58693 3.38257
28 42 3.31667 -1.89958
28 43 2.60833 0.403967
28 44 1.96566 0.226459
28 45 5.08676 1.62047
28 46 1.34948 -1.35796
28 47 -4.2118 4.18989
28 48 4.15135 4.34965
28 49 0.0772309 0.476488
28 50 0.26528 -0.588294
28 51 5.74445 4.87979
28 52 0.480361 -1.10098
28 53 -1.86436 0.582854
28 54 0.499576 0.447407
28 55 0.208242 -0.241538
28 56 1.11701 0.755829
28 57 1.43662 1.82466
28 58 0.0291515 -0.277136
28 59 0.433665 0.311232
28 60 0.707139 0.387312
28 61 0.921033 -1.14667
28 62 -1.04867 0.47297
28 63 -0.405621 0.390107
28 64 -1.31813 0.227564
29 33 0.981293 -1.02746
29 34 0.0437693 -0.94619
29 35 6.96064 -3.71343
29 36 0.94448 -2.62178
29 37 4.10316 0.606961
29 38 3.05131 -0.343254
29 39 6.61988 -9.29
29 40 -1.00862 -4.31611
29 41 7.95441 3.16573
29 42 1.24413 3.26891
29 43 1.4614 0.92175
29 44 1.77034 -2.2927
29 45 6.86272 0.146712
29 46 3.81927 4.25885
29 47 3.69208 -3.01747
29 48 0.293391 4.56352
29 49 1.82544 0.386509
29 50 3.46976 1.4334
29 51 -1.46336 0.0216467
29 52 -1.35531 2.38046
29 53 0.227132 -0.770842
29 54 1.92151 -1.15752
29 55 0.874011 -0.966699
29 56 -0.977192 0.647532
29 57 1.03302 -0.239676
29 58 -1.66766 1.0004
29 59 -0.193881 0.628505
29 60 -0.0922101 -0.37532
29 61 0.129467 0.11541
29 62 -0.0436592 -0.235783
29 63 0.566848 -0.222007
29 64 -1.76476 0.418163
29 65 -1.86023 1.16874
29 66 -0.99887 0.638878
30 33 3.1386 -1.26377
30 34 11.7839 -6.9139
30 35 8.76147 1.16037
30 36 1.3373 -5.88818
30 37 1.96056 -2.71633
30 38 2.22556 -1.06267
30 39 -1.78508 -1.25851
30 40 -2.8814 -1.26798
30 41 5.0724 2.07027
30 42 3.34039 -1.1814
30 43 9.49627 4.03222
30 44 1.5995 -0.728177
30 45 0.578424 8.53834
30 46 -0.456295 1.82639
30 47 1.17152 0.724984
30 48 3.29081 3.09456
30 49 1.00528 1.93115
30 50 4.15032 0.513937
30 51 3.85264 2.91508
30 52 -0.449199 2.16432
30 53 -1.25997 2.80052
30 54 0.505511 -1.02459
30 55 1.23603 1.69412
30 56 2.26492 0.274151
30 57 0.235171 1.18877
30 58 -0.113302 0.351775
30 59 0.436941 -0.393769
30 60 0.38086 0.66058
30 61 -0.864324 -0.50984
30 62 -0.976687 0.0367331
30 63 0.13635 -1.06494
30 64 0.295933 -0.797924
30 65 0.0115589 0.0119911
30 66 -0.077438 0.0869858
31 33 1.1271 -0.913156
31 34 7.36458 0.803237
31 35 -2.83899 -2.50166
31 36 10.2474 -0.83903
31 37 6.34798 -10.1962
31 38 4.63537 2.9496
31 39 7.16909 -2.34456
31 40 2.21141 4.61891
31 41 6.21254 6.31758
31 42 5.18039 -1.43916
31 43 9.22838 1.13827
31 44 2.11432 0.928974
31 45 9.89985 -2.84903
31 46 -2.87275 0.889835
31 47 7.41754 0.185536
31 48 5.35143 0.565456
31 49 3.628 0.904327
31 50 0.968864 -0.604755
31 51 3.61779 1.98362
31 52 4.93184 1.03949
31 53 0.802741 0.843016
31 54 -0.945223 0.35101
31 55 0.670346 -1.45394
31 56 -1.16633 0.723255
31 57 0.30217 1.01288
31 58 -2.88124 1.95691
31 59 0.761037 0.451803
31 60 -0.783395 -0.477003
31 61 0.0213525 0.0516528
31 62 1.51927 1.55386
31 63 0.0382215 -0.473219
31 64 -0.0103393 0.0253014
31 65 0.268934 0.992984
31 66 -0.322778 0.201745
32 33 1.69215 -1.48093
32 34 4.13696 -1.45512
32 35 5.41514 -2.0005
32 36 1.34287 -5.79774
32 37 8.82515 -3.82386
32 38 8.20023 1.47053
32 39 1.42796 1.30394
32 40 2.92551 -1.15344
32 41 1.49957 -1.43551
32 42 2.80306 2.67217
32 43 1.99847 0.120806
32 44 4.6525 -0.364155
32 45 3.32905 -0.323696
32 46 3.14001 3.65813
32 47 0.53892 -0.751212
32 48 0.66655 1.35139
32 49 1.11102 2.5749
32 50 0.596876 1.26484
32 51 1.18179 -0.426491
32 52 -1.42666 3.19907
32 53 0.507719 0.66204
32 54 -1.20618 1.30388
32 55 -0.60286 -0.480542
32 56 -0.206455 1.23368
32 57 0.246199 -0.490134
32 58 0.157215 0.0992632
32 59 0.994574 0.0199961
32 60 0.809336 0.917711
32 61 0.612067 0.039828
32 62 -0.754902 -0.404927
32 63 0.550627 0.424873
32 64 0.6958 -0.0191797
32 65 -0.0427834 -0.0448142
32 66 -0.439429 0.617508
33 33 0.727623 -2.23354
33 34 -0.761669 0.759947
33 35 1.4915 0.742639
33 36 4.7719 1.68878
33 37 4.01911 0.273929
33 38 2.24469 2.18485
33 39 -0.652486 -1.60599
33 40 6.348 -0.204929
33 41 7.40272 -0.434923
33 42 3.85361 -3.17007
33 43 2.32005 -3.57401
33 44 4.40014 -3.63296
33 45 8.97452 1.41756
33 46 3.26341 5.55419
33 47 5.51185 -3.07702
33 48 3.15707 2.74473
33 49 2.98368 0.362487
33 50 -0.138901 1.79841
33 51 2.78524 -0.527703
33 52 -1.42365 0.0424456
33 53 1.58926 2.64007
33 54 1.30428 0.388224
33 55 -0.312812 0.336907
33 56 -0.503107 -0.127455
33 57 -0.4391 -0.202843
33 58 -1.2674 -0.118845
33 59 0.755418 2.10834
33 60 -0.169427 -0.193369
33 61 0.550058 -0.68928
33 62 0.717325 0.565019
33 63 0.487845 0.67065
33 64 0.598564 0.297965
33 65 0.773576 -0.212441
33 66 0.0351901 0.216773
34 33 1.80982 -0.459041
34 34 2.96208 1.12711
34 35 -0.256578 -2.21596
34 36 9.19073 -2.73181
34 37 2.9046 -0.742446
34 38 10.7425 1.93663
34 39 9.01627 -0.00629394
34 40 2.58242 -0.0837348
34 41 3.74355 -0.818482
34 42 6.26492 -1.96476
34 43 9.60027 0.643197
34 44 7.32899 0.417852
34 45 4.61398 3.5015
34 46 1.33637 6.69226
34 47 0.0466516 2.61563
34 48 5.41523 -0.158316
34 49 0.0248271 2.69639
34 50 0.24486 0.98758
34 51 -0.0247858 1.47271
34 52 3.50425 0.1701
34 53 2.93966 1.5682
34 54 0.123357 0.722946
34 55 -0.0313688 0.537837
34 56 2.56909 2.6349
34 57 1.37439 0.944125
34 58 -0.411133 -0.395957
34 59 -0.582649 0.296749
34 60 -0.0960675 1.2117
34 61 0.441505 0.987539
34 62 -0.381488 -0.474093
34 63 -0.106629 0.763662
34 64 -0.295487 1.33967
34 65 0.487355 0.331512
34 66 -0.826638 0.435482
35 33 2.62753 -0.873943
35 34 1.03638 -0.863827
35 35 -0.890565 -1.27056
35 36 2.89179 1.90112
35 37 2.14477 -3.60162
35 38 6.18917 -6.30022
35 39 1.62192 -3.81391
35 40 13.4346 3.37211
35 41 1.21707 0.387426
35 42 5.39768 -4.67667
35 43 7.84761 2.72611
35 44 5.50526 -3.43115
35 45 3.76975 -0.491023
35 46 2.43176 0.478951
35 47 2.4009 4.70034
35 48 3.97695 5.99981
35 49 -0.550055 -0.141771
35 50 0.792118 -0.727082
35 51 -0.335283 1.73657
35 52 2.41193 -1.01053
35 53 2.44015 0.350095
35 54 -0.840569 1.49838
35 55 2.26604 -0.197756
35 56 1.16912 0.36006
35 57 2.76526 1.56221
35 58 0.377714 0.713929
35 59 1.10268 0.272364
35 60 1.33387 -0.0229376
35 61 2.46152 0.425134
35 62 -0.49436 -0.28224
35 63 0.0681401 -0.00399051
35 64 -0.780556 1.40238
35 65 -0.0482126 0.0428661
35 66 -0.51854 0.41539
36 33 3.17078 -3.75429
36 34 -3.43077 -0.473058
36 35 0.448421 0.306882
36 36 3.21234 -0.985626
36 37 5.24328 0.513225
36 38 11.372 0.855892
36 39 5.68689 1.58441
36 40 3.66093 2.248
36 41 10.4419 2.39339
36 42 0.546445 1.91961
36 43 4.86772 -1.59715
36 44 8.01897 -1.31238
36 45 5.72741 -1.31324
36 46 7.98346 2.20559
36 47 -0.430125 2.76107
36 48 5.07163 1.21154
36 49 0.122664 2.6743
36 50 1.79678 0.0180321
36 51 0.801984 0.418452
36 52 -1.3793 1.29717
36 53 -0.359291 -0.749491
36 54 0.84569 2.31714
36 55 0.117739 0.402753
36 56 0.881548 2.1936
36 57 0.122071 -0.226812
36 58 0.183194 0.196492
36 59 -0.238127 0.926569
36 60 -1.04411 0.432485
36 61 0.280638 1.33164
36 62 -0.92971 2.43193
36 63 0.551826 -0.119489
36 64 0.19782 -0.0890743
36 65 -0.46809 0.0289246
36 66 0.0938095 0.372192
37 33 0.731133 0.601152
37 34 3.46442 -2.80848
37 35 5.05813 -0.270492
37 36 4.37136 -2.51052
37 37 5.78972 -3.87178
37 38 10.0477 -2.60405
37 39 2.22537 -6.25623
37 40 4.61896 -0.583003
37 41 1.3882 -1.60774
37 42 1.68375 0.246025
37 43 3.52761 2.45086
37 44 3.22944 3.55066
37 45 3.71035 -0.373227
37 46 0.717005 -0.464315
37 47 2.41745 4.05247
37 48 -0.291119 2.93321
37 49 -0.988864 -1.09502
37 50 -2.44842 0.813701
37 51 0.193081 2.25462
37 52 -0.462338 0.795778
37 53 -0.662458 0.155533
37 54 1.03292 -1.0897
37 55 0.12551 0.463811
37 56 -0.381476 -0.0215498
37 57 -0.499736 -0.739751
37 58 0.474977 0.237098
37 59 -0.171149 0.0786778
37 60 0.0370022 -0.0376915
37 61 0.293433 0.110228
37 62 -0.650129 2.47631
37 63 0.0263417 -0.367299
37 64 0.401854 0.322192
37 66 0.360843 0.184033
38 33 3.08914 -2.4617
38 34 8.26242 -2.37578
38 35 -3.21265 1.33986
38 36 10.7362 -1.75315
38 37 -0.32458 0.730519
38 38 7.66679 -1.31146
38 39 11.6981 1.55104
38 40 9.19295 -1.97202
38 41 7.52889 1.67696
38 42 6.72361 1.07879
38 43 6.80478 -0.0144367
38 44 1.40889 -0.0507438
38 45 0.14201 -0.833489
38 46 1.73132 -3.22387
38 47 -1.7351 1.02225
38 48 -0.776179 -0.00779687
38 49 5.886 1.29045
38 50 -2.37978 0.513978
38 51 0.412737 -0.109029
38 52 -0.285943 1.00538
38 53 -1.45706 0.610607
38 54 3.668 -1.70164
38 55 1.8023 1.29598
38 56 0.454457 -0.264822
38 57 -0.620316 -0.415888
38 58 -0.158598 0.703169
38 59 -0.517562 0.0823044
38 60 0.807298 -0.0419207
38 61 0.418848 0.191267
38 62 -0.508317 0.377982
38 64 -0.0184144 -0.138033
38 65 -2.44062 0.298663
38 66 0.0713469 0.00287323
39 33 0.619331 -2.23181
39 34 -5.39334 -3.15981
39 35 5.98586 -5.1917
39 36 2.05324 -2.04848
39 37 1.05775 -1.83286
39 38 8.77615 -0.161159
39 39 11.2752 -2.31728
39 40 3.78782 -3.13799
39 41 4.76183 -1.27559
39 42 9.45971 3.45896
39 43 5.66204 2.20722
39 44 8.24737 -2.51257
39 45 8.45174 -0.148582
39 46 4.60464 -0.819365
39 47 4.66315 2.23309
39 48 2.60446 1.60185
39 49 1.83942 0.178571
39 50 1.48226 -0.753182
39 51 -1.29111 2.12384
39 52 1.88236 1.7933
39 53 -0.896712 1.5029
39 54 2.3636 1.18816
39 55 -1.9563 0.355858
39 56 0.114779 0.731348
39 57 -1.49903 -2.0913
39 58 0.953288 0.767983
39 59 -0.824627 0.954637
39 60 0.707672 -0.0311159
39 61 0.925199 1.90946
39 62 -0.397812 -0.119373
39 63 -0.16748 -0.0180498
39 64 0.104858 -0.0201943
39 65 0.990763 0.363806
39 66 -0.125015 0.456407
40 33 4.79972 -2.13455
40 34 -0.678241 1.98571
40 35 5.40331 -2.30727
40 36 2.45856 -1.62806
40 37 1.78633 0.768793
40 38 -0.20261 0.330081
40 39 1.24503 -1.42435
40 40 1.3021 0.57208
40 41 7.38866 2.34996
40 42 6.02312 0.130912
40 43 3.74023 1.97223
40 44 -3.18333 -0.28437
40 45 7.5308 3.37821
40 46 -4.34189 -4.02847
40 47 0.699227 1.66729
40 48 -2.83504 0.399391
40 49 1.79868 -0.121484
40 50 1.41768 1.59318
40 51 3.66851 0.691445
40 52 -1.93148 2.85759
40 53 -2.09203 0.971233
40 54 3.03344 0.567248
40 55 1.21809 0.296306
40 56 1.52717 -0.132429
40 57 0.277364 1.90715
40 58 0.70132 -0.154627
40 59 0.428968 0.940942
40 60 -0.132569 -1.91718
40 61 0.249759 0.554519
40 62 0.508271 0.81768
40 63 -0.0252254 0.132991
40 64 0.647951 0.452356
40 65 0.155541 0.758727
41 33 3.93412 -4.0298
41 34 2.86384 2.39223
41 35 4.27408 0.959601
41 36 -0.803107 -3.34826
41 37 8.64809 -0.144044
41 38 2.46533 0.398187
41 39 5.25661 0.286264
41 40 2.50489 0.468469
41 41 3.19532 0.632797
41 42 4.18695 1.18288
41 43 -0.0629729 -0.876612
41 44 3.14441 -0.386993
41 45 -0.791684 -1.32169
41 46 4.91039 1.08555
41 47 5.2332 1.73626
41 48 -2.32003 -0.136891
41 49 -0.32818 1.27635
41 50 2.73498 1.46664
41 51 -1.54537 -0.990516
41 52 -1.20666 1.21369
41 53 0.304717 0.716957
41 54 -1.46834 -1.62616
41 55 2.07834 1.93827
41 56 1.71414 2.40607
41 57 0.203323 -0.704699
41 58 -0.0403969 0.758054
41 59 -1.85595 2.00542
41 60 -0.438075 -0.0688403
41 61 -0.0764789 0.0147715
41 62 0.153731 -0.0484424
41 63 -0.512837 0.828548
41 64 0.015071 -0.00670312
41 65 0.212921 0.790443
41 66 -0.184719 0.193778
42 33 1.26959 -2.40209
42 34 1.07284 1.58518
42 35 6.35603 1.23333
42 36 1.96513 -4.93068
42 37 3.69748 -1.91131
42 38 7.08082 -2.38426
42 39 5.35809 3.80107
42 40 6.67068 2.88152
42 41 0.682594 3.38165
42 42 11.1529 0.207244
42 43 2.16273 0.158302
42 44 5.10859 2.12302
42 45 -0.479884 2.4478
42 46 1.86855 0.399848
42 47 3.03344 7.74867
42 48 6.75466 1.5838
42 49 1.46884 0.245747
42 50 0.507699 -0.934823
42 51 2.4958 -0.893514
42 52 2.0922 -1.47386
42 53 1.8624 -0.160169
42 54 0.0522568 0.714679
42 55 0.207691 1.70868
42 56 -0.865029 3.14017
42 57 -0.976105 1.0636
42 58 0.0115165 0.716799
42 59 -0.0587178 0.913909
42 60 0.880516 0.0680346
42 61 -0.484486 -0.312978
42 62 0.193631 0.118596
42 63 -0.305139 0.156065
42 64 -0.816123 -0.558809
42 65 0.263305 0.0491334
43 33 1.45381 -1.01307
43 34 3.2595 -2.01962
43 35 7.22531 1.49947
43 36 0.591019 -0.0812219
43 37 2.32683 -1.38119
43 38 2.61144 -0.163379
43 39 2.10076 -0.309804
43 40 7.17749 -4.67817
43 41 5.99705 0.31372
43 42 3.55164 0.0832816
43 43 -3.00591 -0.0203261
43 44 -3.13865 0.295393
43 45 5.28869 -5.57995
43 46 2.85048 4.09284
43 47 2.857 0.588442
43 48 3.27686 0.88907
43 49 1.88655 0.529161
43 50 0.535474 -0.425012
43 51 1.91721 0.348564
43 52 3.55477 1.44759
43 53 0.0374897 3.77754
43 54 0.614828 0.137249
43 55 0.478369 -0.584199
43 56 1.46632 0.945157
43 57 -0.0734599 0.380804
43 58 0.00710764 0.219839
43 59 1.53716 -1.17177
43 60 0.0271717 0.0295144
43 61 0.225495 0.0821609
43 62 0.554282 0.665818
43 63 -0.122884 0.0335151
43 64 0.061461 0.0190644
43 65 1.0056 0.900107
43 66 0.161881 -0.0442031
44 33 2.44568 -0.631356
44 34 -3.32112 -1.58956
44 35 -2.59707 -3.59781
44 36 1.83197 -0.430944
44 37 -0.0115302 2.58022
44 38 2.85039 -7.94812
44 39 2.31795 1.49942
44 40 -0.254325 2.69631
44 41 -4.37531 0.391842
44 42 3.21408 -2.59163
44 43 2.42316 2.03992
44 44 4.6446 3.89605
44 45 2.54747 -1.44869
44 46 3.50118 -0.9806
44 47 3.59855 0.633164
44 48 -0.689944 2.73881
44 49 1.00531 3.73421
44 50 2.42867 0.611719
44 51 -0.320037 0.994651
44 52 -0.769243 -0.363805
44 53 2.30841 -0.476009
44 54 1.71057 -1.51057
44 55 0.974125 0.398334
44 56 1.46133 -0.0312366
44 57 1.72026 1.12181
44 58 -0.716551 0.465678
44 59 2.18294 1.03223
44 60 0.0209114 -0.00554818
44 61 0.449327 -0.0660529
44 62 0.946634 0.665486
44 63 3.89056 -1.14997
44 64 0.855755 -0.940248
44 65 2.01088 -0.384285
44 66 0.44151 0.202329
45 33 2.08047 0.474755
45 34 3.62982 -1.30734
45 35 -1.59772 -1.85751
45 36 4.73981 -0.929775
45 37 3.3712 2.34493
45 38 1.67278 -2.68315
45 39 7.89989 0.833664
45 40 2.47648 0.829569
45 41 4.07374 0.437115
45 42 9.43658 1.55263
45 43 4.59428 -0.219384
45 44 -0.5884 -4.13186
45 45 -1.54695 -0.150049
45 46 4.33783 -2.43418
45 47 6.49855 2.29412
45 48 1.8558 1.23443
45 49 1.60447 -0.237192
45 50 0.548604 3.43309
45 51 -0.42368 0.954235
45 52 0.0621422 1.18119
45 53 -0.293954 2.23436
45 54 1.06276 0.884008
45 55 1.82127 0.614097
45 56 -1.2309 0.511416
45 57 -0.219262 0.657146
45 58 0.288942 0.335922
45 59 -1.5739 -0.0166052
45 60 1.05685 1.18851
45 61 0.527676 -0.0963736
45 62 -1.12452 -0.606571
45 63 -0.353083 0.159846
45 64 -0.187326 0.0640166
45 65 0.337477 -0.195059
45 66 -0.109427 0.273698
46 33 3.36486 -1.07095
46 34 1.69214 0.455973
46 35 1.03766 -0.283436
46 36 1.24974 1.07732
46 37 1.93406 -1.54971
46 38 -2.1977 0.733471
46 39 5.88709 1.0067
46 40 1.1069 4.9556
46 41 3.9199 -1.91791
46 42 3.40414 -3.224
46 43 2.01012 1.99407
46 44 9.60368 -0.997339
46 45 5.29932 2.6446
46 46 0.417647 -0.754404
46 47 6.21635 -0.58884
46 48 3.51321 0.159355
46 49 0.209707 -0.674127
46 50 -1.11254 0.180923
46 51 -1.88567 0.0877696
46 52 0.606919 -0.0511512
46 53 0.0560498 1.10314
46 54 3.16648 1.50378
46 55 -1.42713 -0.515027
46 56 0.797934 0.106425
46 57 0.0399534 0.256978
46 58 -1.8903 0.356198
46 59 -0.542538 1.00639
46 60 2.18131 1.39971
46 61 0.623563 0.181373
46 62 0.242652 -0.1079
46 63 -0.233605 -0.194377
46 64 0.0928089 0.191263
46 65 -1.32627 0.361808
46 66 -0.0812184 0.117475
47 33 1.30786 0.150557
47 34 6.88199 -3.01327
47 35 -0.271339 3.22119
47 36 0.865683 0.165188
47 37 0.0825498 -4.78004
47 38 1.02136 0.708851
47 39 5.97135 0.189707
47 40 0.581495 2.82334
47 41 -3.20833 -3.76372
47 42 0.977362 2.12811
47 43 3.72749 -2.92806
47 44 7.80097 -0.791507
47 45 3.23071 5.19391
47 46 7.32572 2.02147
47 47 6.25063 -0.372305
47 48 1.09943 -0.505172
47 49 1.86505 1.47512
47 50 -1.4006 2.93854
47 51 0.132837 2.89756
47 52 0.19433 -0.0825786
47 53 -1.14829 -2.0139
47 54 0.814677 -0.0210296
47 55 0.383693 2.08811
47 56 0.749776 -0.26839
47 57 0.87553 -1.3512
47 58 0.8636 0.146314
47 59 -1.24402 -0.276402
47 60 0.356264 1.57316
47 61 -0.576406 0.16849
47 62 0.870321 0.790786
47 63 0.0498035 0.0794574
47 64 0.724009 0.501321
48 33 0.029762 -0.426808
48 34 5.47864 -2.89225
48 35 0.263493 1.2392
48 36 5.35756 3.30997
48 37 -5.50236 -3.00563
48 38 3.30591 1.64821
48 39 -2.24836 -1.67007
48 40 2.46956 1.9838
48 41 1.12905 0.642861
48 42 7.31426 -0.0325415
48 43 2.14744 2.49503
48 44 0.0970424 0.278244
48 45 1.12582 4.26904
48 46 1.11104 1.1293
48 47 3.57881 4.81322
48 48 3.48356 1.77562
48 49 1.82404 -1.95653
48 50 -0.300138 0.6236
48 51 2.2152 0.238506
48 52 4.62429 -1.13452
48 53 -1.13625 1.23179
48 54 0.0979069 0.940163
48 55 -2.00737 1.1305
48 56 0.134136 -0.698933
48 57 -0.297753 1.80443
48 58 1.65901 0.993
48 59 0.803226 2.16338
48 60 -0.142332 -1.50329
48 61 -0.187633 0.911285
48 62 -0.894941 -1.38243
48 63 0.233038 0.289846
48 64 0.0631766 0.0422873
48 65 -0.142745 -0.0306437
48 66 0.367624 0.11879
49 33 -0.575905 -1.68607
49 34 -3.02366 -3.49562
49 35 0.144656 -0.949302
49 36 2.20951 2.76197
49 37 2.95275 3.33008
49 38 3.98017 0.762406
49 39 2.37049 -0.45814
49 40 2.82765 0.691566
49 41 4.32838 1.83953
49 42 1.85702 5.9084
49 43 7.62683 -3.53922
49 44 1.06537 0.731393
49 45 0.412949 0.312505
49 46 4.4522 2.28823
49 47 2.07561 -0.606141
49 48 5.70414 -1.18144
49 49 -0.236159 -2.39611
49 50 1.39342 2.34429
49 51 -1.63792 1.0975
49 52 1.17141 0.0783916
49 53 0.408399 -0.371963
49 54 -0.354546 1.60738
49 55 -0.763242 0.849936
49 56 1.48916 -0.53428
49 57 -0.195188 -2.12094
49 58 0.539375 0.976626
49 59 -1.04733 -0.471025
49 60 1.8688 -0.822212
49 61 -1.73641 0.71359
49 62 0.0499493 0.470615
49 63 -0.528248 0.113811
49 64 0.0741233 -0.0110478
49 66 0.00588644 0.00651576
50 33 1.14078 0.541802
50 34 -2.14084 -3.32725
50 35 2.07226 -0.0194925
50 36 2.23282 -0.794658
50 37 1.43784 1.83594
50 38 1.47238 0.721301
50 39 0.429382 2.66641
50 40 -0.477265 0.031698
50 41 1.98689 1.62502
50 42 4.89498 -5.48024
50 43 7.57832 -3.63944
50 44 5.77469 4.76213
50 45 3.49598 -0.0547362
50 46 5.291 1.4437
50 47 0.450406 1.57237
50 48 -0.525258 0.813993
50 49 -1.99996 1.45421
50 50 3.53005 2.18147
50 51 -1.45583 -0.406094
50 52 -1.57522 2.07347
50 53 0.0355198 -2.56718
50 54 0.275578 -0.785334
50 55 -1.14567 -0.275859
50 56 -1.07779 -0.289511
50 57 1.14292 1.38605
50 58 0.8788 -1.3388
50 59 0.258234 0.32204
50 60 -0.735585 -0.678563
50 61 0.137744 0.107472
50 62 0.134652 -0.00577241
50 63 -0.230124 -0.0960239
50 64 0.0599205 0.10187
50 65 1.02666 0.181356
50 66 -0.219083 -0.0110801
51 33 1.05063 -0.913626
51 34 -2.99408 1.24798
51 35 3.64531 2.08759
51 36 7.90034 3.69109
51 37 1.26193 0.998452
51 38 4.01183 -2.4762
51 39 1.52618 -1.02696
51 40 3.70891 1.63772
51 41 3.83991 -1.10971
51 42 1.23263 -0.639314
51 43 -4.19358 -0.531271
51 44 4.13866 -1.09376
51 45 -1.28552 -0.179697
51 46 1.87944 0.242748
51 47 -2.54673 -1.64528
51 48 2.32244 5.48405
51 49 1.1466 -0.145458
51 50 -3.68674 4.19658
51 51 -1.06232 -1.5188
51 52 2.36834 2.16301
51 53 3.46761 -0.850668
51 54 1.66862 1.29333
51 55 0.778501 -0.557446
51 56 -0.00314362 -0.955326
51 57 0.0521969 0.342293
51 58 1.20174 -0.145987
51 59 -1.55061 0.329602
51 60 -0.849631 -0.624794
51 61 -0.634287 -0.442888
51 62 -0.144652 0.338441
51 63 0.980569 -0.153689
51 64 -0.132531 0.027308
51 65 0.460624 0.63581
51 66 0.0659196 0.00591462
52 33 1.57351 -0.567625
52 34 2.15032 -3.77302
52 35 3.3083 -0.458148
52 36 1.91819 -1.03408
52 37 6.66611 2.51635
52 38 6.0649 0.905419
52 39 4.54876 0.474496
52 40 4.36555 1.9213
52 41 6.73668 -3.75105
52 42 2.54939 0.994712
52 43 9.33455 2.70133
52 44 6.9089 -2.60577
52 45 -0.123171 3.02345
52 46 1.72328 1.48956
52 47 1.67882 -1.30578
52 48 -0.932723 1.76271
52 49 0.343078 -1.07056
52 50 2.3818 0.173762
52 51 3.2044 -1.30594
52 52 3.31007 0.560389
52 53 0.905952 1.22307
52 54 -0.840138 1.65471
52 55 1.94294 -1.45407
52 56 -0.920216 0.00566753
52 57 2.65484 0.472301
52 58 0.202286 0.633146
52 59 1.95958 0.659831
52 60 -1.20471 -0.132102
52 61 -1.03564 1.0109
52 62 0.414664 -0.804099
52 63 0.599409 -0.298529
52 64 0.347441 0.288163
52 65 -0.319429 -0.861483
53 33 3.21088 1.05226
53 34 6.98701 -0.878376
53 35 8.89201 1.95686
53 36 6.42024 -0.897917
53 37 0.245005 -0.521135
53 38 0.127278 -3.28129
53 39 -0.345017 -2.97172
53 40 7.42744 -0.354035
53 41 4.50118 -3.85716
53 42 -1.43161 -2.20108
53 43 -0.515484 3.70198
53 44 2.05741 1.84932
53 45 1.36737 0.287441
53 46 3.74833 1.71933
53 47 0.14463 -1.36178
53 48 10.8948 1.37892
53 49 1.58525 -0.907435
53 50 2.84586 2.50322
53 51 -2.34122 -1.04314
53 52 0.783479 2.1861
53 53 4.08328 -1.62332
53 54 1.81546 1.96457
53 55 1.45753 1.01826
53 56 -0.444127 0.424942
53 57 0.853036 -0.583927
53 58 0.0014242 0.85372
53 59 -0.392216 0.380515
53 60 0.975758 0.945941
53 61 0.626102 -0.265375
53 62 0.253002 -0.0382603
53 63 0.727177 -0.226662
53 64 0.0451381 -0.0360034
53 65 0.35919 -0.0371789
53 66 0.965371 0.718873
54 33 3.87173 -2.10457
54 34 1.7254 -2.96438
54 35 1.48925 -2.09281
54 36 1.85575 -1.81204
54 37 4.02227 -0.989277
54 38 6.36393 -0.295162
54 39 -3.48161 0.381044
54 40 3.43415 -5.99783
54 41 0.535475 -2.4751
54 42 5.16741 0.455756
54 43 0.14391 0.713429
54 44 5.719 -0.183716
54 45 2.47994 3.00656
54 46 0.696772 -1.17002
54 47 1.19065 0.187202
54 48 0.910432 2.91977
54 49 -3.0623 0.000718804
54 50 0.607782 -0.123532
54 51 -2.08368 1.96999
54 52 0.41455 0.61257
54 53 -1.06011 0.610535
54 54 0.511474 3.18688
54 55 1.53742 2.40913
54 56 1.69211 1.28154
54 57 -1.06314 -0.964427
54 58 0.59696 0.195537
54 59 -0.162298 0.64544
54 60 1.57416 0.028762
54 61 -0.215842 1.01941
54 62 -0.262078 0.435368
54 63 2.12449 0.3764
54 64 0.279984 -0.110349
54 65 1.4267 0.976147
54 66 0.282135 0.129312
55 33 3.52861 0.144294
55 34 5.59946 -2.83777
55 35 -0.697975 -2.43829
55 36 3.54398 -2.94201
55 37 7.49835 -1.27637
55 38 4.87315 -2.63328
55 39 2.14683 -2.22135
55 40 7.14349 -1.16165
55 41 0.950121 3.04604
55 42 4.70347 0.405407
55 43 0.430131 -2.34121
55 44 -5.91146 1.61214
55 45 4.4423 2.01238
55 46 5.52351 -1.90751
55 47 -1.78337 2.57879
55 48 2.52305 1.02488
55 49 -0.982891 0.1665
55 50 -1.98356 0.64329
55 51 0.856993 1.07924
55 52 0.110537 -0.739242
55 53 0.549415 2.12537
55 54 0.948732 0.0354733
55 55 -0.72624 -0.667777
55 56 3.91762 -0.601891
55 57 -1.29434 0.979935
55 58 -0.500052 1.35876
55 59 1.21207 -0.182951
55 60 0.986741 0.00424124
55 61 1.19448 -0.632005
55 62 0.45224 -0.460894
55 63 0.32568 1.39416
55 64 0.387951 -0.129572
55 65 0.189432 0.549139
55 66 0.379133 0.364339
56 33 3.02818 -0.768133
56 34 4.55467 -0.118949
56 35 -4.26636 -1.45497
56 36 2.05628 -1.35544
56 37 1.27095 1.95465
56 38 2.84705 -0.387949
56 39 2.77897 1.53763
56 40 -0.365684 -1.1445
56 41 5.88913 -3.15774
56 42 6.18535 1.55315
56 43 0.792651 1.77246
56 44 1.0037 2.00181
56 45 -1.07552 1.10509
56 46 4.10919 3.24488
56 47 3.38859 2.53288
56 48 1.28558 -0.0564422
56 49 1.20152 -1.98405
56 50 -0.0207911 -1.70221
56 51 0.51516 -2.10642
56 52 2.83757 1.04663
56 53 -1.95855 1.68968
56 54 -1.3293 1.62957
56 55 -1.73256 -2.2307
56 56 1.33159 0.577711
56 57 -0.138829 4.34369
56 58 2.12434 -0.745405
56 59 -0.64878 -0.918904
56 60 -1.5375 1.20824
56 61 -0.484632 0.538991
56 62 0.795715 -0.254763
56 63 -0.454264 1.1437
56 64 0.179042 0.260688
56 65 0.0197199 -0.0089635
56 66 -0.271111 0.0199318
57 33 3.48442 1.13403
57 34 -0.488937 0.666019
57 35 4.44474 -6.86654
57 36 10.2961 3.29859
57 37 3.01236 1.30236
57 38 2.67172 -1.04367
57 39 3.22919 2.20739
57 40 0.271818 1.57403
57 41 -1.71611 -0.172652
57 42 2.87219 2.75951
57 43 2.33654 -6.76005
57 44 4.00074 0.392903
57 45 3.68641 -3.50939
57 46 0.667359 1.64875
57 47 7.30267 0.762369
57 48 3.34289 -0.0776936
57 49 2.30796 0.77529
57 50 1.34634 -0.180828
57 51 -0.269464 -1.50415
57 52 -0.485496 0.184525
57 53 -0.931064 -0.298227
57 54 -0.666531 0.890477
57 55 0.00544675 0.243036
57 56 -1.88028 1.31499
57 57 0.283152 1.15148
57 58 -0.357106 0.570754
57 59 1.26482 -0.449824
57 60 0.120224 0.0522217
57 61 0.11053 0.347851
57 62 -0.253175 0.437965
57 63 0.280735 -0.453483
57 64 -0.0888636 -0.616546
57 65 -0.528058 0.577046
57 66 0.225281 -0.519237
58 33 1.09998 -0.412458
58 34 -0.650558 -0.618764
58 35 -1.22147 0.625437
58 36 2.49922 -0.0129821
58 37 0.107739 0.974728
58 38 8.54329 -0.623431
58 39 6.75134 -1.01854
58 40 6.49617 -3.72902
58 41 0.438523 -0.160249
58 42 -0.00506045 -2.96633
58 43 7.00002 -0.265145
58 44 2.05073 0.134243
58 45 2.23368 -1.50546
58 46 3.75413 2.33223
58 47 -1.63536 1.75473
58 48 0.858391 2.79504
58 49 2.17811 0.312577
58 50 1.34814 -2.04264
58 51 1.72159 1.01701
58 52 1.23393 0.441819
58 53 0.213597 0.211073
58 54 -0.0720182 0.583498
58 55 -1.18725 -0.664633
58 56 1.93653 1.05656
58 57 0.0878504 0.240078
58 58 0.0495698 -0.0250718
58 59 0.66415 -0.102365
58 60 0.0230197 0.0411392
58 61 0.82691 0.672036
58 62 1.98696 -0.594619
58 63 -1.41265 0.164792
58 64 1.69715 0.171394
58 66 0.923648 -0.28152
59 33 3.93847 -1.77633
59 34 1.1698 -3.98359
59 35 -0.669417 -3.0151
59 36 1.62721 -0.171558
59 37 5.69331 -0.385272
59 38 -1.09194 -1.25397
59 39 4.57078 -3.39203
59 40 7.42562 0.220908
59 41 4.85706 -3.45714
59 42 1.24833 -1.973
59 43 4.01216 1.82936
59 44 7.06147 2.51962
59 45 0.134141 -0.977458
59 46 7.87946 -0.838393
59 47 -0.415216 0.63934
59 48 2.92984 0.855368
59 49 3.16054 -1.19848
59 50 1.30498 0.182732
59 51 -1.90258 -0.945861
59 52 5.59762 2.05522
59 53 0.398153 2.19452
59 54 1.33352 -0.0618534
59 55 -1.35814 -0.818796
59 56 2.67985 1.35656
59 57 -0.637717 0.223679
59 58 1.72406 0.885393
59 59 0.438412 1.0689
59 60 0.930735 0.5343
59 61 -1.51817 0.363426
59 62 0.313385 1.03908
59 63 -0.912689 1.51555
59 64 -0.0897479 0.924723
59 65 0.0877196 0.0250677
59 66 -0.555032 0.379235
60 33 0.391918 -2.52224
60 34 7.40885 0.294259
60 35 1.88825 -2.01239
60 36 7.12428 -1.19656
60 37 1.60736 -1.08303
60 38 6.42267 -3.55135
60 39 -3.55809 -0.809424
60 40 4.05622 0.678883
60 41 1.65639 0.0596937
60 42 8.72928 0.278074
60 43 5.28726 1.41368
60 44 4.6794 -0.856668
60 45 1.49915 -2.0321
60 46 3.78252 -0.380945
60 47 1.26362 0.457564
60 48 -1.95305 0.622361
60 49 -1.05081 1.31873
60 50 4.34845 0.760307
60 51 2.30911 1.06122
60 52 1.07518 1.9454
60 53 1.68682 1.17787
60 54 -1.57139 2.9652
60 55 2.49375 0.628096
60 56 1.02038 -1.7013
60 57 -2.22467 -0.141746
60 58 3.23745 -2.07565
60 59 0.0410157 0.091936
60 60 -0.586243 0.706634
60 61 -0.107801 0.97413
60 62 1.72694 2.44136
60 63 0.605631 -0.17779
60 64 -0.38266 -0.13081
60 65 0.0537969 -0.290039
60 66 -0.36566 -0.777436
61 33 2.5377 -1.26374
61 34 0.761901 0.904278
61 35 -2.03545 -1.61718
61 36 4.52851 -1.64396
61 37 2.26204 -0.310558
61 38 2.27419 0.347758
61 39 6.50372 -0.90153
61 40 2.18999 -3.55154
61 41 3.18473 0.678502
61 42 2.57892 3.45804
61 43 0.174995 0.964958
61 44 -0.53446 2.87176
61 45 1.32546 -1.1504
61 46 -1.54249 2.10456
61 47 -1.65066 1.80726
61 48 1.90336 0.660263
61 49 0.423481 1.41857
61 50 0.62077 0.973642
61 51 2.09256 2.43044
61 52 -1.09752 1.87293
61 53 -1.51472 -0.265285
61 54 -0.417011 -0.997634
61 55 -1.73055 0.235471
61 56 1.61699 0.434871
61 57 -0.193901 -1.06254
61 58 -1.27003 -0.63692
61 59 0.710366 -0.273624
61 60 -1.81555 -0.884996
61 61 0.854159 -1.31312
61 62 0.0358203 1.0466
61 63 0.168458 -0.246674
61 64 1.12819 0.164113
61 65 0.105042 0.265705
61 66 -0.407529 0.56872
62 33 1.97038 0.881571
62 34 3.62293 0.99787
62 35 3.58313 -1.16719
62 36 -1.18014 0.290893
62 37 3.55974 -0.862809
62 38 0.30314 0.452348
62 39 3.9734 0.808754
62 40 2.44788 -1.00163
62 41 0.632612 0.171463
62 42 -0.936146 -1.22002
62 43 6.40346 0.987641
62 44 4.69789 5.9059
62 45 3.43122 -2.89353
62 46 0.299918 0.463571
62 47 2.96777 2.48903
62 48 -0.470867 0.302709
62 49 2.2846 -0.149594
62 50 1.68698 0.713794
62 51 4.00609 -0.532832
62 52 3.73266 0.403243
62 53 -0.965474 -0.65805
62 54 0.26092 0.0982422
62 55 -0.722166 0.112811
62 56 0.291974 0.417795
62 57 1.01514 0.627162
62 58 -0.561495 0.195908
62 59 -0.822511 -0.788426
62 60 0.0237794 0.827472
62 61 -0.075967 0.743119
62 62 1.18937 0.153342
62 63 -0.594699 0.845809
62 64 0.177452 0.864307
62 65 -1.47082 0.736433
62 66 0.190423 0.348933
63 33 1.2304 0.560959
63 34 4.85881 -1.40195
63 35 1.37212 0.98364
63 36 -0.829544 0.845254
63 37 2.85245 1.85906
63 38 1.20137 0.905323
63 39 8.37549 -2.2962
63 40 6.08245 -0.628878
63 41 -0.0441648 1.53524
63 42 5.23033 -0.52089
63 43 6.13678 0.386207
63 44 5.30462 -1.94362
63 45 -0.368602 2.15086
63 46 3.85781 2.78026
63 47 0.456183 0.443124
63 48 3.95535 -0.280256
63 49 2.09266 1.41255
63 50 0.556479 2.11063
63 51 0.733089 1.04811
63 52 -0.87359 0.592117
63 53 1.55498 2.08811
63 54 0.951906 1.22737
63 55 -0.173205 -0.776622
63 56 -1.09104 -0.254422
63 57 -0.49121 -0.0635992
63 58 -0.323692 -0.340147
63 59 0.420114 0.281079
63 60 -1.12053 0.729889
63 61 -0.0777127 0.25077
63 62 -0.744705 -0.088599
63 64 1.02769 -0.668847
63 65 0.0242321 0.273746
63 66 -0.0322553 -0.107851
64 33 1.38807 -2.50334
64 34 2.45257 1.14759
64 35 1.82665 0.246419
64 36 2.77579 -3.11753
64 37 3.08585 2.29394
64 38 1.16902 1.19072
64 39 4.80619 0.501665
64 40 1.77485 0.284021
64 41 1.33274 -0.241883
64 42 2.4184 -4.60411
64 43 6.65538 1.53717
64 44 3.00589 -2.09381
64 45 4.00802 1.16207
64 46 2.31116 1.12662
64 47 6.13036 -1.05824
64 48 -1.04289 2.21888
64 49 2.40299 2.15537
64 50 -0.0568489 2.4052
64 51 -1.1616 1.37085
64 52 1.43527 -0.775038
64 53 0.198387 0.0427747
64 54 -0.316775 -0.52803
64 55 0.534861 -0.0180037
64 56 -1.01098 0.0917115
64 57 0.295623 1.87859
64 58 -0.843699 0.349461
64 59 0.396526 0.170589
64 60 1.21671 -0.340627
64 61 0.155852 1.23036
64 62 -0.0672772 1.26681
64 63 0.074985 0.209935
64 64 -0.358957 -0.657399
64 65 0.0718528 0.635297
64 66 -0.560664 -0.207034
65 33 2.39384 -0.942679
65 34 2.42618 -0.334421
65 35 1.9947 -0.349303
65 36 1.73945 -1.85424
65 37 4.84404 1.18545
65 38 1.41606 1.41442
65 39 4.22824 -0.819695
65 40 5.01417 1.77771
65 41 5.56657 -2.3502
65 42 3.62484 -1.2561
65 43 4.13659 -1.09438
65 44 5.90311 1.73606
65 45 3.52329 -0.841881
65 46 2.68016 0.802212
65 47 3.30488 0.351193
65 48 2.08065 3.02673
65 49 0.903542 0.145486
65 50 3.09828 0.404377
65 51 0.828176 1.82318
65 52 2.63886 -0.0765957
65 53 -0.133188 0.0469182
65 54 0.313232 -0.277537
65 55 2.95513 0.0987486
65 56 -0.234427 -0.219644
65 57 1.00891 0.456845
65 58 -1.12668 0.17689
65 59 0.463438 0.403776
65 60 0.176819 0.452937
65 61 0.206773 0.500183
65 62 -0.711133 -0.0187104
65 63 -0.00279153 0.0652035
65 64 0.291862 0.404155
65 65 0.0405844 1.50329
65 66 -0.0412972 0.367688
66 33 1.92686 -0.733191
66 34 5.97521 -1.33307
66 35 3.14981 -1.2513
66 36 2.32554 -0.743583
66 37 3.37321 1.9022
66 38 1.4808 0.55802
66 39 6.20109 -0.0839322
66 40 4.26961 0.595748
66 41 5.11896 -0.290967
66 42 4.93427 0.838872
66 43 5.19519 0.278779
66 44 3.48829 -0.554645
66 45 3.11408 -0.737181
66 46 4.73615 0.513855
66 47 4.21841 0.480531
66 48 4.32811 2.48048
66 49 3.2391 1.32263
66 50 3.56406 0.470066
66 51 2.21354 1.59309
66 52 2.02102 -0.0319474
66 53 2.19502 -0.150452
66 54 1.69887 0.893812
66 55 0.857252 1.39131
66 56 0.6033 -0.275167
66 57 -0.0149117 -0.350147
66 58 0.455715 0.547877
66 59 0.17005 2.38991
66 60 1.21528 0.51515
66 61 0.263223 0.178713
66 62 0.236318 0.229312
66 63 0.0714695 0.666986
66 64 0.0633505 0.145021
66 65 -0.4795 0.101769
67 33 0.0940345 -0.0127173
67 34 0.297687 -0.0345257
67 35 0.122808 -0.0603463
67 36 0.136792 -0.0825545
67 37 0.0952474 0.0227772
67 38 0.200111 -0.107518
67 39 0.230528 0.0136119
67 40 0.220086 0.0505916
67 41 0.239873 -0.0639955
67 42 0.277894 0.142924
67 43 0.338638 -0.000140529
67 44 0.164719 0.00742247
67 45 0.203114 0.00060068
67 46 0.235558 -0.0146879
67 47 0.152163 0.0573013
67 48 0.15397 0.144985
67 49 0.217997 0.0420945
67 50 0.12347 0.0345015
67 51 0.0444922 -0.0185437
67 52 0.124427 -0.01728
67 53 0.0722344 0.00425819
67 54 0.0862752 0.0191214
67 55 0.0507746 0.0267053
67 56 0.00333875 -0.0004043
67 59 0.0541977 0.0130096
67 60 0.0604749 0.0571446
67 61 0.0207196 0.0371006
67 62 0.0294762 -0.00432973
67 63 0.0202262 0.0167723
