0 33 0.707984 11.5154
0 34 -1.62998 6.25048
0 35 -4.65477 1.57229
0 36 -1.67647 8.6443
0 37 0.392628 1.15721
0 38 1.3536 5.56962
0 39 -0.278547 5.16436
0 40 -7.01721 1.64544
0 41 -5.42299 3.20817
0 42 -2.40886 2.18735
0 43 -4.35546 1.81591
0 44 -0.247557 3.22743
0 45 -1.00386 3.47271
0 46 0.0863116 1.39644
0 47 2.88622 2.22637
0 48 0.399935 1.32865
0 49 0.224673 1.07676
0 50 -1.50585 2.01177
0 51 0.974152 0.532463
0 52 -0.164344 0.117882
0 53 -1.39998 0.0962293
0 60 -0.586775 -0.406992
1 33 3.30367 23.2582
1 34 9.69419 15.1204
1 35 17.768 16.8022
1 36 4.82485 7.72886
1 37 9.79131 3.99327
1 38 -3.44676 10.8117
1 39 1.68939 10.5917
1 40 0.894013 11.2893
1 41 2.39959 6.41741
1 42 0.0978051 8.29776
1 43 1.8865 6.99034
1 44 1.91632 1.40185
1 45 -2.90083 3.86827
1 46 0.718584 5.97214
1 47 -3.81318 5.27159
1 48 3.93217 -1.69825
1 49 3.46225 3.15862
1 50 1.59587 1.82326
1 51 0.47408 0.511666
1 52 0.0635532 0.0518025
1 53 0.185991 0.573066
1 54 -0.29546 -0.995631
1 56 -0.37444 0.217285
1 57 0.0648606 0.0283187
1 64 -0.101033 0.184422
2 33 -3.1114 33.5372
2 34 -7.60829 17.9884
2 35 -7.52014 15.6638
2 36 3.08904 9.10466
2 37 2.48081 15.4042
2 38 3.13315 12.456
2 39 -5.5792 20.5258
2 40 7.93664 22.7857
2 41 -0.878824 13.7869
2 42 5.6596 11.6118
2 43 -2.16776 12.6484
2 44 -6.4184 12.0143
2 45 -4.23619 -1.67542
2 46 -0.766182 9.29804
2 47 0.0160589 6.21354
2 48 0.850878 -0.770743
2 49 -1.89511 2.25321
2 50 4.17599 3.64278
2 51 1.77499 -1.40097
2 52 1.73334 0.752241
2 53 -0.215181 0.375452
2 54 -1.26619 -0.0970409
2 56 -0.00943864 0.00860441
2 59 -0.0114307 0.0716487
2 62 0.334942 -0.203749
3 33 5.99571 44.5592
3 34 -11.7576 23.4416
3 35 4.8125 37.2591
3 36 1.9236 27.6767
3 37 -3.19817 11.905
3 38 -2.48092 17.423
3 39 -8.76542 16.1323
3 40 -3.1144 9.79634
3 41 10.2582 15.4414
3 42 6.08635 14.5501
3 43 -1.30949 9.6647
3 44 3.86317 17.3248
3 45 -0.584454 5.7109
3 46 4.93938 9.52679
3 47 -1.15248 4.7064
3 48 4.56165 2.31434
3 49 0.941659 1.09429
3 50 0.174869 1.44265
3 51 1.23148 0.966807
3 52 1.36093 0.408106
3 53 -0.284088 0.232377
3 54 0.928552 0.345278
3 55 0.0336069 0.49141
3 56 0.0334121 0.0132302
3 58 0.223878 0.0284956
3 59 0.384968 0.0141448
3 60 0.763626 0.939965
3 61 0.727537 0.461971
3 62 0.124762 0.141329
3 65 -0.330646 -0.00863442
4 33 -9.49525 55.9108
4 34 12.6825 21.0772
4 35 -2.41621 35.281
4 36 1.80244 27.3539
4 37 -3.97457 22.3808
4 38 0.534904 24.8951
4 39 10.9395 21.0154
4 40 3.85441 15.1946
4 41 12.9101 23.614
4 42 -1.79457 17.52
4 43 2.08587 13.171
4 44 3.28898 9.65724
4 45 2.02137 9.44611
4 46 -4.49456 7.67158
4 47 0.482287 2.53497
4 48 -2.65449 2.26899
4 49 -5.45408 5.95704
4 50 3.45739 1.68723
4 51 1.09924 3.0728
4 52 -2.31254 0.437907
4 53 -0.0192558 0.986762
4 54 0.313059 -0.464349
4 55 1.81044 1.17345
4 56 0.365978 0.283858
4 57 -0.0415653 -0.629015
4 58 -0.401314 -0.101286
4 59 0.599446 0.0758511
4 60 0.114399 0.129599
4 61 0.157576 -0.0614567
4 65 1.04253 -0.624848
4 66 -0.0313783 0.199267
5 33 6.85602 50.4864
5 34 -1.08284 20.6426
5 35 0.436497 32.9436
5 36 -10.1391 20.1242
5 37 14.2145 20.8478
5 38 0.920834 26.2595
5 39 -11.9469 16.0783
5 40 8.54664 27.1722
5 41 16.2787 16.3561
5 42 6.01376 16.4884
5 43 -2.06294 19.8623
5 44 5.97234 9.14991
5 45 -1.09751 3.09616
5 46 4.98714 15.1146
5 47 -4.3768 10.6776
5 48 -1.8437 0.178661
5 49 5.09998 2.10654
5 50 3.12459 3.44458
5 51 2.03597 -0.770848
5 52 1.05946 2.18935
5 53 0.299267 1.763
5 54 -1.47873 -0.166209
5 55 2.58575 0.0912827
5 56 -1.07328 -0.299046
5 57 -1.28458 1.52629
5 58 -0.299187 0.395298
5 59 -1.05325 0.237776
5 60 0.703799 -0.00260958
5 61 -0.225829 -0.016349
5 63 1.57477 1.14558
6 33 -1.4278 47.8717
6 34 8.10935 35.1907
6 35 4.59368 34.3462
6 36 3.40563 34.0398
6 37 -6.24398 34.9714
6 38 16.5243 20.8116
6 39 0.725302 25.1386
6 40 3.1933 11.3692
6 41 9.6322 14.0228
6 42 14.2479 14.8742
6 43 11.6295 13.1052
6 44 23.3212 11.6828
6 45 0.27745 8.96291
6 46 16.2043 16.3023
6 47 1.80442 7.54411
6 48 6.70136 -2.90803
6 49 9.06075 -0.564428
6 50 2.29341 3.56786
6 51 0.696063 5.15841
6 52 0.869123 0.367392
6 53 -0.740465 0.25133
6 54 -0.639303 -0.416399
6 55 -0.912421 0.0126915
6 56 5.94946e-05 -0.518298
6 57 -0.523828 0.341418
6 58 0.0118174 0.0381587
6 59 0.480342 -0.128025
6 60 1.10165 -0.0992466
6 61 -0.271523 0.321271
6 63 0.0814679 -0.064407
6 64 -0.0529627 -0.114169
6 65 0.34435 -0.159882
7 33 10.4415 49.2943
7 34 11.995 35.1763
7 35 -2.78709 35.4146
7 36 11.8425 23.8539
7 37 0.348996 18.2295
7 38 9.66312 34.5178
7 39 -3.49896 18.6828
7 40 2.35728 17.8042
7 41 4.62028 13.478
7 42 4.34023 9.00353
7 43 17.4353 14.018
7 44 -3.91981 20.1843
7 45 1.83717 5.28258
7 46 14.1489 13.0545
7 47 -4.13987 5.45659
7 48 8.91754 3.62833
7 49 7.86749 4.91479
7 50 2.09846 2.76429
7 51 -0.257075 1.35643
7 52 3.98888 1.05297
7 53 2.56423 0.00979585
7 54 -1.71337 -0.176303
7 55 -0.659053 0.37125
7 56 -0.217146 -1.01317
7 57 1.48241 -0.105404
7 58 1.10673 1.08633
7 59 0.273649 0.316251
7 60 -0.13084 0.316648
7 61 -0.580341 0.682878
7 63 0.179408 1.57925
7 65 -1.17416 -0.439603
8 33 13.7884 28.7655
8 34 17.7224 18.2595
8 35 3.73881 28.407
8 36 11.2945 12.2435
8 37 8.91782 17.1246
8 38 1.89264 21.3808
8 39 -0.0249595 19.1291
8 40 9.88918 20.893
8 41 -1.64101 11.4803
8 42 13.657 6.98858
8 43 31.5978 15.1187
8 44 21.9125 15.9523
8 45 -8.48425 -2.64432
8 46 0.356588 8.81241
8 47 3.31839 7.93037
8 48 1.33508 2.50808
8 49 7.11604 3.25736
8 50 3.70683 9.89174
8 51 -3.84582 1.57331
8 52 1.17687 -0.444165
8 53 -0.204057 1.51295
8 54 0.896383 -0.161544
8 55 -0.170371 0.358667
8 56 0.361816 -0.467829
8 57 -0.0807211 -0.13792
8 58 -0.95623 0.176111
8 60 0.383021 -0.623954
8 61 1.04946 -0.497573
8 62 0.476692 0.158061
8 63 0.241343 -0.0633803
8 64 -0.097006 0.155555
8 66 -0.0525594 -0.0893705
9 33 1.06872 26.5574
9 34 14.7062 13.624
9 35 -1.37741 5.51242
9 36 4.99915 18.4485
9 37 8.71782 10.4192
9 38 0.977572 19.5433
9 39 11.2696 8.0498
9 40 10.6784 10.886
9 41 4.64941 10.8496
9 42 -0.568893 16.4509
9 43 3.1484 18.0014
9 44 -1.70303 2.78927
9 45 -0.371232 13.1066
9 46 6.46776 14.1036
9 47 5.96339 9.46461
9 48 8.59753 4.72494
9 49 2.35432 -0.956264
9 50 5.47554 -2.44433
9 51 -1.91008 -1.0295
9 52 -0.23242 2.22926
9 53 -0.534347 3.11405
9 54 2.28257 1.45713
9 55 -0.268811 0.845957
9 56 0.594752 1.32369
9 57 1.31167 0.140743
9 58 1.36927 2.20203
9 60 -0.0815391 0.412083
9 61 -0.081244 -0.0180859
9 62 0.459304 -0.236788
9 63 0.920518 0.322061
9 64 0.159188 0.871477
9 65 0.0275711 0.0405319
10 33 7.57298 12.134
10 34 10.6333 9.88024
10 35 1.95351 12.6639
10 36 5.76745 8.54053
10 37 5.45497 20.0477
10 38 -3.03117 13.2835
10 39 -0.24181 11.3619
10 40 5.40112 -1.81051
10 41 -1.50339 2.27111
10 42 -5.54115 13.3197
10 43 -1.37444 12.4986
10 44 3.2587 10.8859
10 45 12.9355 10.1096
10 46 -1.64776 5.81782
10 47 14.8872 9.83036
10 48 -5.16683 3.66923
10 49 3.11548 5.54169
10 50 6.03798 0.593214
10 51 2.54639 -0.952949
10 52 -3.45172 1.87359
10 53 1.13433 -1.11829
10 54 -0.606517 -0.120509
10 55 -0.899568 0.768112
10 56 0.551128 1.18642
10 57 -1.63604 0.0596374
10 58 1.77444 0.625162
10 59 -0.0222564 0.00776543
10 61 -1.44002 0.573169
10 62 0.324193 0.121039
10 63 -0.186428 0.493204
10 64 -2.42181 0.964544
10 65 0.0587267 0.0108165
10 66 0.00237833 0.00149345
11 33 -3.34861 15.2611
11 34 9.05384 11.0908
11 35 15.0727 11.4493
11 36 8.71804 12.0454
11 37 -3.90282 15.3254
11 38 -5.84258 -1.30259
11 39 -0.468778 12.1011
11 40 6.04827 5.059
11 41 -3.71443 6.21293
11 42 5.97274 4.44813
11 43 -0.658495 10.3579
11 44 0.810284 9.0771
11 45 -3.74787 15.3205
11 46 3.13195 2.00816
11 47 3.32389 7.69463
11 48 1.70316 -1.63493
11 49 2.46016 2.00291
11 50 -3.36271 2.25354
11 51 1.6573 2.70028
11 52 -0.305696 1.04811
11 53 0.98341 0.404601
11 54 0.504614 -1.44454
11 55 2.86729 1.48033
11 56 1.15916 0.0416065
11 57 0.458194 -0.239878
11 58 -1.96945 -1.24173
11 59 -0.0558563 0.0484243
11 60 2.55162 1.66617
11 61 0.772302 0.296743
11 63 -1.38509 1.17874
11 64 -0.837694 -0.424828
11 65 0.0316548 0.059219
12 33 5.43858 5.93591
12 34 10.5467 14.1731
12 35 8.16228 4.75619
12 36 9.84332 6.01069
12 37 2.92336 6.66913
12 38 -5.12154 17.265
12 39 7.87492 6.82463
12 40 6.0834 2.58871
12 41 -4.6479 -1.78746
12 42 8.74589 8.31298
12 43 0.796655 12.8943
12 44 -2.75975 2.31492
12 45 1.32667 6.25694
12 46 22.4519 2.2254
12 47 9.25197 4.07823
12 48 10.4394 5.26779
12 49 3.28421 5.91459
12 50 -1.03593 3.37296
12 51 1.06002 -0.444319
12 52 0.668528 -0.265638
12 53 1.81784 1.73933
12 54 -2.63922 2.52131
12 55 0.470206 2.12651
12 56 -0.254694 1.19912
12 57 -1.0468 0.441983
12 58 -0.204882 -0.666287
12 59 0.454737 0.192388
12 60 -0.0902956 0.0065548
12 61 -0.639252 0.826491
12 64 -0.416974 0.0505063
12 65 -0.870091 -0.571916
12 66 0.0221572 0.0050907
13 33 -3.55563 10.0296
13 34 5.93643 6.93628
13 35 0.233921 5.77949
13 36 9.88878 1.54305
13 37 8.11177 8.50249
13 38 -2.01654 3.21826
13 39 0.658318 4.04772
13 40 4.34065 5.64189
13 41 5.23364 4.0268
13 42 10.6208 1.35854
13 43 16.5028 -2.6499
13 44 10.1294 -3.90296
13 45 -1.82748 10.5491
13 46 -0.571901 6.05455
13 47 13.7688 4.64694
13 48 -0.985573 -1.62731
13 49 10.0722 3.43665
13 50 -7.03999 -0.720296
13 51 5.47507 -0.289511
13 52 7.91233 0.116135
13 53 1.76058 3.03381
13 54 -0.452973 -0.119192
13 55 2.11045 2.50468
13 56 1.18673 -0.819653
13 57 -0.171307 -0.75424
13 58 -0.563887 0.185588
13 59 -0.417027 0.0756672
13 60 0.50461 -0.151284
13 61 -0.0571245 0.223699
13 62 0.6203 0.0170971
13 63 -0.338471 -1.35632
13 64 0.601055 0.527069
13 65 0.185994 -0.915178
14 33 4.49866 7.92075
14 34 2.97811 -1.17733
14 35 1.8046 3.43252
14 36 11.5467 -1.59098
14 37 8.24752 0.699196
14 38 2.29558 3.3997
14 39 10.8208 3.05311
14 40 10.1657 1.3077
14 41 -4.92346 5.31996
14 42 4.44725 6.91313
14 43 5.87676 6.16205
14 44 2.99045 1.39663
14 45 3.31701 1.6462
14 46 -1.21889 3.97344
14 47 3.952 5.85969
14 48 -1.85228 3.76045
14 49 -2.84453 2.59407
14 50 1.76528 3.47265
14 51 1.93702 2.01816
14 52 2.21176 0.914188
14 53 0.268071 -1.39572
14 54 0.0470863 2.27849
14 55 2.21166 -0.568162
14 56 0.933581 1.2008
14 57 1.99423 1.43639
14 58 -2.03547 -0.563638
14 59 -0.264442 0.294211
14 60 1.16451 -0.279002
14 61 -1.47163 0.895065
14 62 -0.0498182 0.020303
14 63 -0.017084 -0.202983
14 66 -0.817151 0.183155
15 33 0.793655 -0.413736
15 34 -0.0880646 -4.91399
15 35 3.90073 4.41165
15 36 2.26944 4.10902
15 37 12.5712 0.432067
15 38 3.67958 1.31389
15 39 8.9879 3.46884
15 40 6.00807 5.684
15 41 2.45883 -1.22214
15 42 5.63574 4.58736
15 43 15.0833 -4.62756
15 44 12.9067 -2.25458
15 45 6.53058 5.22962
15 46 0.146063 -2.56131
15 47 9.87775 4.39936
15 48 2.48304 1.91596
15 49 2.10814 -4.04333
15 50 3.63503 -1.63752
15 51 0.0716708 -0.941775
15 52 -0.564289 1.82111
15 53 0.986989 0.36844
15 54 -1.78562 0.21092
15 55 0.829117 3.4101
15 56 1.30866 0.484124
15 57 1.86472 -1.89161
15 58 2.73898 0.481717
15 59 -0.351323 0.970846
15 60 0.483789 1.27433
15 61 -0.294208 1.30519
15 63 -0.201394 -0.149115
15 64 -0.0390303 0.0995442
16 33 -0.154964 1.51672
16 34 -1.69147 2.21162
16 35 9.21234 1.75863
16 36 0.658631 -0.164503
16 37 8.53726 1.21646
16 38 10.7069 4.83224
16 39 6.45737 -2.3979
16 40 5.87451 5.15037
16 41 12.563 1.24801
16 42 4.51908 3.21589
16 43 7.50872 6.14776
16 44 0.154044 -3.09334
16 45 5.98272 1.36424
16 46 6.10867 0.211973
16 47 15.2417 1.93384
16 48 -0.465415 4.21848
16 49 2.91243 0.76273
16 50 0.559396 5.40752
16 51 -0.794508 -0.978212
16 52 2.37195 1.14615
16 53 -0.115077 2.24854
16 54 -0.242335 1.17873
16 55 0.636262 1.35103
16 56 -1.25377 1.07089
16 57 3.35223 2.29532
16 58 2.02892 0.979892
16 59 -0.00938875 0.123141
16 60 -2.67311 2.18339
16 61 1.62212 0.366512
16 62 -0.417844 -0.46763
16 63 -0.859921 -1.38556
16 64 0.0023244 0.486325
16 65 -0.00103562 0.000605633
16 66 0.104768 0.154143
17 33 5.1838 -1.78331
17 34 2.06874 -2.09933
17 35 5.61552 1.15472
17 36 2.08349 2.12708
17 37 13.3687 -0.21058
17 38 11.2532 -0.0199352
17 39 13.3096 -4.69232
17 40 -0.875367 5.07351
17 41 -1.27921 -1.25429
17 42 0.804581 1.52342
17 43 5.98016 4.389
17 44 4.89263 4.04776
17 45 6.0458 -0.0438187
17 46 -1.3563 1.02683
17 47 7.84333 2.79303
17 48 4.25431 -0.0228041
17 49 3.56517 0.981442
17 50 -1.01154 -1.94983
17 51 0.795022 2.12842
17 52 2.88821 3.32373
17 53 -1.58436 0.668688
17 54 -1.44643 0.119204
17 55 -0.674963 1.35108
17 56 -0.210746 0.0137472
17 57 -0.120505 1.51668
17 58 0.122863 0.543781
17 59 -3.12038 -0.442565
17 60 -0.0871305 0.00683443
17 61 -0.52267 0.309765
17 62 -1.35711 -0.307577
17 63 -0.150575 0.0376724
17 64 -0.0159448 0.00519846
17 66 0.392945 0.337495
18 33 5.51302 -1.39328
18 34 -3.24864 -4.79614
18 35 -0.951794 3.58357
18 36 7.25936 3.2748
18 37 9.7725 -2.3457
18 38 0.320716 2.80933
18 39 7.41251 1.1854
18 40 9.76915 -7.80543
18 41 15.5192 -1.97945
18 42 10.716 -4.00815
18 43 11.2966 6.20536
18 44 -2.81287 6.52687
18 45 5.43125 -2.64816
18 46 1.24285 1.39353
18 47 -0.225655 6.59255
18 48 7.57994 2.77298
18 49 -2.69337 1.50582
18 50 3.24859 6.81127
18 51 1.05882 3.48773
18 52 2.38508 1.14747
18 53 5.25486 3.91312
18 54 0.919346 1.25619
18 55 2.38745 -0.611468
18 56 -1.53761 2.15027
18 57 0.687074 -0.347061
18 58 -0.248224 0.0766108
18 59 -0.655352 2.00191
18 60 -0.286694 -0.288305
18 61 -0.122911 0.0833283
18 62 -1.74566 -0.649527
18 63 -0.421062 0.190468
18 64 0.570017 0.782266
18 65 -0.294205 0.221403
18 66 0.20363 0.062187
19 33 4.45463 -2.78314
19 34 11.9499 3.09224
19 35 2.41688 -4.05559
19 36 3.82135 -0.626041
19 37 8.61574 0.829637
19 38 5.06321 -0.728649
19 39 9.43892 -3.44976
19 40 7.40923 -0.966939
19 41 9.67925 7.86184
19 42 7.47917 -1.92652
19 43 4.90917 -1.85046
19 44 -0.236146 -1.84649
19 45 0.748716 4.01663
19 46 7.88496 -3.8679
19 47 7.24694 6.56758
19 48 3.66415 -2.17364
19 49 1.63244 -2.32692
19 50 3.74536 -2.65135
19 51 3.13881 1.33017
19 52 3.80894 1.08203
19 53 2.30471 0.343228
19 54 4.39611 3.92581
19 55 -0.544987 2.34948
19 56 -1.32209 0.934548
19 57 -2.35356 0.110016
19 58 0.225787 2.2292
19 59 0.22422 0.0651397
19 60 -0.128718 -0.077285
19 61 0.0652027 -0.0238326
19 62 0.883043 0.120177
19 63 0.911118 0.339111
19 64 -2.03363 -0.267494
19 65 0.059291 -0.0864749
20 33 6.18595 -4.90804
20 34 3.41088 -3.99295
20 35 10.5677 -5.66461
20 36 9.48575 0.339681
20 37 4.83677 1.04407
20 38 1.46015 5.76277
20 39 5.63286 -2.94798
20 40 12.2785 1.52732
20 41 12.5057 0.844359
20 42 5.86147 3.09955
20 43 0.67884 3.12801
20 44 8.68255 5.28755
20 45 4.06335 -0.0301617
20 46 11.8805 0.318221
20 47 4.99702 5.53046
20 48 -2.28323 -1.16311
20 49 5.41705 0.742494
20 50 3.92206 3.05452
20 51 -3.21464 1.8632
20 52 -0.970532 5.56031
20 53 2.88677 0.295041
20 54 1.03694 0.799252
20 55 -3.24705 0.446653
20 56 1.06076 -0.289766
20 57 0.702412 0.662321
20 58 1.74949 2.10483
20 59 1.34932 1.31156
20 61 1.20076 -0.162612
20 62 -0.631212 -0.429114
20 63 -0.222392 0.175418
20 64 -1.3872 0.82407
20 65 -0.0042165 -0.00172142
21 33 0.473589 -1.36849
21 34 11.3755 -2.62319
21 35 5.98468 4.76757
21 36 6.30822 0.454851
21 37 2.04935 6.42411
21 38 2.41789 -2.81654
21 39 4.70763 4.14907
21 40 10.4422 6.35815
21 41 -1.69028 1.07716
21 42 6.6195 2.31385
21 43 -0.486507 -5.46224
21 44 8.09651 7.43308
21 45 7.6728 1.79386
21 46 7.74365 0.445243
21 47 13.0835 0.683852
21 48 6.231 8.09579
21 49 2.62686 0.513675
21 50 4.8149 -0.834756
21 51 -0.844114 1.10486
21 52 -1.44576 5.50896
21 53 -0.116158 3.03161
21 54 -0.16842 -1.14901
21 55 -0.403616 0.00856687
21 56 -0.36942 -0.692646
21 57 -3.09139 0.41291
21 58 0.284559 -0.305198
21 59 0.133266 0.875346
21 60 0.362352 -0.807327
21 61 2.23107 -0.968521
21 62 0.741345 -0.0759205
21 63 1.10427 1.07237
21 64 -0.343632 0.346367
21 65 0.268862 0.0359435
22 33 3.54611 -0.620575
22 34 2.14946 -3.21978
22 35 4.34202 -5.023
22 36 10.7191 0.0348942
22 37 5.10816 -3.92464
22 38 9.93252 -0.74147
22 39 8.29394 2.11431
22 40 -2.03886 2.785
22 41 5.24107 -0.949987
22 42 9.9344 3.97264
22 43 1.08399 2.88169
22 44 7.2685 4.17174
22 45 5.94982 2.04271
22 46 9.7582 -0.662652
22 47 0.451085 2.24128
22 48 3.33456 -4.31353
22 49 7.02801 3.52768
22 50 6.18678 -1.76341
22 51 6.17076 6.34399
22 52 -2.55657 0.372954
22 53 -0.0212703 1.65689
22 54 -1.04925 0.0655625
22 55 0.453081 2.19333
22 56 3.00208 -0.268835
22 57 1.20062 1.54531
22 58 -1.90653 0.836668
22 59 2.42165 -1.17116
22 60 1.12315 0.113698
22 61 -0.101044 -0.0579573
22 62 0.923642 0.614489
22 63 0.387653 1.06609
22 64 -0.147511 0.410046
22 65 0.314736 0.118609
22 66 0.169965 0.130903
23 33 4.24398 -2.9801
23 34 4.24164 -2.32068
23 35 -1.76245 -3.90847
23 36 5.89256 -1.49054
23 37 4.46475 -0.940007
23 38 4.15191 2.41211
23 39 7.34562 3.31493
23 40 -2.67417 0.673243
23 41 -1.21475 6.81033
23 42 10.5809 -2.04566
23 43 2.4808 0.30286
23 44 5.10023 0.87229
23 45 -6.37534 1.39338
23 46 4.76527 1.63021
23 47 7.06358 -1.43831
23 48 -0.354353 3.5952
23 49 3.96297 3.87774
23 50 3.64686 -2.67143
23 51 0.082094 0.457457
23 52 8.96105 1.80353
23 53 -1.62237 1.18535
23 54 0.736791 -0.713489
23 55 -2.07875 1.1577
23 56 2.68275 0.352241
23 57 0.247252 1.09566
23 58 -2.10358 0.0265682
23 59 2.69075 3.01994
23 60 -0.248725 2.49628
23 61 0.274094 0.303335
23 62 1.07659 0.851554
23 63 -0.678186 0.520969
23 64 -0.858301 -0.800506
23 65 0.127844 0.0860014
23 66 -0.0958826 -0.205792
24 33 4.12273 0.133958
24 34 5.33602 -3.07325
24 35 2.20961 -0.588649
24 36 3.41129 -1.85404
24 37 10.5956 -1.75976
24 38 4.83024 1.19007
24 39 3.75683 1.22651
24 40 1.20742 2.72324
24 41 6.45025 -4.2722
24 42 4.197 -2.44737
24 43 3.06393 6.51921
24 44 0.0784799 -2.05223
24 45 1.38806 7.56717
24 46 8.93589 9.21404
24 47 7.55517 1.8421
24 48 2.48321 0.552297
24 49 1.3172 1.14742
24 50 4.90911 1.94063
24 51 6.16721 -0.777405
24 52 6.57765 0.920662
24 53 2.58398 4.18154
24 54 1.7067 1.91341
24 55 -0.695795 -1.40647
24 56 2.07071 4.13358
24 57 0.819525 0.581914
24 58 1.32554 0.461712
24 59 1.37673 -0.238286
24 60 -0.087332 -0.00957809
24 61 0.215113 0.256555
24 62 2.18543 -0.155793
24 63 -0.696553 -0.588195
24 64 0.44379 -0.0229475
24 65 -0.55249 0.199777
24 66 1.93082 0.675294
25 33 3.18213 -2.1615
25 34 6.29934 4.14249
25 35 2.27002 -0.318788
25 36 2.97751 3.59397
25 37 1.12615 -2.71843
25 38 -0.0501091 -0.571345
25 39 5.74971 -2.99953
25 40 2.57393 -0.0847794
25 41 1.54677 1.93976
25 42 -1.66247 4.56914
25 43 8.57549 -0.158488
25 44 1.54347 4.28748
25 45 4.67908 -0.086037
25 46 -2.82177 0.413714
25 47 1.69166 -3.23678
25 48 5.67202 0.2029
25 49 6.17965 1.46162
25 50 5.05308 1.9854
25 51 5.74669 1.09759
25 52 -2.99475 -0.069847
25 53 3.57144 2.17883
25 54 2.08324 1.88759
25 55 2.01135 -0.685152
25 56 -2.03972 0.829336
25 57 -0.803276 4.8994
25 58 -2.56817 -0.219856
25 59 1.57838 0.53572
25 60 0.981641 -0.421872
25 61 -0.586102 -0.578377
25 62 1.22361 -1.04596
25 63 0.74527 0.518266
25 64 0.0586379 0.0603508
25 65 -0.0699342 0.0158238
25 66 -0.109666 0.423654
26 33 5.76964 -3.27198
26 34 7.89389 -2.25367
26 35 3.19676 0.677903
26 36 2.50628 -1.02705
26 37 0.270196 -1.44794
26 38 3.26048 2.57626
26 39 9.44654 1.23718
26 40 -2.23242 1.05776
26 41 1.1274 2.56586
26 42 1.19178 1.89649
26 43 3.35776 -1.15876
26 44 10.4423 1.41378
26 45 5.86008 -1.32363
26 46 -2.7613 -0.886136
26 47 8.44683 -0.729046
26 48 3.05657 6.60712
26 49 4.08895 1.35157
26 50 0.759874 -2.74865
26 51 1.0505 4.22975
26 52 -3.40226 -1.05962
26 53 3.78882 0.270323
26 54 1.82729 1.93611
26 55 1.30906 -1.65218
26 56 0.125913 -0.236048
26 57 0.608474 1.0903
26 58 -0.338821 0.882724
26 59 -0.397717 0.701239
26 60 -1.16076 0.648409
26 61 0.695857 -0.942226
26 62 0.112931 2.2456
26 63 -0.555031 0.624973
26 64 -0.778056 -0.100532
26 65 -0.284071 -0.688599
26 66 -0.200701 0.164168
27 33 5.33534 -3.09456
27 34 0.842854 -2.35313
27 35 5.45688 3.62146
27 36 1.28923 0.352034
27 37 4.48052 -2.95074
27 38 18.0963 -2.23102
27 39 5.23596 2.62219
27 40 8.73033 -0.425126
27 41 3.21523 -2.65635
27 42 -0.067818 -0.259949
27 43 9.36763 -1.58841
27 44 4.07278 4.07996
27 45 4.46698 -1.56568
27 46 5.18736 -0.0561017
27 47 -1.2864 0.208572
27 48 1.69676 6.71601
27 49 4.60359 0.300193
27 50 4.81698 -0.450543
27 51 -3.02719 -0.365109
27 52 0.913244 -1.51751
27 53 3.55306 1.76298
27 54 1.24654 2.66314
27 55 3.69942 2.05167
27 56 -1.30579 -0.280022
27 57 -1.67561 -0.181708
27 58 -0.58172 0.0929369
27 59 -1.91805 0.791008
27 60 2.14382 0.421988
27 61 0.632845 0.593187
27 62 0.391957 -0.771586
27 63 -1.11993 0.467675
27 64 -0.848082 0.772376
27 65 0.122501 0.451067
27 66 -0.44854 -0.0178617
28 33 4.31942 -4.15423
28 34 4.23143 -1.62266
28 35 4.74883 -3.89628
28 36 1.88596 2.79532
28 37 5.87449 1.35473
28 38 16.8063 1.67333
28 39 11.3399 -1.29254
28 40 11.3262 3.70611
28 41 4.04043 -0.586574
28 42 1.11421 1.81136
28 43 5.87872 4.57369
28 44 1.69334 4.24769
28 45 5.22856 7.9778
28 46 3.28702 -4.64154
28 47 1.89957 -3.17124
28 48 7.72886 -1.20119
28 49 5.75493 0.209539
28 50 5.18732 1.73453
28 51 -1.52459 -3.26098
28 52 -0.0201041 0.469146
28 53 -2.75211 3.72296
28 54 1.84638 -3.29941
28 55 -0.6352 2.98446
28 56 1.82215 -1.16385
28 57 1.98024 1.23773
28 58 0.784238 0.741682
28 59 -0.588301 1.25444
28 60 -0.779825 0.61703
28 61 0.0229073 0.357754
28 62 0.244403 -0.372642
28 63 -0.934388 0.567584
28 64 0.61049 0.775617
28 65 0.63297 -0.296236
28 66 0.167579 0.338643
29 33 4.70538 -0.767195
29 34 -0.599616 -0.478166
29 35 2.90895 0.879891
29 36 3.28426 1.83231
29 37 9.96613 -0.664628
29 38 9.7239 -2.22358
29 39 1.94688 0.331589
29 40 10.2485 -0.341585
29 41 5.60877 3.17013
29 42 -0.551155 -0.408029
29 43 8.23495 -1.46698
29 44 9.6391 2.47249
29 45 6.98027 2.28751
29 46 4.57061 -1.65736
29 47 8.65724 4.23872
29 48 10.5533 -0.9718
29 49 -2.04645 4.57056
29 50 8.6172 0.725468
29 51 -5.34097 -3.40613
29 52 5.9151 2.22997
29 53 0.144641 2.29448
29 54 -0.770633 0.527022
29 55 1.36353 -0.360918
29 56 3.91459 -2.01576
29 57 0.754887 0.520704
29 58 0.219772 -0.118894
29 59 0.521765 0.405901
29 60 2.71943 -0.136864
29 61 1.39082 -0.0776195
29 62 -0.881799 1.18468
29 63 -1.54367 -0.106939
29 64 -0.927369 0.486198
29 66 -0.025301 0.0167004
30 33 1.73924 -3.20953
30 34 7.28448 -0.372179
30 35 -1.80873 -3.33237
30 36 4.582 -1.50251
30 37 7.40544 0.596207
30 38 8.75732 -2.84663
30 39 -0.259716 -7.84021
30 40 2.91954 5.34787
30 41 9.73659 0.110752
30 42 1.52004 -6.26302
30 43 3.87267 0.7858
30 44 8.13521 -0.318462
30 45 -6.03619 -2.41135
30 46 6.4611 3.73252
30 47 -2.87232 -0.46561
30 48 6.12234 2.61397
30 49 2.18568 -2.19765
30 50 5.65796 4.58044
30 51 -0.0460674 0.87632
30 52 -2.35982 0.720927
30 53 5.05722 2.02212
30 54 0.104143 0.854536
30 55 -1.22785 0.464685
30 56 -2.00285 1.4196
30 57 0.462898 0.454868
30 58 0.608092 -0.580718
30 59 0.282153 0.842564
30 60 0.635996 0.670235
30 61 3.2265 -0.249831
30 62 -0.341564 0.0332693
30 63 0.386348 -0.00109727
30 64 -0.65603 -0.752258
30 65 -1.05109 0.521519
30 66 -0.0951083 -0.0157978
31 33 3.74233 -3.17448
31 34 -4.89462 -3.56739
31 35 -1.23285 2.50903
31 36 2.16744 -0.786182
31 37 4.05974 -7.98228
31 38 2.8518 -2.03668
31 39 5.92681 0.0343515
31 40 0.573171 0.432125
31 41 1.67756 0.758102
31 42 -0.0163174 0.629464
31 43 5.61883 -0.382436
31 44 3.41591 -1.55097
31 45 5.50222 2.98021
31 46 8.21579 2.10593
31 47 -1.89996 2.08391
31 48 -0.0942352 -1.83733
31 49 -1.24137 -2.78915
31 50 -1.88865 -1.13516
31 51 0.792487 2.10384
31 52 0.290458 2.36653
31 53 1.99433 -0.269489
31 54 1.95463 3.76841
31 55 -0.0626739 -0.551381
31 56 -1.91613 1.50087
31 57 1.21394 0.458577
31 58 1.52389 1.80838
31 59 1.00642 0.735501
31 60 1.9006 1.42875
31 61 -0.365829 -0.952814
31 62 -2.29657 0.916705
31 63 0.347314 -0.269198
31 64 1.79814 0.397299
31 65 -1.39599 -0.86131
31 66 -0.144476 -0.0913211
32 33 1.5691 -0.3697
32 34 2.77978 -8.59404
32 35 11.019 -1.02052
32 36 2.22272 0.0250722
32 37 10.3695 0.985757
32 38 -0.258547 -2.69891
32 39 2.75062 5.3846
32 40 5.02121 0.871654
32 41 3.14121 -0.0893771
32 42 8.64624 2.4856
32 43 1.88784 -2.2993
32 44 8.68411 2.06676
32 45 3.8859 2.91217
32 46 6.6104 -3.03712
32 47 7.19912 -0.417167
32 48 9.64035 3.40435
32 49 2.3885 2.59875
32 50 4.56954 3.37758
32 51 5.13151 2.47796
32 52 1.88635 2.61566
32 53 1.72242 3.21677
32 54 2.07303 -0.168528
32 55 -4.09641 -0.569601
32 56 2.89314 -1.59265
32 57 3.03009 -1.22961
32 58 -0.843854 0.633425
32 59 2.10378 1.04131
32 60 -0.396921 -0.48345
32 61 0.0917015 1.2622
32 62 -0.50906 -0.123238
32 63 0.377722 0.526998
32 64 -0.0771625 0.325295
32 65 0.155996 0.0337189
32 66 0.267794 0.0265253
33 33 2.92815 -1.78958
33 34 0.627671 -2.58691
33 35 1.83065 1.0534
33 36 3.2067 -1.82859
33 37 3.5178 0.263331
33 38 9.21143 -4.86299
33 39 -1.36894 -1.67246
33 40 5.45381 1.98009
33 41 5.45138 0.690843
33 42 9.67769 -5.62014
33 43 9.45298 2.75927
33 44 4.50021 -0.0746044
33 45 9.89147 1.10132
33 46 -0.145451 3.22608
33 47 4.34855 -1.65108
33 48 -1.29733 2.41262
33 49 10.4412 3.13745
33 50 -1.28431 -1.06517
33 51 3.25236 3.04437
33 52 2.56046 0.136515
33 53 3.08852 0.973048
33 54 2.15126 1.26036
33 55 0.581715 1.50284
33 56 -0.00735678 0.220979
33 57 0.259759 -1.15653
33 58 -0.560439 2.8011
33 59 0.227769 -0.744255
33 60 1.04452 2.06855
33 61 0.432527 -1.1137
33 62 -1.47417 -0.118643
33 63 -0.955128 -1.38007
33 64 0.0150813 0.307506
33 65 -1.02535 0.42043
34 33 2.96823 -4.07963
34 34 5.7842 1.86092
34 35 1.4338 -1.4263
34 36 4.67699 -1.37598
34 37 5.05187 -1.68857
34 38 2.83545 -3.0555
34 39 0.617895 -0.692936
34 40 1.9913 2.34925
34 41 1.41295 1.89342
34 42 2.2958 0.912318
34 43 -3.18606 -5.68988
34 44 -0.0978811 4.01937
34 45 3.90997 -0.349728
34 46 3.26741 -1.07396
34 47 6.97984 3.43371
34 48 0.0357551 1.47554
34 49 4.14188 3.18395
34 50 -2.96838 -1.58235
34 51 0.401276 2.24214
34 52 3.08736 -0.180128
34 53 1.93214 1.81351
34 54 2.83403 -1.55266
34 55 -2.90075 1.74493
34 56 -0.0761969 -2.00344
34 57 1.74031 0.753672
34 58 1.25602 1.04172
34 59 -0.968864 -0.162297
34 60 -0.335451 -0.0513347
34 61 -2.12887 2.21662
34 62 0.142869 -0.00746188
34 63 1.17748 -0.0970386
34 64 -1.64098 -0.00750248
34 65 -0.0217525 0.0388023
34 66 0.599455 -0.233433
35 33 4.71827 0.053798
35 34 2.88363 -4.15214
35 35 1.93848 -3.89837
35 36 0.419235 -2.23614
35 37 9.64767 1.46642
35 38 3.81355 3.75885
35 39 5.33251 -0.687546
35 40 -1.76201 -0.739521
35 41 6.90514 -2.5567
35 42 3.43968 -0.7822
35 43 3.78831 -3.39314
35 44 3.75139 1.88933
35 45 3.1473 2.1551
35 46 8.4089 2.18489
35 47 -2.12138 -0.799871
35 48 5.18774 0.881548
35 49 -5.82415 -0.290212
35 50 2.61262 -0.00610811
35 51 5.20254 1.65721
35 52 4.78027 2.17882
35 53 0.299561 -0.231688
35 54 -2.50813 -0.98858
35 55 1.32135 0.198424
35 56 -2.75078 -0.995359
35 57 -0.806245 2.06191
35 58 2.05077 1.34742
35 59 -0.465803 -1.43248
35 60 -0.93636 0.588188
35 61 0.210883 -0.229547
35 62 0.805728 -1.12215
35 63 0.848643 -0.731694
35 64 -0.181895 0.352786
35 65 0.34892 0.0383117
35 66 0.201812 -0.182487
36 33 3.50301 -0.998366
36 34 1.10857 -3.49329
36 35 -1.33384 0.619538
36 36 0.55619 -5.13661
36 37 2.98269 -3.11653
36 38 2.90809 -1.38122
36 39 0.294812 -2.17874
36 40 2.31283 1.43669
36 41 1.7631 -0.969082
36 42 12.8826 1.93581
36 43 3.86166 3.43999
36 44 4.07258 -1.59429
36 45 1.2554 2.59085
36 46 6.11959 1.26532
36 47 0.953485 5.75251
36 48 -2.79331 0.879325
36 49 3.42409 0.462027
36 50 0.601938 1.22529
36 51 1.22868 1.45941
36 52 3.74232 0.10587
36 53 -0.447403 0.21093
36 54 -0.996264 -0.107498
36 55 1.0944 -1.49814
36 56 -0.405859 0.116978
36 57 2.51667 3.70621
36 58 -1.88454 4.46613
36 59 0.832692 0.609592
36 60 -0.430066 0.381804
36 61 -0.43352 -0.0230403
36 62 0.644959 0.020373
36 63 0.33802 -1.02019
36 64 0.742815 -0.26266
36 65 0.244645 -0.0521035
36 66 -1.13271 0.042738
37 33 0.724772 -0.708796
37 34 -4.71202 -4.0944
37 35 0.799053 2.7394
37 36 11.605 -0.11861
37 37 5.75463 -0.65256
37 38 -5.1717 -0.677108
37 39 3.82818 -2.51926
37 40 1.19072 -0.973372
37 41 6.57637 -0.449013
37 42 6.97234 -0.800966
37 43 5.78534 -0.221425
37 44 0.654718 -0.962108
37 45 1.60633 -1.67543
37 46 0.635034 -4.76398
37 47 1.37665 2.95002
37 48 11.227 -3.38076
37 49 3.63386 -0.540759
37 50 -0.379658 -1.30805
37 51 2.53138 -0.862095
37 52 -0.289483 1.12893
37 53 -1.61281 0.29691
37 54 -1.835 0.141705
37 55 3.61176 0.624607
37 56 1.54152 -0.0627902
37 57 -0.0375832 -2.18417
37 58 2.13856 0.750337
37 59 -0.287326 0.948393
37 60 0.624969 0.513613
37 61 1.65626 0.996687
37 62 -1.2017 -0.591317
37 63 -0.77101 0.1536
37 64 0.172477 0.992555
37 65 0.548437 0.0122649
37 66 -0.0155745 0.0701933
38 33 1.3246 -0.693759
38 34 5.42858 1.16866
38 35 7.59971 0.613127
38 36 3.81546 -2.74394
38 37 7.42194 -0.519215
38 38 5.76157 -2.48844
38 39 6.55094 -6.31087
38 40 0.244772 0.56863
38 41 7.97817 0.22509
38 42 1.74042 -2.48013
38 43 8.67696 3.32912
38 44 1.58577 0.278155
38 45 -0.190536 -2.48525
38 46 5.46105 2.46661
38 47 7.90537 -1.13036
38 48 3.8909 -3.42853
38 49 7.61684 3.16214
38 50 4.35904 2.06485
38 51 3.53393 3.99099
38 52 -1.44477 0.500209
38 53 4.69347 -0.126396
38 54 0.780744 0.557283
38 55 0.917063 2.76555
38 56 1.70315 1.58724
38 57 1.13912 0.507306
38 58 1.16499 -0.843062
38 59 -1.28826 -0.746142
38 60 -0.143238 -0.966467
38 61 -2.25512 0.608618
38 62 0.27175 0.0785522
38 63 0.827672 0.149161
38 64 0.00580442 0.0849364
38 65 0.513041 0.259272
38 66 0.0415379 -0.0332136
39 33 1.12022 -1.68899
39 34 -5.96683 -4.13416
39 35 3.21467 -0.852382
39 36 4.26423 -5.12437
39 37 0.799905 -3.99673
39 38 5.5122 1.96166
39 39 6.77223 -1.07567
39 40 0.949017 3.45532
39 41 5.42526 0.305583
39 42 4.07718 -3.19638
39 43 6.37829 -2.60058
39 44 6.65386 -0.162871
39 45 6.08191 2.83881
39 46 -0.233676 -2.96258
39 47 -2.27589 2.31825
39 48 4.76978 0.629594
39 49 8.96492 0.436489
39 50 -3.40774 0.966769
39 51 1.51061 -0.30205
39 52 -1.92807 -0.19366
39 53 2.28456 0.568621
39 54 2.25642 0.0809108
39 55 0.0479965 2.23102
39 56 2.31473 2.40751
39 57 1.51472 1.01635
39 58 -1.07602 -1.69797
39 59 -0.402999 -0.612344
39 60 0.689925 -0.2747
39 61 -0.131952 0.762113
39 62 0.0806483 0.68762
39 63 1.56728 0.0479906
39 64 0.0118307 0.20936
39 65 0.839291 0.0954801
39 66 -0.221443 -0.13674
40 33 3.51047 -0.463288
40 34 -1.82985 0.241944
40 35 5.83357 -0.738167
40 36 4.02658 1.04688
40 37 3.22683 0.652759
40 38 12.2163 -2.52439
40 39 1.57087 -2.18366
40 40 0.802761 -4.26462
40 41 2.00882 -1.86778
40 42 6.3191 1.58711
40 43 -0.867582 1.63424
40 44 12.0795 -2.08616
40 45 3.69425 0.988753
40 46 5.78599 1.04063
40 47 3.87821 2.45075
40 48 0.571471 1.77885
40 49 3.26936 4.48843
40 50 5.30941 7.99305
40 51 -0.108524 1.10756
40 52 2.99694 2.95306
40 53 3.35826 0.250826
40 54 -4.85361 -0.790098
40 55 0.491662 0.103093
40 56 3.0789 0.516969
40 57 1.63329 1.84652
40 58 2.53178 0.894241
40 59 2.13374 1.87478
40 60 0.5635 0.693254
40 61 -1.89469 0.248534
40 62 -0.672197 -0.978716
40 63 -0.646231 0.484281
40 64 -0.776117 -0.00191026
40 65 0.720851 -0.558669
40 66 -0.0524381 0.283307
41 33 3.15387 0.291254
41 34 2.03539 1.79836
41 35 8.25998 0.0645391
41 36 4.68252 -3.81268
41 37 4.97378 0.0919727
41 38 9.21023 -1.22822
41 39 -0.145389 -3.26304
41 40 7.49246 0.916151
41 41 3.02589 -3.9024
41 42 2.64904 -0.111802
41 43 5.32616 -0.638028
41 44 -1.27039 -1.7703
41 45 5.50162 -1.37017
41 46 3.98094 -1.77715
41 47 -1.60651 5.21654
41 48 7.91283 2.68891
41 49 0.54883 2.12346
41 50 0.062786 -1.25178
41 51 0.928662 1.68505
41 52 3.28018 6.79635
41 53 -2.51928 -1.503
41 54 -2.5751 0.0744226
41 55 -1.5825 -1.94669
41 56 -0.959379 0.993263
41 57 2.25504 0.332311
41 58 1.04955 0.101107
41 59 -0.311833 0.378375
41 60 0.127261 0.0908945
41 61 -0.86168 1.5507
41 62 -0.647187 -0.14426
41 63 -0.63564 0.880163
41 64 -2.26338 0.55609
41 65 -0.590826 -0.409114
41 66 1.71041 -0.658134
42 33 2.12009 -2.15699
42 34 -1.99608 3.51012
42 35 4.30632 -0.376235
42 36 2.03811 -1.20886
42 37 3.89851 -1.43475
42 38 5.59657 2.0976
42 39 0.34851 4.2207
42 40 1.79081 -6.03687
42 41 3.73446 -0.762757
42 42 0.50303 0.964997
42 43 -0.290841 -0.705451
42 44 3.4085 -2.57761
42 45 5.73345 1.34162
42 46 7.53546 -4.02302
42 47 1.68638 2.1631
42 48 5.31241 -1.70764
42 49 4.73951 -0.506119
42 50 1.42705 0.460065
42 51 0.169546 3.77367
42 52 0.522343 1.18618
42 53 4.55602 2.96879
42 54 4.55104 2.20872
42 55 -0.184489 1.33873
42 56 2.08505 3.71849
42 57 -0.258586 4.45873
42 58 -0.782608 -0.272278
42 59 0.341523 1.12541
42 60 2.51837 0.374574
42 61 0.304969 -0.0619512
42 62 2.47945 0.382098
42 63 -1.42258 -0.574898
42 64 0.838738 0.469878
42 65 0.742666 -0.156192
42 66 -0.734221 0.705695
43 33 6.10173 -3.09239
43 34 2.41265 -4.49419
43 35 4.90848 -2.7917
43 36 6.39621 2.7036
43 37 7.89118 2.68657
43 38 5.86449 2.07005
43 39 -2.45559 -3.05198
43 40 2.86614 1.96733
43 41 -1.98602 -2.2469
43 42 6.96056 -0.584131
43 43 1.84026 -1.39923
43 44 1.27827 2.57653
43 45 4.96287 -2.87228
43 46 1.16711 -3.91954
43 47 12.9166 3.33581
43 48 4.86025 2.6276
43 49 -1.51469 -0.57711
43 50 5.31033 0.449219
43 51 -2.61662 4.64823
43 52 -2.05019 2.54419
43 53 2.34274 -0.967122
43 54 2.89735 0.952553
43 55 0.700904 4.2282
43 56 -1.19478 0.41285
43 57 -1.66004 -0.682678
43 58 0.129753 0.523836
43 59 0.550525 2.89843
43 60 -0.106727 -0.636286
43 61 0.611616 -0.276033
43 62 -1.80226 -0.433096
43 63 -0.668356 -0.952372
43 64 1.26294 0.089169
43 65 0.960533 0.260553
43 66 0.0864398 0.236102
44 33 2.40849 0.725032
44 34 4.42249 0.869959
44 35 2.46218 -1.35693
44 36 4.09044 -1.98631
44 37 2.45551 -3.77205
44 38 2.67505 -0.320298
44 39 -1.86676 -0.508784
44 40 -1.70142 -1.9742
44 41 2.25524 1.65139
44 42 6.1858 -1.21561
44 43 5.3607 -0.130011
44 44 5.04118 -0.622596
44 45 7.21792 0.570319
44 46 2.50433 -2.87997
44 47 0.798138 2.50331
44 48 3.8631 3.38873
44 49 4.07384 -1.83421
44 50 1.11448 3.96499
44 51 -1.14092 0.596421
44 52 1.93339 3.14363
44 53 1.03123 0.0757964
44 54 2.11476 -0.209944
44 55 1.98629 -0.770673
44 56 -0.422172 -1.83377
44 57 0.709066 -0.930707
44 58 -0.410014 1.34978
44 59 2.71976 0.619705
44 60 2.63355 -0.747804
44 61 0.416205 0.214924
44 62 1.80081 1.48823
44 63 1.69934 0.346526
44 64 -0.360284 0.455522
44 65 0.371558 0.074913
44 66 1.45718 -0.07414
45 33 2.14235 -2.82244
45 34 3.75302 1.79519
45 35 0.0973315 -4.22586
45 36 3.94256 -2.9473
45 37 5.56492 -1.18498
45 38 5.57884 -5.16629
45 39 7.57621 -2.09613
45 40 3.29992 -8.73549
45 41 4.26147 -1.40724
45 42 2.4163 1.05974
45 43 6.44484 0.630495
45 44 9.24863 -0.226784
45 45 0.747907 5.14982
45 46 2.96072 0.284948
45 47 4.3494 4.68201
45 48 0.581312 1.56304
45 49 5.07893 2.13723
45 50 3.2413 3.63847
45 51 -0.661426 -1.07591
45 52 7.48299 3.40249
45 53 0.191848 3.77122
45 54 0.839773 2.13756
45 55 1.46838 1.4275
45 56 1.94307 0.184204
45 57 2.6198 2.16969
45 58 0.541267 0.574462
45 59 -1.6009 0.832967
45 60 -1.98292 0.564406
45 61 -1.08016 0.87257
45 62 -0.90745 0.0814461
45 63 -1.65373 0.696583
45 64 0.803206 -0.032198
45 65 0.704406 0.105392
45 66 -0.445246 0.665037
46 33 3.86159 -1.55458
46 34 1.80536 -0.66483
46 35 -0.900453 0.353939
46 36 4.15419 -0.0629128
46 37 10.1208 0.57887
46 38 -1.85069 -2.56511
46 39 9.51688 0.551627
46 40 -0.614315 -2.53326
46 41 6.20251 -1.8471
46 42 5.10724 -4.40459
46 43 6.34033 -1.92529
46 44 9.82078 -2.2299
46 45 8.30461 0.150867
46 46 4.4497 -1.37157
46 47 0.0723505 2.33684
46 48 0.190889 -0.548512
46 49 4.56827 1.63646
46 50 1.20419 3.89708
46 51 -2.08568 0.313138
46 52 1.59934 1.77929
46 53 -0.841096 -1.15706
46 54 0.472617 -0.154758
46 55 2.27767 -0.759435
46 56 -0.06431 -1.76921
46 57 0.0157247 0.996715
46 58 2.40444 0.843373
46 59 0.164571 -0.10713
46 60 1.89898 0.291549
46 61 0.666848 2.16712
46 62 -0.240138 -0.316431
46 63 -1.24137 0.919454
46 64 0.224415 0.126214
46 65 1.34181 -1.33549
46 66 -0.311399 1.01193
47 33 1.71502 -0.623131
47 34 2.40265 -1.68159
47 35 3.0343 1.30907
47 36 1.93499 -3.20733
47 37 0.822241 -7.70479
47 38 3.6323 0.00786089
47 39 5.73136 -0.158729
47 40 -1.89954 0.9341
47 41 5.21404 1.64765
47 42 2.48523 -1.31773
47 43 4.52975 -0.892664
47 44 4.66178 -0.06233
47 45 3.88835 -7.11081
47 46 3.74101 1.24846
47 47 8.29593 -2.70764
47 48 3.17448 3.50325
47 49 2.29071 2.1226
47 50 0.311936 0.208178
47 51 5.17473 5.01698
47 52 1.03452 5.35764
47 53 -0.446964 1.12125
47 54 3.47394 0.775973
47 55 -0.936342 -0.767734
47 56 0.553904 0.715811
47 57 -0.241572 -1.56219
47 58 -2.08294 -0.240894
47 59 -0.108408 0.170922
47 60 0.818997 -0.149581
47 61 -0.0479771 -1.4063
47 62 -0.809992 -0.059895
47 63 0.354691 0.22315
47 64 -0.900814 1.63662
47 65 -0.198192 -0.390955
47 66 0.208989 -0.250796
48 33 3.43001 0.200127
48 34 5.77253 0.639335
48 35 3.856 -0.439191
48 36 6.77182 -1.67308
48 37 3.56929 -0.762876
48 38 4.17478 -4.33009
48 39 0.843107 -0.632371
48 40 7.53715 -2.54294
48 41 6.19666 0.859866
48 42 5.81215 0.0110023
48 43 -1.48947 -0.77702
48 44 2.84133 0.820196
48 45 2.31939 0.103251
48 46 5.66299 -0.00797501
48 47 11.7178 1.73264
48 48 2.44097 -3.87473
48 49 4.53161 1.33519
48 50 -0.87249 -0.0100125
48 51 3.38447 0.0686648
48 52 -0.666277 -2.38714
48 53 1.09894 -0.57401
48 54 2.46856 2.27189
48 55 -2.07323 -0.247508
48 56 1.4146 1.04373
48 57 -1.06589 1.3332
48 58 -0.495037 0.482947
48 59 0.41152 0.631622
48 60 0.792878 0.598143
48 61 -0.486473 0.288967
48 62 -1.28021 0.129607
48 63 0.365847 0.37606
48 64 -0.0312627 0.281754
48 65 0.674078 1.30802
48 66 0.410202 0.250054
49 33 1.19195 -2.94878
49 34 3.77942 1.04757
49 35 -1.24442 1.16812
49 36 5.34608 -1.90579
49 37 1.54834 -5.65583
49 38 5.38423 1.34626
49 39 -2.55451 -0.837559
49 40 4.14033 -2.70171
49 41 6.56224 -0.254503
49 42 1.561 2.56524
49 43 7.34508 4.60668
49 44 2.36045 -0.858163
49 45 6.3203 1.32566
49 46 5.62024 0.989647
49 47 1.92061 -2.95471
49 48 5.63824 -1.53154
49 49 4.96259 -0.613432
49 50 2.24954 1.69508
49 51 -3.25383 0.249031
49 52 1.94213 0.872934
49 53 -3.87737 0.145314
49 54 -1.01579 3.40636
49 55 2.13322 1.79622
49 56 -3.98187 2.54209
49 57 2.31281 -0.14491
49 58 -2.45197 -0.267316
49 59 0.14543 -0.738773
49 60 -1.47984 0.42923
49 61 -0.611973 -1.04859
49 62 -0.0342755 0.0771928
49 63 0.29898 -1.10451
49 64 1.10526 -0.185762
49 65 1.89787 0.828032
49 66 -0.708445 -0.689818
50 33 5.06142 0.109891
50 34 1.1324 -3.59574
50 35 6.94608 0.407798
50 36 -0.519906 -1.3593
50 37 0.0642923 -0.309185
50 38 3.99294 -4.54853
50 39 4.48183 -2.91149
50 40 -1.36075 -2.50375
50 41 8.81529 4.25211
50 42 8.80344 1.51763
50 43 1.09379 4.02108
50 44 10.2658 5.45117
50 45 3.02525 2.39025
50 46 2.53837 1.40711
50 47 4.37186 0.699887
50 48 5.6696 -1.66328
50 49 3.62592 0.156878
50 50 3.31987 1.28955
50 51 0.109272 1.8619
50 52 3.9761 3.08319
50 53 6.95974 2.6556
50 54 0.233146 1.05244
50 55 -3.73161 1.82597
50 56 -1.08711 2.3673
50 57 0.877064 1.44043
50 58 -0.0792424 1.18089
50 59 -1.73442 -0.351885
50 60 -1.4317 0.449612
50 61 1.5828 1.02658
50 62 -1.25451 0.391781
50 63 0.706564 0.34035
50 64 -1.01415 2.39157
50 65 -0.408455 2.28438
50 66 0.0979706 -0.0466822
51 33 2.35046 -2.47211
51 34 4.18047 0.0895536
51 35 3.57824 0.992282
51 36 -0.685127 -0.082666
51 37 1.08971 -3.68513
51 38 2.29346 -1.62093
51 39 4.80412 -1.20298
51 40 4.30082 -2.04153
51 41 2.41328 0.820331
51 42 3.98909 6.17072
51 43 1.2274 -2.69574
51 44 6.61299 2.23859
51 45 3.81682 -2.30878
51 46 3.27625 -0.545905
51 47 -5.04848 -0.813825
51 48 2.64579 1.02473
51 49 -1.03226 -0.799655
51 50 5.82526 -1.08422
51 51 1.94822 -1.14018
51 52 -1.36904 4.24896
51 53 4.67891 3.12352
51 54 2.43257 0.746528
51 55 -2.83469 -2.17658
51 56 1.28727 1.7692
51 57 1.6695 0.126515
51 58 -2.69336 0.90405
51 59 -1.29153 -0.0951298
51 60 1.04232 -0.506916
51 61 -0.424208 1.01983
51 62 -0.0749348 -0.138147
51 63 0.540732 -0.222156
51 64 0.637546 0.466672
51 65 1.09642 0.749451
51 66 0.032059 0.0124285
52 33 4.9209 -1.24832
52 34 6.15065 -2.67341
52 35 3.47352 0.73969
52 36 6.6356 -2.29171
52 37 4.77313 -2.06044
52 38 5.37801 -2.72535
52 39 5.82844 1.26618
52 40 6.78748 -4.28294
52 41 4.89556 -4.43832
52 42 10.4787 6.01337
52 43 2.94669 -0.977237
52 44 6.90289 -2.49672
52 45 4.33357 -0.230071
52 46 -3.19485 4.201
52 47 10.4005 -6.3998
52 48 1.65172 -2.6291
52 49 1.84674 -3.73091
52 50 3.89036 0.0243657
52 51 3.23303 1.19437
52 52 2.38564 -0.00485702
52 53 2.42371 3.06306
52 54 2.4901 2.03483
52 55 3.36102 -0.19793
52 56 0.151069 1.4173
52 57 1.64393 -0.180625
52 58 0.108737 -0.435323
52 59 0.386668 -1.37769
52 60 0.213833 0.683641
52 61 1.90977 1.22358
52 62 -0.671086 0.256884
52 63 1.29419 0.346354
52 64 0.103419 -2.74
52 65 1.19594 -0.395124
52 66 0.133669 -0.226258
53 33 0.689586 1.82392
53 34 5.45006 1.11939
53 35 1.51744 -4.87379
53 36 10.1727 0.800739
53 37 3.18704 3.03133
53 38 3.02653 -1.24453
53 39 3.106 -0.276817
53 40 1.9957 -2.85343
53 41 -0.203142 -6.11749
53 42 3.7669 -0.743224
53 43 1.7846 -1.15311
53 44 2.72694 -4.20712
53 45 7.75088 2.85113
53 46 3.36571 -0.836687
53 47 3.77026 1.69123
53 48 1.24513 -1.52079
53 49 -5.04735 1.40925
53 50 2.56143 -1.82733
53 51 1.94374 0.0173954
53 52 0.70436 2.87376
53 53 2.66273 0.0106428
53 54 5.15239 2.22422
53 55 3.05646 1.8847
53 56 1.27557 0.634194
53 57 -1.35023 1.82737
53 58 -0.691927 0.734863
53 59 0.806798 1.01628
53 60 0.444234 -0.192078
53 61 0.79395 0.46793
53 62 1.50002 -0.705351
53 63 2.57398 0.498166
53 64 1.36708 0.00387245
53 65 1.44881 0.236398
53 66 -0.024699 0.0268114
54 33 2.13815 -0.573616
54 34 3.81704 -3.57063
54 35 -2.85341 -1.97416
54 36 3.99404 -0.125887
54 37 -2.10251 0.78828
54 38 6.28679 -0.837935
54 39 8.88862 0.59506
54 40 3.12481 2.06386
54 41 2.39539 -1.80864
54 42 8.30784 1.54242
54 43 1.75716 -1.39089
54 44 -1.08678 -2.93411
54 45 -2.27246 -0.649751
54 46 0.0935086 -0.182202
54 47 -0.198827 -2.55951
54 48 4.8754 -0.315344
54 49 2.23064 -3.40442
54 50 3.51487 3.0974
54 51 2.7706 3.16112
54 52 2.90143 0.105654
54 53 6.31677 -1.46071
54 54 1.04776 2.44459
54 55 2.62187 1.70804
54 56 0.0851714 -1.09184
54 57 -2.17395 -0.320027
54 58 1.12964 1.48631
54 59 2.272 0.857422
54 60 1.06332 -0.227481
54 61 -0.0395213 -0.120738
54 62 -1.18722 0.304177
54 63 0.154557 0.649161
54 64 0.587986 0.374153
54 65 0.0451534 -0.0323594
54 66 0.353755 0.544583
55 33 2.16788 -2.61018
55 34 2.11605 0.784007
55 35 -1.63043 0.233091
55 36 2.08344 3.11458
55 37 5.42828 0.0619153
55 38 1.12865 -4.59153
55 39 0.49582 1.83803
55 40 8.16342 3.52946
55 41 0.338089 2.458
55 42 5.96953 1.10726
55 43 1.89642 3.28121
55 44 4.79512 -0.585064
55 45 5.44254 0.809364
55 46 -0.266781 -0.335817
55 47 1.4045 0.39165
55 48 -0.771397 1.41012
55 49 3.72552 4.00469
55 50 0.448155 2.49196
55 51 -0.622421 6.48798
55 52 3.92754 4.13856
55 53 0.783416 -0.187393
55 54 -0.166423 3.30603
55 55 0.351278 0.0479826
55 56 1.28428 0.117257
55 57 -1.64081 1.36027
55 58 -0.754093 0.606449
55 59 -0.982657 1.64495
55 60 -1.21196 0.218985
55 61 -0.0368455 -0.149862
55 62 0.649184 -0.10926
55 63 -2.97622 0.296319
55 64 -0.095468 0.529679
55 65 -0.649452 0.67192
55 66 0.572132 1.37798
56 33 -1.18399 1.55714
56 34 3.22228 -0.787712
56 35 4.18259 -1.00939
56 36 -2.10641 1.71302
56 37 7.04968 2.05575
56 38 4.71778 -2.78173
56 39 -1.97887 -4.43625
56 40 1.67252 -2.44434
56 41 5.34238 -0.595179
56 42 3.3909 -1.23284
56 43 8.29683 -0.439233
56 44 2.55155 -0.405261
56 45 2.26325 1.14204
56 46 5.35289 2.64607
56 47 8.73613 -1.62792
56 48 7.81921 -6.09917
56 49 0.97968 0.537441
56 50 -2.72358 -3.13802
56 51 2.90815 4.51749
56 52 1.46156 2.33123
56 53 0.9349 1.29321
56 54 -0.903954 0.234383
56 55 2.21403 0.300264
56 56 2.91235 1.07574
56 57 -0.106244 -0.0456178
56 58 1.55312 1.34212
56 59 -0.0903987 -0.960662
56 60 -0.54484 0.236257
56 61 0.658318 1.95832
56 62 -1.50254 -0.981322
56 63 1.19065 1.32311
56 64 -0.869827 -0.300346
56 65 0.968515 0.809563
56 66 -0.849904 -1.38403
57 33 3.67611 0.147902
57 34 9.60105 -3.71138
57 35 1.92248 -1.25394
57 36 0.0898838 2.70846
57 37 1.64748 -0.749483
57 38 1.15369 -0.121615
57 39 0.12579 1.86795
57 40 6.41149 -7.12265
57 41 5.79635 -3.8864
57 42 4.90597 0.193468
57 43 8.72231 1.72721
57 44 -3.90765 -1.08617
57 45 -3.93368 4.62269
57 46 5.25057 -0.238507
57 47 5.2503 2.51146
57 48 4.68513 0.246484
57 49 3.44046 2.35858
57 50 3.02725 0.678976
57 51 4.15371 0.578588
57 52 -2.01883 -1.12518
57 53 -0.550522 2.02012
57 54 0.470509 0.759293
57 55 -0.0199544 0.49782
57 56 -1.20149 0.535435
57 57 -0.809264 -0.611274
57 58 -0.709696 1.67644
57 59 1.09169 -0.29639
57 60 0.503075 0.231829
57 61 -0.512245 1.14803
57 62 -0.29608 2.27089
57 63 2.13408 -0.0522182
57 64 0.781473 0.0916812
57 65 -0.351543 -0.713266
57 66 1.01365 1.19096
58 33 1.3167 -1.45275
58 34 4.38462 -3.60672
58 35 4.45573 -0.837073
58 36 7.30608 -1.01584
58 37 4.11928 -2.13669
58 38 4.78316 0.0559139
58 39 4.38292 -2.45548
58 40 7.25787 2.97463
58 41 -4.71091 -2.72216
58 42 10.4542 -0.0340567
58 43 2.36572 2.52921
58 44 1.73618 7.07947
58 45 3.71246 0.936431
58 46 1.09438 2.61518
58 47 4.19408 1.88301
58 48 5.32559 0.672265
58 49 3.77343 3.43833
58 50 2.1416 -3.23255
58 51 3.19372 -1.39896
58 52 2.87881 1.03071
58 53 1.35136 -1.06399
58 54 -1.75113 2.35204
58 55 1.65693 0.00310398
58 56 0.952372 1.86492
58 57 1.93391 0.0441041
58 58 -2.08333 -0.0916544
58 59 0.607825 0.187927
58 60 0.44074 0.878894
58 61 -0.802147 1.19119
58 62 1.53592 0.918709
58 63 -1.93936 0.177982
58 64 -0.218397 0.630163
58 65 0.463627 0.485756
58 66 0.483783 1.95036
59 33 1.35802 -0.75027
59 34 -0.831639 -3.24484
59 35 -0.889714 3.24938
59 36 0.6583 -1.90958
59 37 3.95279 2.41924
59 38 -3.53895 2.042
59 39 3.10137 0.876362
59 40 3.49486 1.6115
59 41 3.03107 -0.0403189
59 42 2.45878 -4.09578
59 43 5.06458 -2.79468
59 44 3.88492 -0.757552
59 45 4.35208 0.712564
59 46 1.90742 0.627979
59 47 1.65431 -1.41367
59 48 6.91774 0.222393
59 49 -1.49584 0.00292796
59 50 4.75798 2.15352
59 51 -1.10182 -0.111996
59 52 -3.31589 1.36228
59 53 -3.28193 0.719271
59 54 -3.38347 -0.153466
59 55 -0.357897 1.07453
59 56 -0.604863 -1.56791
59 57 3.75521 -1.65789
59 58 0.992953 -0.462312
59 59 1.16702 -0.297113
59 60 2.43453 0.0600282
59 61 1.01479 0.0374478
59 62 2.29649 -1.37504
59 63 0.874493 2.14193
59 64 -0.148012 0.147183
59 65 -1.50863 -1.30364
59 66 0.164628 0.0626927
60 33 5.71263 -0.0310808
60 34 2.75024 -1.1564
60 35 4.13956 3.79047
60 36 5.47314 -0.976402
60 37 5.90503 -2.14987
60 38 2.78347 -2.38811
60 39 0.424697 -0.913034
60 40 -4.12523 -1.21956
60 41 8.05653 0.524401
60 42 3.48946 1.65109
60 43 -1.39139 -4.1022
60 44 4.99069 2.19182
60 45 -2.58944 -0.779342
60 46 5.64456 -2.75502
60 47 -1.06655 4.31488
60 48 5.95279 4.35232
60 49 2.88001 0.433312
60 50 -2.19357 2.02959
60 51 5.44288 1.09509
60 52 1.22678 4.22145
60 53 -0.719092 1.23448
60 54 -0.552798 2.09631
60 55 2.49252 1.43835
60 56 -0.497154 3.17674
60 57 -1.31448 0.714216
60 58 -1.86326 3.05671
60 59 -0.926128 -1.06181
60 60 0.854386 -2.52066
60 61 1.72435 1.19078
60 62 -0.186012 -0.285497
60 63 -0.0287326 2.17051
60 64 1.81867 0.946246
60 65 0.93784 -0.509683
60 66 0.108462 0.243062
61 33 1.97403 -1.3277
61 34 4.65129 -0.14573
61 35 1.45573 -0.218636
61 36 1.93216 0.973105
61 37 5.81083 -2.12581
61 38 2.35388 -1.53417
61 39 5.49412 1.60091
61 40 -3.35571 4.22667
61 41 4.45702 -2.72753
61 42 -2.38211 3.94621
61 43 2.28199 0.00631626
61 44 0.615612 -2.88235
61 45 4.60021 5.00062
61 46 -0.582281 -1.17041
61 47 1.14483 1.78167
61 48 2.47682 2.67215
61 49 2.72591 3.27211
61 50 6.42831 -0.798934
61 51 2.70898 2.15612
61 52 1.53465 2.06943
61 53 0.375632 -0.533556
61 54 -5.76255 2.57874
61 55 2.93627 2.44908
61 56 -2.52951 1.45084
61 57 -0.395267 0.326044
61 58 -2.33762 2.71476
61 59 0.17375 2.15242
61 60 0.64171 1.24231
61 61 -0.174665 0.882931
61 62 -0.447435 1.48431
61 63 0.0774123 0.251273
61 64 0.627744 0.142349
61 65 2.01864 0.706251
61 66 0.115598 0.37485
62 33 1.78867 -1.47806
62 34 3.23748 2.33514
62 35 5.62338 -4.22443
62 36 0.490878 -2.55283
62 37 6.17491 -0.790913
62 38 2.57857 -3.88661
62 39 1.20917 -2.38005
62 40 1.61027 -1.92
62 41 5.04256 0.610178
62 42 0.637415 1.81636
62 43 0.286845 -1.08793
62 44 7.18691 -2.2574
62 45 2.13459 -0.195893
62 46 5.8044 1.45633
62 47 2.29936 2.80909
62 48 4.42952 0.194425
62 49 1.80223 2.90119
62 50 1.29897 0.923388
62 51 -1.01721 0.78239
62 52 4.26931 1.46236
62 53 -0.38313 1.27637
62 54 -0.607598 -1.32385
62 55 -0.773518 -0.340862
62 56 -0.0690744 -0.746552
62 57 2.81426 -1.01564
62 58 2.22659 1.0052
62 59 0.480267 -0.095333
62 60 0.765928 0.730205
62 61 2.97059 0.0647951
62 62 0.283875 -0.373961
62 63 -0.153201 0.889452
62 64 0.00972549 0.555649
62 65 -0.606682 1.33889
62 66 0.777153 1.59542
63 33 2.39238 -1.64416
63 34 0.87064 2.98661
63 35 0.283313 -2.75964
63 36 6.95862 0.462378
63 37 2.07297 -1.52851
63 38 5.15643 -1.39181
63 39 5.91014 -0.135538
63 40 -1.57541 -0.367965
63 41 2.65153 1.15019
63 42 3.55154 -1.73288
63 43 8.27711 1.28863
63 44 0.336309 0.0525628
63 45 4.04321 0.634559
63 46 2.43067 2.58464
63 47 1.7624 0.476466
63 48 2.57441 0.75333
63 49 0.653365 0.495665
63 50 2.96154 1.52343
63 51 3.06577 0.292237
63 52 5.65479 3.6945
63 53 1.6075 0.894395
63 54 -0.44252 -0.516087
63 55 0.0206799 -1.0183
63 56 -1.57055 1.70229
63 57 1.9237 -0.619537
63 58 -0.523471 -0.171504
63 59 1.89797 -0.744554
63 60 0.77609 0.0397612
63 61 -0.306699 0.335986
63 62 1.64854 0.593536
63 63 0.262333 -0.265463
63 64 0.534317 -1.16776
63 65 -0.065543 0.52655
63 66 -0.705618 -0.184388
64 33 4.495 -2.44503
64 34 2.61417 -4.12538
64 35 1.59653 1.66953
64 36 5.68097 1.23956
64 37 5.00881 3.09182
64 38 3.11079 -0.413209
64 39 1.3167 -1.53099
64 40 1.06064 2.73721
64 41 1.44478 -0.00494528
64 42 4.77587 -0.548041
64 43 1.49678 1.70265
64 44 7.11887 -1.42106
64 45 6.30321 2.73132
64 46 -0.105528 -3.02139
64 47 0.271613 0.57296
64 48 2.5673 0.762831
64 49 1.50778 1.82813
64 50 2.89292 -0.413325
64 51 1.5984 2.23511
64 52 3.56653 2.65874
64 53 0.305835 -0.502028
64 54 2.23653 -0.979606
64 55 -0.765322 0.638121
64 56 1.34964 0.593754
64 57 0.421953 1.2483
64 58 1.74144 0.122938
64 59 0.0506835 -0.0632011
64 60 0.676623 -0.543618
64 61 1.50097 0.0834419
64 62 -0.0529485 2.25259
64 63 -0.569984 -0.0296327
64 64 0.608803 0.488106
64 65 0.502492 0.372212
64 66 -0.644307 0.69231
65 33 5.11116 -1.2462
65 34 6.21756 -2.73489
65 35 5.65482 -1.98201
65 36 4.76206 -1.558
65 37 4.2198 0.380457
65 38 3.53061 1.0208
65 39 5.12076 1.00646
65 40 5.09545 1.4184
65 41 6.77145 0.824387
65 42 2.77086 -1.62872
65 43 5.65788 1.07648
65 44 2.07007 2.41481
65 45 2.38157 2.8198
65 46 7.05513 -2.17252
65 47 2.23024 4.28708
65 48 -0.0370556 3.22051
65 49 0.104217 2.96315
65 50 2.71219 2.4912
65 51 2.16044 1.18326
65 52 2.28168 1.7199
65 53 1.63201 1.39601
65 54 -0.584682 -0.986392
65 55 0.816725 2.54338
65 56 0.260993 2.16606
65 57 0.719989 0.167625
65 58 0.389973 2.21722
65 59 2.73924 0.848205
65 60 0.663646 0.405062
65 61 0.0358631 0.894796
65 62 0.465765 0.248975
65 63 -0.0819939 -0.0351235
65 64 -0.277657 1.04108
65 65 0.502384 1.56317
65 66 0.462454 0.60837
66 33 3.10356 -1.58392
66 34 6.55904 -2.69689
66 35 4.47235 -0.733876
66 36 5.00655 -0.95695
66 37 3.70284 -1.17549
66 38 4.8587 -0.566574
66 39 6.17198 -0.732387
66 40 4.36478 -0.171401
66 41 2.48269 2.30036
66 42 5.941 1.92244
66 43 5.51895 5.21917
66 44 6.14973 2.36995
66 45 6.41698 2.94369
66 46 6.23461 0.670518
66 47 2.5121 1.46781
66 48 5.14693 1.64213
66 49 2.00087 2.03303
66 50 4.35062 1.13818
66 51 2.84045 -0.12591
66 52 -0.215701 0.0850552
66 53 4.20529 2.13967
66 54 1.2395 0.665778
66 55 1.77224 0.730873
66 56 0.913423 1.39313
66 57 1.54925 0.431336
66 58 1.05215 0.650405
66 59 0.953457 0.438413
66 60 0.995668 0.680397
66 61 0.700005 1.57285
66 62 0.718539 1.17585
66 63 0.984516 0.356183
66 64 0.766937 -0.0751801
66 65 -0.0402861 0.56884
66 66 0.471463 0.431846
67 33 0.151124 0.0387482
67 34 0.397827 0.0344342
67 35 0.176312 -0.00252115
67 36 0.177198 -0.00960625
67 37 0.283593 -0.00682323
67 38 0.176444 0.0154394
67 39 0.263884 -0.0130456
67 40 0.299355 -0.020163
67 41 0.259773 -0.0183974
67 42 0.274763 0.110693
67 43 0.165301 0.0148277
67 44 0.259641 0.0682281
67 45 0.300591 0.0634646
67 46 0.274138 0.148346
67 47 0.192116 0.0120234
67 48 0.281608 0.0832268
67 49 0.0951795 0.0838076
67 50 0.191966 0.0340852
67 51 0.110291 0.0350622
67 52 0.073296 -0.00886056
67 53 0.172222 0.0159439
67 54 0.135695 0.0602318
67 55 0.0693858 0.0171047
67 56 0.0241433 0.00727394
67 57 0.0653375 0.0232992
67 58 0.0644286 0.0241655
67 59 0.0258489 0.0189415
67 60 0.0141468 -0.0114511
67 61 -0.0543813 0.027873
67 62 0.0194749 0.0119123
67 63 0.0493456 0.0156794
67 64 0.0422622 0.0220243
67 65 0.00993022 0.018133
67 66 0.0185239 0.043992
