0 33 1.7471 2.39466
0 34 0.913775 0.524862
0 35 0.0553587 1.55523
0 36 -2.0126 0.47736
0 37 -0.430881 0.125349
0 38 -0.104831 0.122196
0 39 -0.990379 -0.147095
0 40 -1.38658 0.175801
0 41 0.546141 0.599138
0 55 0.505589 -0.023958
1 33 -2.42744 10.0777
1 34 4.39374 1.26707
1 35 0.207749 1.43262
1 36 -4.54492 1.89104
1 37 -4.7416 3.97076
1 38 -6.65987 2.26081
1 39 1.79278 -0.210902
1 40 -0.0574468 1.43284
1 41 0.795927 1.0457
1 43 0.850523 -0.239715
1 45 -0.113025 0.312487
1 47 -0.890816 0.31954
2 33 -0.382363 5.12468
2 34 -2.93298 3.71683
2 35 1.92712 2.1733
2 36 2.91313 -1.80297
2 37 0.719141 4.37635
2 38 -0.189115 1.81265
2 39 -3.82749 0.483835
2 40 -2.15994 -2.63671
2 41 0.441357 0.502853
2 42 0.611732 0.531506
2 43 -0.0188909 0.0138451
2 44 0.368333 0.0855975
2 45 -0.416614 0.680343
2 48 -0.19545 -0.224315
2 55 -0.0350166 -0.105566
2 61 0.230407 0.442864
3 33 4.59464 20.6716
3 34 -1.40086 6.15456
3 35 -8.17671 11.9805
3 36 -0.0415832 5.85159
3 37 0.144672 3.80758
3 38 5.54593 0.893661
3 39 2.80052 -2.20779
3 40 -0.83738 -0.0869265
3 41 -1.15323 0.268303
3 42 1.08833 0.327244
3 43 0.336629 0.903354
3 44 -0.309056 0.165583
3 45 -0.847756 0.220901
3 46 -1.68145 -0.281535
3 47 -0.526668 0.141118
3 48 -0.827644 -0.392206
3 52 -0.360401 0.336066
3 53 -1.27376 -0.296818
3 62 0.234912 -0.0857035
4 33 1.05424 21.1648
4 34 0.823385 7.38937
4 35 -6.91674 1.90754
4 36 -8.00345 3.97731
4 37 2.96692 5.29299
4 38 3.1917 -0.10945
4 39 -1.22634 2.41039
4 40 2.40145 -1.43685
4 41 -0.673533 1.86326
4 42 -0.544218 -0.161569
4 43 0.129481 0.439101
4 44 -0.552449 -0.390926
4 45 -0.604688 0.282971
4 46 -0.862553 -0.782301
4 48 0.0122191 0.0135673
4 49 -1.91307 0.805736
4 54 0.443651 0.0584781
4 58 1.38161 0.598177
4 61 0.0553289 0.0956435
5 33 -3.07955 25.8339
5 34 4.52181 13.8382
5 35 -1.61301 13.0012
5 36 0.758551 10.8531
5 37 -1.22177 5.58325
5 38 -4.77112 5.11423
5 39 -3.43197 4.08214
5 40 2.30022 1.20427
5 41 0.341708 2.20848
5 42 -1.11762 1.13548
5 43 1.08759 0.641752
5 44 0.373228 -0.07568
5 45 0.868174 1.83562
5 47 -0.154465 0.761234
5 48 -0.54129 -0.389955
5 49 -0.0932522 0.041424
5 52 0.0701167 0.00258299
5 53 -0.0695277 -0.549323
5 61 -0.123442 0.0728009
5 63 -0.10018 0.0980401
6 33 10.7136 26.2449
6 34 -7.64653 4.70271
6 35 -0.983384 3.12316
6 36 4.85242 -2.59114
6 37 3.4086 5.09364
6 38 -5.90698 4.04584
6 39 4.00392 1.68528
6 40 0.841236 1.56124
6 41 0.0242022 -0.674958
6 42 3.50688 0.719081
6 43 -0.394145 0.45585
6 44 0.215336 -0.0790977
6 45 0.539721 -0.0156545
6 46 -0.635282 0.541148
6 47 0.575633 -0.54704
6 48 -0.288163 -0.0423067
6 49 0.0997104 -0.162304
6 50 -1.04073 -1.22458
6 51 -0.614856 0.177728
6 52 1.09334 2.04117
6 54 0.166122 -0.0223829
7 33 4.17851 27.0366
7 34 -1.10836 9.79919
7 35 5.06208 6.12548
7 36 3.96088 12.4734
7 37 9.01161 1.25744
7 38 6.12869 5.44284
7 39 -0.31428 5.19194
7 40 8.59025 6.07481
7 41 -0.880918 1.30763
7 42 -5.41506 -0.320514
7 43 -0.467488 2.43812
7 44 0.476653 1.09703
7 45 0.840026 -0.130122
7 46 1.45701 1.65839
7 47 -0.176637 1.08378
7 48 1.33892 0.512393
7 50 -0.14329 0.149038
7 51 0.126971 0.483762
7 52 -0.124894 -0.0189096
7 53 -0.194334 0.13075
7 54 0.960152 0.00277013
7 58 -0.190668 -0.0970084
7 60 -0.042952 0.0385189
7 63 0.0269979 -0.00393092
7 64 -0.43304 0.326836
8 33 5.27467 27.7354
8 34 1.72063 5.47446
8 35 5.35863 14.2823
8 36 15.0999 8.44773
8 37 -7.01184 9.73056
8 38 12.828 -0.837407
8 39 8.83811 7.23299
8 40 2.9724 1.02905
8 41 3.29609 4.03902
8 42 0.933412 0.0222637
8 43 2.85922 1.14345
8 44 -1.2439 0.354925
8 45 -0.130908 -0.0448368
8 46 -0.389024 0.182159
8 47 -0.41048 -0.257863
8 48 -0.20894 -0.400238
8 50 -1.09522 1.10163
8 51 -0.0467749 -0.0783976
8 52 -0.0334038 0.0017311
8 54 0.0090662 -0.0123415
8 59 -0.0882464 -0.0408951
8 62 -0.394223 -0.023072
9 33 6.50545 32.1398
9 34 -0.186728 5.8809
9 35 -3.43037 5.03017
9 36 7.39058 3.43695
9 37 8.71149 3.51524
9 38 2.24504 6.89062
9 39 -8.44334 2.82259
9 40 4.72574 3.52002
9 41 -0.367913 1.98071
9 42 -3.16951 3.42768
9 43 0.792904 0.959997
9 44 1.77579 -0.0152797
9 45 -0.0132863 0.00339261
9 46 -0.62883 -0.0483386
9 47 -0.02919 0.316627
9 49 0.134015 -0.535507
9 50 -0.185803 -0.179625
9 51 -0.848019 -0.24494
9 54 -0.374717 -0.063127
9 55 -0.084633 0.0808794
9 58 0.898131 0.712178
9 59 0.0312012 0.0553235
9 61 0.0189358 -0.00110601
10 33 5.27513 24.0787
10 34 -2.61972 8.62015
10 35 -0.456097 14.8694
10 36 0.490353 2.72407
10 37 4.41492 6.6732
10 38 5.47741 5.96594
10 39 -3.16689 3.93221
10 40 5.70935 -0.878603
10 41 1.28574 0.042465
10 42 0.06807 -0.0494627
10 43 -0.0624497 1.28537
10 44 -0.130284 0.0175353
10 45 0.087869 -0.119328
10 46 0.805461 0.343934
10 47 1.41593 1.32564
10 48 1.25726 0.544125
10 49 -0.0838444 0.0807199
10 50 -0.000415752 -6.67144e-05
10 51 0.148733 -0.029647
10 52 0.108755 -0.00476904
10 55 0.0973056 0.333771
10 56 0.750857 0.0577557
10 57 -1.29512 -0.557926
10 58 0.30603 0.593823
10 60 0.135069 0.106437
10 63 0.369828 0.100723
10 64 0.201498 0.550848
11 33 -0.0186717 25.5627
11 34 2.69037 5.80765
11 35 -0.697766 11.3002
11 36 -3.42467 11.7013
11 37 16.8612 6.30408
11 38 8.01186 -0.760705
11 39 9.52008 1.84245
11 40 0.274319 0.784266
11 41 0.150041 0.769952
11 42 1.62486 2.02014
11 43 -0.821879 0.498332
11 44 -0.320809 1.0997
11 45 0.886859 0.154505
11 46 -1.52273 0.635946
11 47 0.721804 0.553644
11 48 -0.492331 -0.292783
11 49 -0.00230402 0.245487
11 50 0.0317559 -0.00497441
11 52 -0.786386 -0.409226
11 55 0.525343 0.084082
11 56 1.93496 0.0571196
11 57 -0.0589 -0.0284703
11 58 -1.00658 1.05861
11 60 1.44201 0.367549
11 62 0.327928 0.327267
11 63 0.804927 -0.0289725
12 33 1.72828 19.5726
12 34 8.07479 6.23998
12 35 9.84256 3.05653
12 36 4.17091 5.88843
12 37 -0.779679 11.1329
12 38 13.9975 2.29601
12 39 4.56264 2.30545
12 40 2.00586 0.769394
12 41 -0.879265 3.69334
12 42 -1.55418 -0.228867
12 43 -6.54039 0.300481
12 44 -2.47065 0.179956
12 45 1.6693 -0.531614
12 46 -2.47147 -0.754786
12 47 -0.104995 -0.0896955
12 48 0.354302 -0.264768
12 49 -0.304954 -0.051807
12 50 0.336222 -0.230115
12 51 -0.135587 0.00268598
12 52 0.303201 -0.290794
12 53 -0.214825 -0.154168
12 55 -0.723022 0.636031
12 56 0.159658 -0.0161346
12 59 -0.446308 0.224589
12 60 0.846141 0.288483
12 61 0.0591088 0.111185
13 33 6.47713 21.5505
13 34 4.23925 5.30278
13 35 14.3441 5.17773
13 36 -2.74828 7.77959
13 37 1.5516 0.0653292
13 38 11.0107 9.20471
13 39 5.93987 -1.44094
13 40 2.06108 5.48706
13 41 -5.57193 3.96292
13 42 1.77329 -1.37602
13 43 0.336194 0.0873408
13 44 1.35374 1.5608
13 45 -0.939639 1.93719
13 46 -0.223631 1.06143
13 47 2.16769 -1.22389
13 48 -0.302033 -0.656703
13 49 0.390648 0.570297
13 50 -0.207301 0.569996
13 51 0.745501 -0.867529
13 52 0.398992 -0.0135007
13 53 -0.428121 1.1132
13 54 -0.803895 0.921367
13 55 -0.645023 -0.284507
13 56 0.677435 -0.859706
13 62 0.145755 0.0674782
13 63 0.143101 -0.00255831
13 64 -0.138335 0.0542973
14 33 4.74694 11.4177
14 34 4.40559 2.43804
14 35 7.19081 1.00724
14 36 10.9193 -3.46828
14 37 0.348822 7.19011
14 38 -0.927165 2.93461
14 39 4.30782 2.77328
14 40 5.6695 0.991752
14 41 2.27633 -2.7332
14 42 4.89933 -1.06289
14 43 -0.480438 -0.506795
14 44 -0.260676 -1.61298
14 45 0.556136 0.835895
14 46 -0.0454131 -0.00535877
14 47 0.588836 0.173233
14 48 0.916124 0.460483
14 49 0.0899547 0.00771678
14 50 1.17321 1.47496
14 51 0.015597 -0.55646
14 52 -0.0917022 1.02072
14 53 -0.431547 -0.174297
14 54 0.286992 -0.116948
14 55 -0.535273 0.4881
14 56 0.221415 -2.12402
14 57 -0.181411 -0.111031
14 61 0.0196925 0.00396078
14 62 0.196118 0.0470064
14 63 -0.0151919 -0.0238801
14 65 -0.0180024 0.106579
14 66 0.0624646 0.375698
15 33 2.77783 16.7665
15 34 8.48525 -4.76533
15 35 -2.37844 2.24072
15 36 7.10795 5.40631
15 37 6.69645 8.41441
15 38 2.11748 7.40179
15 39 -0.449482 0.447498
15 40 0.0404155 1.99685
15 41 6.55321 4.74648
15 42 0.289386 0.0232178
15 43 0.570142 0.507326
15 44 -0.275574 3.28728
15 45 0.925844 0.26027
15 46 1.60176 -0.401414
15 47 2.61939 -1.07765
15 48 -0.429363 0.41977
15 49 1.29369 -1.24608
15 50 0.246295 -0.222519
15 51 0.0899515 -0.0806551
15 52 -0.882693 0.327286
15 55 -0.372983 0.0790121
15 56 -0.243162 0.381494
15 58 -0.0519979 0.0182389
15 59 0.0633675 -0.0437417
15 62 -0.488888 1.33156
15 65 0.17058 0.36641
15 66 1.32523 0.327542
16 33 5.34177 13.4246
16 34 5.3309 4.76205
16 35 6.15352 3.23296
16 36 2.8094 -2.91341
16 37 4.05772 0.8474
16 38 6.91508 4.01544
16 39 3.9719 6.53081
16 40 5.46184 7.62684
16 41 -1.74131 2.7985
16 42 5.44785 0.377352
16 43 2.67797 0.625407
16 44 0.0893866 0.512422
16 45 0.499019 -0.266346
16 46 0.276298 -0.742353
16 47 1.05001 1.408
16 48 0.164674 0.185664
16 49 0.170414 0.010459
16 50 1.09304 0.415486
16 51 1.37737 1.09931
16 52 0.201628 0.227743
16 53 0.932915 0.357831
16 55 0.0773402 0.324808
16 57 0.03516 -0.0382946
16 60 -0.00914065 0.0252923
16 61 0.0451118 0.0508523
16 64 0.221267 0.123342
16 66 1.49601 -1.10489
17 33 9.73111 9.19628
17 34 13.7196 0.746948
17 35 13.6936 -0.503159
17 36 1.20844 6.35263
17 37 5.19577 -2.51306
17 38 -4.4923 3.5803
17 39 0.66355 5.50176
17 40 0.296535 0.854033
17 41 1.8868 4.5066
17 42 1.32547 0.0537628
17 43 -4.41746 -0.433264
17 44 2.19232 -0.19622
17 45 0.793433 -0.643562
17 46 -0.818841 0.412458
17 47 -0.0854651 0.401675
17 48 -0.268281 -0.839471
17 49 0.570951 0.123558
17 50 -0.90949 0.63998
17 51 -0.678213 -0.061723
17 53 0.401896 0.175612
17 54 1.83896 -1.22102
17 56 0.0705591 0.275939
17 57 -1.0355 -0.24535
17 58 0.541593 0.0846481
17 59 0.466592 -0.252363
17 63 1.3015 0.236296
17 64 -0.0391338 -0.000420453
17 66 -0.530015 -0.471656
18 33 5.08896 6.83213
18 34 2.52641 -4.84912
18 35 11.6948 5.91309
18 36 11.3503 0.588912
18 37 6.55993 1.09656
18 38 -1.15861 -2.97985
18 39 -0.826721 4.95483
18 40 2.87554 -2.45355
18 41 -4.89976 0.430681
18 42 2.45256 -0.676596
18 43 -1.48078 3.6507
18 44 3.54109 0.420313
18 45 0.766818 0.0282413
18 46 -0.964419 0.580572
18 47 1.41398 -0.937208
18 48 0.374553 0.0762711
18 49 0.868973 -0.347339
18 50 -2.12895 -0.674977
18 51 -0.534865 -0.268482
18 53 1.05098 0.151681
18 54 -0.00313152 0.423353
18 56 -0.373219 -0.0691648
18 59 0.132441 0.391696
18 60 0.143293 -0.278439
18 61 -0.510072 -0.092409
18 62 1.74012 0.0545471
18 63 -0.952189 0.538713
18 64 0.00874236 0.00457126
19 33 4.9785 0.377376
19 34 3.3212 -7.01032
19 35 -4.58392 1.51219
19 36 6.91579 0.797373
19 37 3.84751 8.46414
19 38 3.17296 4.23444
19 39 2.25053 -7.09343
19 40 3.66718 5.17332
19 41 2.75695 6.11873
19 42 -0.294819 -0.272056
19 43 1.9449 3.58248
19 44 0.496592 0.0902685
19 45 0.582042 -0.665502
19 46 0.665653 1.23817
19 47 -0.342404 0.674555
19 48 1.06923 -1.19191
19 49 -0.0499725 1.34056
19 50 0.0127661 -0.577275
19 51 -0.0445346 0.0390973
19 52 0.276672 -0.145269
19 53 0.468949 0.231265
19 54 -0.034584 -0.00336897
19 56 0.32544 0.0354858
19 57 1.23834 0.29106
19 58 -0.191602 -0.717513
19 59 0.513243 -0.173993
19 60 0.530591 0.253323
19 62 -0.507562 -0.0731629
19 63 0.147518 0.559713
19 64 -0.306331 0.192571
19 66 0.250946 0.508604
20 33 5.08829 5.46725
20 34 9.54775 -0.681649
20 35 0.449301 -3.68075
20 36 4.5238 -3.50407
20 37 3.02425 3.69126
20 38 8.26373 -3.5659
20 39 7.69887 2.13934
20 40 4.98007 2.71247
20 41 -0.130547 2.02746
20 42 3.6824 1.52066
20 43 3.12474 3.53917
20 44 1.24517 -0.590997
20 45 -0.00271677 1.85872
20 46 0.556019 -0.931771
20 47 0.719569 0.782645
20 48 0.00221611 -0.000618125
20 49 0.568701 0.0713137
20 50 0.175603 0.620812
20 51 -0.106756 -0.133998
20 52 0.580518 0.626742
20 54 -0.034398 0.0256826
20 55 0.745728 1.26852
20 56 -1.76876 -0.379634
20 57 -0.116424 0.000870996
20 60 0.0386138 0.0186317
20 62 1.01157 -0.584729
20 63 -0.885292 -0.924342
20 65 0.498691 0.366849
21 33 3.44063 2.04856
21 34 -1.3167 1.29676
21 35 6.06178 2.72602
21 36 -0.501848 1.41985
21 37 1.97285 1.21201
21 38 9.96575 4.73403
21 39 2.77941 3.83192
21 40 2.78661 5.22796
21 41 2.28775 -0.233258
21 42 -0.270523 2.49795
21 43 -0.0205837 1.60846
21 44 1.22402 0.724726
21 45 0.402302 -0.36946
21 46 0.600102 0.45319
21 47 0.225656 0.789879
21 48 0.74701 -0.547058
21 49 -2.19424 0.578974
21 50 0.146094 0.0320862
21 51 0.0207763 0.142622
21 52 -0.202882 0.163239
21 54 0.866909 -0.868039
21 55 0.252008 -0.00635059
21 56 -0.697632 -0.299377
21 57 -0.45569 0.135056
21 60 -0.352636 0.00822423
21 61 0.439216 0.0112231
21 62 -1.39915 -0.163038
22 33 -0.394758 4.1128
22 34 1.17846 2.32067
22 35 -1.13816 3.99662
22 36 2.5718 3.41179
22 37 5.17268 0.415338
22 38 11.0303 -1.26221
22 39 5.3134 3.43389
22 40 3.81546 2.2365
22 41 2.38632 2.41069
22 42 0.733696 1.84378
22 43 -0.631196 1.95944
22 44 0.399843 0.81957
22 45 -1.6378 -0.103578
22 46 -1.1477 -0.417284
22 47 -0.626904 -0.279625
22 48 -0.679267 0.0939972
22 49 0.314432 0.709389
22 50 0.682754 0.310471
22 51 -0.208738 -1.06905
22 52 -0.433424 0.0404588
22 54 0.237307 0.177165
22 55 -1.96502 0.113778
22 56 0.320684 -0.130392
22 57 -0.327895 -0.405546
22 61 -0.699567 0.489309
22 65 0.608698 -0.133661
22 66 -0.0316427 -0.0246032
23 33 7.80617 -1.50036
23 34 5.49521 -0.67381
23 35 6.14717 0.000395074
23 36 4.57264 0.672066
23 37 8.247 0.979524
23 38 0.246531 -1.67917
23 39 7.43763 3.59045
23 40 3.15805 -3.23822
23 41 3.18972 1.65307
23 42 0.829741 0.925143
23 43 0.471866 4.55827
23 44 0.778425 0.623103
23 45 -0.953999 -3.10292
23 46 0.00882307 0.109268
23 47 0.327018 -0.434195
23 48 0.452288 -0.745796
23 49 0.531789 0.10302
23 50 0.0369892 0.046666
23 51 -0.969993 1.82572
23 52 0.567149 -0.0218028
23 53 -0.163067 0.463997
23 54 -0.0493902 0.00410208
23 55 0.00471255 -0.0182815
23 56 -0.31362 -0.496885
23 57 -0.0127055 0.00811417
23 59 0.0164232 -0.00138645
23 61 -0.111112 0.154822
23 64 0.0163959 0.00674604
23 66 -0.237039 0.240329
24 33 3.40992 1.64714
24 34 -0.429505 0.23974
24 35 6.59928 0.71281
24 36 1.86839 -0.619689
24 37 12.595 -0.457672
24 38 1.79944 7.17928
24 39 1.49672 0.668818
24 40 3.14152 -0.847719
24 41 8.66809 -0.659539
24 42 3.97595 1.33933
24 43 -1.24972 -2.13545
24 44 1.03472 0.125525
24 45 -1.95534 -0.141778
24 46 -2.04304 0.342624
24 47 0.520806 0.812227
24 48 -0.151101 0.776726
24 49 1.02764 0.796928
24 50 -0.836077 -0.536855
24 51 -1.87265 0.00574815
24 52 1.10382 -0.0192992
24 53 -1.00034 -0.0454823
24 54 0.534775 0.888496
24 57 -0.379183 0.0971739
24 58 -0.216004 0.0119769
24 61 0.0845249 -0.246732
24 62 -0.158544 -0.0615409
24 64 0.114538 0.125784
25 33 1.91188 0.910868
25 34 6.1878 1.91995
25 35 6.24464 4.51336
25 36 3.62773 1.76254
25 37 8.81555 -1.08004
25 38 -4.29259 3.58234
25 39 7.0074 3.60588
25 40 5.46249 1.01206
25 41 -1.39732 -0.456828
25 42 1.12279 -0.216699
25 43 2.06606 0.136047
25 44 0.107393 1.56675
25 45 -0.800483 2.75348
25 46 -1.82404 -0.555298
25 47 0.42429 0.473074
25 48 1.07808 0.552563
25 49 0.392687 1.30913
25 50 -0.558442 0.240645
25 51 -0.39251 -0.0449613
25 52 -0.344497 -0.0961872
25 53 -0.27929 -0.612798
25 54 -0.774737 0.117334
25 55 -0.733063 0.908529
25 56 -0.24332 -1.12944
25 57 -0.79052 -0.536719
25 59 0.0286153 -0.0536631
25 60 1.08077 0.510144
25 61 0.954168 -0.0591355
25 62 0.0146965 0.00956576
26 33 1.36128 0.955743
26 34 0.870096 -7.57668
26 35 5.15972 1.52375
26 36 1.02985 1.44015
26 37 10.1969 -0.13132
26 38 1.04045 -1.33924
26 39 2.32696 2.23289
26 40 3.42294 3.72308
26 41 3.9596 -0.250018
26 42 1.24306 1.1667
26 43 0.713538 0.398994
26 44 2.31293 0.762576
26 45 0.975023 1.8976
26 46 0.0641533 1.48456
26 47 -0.903086 0.64145
26 48 -0.561109 0.237081
26 49 -0.744392 0.386676
26 50 0.082197 -0.0547173
26 51 -0.826627 0.734197
26 52 1.33868 0.205718
26 53 -0.163939 0.294917
26 54 0.420241 1.72396
26 55 0.997152 -0.951341
26 56 -0.567327 1.07353
26 58 0.385267 0.152304
26 59 0.0242784 0.0823652
26 61 -0.609293 -0.0722259
26 62 0.373803 0.486669
26 63 0.186447 -0.342956
26 65 0.0322478 -0.0168668
27 33 0.686867 -0.205681
27 34 -2.06131 -0.701211
27 35 -0.360463 -5.73245
27 36 6.17831 3.39294
27 37 9.7626 0.267786
27 38 1.88601 -0.798494
27 39 9.60181 4.21215
27 40 4.07988 4.2111
27 41 5.49591 1.03879
27 42 6.75465 4.1903
27 43 -2.52151 -2.03684
27 44 4.84802 -1.43584
27 45 0.111452 0.49912
27 46 0.0962789 -0.558035
27 47 1.23983 1.26748
27 48 1.30294 3.60367
27 49 -0.2621 -0.494825
27 50 1.15155 -0.63243
27 52 0.511195 0.404183
27 53 -0.34199 -0.0925305
27 54 0.741998 0.291545
27 55 -1.05837 0.910292
27 56 -0.0413548 -0.124671
27 57 1.21601 -0.0809699
27 58 -0.876944 -0.364236
27 59 -0.0917695 0.0258538
27 60 0.077786 -0.233809
27 61 0.319348 0.567348
27 63 -0.586453 -0.0987924
27 65 0.643432 0.207691
28 33 -1.77678 1.17822
28 34 1.4999 2.27486
28 35 2.60147 -7.91777
28 36 6.87792 0.618047
28 37 -1.70738 0.684505
28 38 2.85953 3.80391
28 39 -0.211143 1.58515
28 40 -0.789729 1.25687
28 41 1.46195 0.975549
28 42 0.0824948 -0.792319
28 43 -1.10145 3.46162
28 44 -0.264285 1.388
28 45 -0.183261 0.12163
28 46 -1.07227 1.46428
28 47 2.08449 0.48038
28 48 1.06338 0.392372
28 49 -0.647764 0.683781
28 50 0.0851014 -0.0124333
28 51 -0.356367 0.634856
28 52 0.154817 -1.36089
28 53 0.349015 0.401755
28 54 0.127834 0.197177
28 55 0.515552 0.83408
28 56 0.121983 -0.233579
28 57 1.05204 0.400126
28 58 0.00410189 0.142785
28 60 0.592958 0.573025
28 61 1.02737 1.21763
28 62 -0.00599919 0.0104466
28 63 -0.100407 0.45663
28 64 0.0958184 0.187625
28 66 0.0710435 0.0550266
29 33 1.37891 0.479054
29 34 0.981914 -2.31436
29 35 5.13566 -0.0701817
29 36 8.93946 -0.676307
29 37 2.43858 0.595202
29 38 -0.0159996 2.80964
29 39 0.813213 0.330924
29 40 5.44296 2.32342
29 41 -2.13094 6.6418
29 42 -0.0891403 2.57054
29 43 0.948286 2.09356
29 44 2.57933 -1.4024
29 45 1.76343 0.308688
29 46 0.419298 0.113514
29 47 0.201695 0.725338
29 48 -1.05559 -0.842699
29 49 2.53034 -1.05479
29 50 -0.000209372 -0.27038
29 51 1.24576 -0.283986
29 52 -0.216278 0.108668
29 53 -0.578909 0.921485
29 54 0.044969 -0.068754
29 55 0.930142 0.601844
29 56 0.422808 0.505848
29 57 -0.096817 -0.523028
29 60 0.389981 1.2882
29 61 1.77305 0.69237
29 62 0.058177 -0.0507498
29 64 0.0402943 0.0747369
29 65 -0.169762 0.204007
30 33 2.17781 -1.50308
30 34 1.87496 1.04203
30 35 9.25565 3.94777
30 36 1.6925 -1.02797
30 37 5.32308 1.06441
30 38 3.72894 0.0928273
30 39 1.9335 3.27332
30 40 -0.794745 -0.151082
30 41 3.91901 0.445144
30 42 -1.57626 5.30419
30 43 0.67738 1.25448
30 44 -2.52894 -0.303863
30 45 -0.689393 -0.545459
30 46 0.876123 0.281902
30 47 0.371975 1.5667
30 48 -0.472873 -0.375097
30 49 -1.13565 0.316993
30 50 -0.249362 0.417577
30 51 -0.651613 -0.267836
30 52 -0.174166 -0.426611
30 53 -0.345387 -0.0438704
30 54 0.503057 0.211051
30 55 0.177726 0.0693362
30 56 2.17882 1.61124
30 57 0.0404436 0.00700174
30 58 -0.239113 -0.0506738
30 59 0.16513 0.0570898
30 60 -0.194995 -0.0199973
30 64 -0.75329 -0.814879
30 65 0.0411231 0.892239
30 66 -0.660971 -0.0579347
31 33 5.36425 0.921968
31 34 2.44922 -1.04966
31 35 1.35626 2.83562
31 36 5.51609 0.256937
31 37 6.20697 -1.00108
31 38 7.28752 1.39285
31 39 6.10586 0.301821
31 40 2.40552 1.04017
31 41 5.32431 0.867662
31 42 -0.636519 2.02918
31 43 -1.19076 1.18163
31 44 -2.63357 0.846377
31 45 0.149564 -1.36276
31 46 1.72393 -0.476482
31 47 -0.540384 -0.292015
31 48 1.6868 0.418003
31 49 1.50664 0.362651
31 51 -0.246304 -0.36283
31 52 -0.0629489 0.323243
31 53 0.389366 0.516351
31 54 0.937163 0.735617
31 55 0.414084 -0.102479
31 57 0.4442 -0.451006
31 58 0.567225 -0.117529
31 60 0.0474693 0.120867
31 61 -0.0768298 -0.0541568
31 62 0.677232 -0.814175
31 65 -0.713446 -0.542235
32 33 3.47388 -1.08927
32 34 2.85785 0.0436294
32 35 2.88908 0.489901
32 36 -2.04137 1.74689
32 37 2.0275 -0.997095
32 38 1.01218 0.531744
32 39 3.80857 -0.935099
32 40 1.76958 4.61762
32 41 5.26136 3.22729
32 42 1.2858 6.52965
32 43 3.73132 1.92607
32 44 -0.32327 2.21648
32 45 0.226366 -0.796466
32 46 0.659928 1.59331
32 47 1.01481 0.684019
32 48 0.00661576 0.352199
32 49 -0.37839 0.415739
32 50 0.513961 0.316338
32 51 -0.95446 0.137455
32 52 0.0514015 -0.174018
32 53 0.771278 0.50648
32 54 0.976568 -0.565072
32 55 -0.386074 0.0135265
32 56 -0.570192 0.00458834
32 58 1.79624 0.649641
32 59 -0.117581 -0.0187587
32 60 -0.730543 -0.159944
32 61 0.0143215 0.00380323
32 65 -0.668276 0.708937
33 33 1.29553 -1.88752
33 34 1.18449 -2.71477
33 35 2.24995 2.50217
33 36 6.14659 2.84019
33 37 5.63074 0.00202479
33 38 3.56099 -0.253731
33 39 3.41879 1.44492
33 40 4.81153 1.43436
33 41 4.78529 4.50118
33 42 3.54259 0.0849029
33 43 0.779677 0.650759
33 44 -0.905199 -0.246628
33 45 1.88512 -1.22464
33 46 -2.59635 2.85785
33 47 -0.999331 0.136163
33 48 0.547459 1.97123
33 49 0.234953 -0.0405916
33 50 1.72454 -0.289495
33 51 2.16577 -0.561874
33 52 -0.27737 0.282349
33 53 1.55098 0.412314
33 54 -1.0666 0.568459
33 55 0.765567 1.04664
33 56 0.932741 0.34556
33 57 0.670216 -0.0303132
33 58 0.101919 0.282482
33 59 0.140919 -0.0787871
33 60 0.234266 -1.39748
33 62 0.659492 -0.139516
33 63 0.748014 -0.879102
33 64 0.209442 0.142182
33 65 0.0242003 -0.0887636
33 66 0.366311 -0.0959301
34 33 1.13108 -0.521365
34 34 4.86933 -0.36543
34 35 4.65184 -0.391081
34 36 6.35667 -1.65027
34 37 8.68637 -2.36851
34 38 3.12855 -0.355401
34 39 7.28875 -2.53978
34 40 2.09685 0.534369
34 41 3.60712 2.36215
34 42 0.353424 3.04226
34 43 0.484156 2.67664
34 44 1.54132 4.21646
34 45 2.93551 0.00675293
34 46 1.11743 0.644171
34 47 2.54097 1.08571
34 48 1.26763 0.280187
34 49 -1.35828 -0.686341
34 50 1.73262 0.0479462
34 51 0.19502 2.44098
34 52 -0.607505 0.254423
34 53 1.25237 0.879621
34 54 -0.738978 1.02297
34 55 -0.562355 0.428428
34 56 0.0110098 0.00704189
34 57 0.880988 -0.819269
34 58 -0.345576 -0.206295
34 61 0.107178 0.00652942
34 62 -0.0567102 -0.0981445
34 63 -1.12618 0.268698
34 66 -0.0619489 0.369457
35 33 3.62781 -1.74573
35 34 6.87234 -2.06024
35 35 4.29867 -0.837564
35 36 0.206775 2.16665
35 37 1.86478 0.382437
35 38 1.89666 -0.200412
35 39 8.15412 -4.17934
35 40 6.34956 -2.94198
35 41 2.81792 2.309
35 42 4.50402 -1.84748
35 43 3.55527 0.272603
35 44 -0.185497 0.855725
35 45 -0.33854 -0.255714
35 46 -1.81365 3.64637
35 47 1.57252 1.10714
35 48 0.263467 0.301402
35 49 -0.761386 1.92677
35 50 0.937473 -0.221441
35 51 0.348476 -0.147242
35 52 0.043458 -0.0999243
35 53 0.0222033 0.294621
35 54 -0.201725 -1.04422
35 55 0.476125 0.288139
35 56 0.0945521 1.36159
35 57 0.111372 0.756409
35 58 -1.10754 -1.17011
35 60 0.496631 -0.517492
35 61 0.361354 -0.174962
35 62 0.548793 -0.00938025
35 66 0.000274695 0.0337892
36 33 2.47746 -2.37433
36 34 3.46483 3.26526
36 35 3.09875 -1.38696
36 36 3.11463 -3.95515
36 37 -2.29629 -2.48701
36 38 -4.57702 1.10069
36 39 -0.591678 0.640303
36 40 8.41152 0.766133
36 41 5.17854 1.8969
36 42 -0.254523 0.393602
36 43 8.89066 3.4693
36 44 0.0360053 1.07617
36 45 0.168787 2.93439
36 46 0.277232 1.47358
36 47 2.0838 0.119128
36 48 0.0764307 -0.00598157
36 49 2.91091 -0.092553
36 50 -0.0094751 0.792581
36 51 6.73089 -0.00749079
36 52 0.0111977 -1.7392
36 53 2.37303 0.748294
36 54 -1.4172 -0.0773237
36 55 0.538833 -1.38
36 56 0.239728 0.522281
36 57 0.173469 0.0436092
36 58 -0.419468 0.1408
36 59 0.270835 0.327551
36 60 0.624933 0.0303553
36 61 0.390708 0.199766
36 62 -0.121407 -0.0180726
36 64 -0.080329 0.0944825
36 66 -0.193293 0.148634
37 33 2.08613 -0.122701
37 34 0.586486 -0.247331
37 35 -0.105136 1.60832
37 36 1.77447 -1.12077
37 37 -0.0308894 -0.154288
37 38 3.91446 2.18199
37 39 2.37577 -1.32497
37 40 -0.391081 0.532718
37 41 6.00316 3.37836
37 42 1.6862 -0.7692
37 43 3.38537 4.65325
37 44 -0.614707 1.39832
37 45 4.41258 -1.9541
37 46 1.36704 0.386391
37 47 -0.55509 1.92301
37 48 -0.575982 -0.685093
37 49 0.156223 1.18747
37 50 0.0361993 -0.39255
37 51 1.14206 1.29009
37 52 0.277035 0.120337
37 53 -0.918526 0.428475
37 54 -0.372644 -0.413849
37 55 -0.696748 -0.294372
37 56 0.375295 2.07554
37 57 -0.152028 -0.184972
37 58 -1.00168 -0.267873
37 59 0.265777 0.0802097
37 60 -1.38828 -0.325844
37 61 0.708047 0.0479937
37 62 -0.0473119 -0.0580046
37 63 -0.205439 -0.482334
37 66 -0.751036 -0.191195
38 33 1.65724 0.854202
38 34 2.31994 2.02792
38 35 0.113635 -1.41764
38 36 1.49135 3.46713
38 37 4.76482 -2.1741
38 38 12.3298 0.150704
38 39 2.6477 -3.49528
38 40 5.33564 -0.7222
38 41 3.89591 0.0916984
38 42 -1.90618 0.111322
38 43 1.15776 0.00651151
38 44 0.519361 0.204357
38 45 1.04476 0.344206
38 46 -1.35476 -0.80589
38 47 0.175342 1.59979
38 48 -1.20446 0.186987
38 49 -1.3606 -0.210236
38 50 -0.791886 -1.23311
38 51 -3.16025 -0.265376
38 52 0.307183 -0.21497
38 53 -0.842355 -0.141588
38 54 -0.284634 0.47872
38 55 -0.019868 0.00358503
38 56 -0.868099 0.778897
38 57 0.115641 -0.776465
38 58 -0.716004 0.142804
38 59 0.379552 0.307026
38 60 -0.283665 0.0077191
38 61 -0.618944 0.276509
38 62 -0.0359625 -0.0131709
38 63 -0.807763 0.799862
38 64 0.0538485 0.00773945
39 33 4.06593 -0.423785
39 34 2.4491 -2.91443
39 35 -0.205405 0.0607944
39 36 7.10143 0.764055
39 37 -0.391603 2.18374
39 38 7.52037 -2.19049
39 39 5.00219 -1.41841
39 40 3.29575 1.24065
39 41 -1.02502 2.67425
39 42 3.16102 0.211377
39 43 0.417806 -1.79212
39 44 -3.37065 -1.17008
39 45 -0.87503 0.890199
39 46 -0.828041 1.65573
39 47 1.73947 0.453077
39 48 0.498112 0.706363
39 49 -0.341357 0.489892
39 50 2.10444 2.22986
39 51 0.205563 -0.194969
39 52 0.683199 -0.68465
39 53 0.0938383 -0.00302789
39 54 0.434614 -0.0321154
39 55 0.548754 0.142084
39 56 -1.25086 0.575279
39 57 0.00215197 -0.00100899
39 58 0.253964 0.0956698
39 59 0.0204567 0.0512799
39 60 1.04752 -0.84837
39 61 -0.0521183 0.0719248
39 62 -0.888052 1.52427
39 63 -1.414 -0.0166329
39 64 0.0414892 -0.00755688
39 65 1.74495 -0.367373
39 66 0.161555 0.202353
40 33 4.06065 -0.236008
40 34 -0.528658 -2.13449
40 35 0.183744 0.494519
40 36 9.35108 -1.36488
40 37 5.25498 1.88377
40 38 5.62153 -0.552169
40 39 8.75941 -1.092
40 40 2.44656 -1.77643
40 41 -0.199954 -1.06327
40 42 2.4829 1.28173
40 43 4.90385 3.72639
40 44 2.03503 0.0961362
40 45 1.22692 0.209506
40 46 0.297938 1.3763
40 47 1.40336 -0.0490576
40 48 0.920594 -0.121402
40 49 -2.42835 1.54705
40 50 2.60048 0.979528
40 51 -0.00936649 0.490087
40 52 -0.918673 0.0919723
40 53 -0.324755 1.17956
40 54 0.723557 0.269242
40 55 0.166212 0.364204
40 56 -0.977856 -0.204556
40 57 0.304208 0.842968
40 58 0.211944 -0.825673
40 60 0.0826979 -0.316236
40 61 0.258333 0.493651
40 62 0.341568 -0.304414
40 63 0.885616 -0.102742
40 65 -0.136485 0.628122
40 66 0.482705 0.179236
41 33 1.7496 0.356224
41 34 5.15402 -0.261541
41 35 0.168644 -1.10794
41 36 6.36414 -0.365006
41 37 5.55588 -0.204075
41 38 2.7946 3.63749
41 39 -1.73761 0.47476
41 40 1.44304 -0.490621
41 41 1.48746 0.20784
41 42 2.48607 0.748308
41 43 1.21699 1.67829
41 44 3.94114 1.18104
41 45 -1.08522 1.14928
41 46 4.12632 0.913901
41 47 2.53867 2.90664
41 48 0.887831 0.557981
41 49 0.211529 -0.557849
41 50 1.69525 0.977123
41 51 0.310305 0.158064
41 52 1.29329 -0.141213
41 53 -0.351393 -1.28575
41 54 0.0661726 0.0635371
41 55 -0.562284 -0.164775
41 56 0.0706244 -0.598492
41 57 -0.104824 0.000203072
41 58 -0.833534 -0.279022
41 61 0.599575 0.432118
41 63 0.157235 0.135625
41 64 -0.394662 -0.546105
41 66 0.436292 0.0553124
42 33 0.130061 -1.41434
42 34 2.39745 1.56801
42 35 7.94263 0.272079
42 36 -1.07969 -3.25769
42 37 2.91098 2.10064
42 38 5.77845 -0.879909
42 39 7.94196 1.31375
42 40 2.80696 0.335534
42 41 0.197168 -0.773395
42 42 -0.786875 0.775403
42 43 1.9828 2.21302
42 44 1.9846 -0.665749
42 45 1.04556 -0.201029
42 46 -0.779227 0.131088
42 47 -1.18179 0.353625
42 48 0.756086 -2.9545
42 49 0.151053 1.63676
42 50 0.945287 0.422678
42 51 2.88152 -1.01351
42 52 0.932222 -1.18743
42 53 0.430594 -0.0508757
42 54 0.861787 0.723622
42 55 -1.09035 -0.276815
42 57 -0.290295 0.647372
42 58 0.0131321 -0.00586526
42 59 0.0867143 -0.313215
42 60 0.197261 0.610647
42 61 4.33662 -2.06309
42 64 -0.596435 -0.0283709
42 66 -0.12745 -0.0235594
43 33 0.0617068 -0.858432
43 34 1.71061 -0.246746
43 35 3.45164 -2.12579
43 36 5.94986 2.67276
43 37 -1.14474 1.94921
43 38 -0.986128 2.06475
43 39 3.60866 -2.81473
43 40 1.23789 5.69391
43 41 -0.000403657 0.335188
43 42 -2.14582 -0.761272
43 43 1.56489 2.35953
43 44 -0.807307 -0.19273
43 45 0.759391 3.34525
43 46 0.560641 0.508181
43 47 2.67468 1.1291
43 48 -1.3582 1.98179
43 49 0.503252 0.942419
43 50 -0.469286 0.154733
43 51 1.75003 1.39779
43 52 1.07678 -0.395894
43 53 0.208438 0.0701558
43 54 -0.419104 0.3933
43 55 2.37771 1.02461
43 56 -0.386581 0.0728358
43 58 -1.78081 1.51846
43 59 -0.0344514 -0.0506543
43 60 0.337409 0.280553
43 61 -0.287202 0.0237843
43 62 -0.0704856 0.0833753
43 63 -0.325585 0.915285
43 64 -0.614222 1.30541
44 33 0.870416 -0.235311
44 34 1.68931 -0.114054
44 35 -0.583963 -2.73952
44 36 0.254452 0.65857
44 37 4.3257 -2.51105
44 38 -1.04814 -0.875258
44 39 4.37837 -0.960576
44 40 -4.15913 3.92187
44 41 -0.412376 1.38112
44 42 4.22961 -0.595129
44 43 0.746976 0.66724
44 44 0.873174 1.16272
44 45 -3.24538 4.25929
44 46 0.421832 -1.51136
44 47 -0.513929 -1.38025
44 48 0.483466 -0.61425
44 49 -1.06818 0.357133
44 50 0.808117 0.15413
44 51 0.740434 -1.40573
44 52 1.21145 -0.265505
44 53 0.617509 -0.228598
44 54 -0.213433 -0.129558
44 55 -0.240606 0.809
44 56 0.551324 0.524315
44 57 -0.83075 0.681265
44 58 -0.0622678 -0.087039
44 59 -1.1923 0.827448
44 60 0.0790071 0.149596
44 61 -0.252137 -0.537342
44 62 -0.334699 1.09942
44 63 1.19218 -1.11904
45 33 1.60035 -2.51467
45 34 1.99868 -1.79544
45 35 0.148971 -1.0511
45 36 2.32081 0.0724453
45 37 4.11628 -1.25599
45 38 1.32946 -3.11422
45 39 -0.323559 -3.27235
45 40 6.43857 -1.85564
45 41 3.73678 0.788002
45 42 3.78271 2.04519
45 43 4.43498 0.645547
45 44 -0.390739 0.54391
45 45 3.7412 0.700789
45 46 0.799845 -0.542565
45 47 -2.06372 1.06207
45 48 1.07032 1.71991
45 49 -1.68568 0.876915
45 50 -4.3283 1.19813
45 51 0.498222 0.0225722
45 52 -1.55373 1.22956
45 53 0.122713 -0.59908
45 54 1.388 -1.72067
45 55 -0.576492 -0.0858894
45 56 1.25179 0.294431
45 57 -0.780855 0.676903
45 61 -0.188408 -3.95391
45 64 -0.113445 -0.0152787
45 66 0.0644386 -0.0802796
46 33 2.77452 -0.981227
46 34 1.2355 0.412888
46 35 6.92614 1.16357
46 36 2.96311 2.35139
46 37 -0.457553 -5.27771
46 38 2.5498 -1.07015
46 39 0.692452 -2.41972
46 40 2.06509 1.56127
46 41 3.80613 -1.61494
46 42 2.87007 -0.0572886
46 43 0.295353 0.728858
46 44 0.742874 0.819596
46 45 0.816069 -0.443812
46 46 0.567989 0.0594747
46 47 0.620386 1.13815
46 48 0.981781 -0.150199
46 49 1.49926 0.601317
46 50 -0.568381 1.70729
46 51 -0.0969552 -0.0209604
46 52 -0.475424 0.283784
46 53 -0.875363 0.531372
46 54 0.259526 -0.22656
46 55 1.75895 -0.0735898
46 56 -0.443425 0.149487
46 58 -0.366082 0.340474
46 59 0.503793 -0.0233584
46 63 -0.58396 0.0147756
46 65 -0.00659219 0.00186295
46 66 0.306977 -0.401823
47 33 2.11101 -0.271003
47 34 5.34325 0.511601
47 35 5.98786 2.39724
47 36 7.69847 -1.9297
47 37 2.69183 -0.420112
47 38 -3.14528 1.45466
47 39 1.47498 -1.67924
47 40 3.83172 2.27755
47 41 -0.0364666 2.6771
47 42 7.06948 1.00477
47 43 1.7163 0.0146305
47 44 2.49105 -0.319477
47 45 0.950828 1.93595
47 46 -0.27242 -0.68977
47 47 1.17877 0.527242
47 48 0.83522 1.11493
47 49 -0.789652 -0.0690982
47 50 0.319741 2.16289
47 51 0.302466 -0.480445
47 52 0.0574838 0.225313
47 53 1.46698 0.817291
47 54 0.546133 1.00576
47 55 -3.0518 -0.682738
47 56 -0.54536 0.672652
47 57 -0.517861 -0.357886
47 59 0.0192032 0.00872691
47 60 -0.471888 0.074703
47 65 -0.0475793 0.00330088
48 33 1.68601 -1.25414
48 34 0.3773 1.40917
48 35 4.91841 0.330603
48 36 1.75532 0.461366
48 37 3.48007 -2.06749
48 38 4.65258 0.212976
48 39 0.867622 2.63437
48 40 1.76709 -2.88308
48 41 1.10715 -2.1301
48 42 2.94467 -1.43517
48 43 4.258 -0.210641
48 44 1.13235 1.2208
48 45 1.65654 1.59025
48 46 -0.979541 -3.74423
48 47 2.29555 -0.481525
48 48 2.34519 1.70808
48 49 0.589351 0.0675736
48 50 -1.55892 -0.453407
48 51 -1.27173 -0.171638
48 52 0.456903 0.113589
48 53 0.978823 -1.03346
48 54 -0.554861 1.22968
48 55 0.0995673 0.130633
48 56 0.0495404 -0.0376264
48 57 0.0245313 0.351765
48 58 0.576164 0.0166609
48 59 0.763848 1.21857
48 60 -0.0375024 0.00306867
48 61 0.0886805 -0.196568
48 62 -0.356287 0.113464
49 33 1.86791 -1.48654
49 34 3.24906 -0.730506
49 35 4.53085 -2.90279
49 36 8.32707 -1.09356
49 37 3.91028 -0.89052
49 38 7.28881 -1.27495
49 39 -0.516981 0.226315
49 40 1.78691 -0.705479
49 41 2.81113 -0.110604
49 42 0.193056 -0.80615
49 43 0.260404 0.726743
49 44 -0.516917 0.324336
49 45 -0.219829 0.758632
49 46 -3.10038 0.150732
49 47 -0.620419 0.823088
49 48 0.931181 -0.857908
49 49 -2.22212 -0.792631
49 50 0.603016 -0.148355
49 51 0.183507 -0.225419
49 52 0.958644 0.376128
49 54 -0.0295651 0.133702
49 55 -0.568339 0.0521703
49 56 0.014345 0.0260314
49 58 0.978207 0.937074
49 59 0.0497121 -0.0317119
49 60 0.390044 -0.116586
49 61 -0.663283 1.30614
49 63 0.158783 0.0269885
49 65 0.00507343 0.0051462
50 33 -0.0373937 -1.41315
50 34 3.03365 -0.923546
50 35 3.50552 -1.60843
50 36 6.68677 -2.32322
50 37 3.51535 2.36654
50 38 6.62957 -2.44645
50 39 1.38875 -1.36505
50 40 3.6514 -0.112045
50 41 4.81083 1.72407
50 42 4.06922 1.75227
50 43 3.46147 1.09164
50 44 4.08451 1.89658
50 45 1.98829 1.40677
50 46 -0.0876588 2.68846
50 47 1.96564 1.57083
50 48 -1.18309 0.859086
50 49 0.255333 0.539084
50 50 -0.569746 1.22548
50 51 -0.255167 -0.0785977
50 52 -1.17326 1.50919
50 53 0.661167 0.287934
50 54 0.225033 -0.0515563
50 55 0.361057 0.0246723
50 56 0.234409 0.491449
50 57 1.86277 0.216332
50 58 -0.876122 -1.51583
50 59 0.0318013 -0.110647
50 60 -0.0479755 0.505227
50 63 -0.00687614 -0.000514253
50 65 -0.192587 -0.530088
51 33 1.57057 1.55821
51 34 4.84553 -1.97545
51 35 5.78452 -1.23686
51 36 2.56291 0.548182
51 37 1.12172 3.39323
51 38 0.840197 -2.2146
51 39 -0.339185 3.28848
51 40 1.69692 -0.562991
51 41 0.853753 0.609289
51 42 0.107172 1.32598
51 43 2.36191 0.127549
51 44 -1.43095 1.37384
51 45 1.79724 0.355143
51 46 -0.690525 0.924499
51 47 -1.48286 1.49507
51 48 -1.82199 2.28348
51 49 0.0832738 0.920469
51 50 1.00876 -0.252097
51 51 0.781253 -0.6261
51 52 1.55546 0.557128
51 53 0.436061 -0.804756
51 54 1.69868 -2.43424
51 55 -0.0837106 0.0749816
51 56 0.176605 -0.102774
51 57 -0.80398 -0.717535
51 58 -0.533073 -0.0855305
51 59 0.5657 0.634338
51 60 -0.103244 -0.16066
51 64 -0.301172 -0.568338
51 65 -0.0321949 0.146932
52 33 1.97476 1.14111
52 34 1.21347 -2.17035
52 35 3.67615 -1.93182
52 36 5.69013 0.118701
52 37 2.34295 -1.00051
52 38 0.407168 2.67423
52 39 -2.59084 0.461044
52 40 5.1597 0.0721194
52 41 -0.247283 1.99169
52 42 2.83727 2.00489
52 43 3.59048 1.64022
52 44 2.03944 0.4779
52 45 -0.153525 -0.513993
52 46 -0.656256 1.12714
52 47 -1.42352 0.693435
52 48 1.17386 -1.51648
52 49 3.54792 -0.0424205
52 50 -0.318678 0.467591
52 51 -1.63342 -0.335872
52 52 -0.166547 0.119625
52 53 0.0288132 1.00367
52 54 3.05597 0.291838
52 55 -1.4624 0.314176
52 56 2.26016 1.8554
52 57 0.79761 -0.211315
52 59 -0.297585 0.649466
52 60 0.441358 0.613448
52 61 -0.089139 0.00246638
52 62 0.0679934 -0.224434
52 63 0.267458 0.0370629
52 66 -1.05494 0.299853
53 33 1.65824 -1.27766
53 34 -2.58195 0.926945
53 35 -0.681333 2.07439
53 36 -0.358684 -0.885246
53 37 -3.9514 -0.811902
53 38 -0.966777 -0.0548362
53 39 1.26992 -1.16377
53 40 0.663882 1.94419
53 41 0.39949 0.847834
53 42 1.40455 0.0774514
53 43 0.663914 0.710867
53 44 0.532659 4.0821
53 45 1.05439 0.556073
53 46 0.375132 0.299216
53 47 0.056117 0.0615615
53 48 -1.03189 0.115474
53 49 0.0244419 -0.264656
53 50 0.629299 1.03579
53 51 -0.546709 0.0464412
53 52 -0.584309 0.0995551
53 53 -0.19099 0.900228
53 54 0.658775 -0.161296
53 55 -1.14226 0.0710294
53 56 1.40267 -1.3686
53 57 0.328685 1.07971
53 58 -0.196664 0.283506
53 59 0.708626 0.108966
53 60 0.791297 -0.384494
53 61 0.634229 0.140565
53 62 0.0214962 -0.000163863
53 63 -0.000962617 0.00101627
53 64 0.226577 0.000289859
54 33 0.543842 -1.48206
54 34 1.29691 -0.829186
54 35 -1.44186 -1.28466
54 36 -1.13574 1.13369
54 37 0.965158 0.0704174
54 38 3.87342 -0.813231
54 39 5.84995 1.69024
54 40 0.697961 -0.24732
54 41 0.513103 0.947728
54 42 1.82693 0.891712
54 43 2.01128 0.784056
54 44 -1.12921 2.40552
54 45 0.250499 1.1409
54 46 0.468166 -0.373018
54 47 2.16662 -0.365122
54 48 -0.637579 1.86903
54 49 -1.10368 -0.0438426
54 50 -1.88933 -0.219363
54 51 -0.373664 0.440235
54 52 0.525878 -0.228022
54 53 1.03811 -0.659881
54 54 4.1348 0.740011
54 55 -0.248306 -0.144031
54 57 -0.755242 0.131258
54 58 0.0268009 -0.00298651
54 60 1.16856 -0.333845
54 61 -0.276491 0.3387
54 62 0.16482 0.434324
54 63 0.0163291 0.0291227
54 65 0.0542678 -0.157306
54 66 0.00255081 0.032647
55 33 -0.65521 1.70587
55 34 2.58932 -1.60112
55 35 -0.0445459 0.369433
55 36 2.80532 -1.04975
55 37 0.315075 -1.59831
55 38 -1.96264 -0.319072
55 39 6.31541 1.49253
55 40 2.61457 -1.67184
55 41 7.16145 0.770708
55 42 2.35405 -0.97295
55 43 0.675324 0.0802133
55 44 0.357359 -0.744112
55 45 1.52398 -1.06678
55 46 2.08864 0.0372713
55 47 2.2478 0.936032
55 48 0.287411 0.914246
55 49 -1.00295 -0.57083
55 50 -0.140695 0.6306
55 51 1.22746 1.78418
55 52 -0.428764 -0.429675
55 53 0.380751 -1.21659
55 54 -0.0191827 0.142438
55 55 0.23216 0.088872
55 56 -0.754935 0.29897
55 57 0.084859 -0.0445915
55 58 -0.0833066 -0.181211
55 59 -0.449817 -0.289247
55 60 0.210834 0.360023
55 61 0.362736 0.00968425
55 63 0.145191 0.0894926
55 64 0.655838 0.0784562
56 33 4.3137 0.371281
56 34 6.80919 -3.10955
56 35 3.07834 -0.71923
56 36 1.27908 -0.916984
56 37 5.2385 -0.0399216
56 38 -0.809132 -0.0426564
56 39 3.63725 0.79937
56 40 0.922794 0.00228484
56 41 0.562916 1.42229
56 42 1.56862 0.448091
56 43 -1.09465 1.64241
56 44 1.52383 -1.08065
56 45 4.01925 1.33583
56 46 2.32911 -0.171554
56 47 1.18585 -0.316371
56 48 1.25317 0.0016368
56 49 -1.14294 -0.530672
56 50 0.60375 0.803604
56 51 1.80067 0.295268
56 52 0.0676061 0.290571
56 53 0.0497315 -0.210435
56 54 -0.14637 -0.119774
56 55 0.535389 0.679446
56 56 -0.866404 -0.969996
56 57 0.200706 0.355616
56 60 0.275805 -0.933966
56 62 0.937806 0.606823
56 65 -0.0647499 0.167187
57 33 2.03758 -2.97997
57 34 1.71631 -0.234673
57 35 2.87892 -2.76904
57 36 -3.09144 -0.177148
57 37 3.91968 -0.434241
57 38 2.21723 0.125622
57 39 0.312489 -1.98324
57 40 4.87122 0.760679
57 41 0.975291 0.363254
57 42 1.51299 -0.148766
57 43 1.076 1.53284
57 44 2.20008 0.723559
57 45 0.584961 1.36226
57 46 1.71932 -0.0853517
57 47 0.207805 0.789703
57 48 2.60554 -0.655395
57 49 -0.507986 -0.596689
57 50 0.430042 0.674756
57 51 -0.191924 0.615454
57 52 0.431854 0.169167
57 53 -0.345978 0.00288276
57 54 0.0148483 0.0147813
57 55 1.52736 -0.744829
57 56 0.402011 -0.190517
57 57 -0.180481 -0.13007
57 58 -0.123232 -0.428749
57 60 0.214534 0.225119
57 61 0.614734 0.771994
57 62 -0.656249 0.453316
57 64 0.638804 0.0343431
57 65 -0.115193 -0.00386384
58 33 1.36513 -0.824305
58 34 0.55243 0.104331
58 35 1.19188 0.529361
58 36 0.562219 -1.33797
58 37 4.14855 -0.206914
58 38 0.210777 0.264497
58 39 3.15328 -2.9257
58 40 3.15837 -0.640005
58 41 1.46179 4.96205
58 42 3.10473 1.34027
58 43 2.11546 2.92804
58 44 -2.59362 1.73522
58 45 1.45407 -0.833058
58 46 2.46463 1.80157
58 47 -1.398 0.647488
58 48 0.0332182 0.839292
58 49 -0.29118 -0.678758
58 50 1.49973 0.305611
58 51 -1.06792 1.08586
58 52 2.88336 1.53052
58 53 -0.280393 -0.217652
58 54 1.14231 0.0472008
58 55 0.446272 0.213674
58 56 -1.99117 -0.734674
58 57 1.64738 1.31541
58 58 -0.165646 -0.110082
58 59 -0.146881 -0.182391
58 60 0.271913 0.557347
58 61 0.12923 -0.0317755
58 62 -0.420132 -0.25474
58 63 0.353549 0.0654224
58 66 0.0195467 0.0125273
59 33 0.447263 0.125596
59 34 0.215214 -2.00557
59 35 0.763184 -1.52368
59 36 0.0426573 0.0615363
59 37 1.66398 1.55527
59 38 6.34203 -1.53171
59 39 -0.669669 0.271172
59 40 1.68703 -3.08174
59 41 1.2018 -0.80357
59 42 0.216957 -1.63552
59 43 3.30199 0.994326
59 44 3.04587 0.297901
59 45 1.43233 -0.11188
59 46 2.88272 1.53593
59 47 2.07393 -0.108971
59 48 1.12774 -0.362195
59 49 0.026903 -0.287418
59 50 -0.983503 -1.05425
59 51 -1.12022 2.57803
59 52 -0.838926 -0.145079
59 53 -0.213082 -0.161139
59 54 -0.27615 -0.218313
59 55 1.67501 0.89026
59 56 0.0254409 0.0629891
59 57 -0.274163 0.0473541
59 59 0.558942 -0.0581333
59 60 0.222379 -0.12009
59 61 -0.0330553 0.00674795
59 62 -0.112466 -0.117795
59 64 0.160814 -0.371183
60 33 0.927176 -0.917661
60 34 -0.366665 -0.661663
60 35 1.19492 -1.53278
60 36 5.46055 -0.0516904
60 37 -1.30156 1.23821
60 38 3.5189 0.491319
60 39 5.00592 -0.876478
60 40 -0.250851 0.356378
60 41 2.68485 -1.60897
60 42 -2.36764 -0.823723
60 43 3.49089 0.165453
60 44 -0.387316 1.66282
60 45 -2.57755 0.33529
60 46 -0.990118 2.33724
60 47 0.488618 -0.643594
60 48 -1.04619 0.853763
60 49 0.836946 1.25848
60 50 1.70488 0.0647713
60 51 -0.294572 -0.755454
60 52 -0.952411 0.541736
60 54 -0.121801 0.647172
60 55 0.311115 -0.100302
60 56 -0.169782 0.450563
60 57 1.02843 0.251322
60 58 -0.593861 -0.11148
60 59 1.60538 0.507545
60 60 0.362986 0.210778
60 61 -0.495538 0.609178
60 62 -0.357878 0.628469
60 63 0.451996 -0.165295
60 64 -1.07111 -0.272391
60 66 0.0390502 0.157256
61 33 1.97266 -1.70532
61 34 0.142805 -0.334165
61 35 -1.9686 -0.045176
61 36 4.94338 0.364128
61 37 3.88307 -2.53987
61 38 -0.409902 -0.871982
61 39 6.50481 -1.22041
61 40 2.90008 1.44463
61 41 -2.41445 1.19423
61 42 2.53547 -0.504737
61 43 -0.545584 0.849748
61 44 2.81691 2.13275
61 45 1.62477 0.0293269
61 46 2.53622 0.225162
61 47 1.42447 0.125865
61 48 -0.8107 0.762134
61 49 0.498078 -1.18404
61 50 -1.08441 0.877246
61 51 2.50225 0.688032
61 52 -1.51372 0.219284
61 53 -0.394151 0.306432
61 54 -0.473193 0.251552
61 55 0.248212 0.0938854
61 56 0.0575527 -1.01978
61 57 0.826727 -0.182979
61 58 -0.470193 0.225897
61 59 -0.287717 -0.00561841
61 60 0.363235 -0.13764
61 62 0.279726 0.188724
61 63 0.109686 0.0451746
61 64 0.155987 -0.0401221
61 66 -0.0451537 0.00583893
62 33 3.4934 -0.138107
62 34 3.30796 1.52827
62 35 -0.93577 0.157132
62 36 -2.32111 -1.44891
62 37 3.45613 0.52626
62 38 1.52155 1.14684
62 39 3.07332 0.544191
62 40 -1.46309 -0.03812
62 41 0.734407 0.354696
62 42 0.606052 0.232934
62 43 0.599346 -0.830949
62 44 2.52045 1.12749
62 45 0.748153 -0.154992
62 46 1.97807 -1.55759
62 47 -1.41735 0.650104
62 48 1.04515 0.34072
62 49 -0.228846 1.78816
62 50 0.121746 0.657723
62 51 -2.30465 -0.24493
62 52 0.419989 0.54224
62 53 0.0948951 0.093944
62 54 0.664991 -0.807848
62 55 0.978521 -0.762242
62 56 -0.200472 0.00653077
62 57 1.0764 1.06677
62 59 0.000150407 0.000280661
62 60 -0.0130388 0.114742
62 61 0.226525 -0.238138
62 62 -0.613675 0.157429
62 64 0.907486 -0.214758
62 66 -0.214379 0.532572
63 33 1.94061 -0.0777012
63 34 3.2363 1.91055
63 35 1.26518 0.555239
63 36 -2.5633 -0.504091
63 37 3.41152 -1.02598
63 38 2.62282 -0.265614
63 39 0.888559 -0.0817936
63 40 2.29856 0.186811
63 41 3.19907 0.157488
63 42 2.91875 -1.66285
63 43 1.68918 0.0304878
63 44 2.95413 1.95229
63 45 -0.270551 0.655232
63 46 0.46787 0.666024
63 47 0.109314 1.22383
63 48 1.18267 0.627912
63 49 -0.775109 0.992428
63 50 0.430181 -0.215707
63 51 0.170993 0.155701
63 52 0.542479 0.427365
63 54 -0.0144363 -0.0533338
63 55 -0.129647 0.113022
63 56 -0.0125678 -0.530142
63 57 0.433539 0.465454
63 58 1.10289 -0.281857
63 59 -0.248153 0.482304
63 61 -0.271842 -0.466831
63 63 0.0255581 0.0175242
63 64 -0.452896 0.0782503
63 65 -0.0723865 0.28039
63 66 -0.648501 0.452611
64 33 2.28691 0.519166
64 34 4.379 -0.322981
64 35 2.12261 0.346314
64 36 2.2668 0.892073
64 37 1.69829 -1.24676
64 38 0.731741 1.41912
64 39 3.1603 0.445377
64 40 2.92494 0.979442
64 41 3.52237 0.945543
64 42 1.30681 1.04143
64 43 0.546508 -0.217756
64 44 2.88271 2.60761
64 45 3.39636 1.34503
64 46 -1.0227 0.0986803
64 47 0.332311 0.796356
64 48 0.584501 1.20998
64 49 0.550553 0.761536
64 50 1.33791 1.32612
64 51 -0.391803 0.53658
64 52 -0.19854 0.33284
64 53 -0.788287 0.151192
64 55 1.10041 -0.980261
64 56 0.248897 0.12167
64 57 -0.921576 -0.349693
64 58 0.674333 0.371137
64 59 0.177266 -0.146843
64 60 0.307814 0.0747682
64 61 0.492332 0.256952
64 62 0.291352 -0.256019
64 63 0.728665 1.2125
64 64 0.0057882 0.00847564
64 65 -0.258124 0.0201236
65 33 1.59604 -0.474826
65 34 2.7645 -1.09441
65 35 0.153454 -1.84005
65 36 3.91895 0.560038
65 37 2.45657 2.88842
65 38 2.49628 1.1448
65 39 2.16738 -0.246
65 40 1.61163 0.0848349
65 41 2.1052 0.699093
65 42 2.57132 0.690402
65 43 -0.850352 1.38323
65 44 2.49872 -1.14868
65 45 0.685804 0.966415
65 46 2.20601 3.14036
65 47 -0.287176 0.666639
65 48 -1.33514 -0.0789616
65 49 -0.0155629 0.361049
65 50 0.295642 -0.0515024
65 51 0.0463356 0.388496
65 52 -0.348163 0.616879
65 53 0.274162 -0.127226
65 54 0.111583 0.428774
65 55 -0.259076 -0.205937
65 56 -0.0290705 0.00861191
65 57 -0.350589 0.742228
65 58 0.0714973 0.00545853
65 59 0.506217 -0.452415
65 60 0.130019 0.108384
65 61 1.62297 0.0716854
65 62 -0.226901 1.0129
65 63 -0.950602 0.476018
65 64 -0.0478771 -0.0181065
65 65 -0.745914 -0.0624553
66 33 1.19163 0.123803
66 34 3.11804 -0.664177
66 35 2.35317 0.1193
66 36 1.11467 -0.958184
66 37 3.26097 2.14847
66 38 2.52375 0.682913
66 39 1.61032 -0.0116231
66 40 5.85309 0.0977086
66 41 3.22661 1.23814
66 42 2.52292 -0.559862
66 43 2.24958 0.658523
66 44 1.35917 -0.132929
66 45 2.03308 1.60828
66 46 0.767504 -0.242782
66 47 0.882233 0.786571
66 48 0.864779 0.538453
66 49 0.422323 0.364378
66 50 0.498018 0.242075
66 51 -0.00962192 0.0284383
66 52 0.0788629 0.0826488
66 53 0.0798153 0.0126267
66 54 0.27661 -0.111695
66 55 0.57333 0.599793
66 56 0.0224514 0.140575
66 57 -0.10655 -0.181546
66 58 0.724903 0.494124
66 59 0.273227 -0.0394864
66 60 0.628996 0.191979
66 61 1.12481 0.016401
66 63 0.386509 1.05198
66 64 0.633598 0.486752
66 65 -0.286965 0.295022
66 66 0.00492044 0.0158763
67 33 0.0771627 6.07063e-06
67 34 0.149181 -0.0244955
67 35 0.103981 0.00450202
67 36 0.150532 -0.0605321
67 37 0.116193 -0.0337371
67 38 0.0935391 0.00446632
67 39 0.126306 -0.0171544
67 40 0.216917 -0.00488755
67 41 0.107385 0.130921
67 42 0.136 0.0326612
67 43 0.13259 0.0364839
67 44 0.0178504 0.0305842
67 45 0.0729297 0.0059029
67 46 0.0447677 -0.0147004
67 47 0.0509331 0.0450151
67 48 0.0588731 -0.0023408
67 49 0.0563672 0.0665867
67 50 0.0185061 0.0569699
67 51 0.0123082 0.00321898
67 52 0.028813 0.0293581
67 55 0.051003 -0.0244464
67 56 0.0100139 -0.00207679
67 57 0.00897557 0.015763
67 58 0.0595258 0.00382914
67 59 0.00914522 0.0122141
67 60 0.0091419 -0.00713652
67 61 0.0232172 -0.00160759
67 63 0.0249547 0.0155543
67 64 0.0153713 0.0101073
67 65 0.0140698 -0.00803153
