0 37 -8.30194e-05 0.000307105
1 33 1.07368e-05 2.30507e-05
1 36 -3.47459e-05 -0.000302663
1 39 1.49858e-06 1.98812e-06
1 41 0.000482739 8.93995e-05
1 42 -5.13624e-05 1.02086e-05
1 46 -5.17297e-05 0.000132588
1 47 0.000448393 4.50042e-05
1 49 -1.31045e-05 -1.93271e-05
1 50 -0.000232148 0.000104754
1 53 0.000366079 7.91382e-05
2 33 -0.000234832 -0.000120481
2 35 -0.000236346 0.000251184
2 36 0.000420604 -0.000176935
2 37 -0.000128332 0.000295798
2 38 0.000335136 -6.15587e-05
2 39 -0.000476901 0.000193505
2 40 -0.000356003 0.000302752
2 41 0.000173378 -0.00010985
2 43 -0.000262738 -0.000498417
2 44 0.000489699 0.000142428
2 47 0.000335915 0.00019074
2 48 0.00014541 3.47498e-05
2 49 0.000112302 -3.901e-05
3 33 0.000446169 -0.000286142
3 34 0.000140244 9.63705e-05
3 35 -6.50014e-06 0.000108436
3 36 -0.00012551 -6.17768e-05
3 37 0.000355747 0.000230151
3 38 -9.6673e-05 0.000168418
3 40 -0.000430356 0.000561734
3 41 -0.000519676 0.000206779
3 42 -0.000428182 0.000112507
3 43 -0.000604414 0.000181847
3 45 -9.24722e-05 0.000151605
3 46 -0.000368847 0.000295465
3 47 0.000213978 0.000202087
3 49 4.02113e-05 6.37887e-05
3 52 7.49486e-05 0.000135632
3 57 1.51345e-05 -3.76359e-06
4 33 0.000189823 -0.000190587
4 34 0.000185479 0.000325412
4 35 -0.00046207 -0.000215778
4 36 0.000478318 0.000139883
4 37 -0.000276961 0.000260531
4 38 0.000322014 0.000394649
4 39 0.000272888 0.000123697
4 40 3.80807e-05 5.63272e-05
4 41 -0.000123409 -1.93278e-05
4 42 0.000134712 0.00017361
4 43 0.000322057 -0.000159662
4 44 -0.000178651 -0.000189152
4 45 0.000211644 0.000399828
4 47 3.29312e-05 0.0012746
4 50 -0.000380024 -0.000230298
4 52 0.00030097 0.000343356
4 59 1.27494e-05 0.000406389
5 35 0.000523443 -0.000539803
5 36 -0.000531183 0.000324577
5 37 -2.26328e-05 9.54389e-05
5 38 4.09641e-05 -7.27982e-05
5 39 -0.000225049 -0.00033319
5 40 -0.000186512 1.54183e-05
5 41 -0.000109293 -8.61038e-05
5 42 0.00044004 -3.12791e-05
5 43 0.000485029 -3.63949e-05
5 44 -0.000211733 0.00015706
5 46 7.27258e-05 0.000191558
5 47 0.000542272 -0.000180557
5 50 0.000190031 0.000602163
5 51 7.49372e-05 0.000103796
6 34 0.000612529 0.000207699
6 35 -0.000439858 0.000290023
6 36 0.000272412 -4.43479e-05
6 37 9.84431e-07 3.98201e-06
6 38 7.50788e-06 8.09856e-06
6 39 -0.000938192 0.000761039
6 40 -0.000726495 7.50996e-06
6 41 0.000194998 1.98609e-05
6 43 0.000231345 -0.000143639
6 44 8.58246e-05 -0.000313843
6 45 0.000230462 0.000668985
6 46 0.000208494 -0.000262116
6 47 -0.000340436 0.000203903
6 48 0.000211894 8.13175e-06
6 49 0.000229436 0.000229096
6 50 -7.06332e-05 0.000112901
6 53 7.52579e-05 0.000460571
6 54 5.18911e-05 -0.000486255
6 58 -0.00036642 -0.000133192
6 61 0.000251363 -0.000289732
7 34 -8.53954e-06 -0.000529469
7 36 -0.00016655 7.21548e-06
7 37 0.000236154 2.54477e-05
7 38 -0.000373778 -2.39202e-05
7 39 0.000656509 -7.75924e-05
7 40 -0.000513564 0.000139128
7 41 -0.000193076 8.38917e-05
7 42 0.000778584 -2.48224e-05
7 43 -9.43462e-05 6.03976e-05
7 44 0.000676223 0.000560813
7 45 0.000314548 0.000262028
7 46 0.000322558 -5.433e-05
7 47 -0.000106064 -7.29576e-05
7 48 -0.000331201 0.000563131
7 49 0.000227808 0.000169863
7 50 0.000185643 -0.000258357
7 51 5.02973e-05 -5.78267e-05
7 61 -0.000298704 -0.000166107
8 36 0.000121729 1.00532e-05
8 37 -9.99437e-05 -9.03915e-06
8 38 0.000110789 0.000171504
8 39 -7.72679e-05 0.000133435
8 40 -0.000271659 0.00029022
8 41 0.000316967 0.000186052
8 42 -5.02013e-06 -0.000270477
8 43 0.000469559 0.000827975
8 44 -8.08867e-05 0.000279553
8 45 0.000201777 -8.63603e-05
8 46 0.000368357 0.000333831
8 47 0.000740161 -0.000428548
8 48 -0.00141419 -0.0003849
8 49 0.000217564 -0.000120667
8 50 -0.00039774 -0.000130543
8 51 -0.000264885 0.00040685
8 58 0.000165015 -8.1969e-05
8 63 3.46931e-05 8.39851e-05
9 34 0.000251723 0.000129778
9 35 -0.000303074 -0.00064385
9 36 -1.81034e-05 6.12791e-05
9 37 4.13713e-05 0.000558033
9 38 0.000483596 0.000311834
9 39 0.000242686 -0.000109207
9 40 -3.29959e-05 0.000305668
9 42 -0.000314977 0.000196516
9 44 -0.000621816 -0.000178021
9 45 0.000343964 -9.25327e-05
9 46 -0.000612291 0.000371915
9 47 6.54109e-05 -0.000140703
9 48 0.000137672 -0.0002424
9 49 -0.000681067 0.000203362
9 50 0.000121366 0.000437002
9 53 -2.83989e-05 -1.27937e-05
9 56 7.09593e-05 -1.38711e-05
9 58 0.000129637 0.000159372
9 59 -0.000275134 0.00034862
9 63 0.000127746 3.20487e-05
10 34 -0.000230771 -0.000109339
10 36 0.000422258 -7.44773e-05
10 37 -0.000205707 -0.000268116
10 38 -0.000383115 -0.000238336
10 39 0.000102278 0.000443931
10 40 0.000104867 -2.89406e-05
10 41 0.000890035 0.000228112
10 42 0.000149367 -8.45718e-05
10 43 -7.8688e-05 0.000346632
10 44 0.00010069 -4.08843e-05
10 45 -0.000211753 -7.60866e-05
10 46 0.000549644 8.65071e-05
10 47 7.46882e-05 0.00011655
10 48 -9.32314e-05 -0.000120564
10 49 0.000700153 -0.000553963
10 51 0.000345409 0.000147191
10 53 0.000200093 -0.000282859
10 57 0.000287966 0.000330934
10 58 -0.00025476 0.000231211
10 59 0.000169315 0.000244881
10 60 -0.000422912 0.000235384
10 61 5.35884e-05 1.0904e-06
11 34 7.498e-05 -7.34709e-05
11 35 0.000786434 -4.31446e-05
11 36 0.00039201 -0.000275503
11 37 -0.000436046 -0.000147413
11 38 -5.74766e-05 -6.82686e-06
11 39 4.33305e-05 9.3406e-05
11 40 -2.22117e-05 0.000121978
11 41 0.000552612 0.00027858
11 42 0.00115856 -4.89952e-05
11 43 0.000890045 -0.000133892
11 44 0.000142346 8.4304e-05
11 45 -0.000158847 0.000177256
11 46 8.61187e-05 0.000114301
11 47 0.000139 -0.000134666
11 48 0.000322243 0.00056418
11 49 0.000171615 0.000422161
11 50 -0.000121161 0.000189541
11 52 -2.38046e-05 2.57698e-05
11 53 4.96055e-05 2.76776e-05
11 55 0.000107755 -7.28942e-06
11 66 2.76358e-05 2.88031e-05
12 33 -6.95894e-05 0.000131329
12 34 -0.000138775 -0.000282048
12 35 0.000612975 -7.46145e-05
12 36 -0.000524253 -0.000419357
12 37 -0.000401214 0.000145538
12 38 0.000116303 0.000108626
12 39 -0.000161274 0.000384223
12 40 -0.000107174 0.000360809
12 41 0.00025715 0.00020132
12 42 0.000852743 0.000202788
12 43 0.000720547 0.00048183
12 44 0.000290986 0.000283521
12 45 0.00024564 -0.000168363
12 46 -1.09396e-05 7.65024e-05
12 47 0.000119876 0.000544693
12 48 -6.0501e-05 2.92455e-06
12 49 -0.000252407 5.1694e-05
12 50 -0.000208703 0.000144109
12 51 5.92107e-06 1.67998e-05
12 52 -4.41912e-05 0.00032086
12 53 -1.95406e-05 -9.76445e-05
12 54 0.000197248 3.15753e-05
12 59 -1.87326e-05 -5.01056e-05
12 62 0.000226672 8.50662e-05
13 33 7.66396e-05 -0.000264775
13 34 0.000225857 1.75331e-05
13 35 0.000405569 -5.15746e-05
13 36 0.000554126 -0.000263201
13 37 0.000117899 0.000147899
13 38 0.00075608 0.000325766
13 39 0.000271149 -6.43219e-05
13 40 4.17092e-05 -1.91537e-05
13 41 0.000277494 0.000305898
13 42 -0.000190709 -6.3238e-05
13 43 -0.000169099 -3.90306e-05
13 44 0.000676658 8.5878e-06
13 45 0.000388958 4.84068e-05
13 46 0.000563607 0.000351535
13 47 -0.000697448 -9.94979e-05
13 48 -0.000465071 -3.32118e-05
13 49 0.000201531 5.4395e-05
13 50 -0.000148272 0.00020202
13 51 -0.000177157 -0.000315509
13 52 -4.75155e-05 -3.03901e-05
13 53 -0.000434644 0.00013197
13 55 -1.02906e-05 -1.63866e-06
14 33 -2.04759e-05 -1.65995e-06
14 36 9.5284e-05 6.98294e-05
14 37 0.000107362 3.48637e-05
14 38 0.000240922 -0.000260811
14 39 -0.000380595 -1.27897e-05
14 40 0.00125988 0.000243659
14 41 6.33967e-05 0.00038345
14 42 -0.000472548 0.000767255
14 43 9.64688e-05 5.9167e-06
14 44 0.000370776 9.00879e-05
14 45 0.000196327 0.00049171
14 46 0.00043665 -0.000405631
14 47 0.000817106 -0.000821588
14 48 9.71478e-06 8.97002e-05
14 49 -0.000137474 0.000235547
14 50 6.69987e-05 0.00025447
14 53 4.85644e-05 0.000124217
14 54 9.86491e-05 0.00042321
14 57 1.39558e-05 -2.08195e-05
14 58 -0.000103723 -0.000488003
14 66 -0.00043575 5.6676e-05
15 34 0.000143462 -5.0361e-05
15 35 0.000151055 0.000194207
15 36 0.00041757 0.000239359
15 37 -7.94274e-05 3.28419e-05
15 38 0.000388259 -0.000406076
15 39 0.0012478 -6.87563e-05
15 40 0.000429657 -0.00019852
15 41 -0.000256158 0.00014224
15 42 -8.26247e-05 2.55392e-05
15 43 -0.000108006 -6.20804e-05
15 44 -0.000194828 -0.000191767
15 45 0.000387124 0.000348913
15 46 0.000394666 -4.34417e-05
15 47 0.000232588 2.51703e-05
15 48 -0.000467715 0.000126991
15 49 0.000892618 0.00022987
15 50 0.000487861 -0.000107004
15 52 -5.21249e-05 1.04134e-05
15 54 0.000276457 0.000115395
15 56 1.36667e-05 0.000126051
15 57 -0.000103375 0.000148833
15 66 -0.00016114 0.000231833
16 33 -0.000750258 -2.27158e-05
16 34 4.19217e-05 -0.000183197
16 35 -0.000536315 0.000334506
16 36 0.000196305 -0.000136907
16 37 0.000311218 -8.73078e-05
16 39 0.000405945 -8.67411e-05
16 40 -1.23135e-05 2.67931e-05
16 41 0.000300509 0.000445795
16 42 -0.000184378 0.000102357
16 44 0.000762498 -0.000186149
16 45 1.34795e-05 5.45093e-06
16 46 0.000643588 0.000509759
16 47 0.000119651 -0.000351773
16 48 0.000396457 0.000577086
16 49 2.31348e-05 -7.85928e-05
16 50 0.000490603 0.000195603
16 51 0.000219783 0.000218934
16 52 0.000344005 -6.96221e-05
16 53 -0.000496556 0.000546545
16 54 -0.000187353 -9.56461e-05
16 55 -0.000508956 0.000112373
16 56 0.000476337 -7.73088e-05
16 61 0.000114743 9.62815e-05
16 62 0.000238338 9.5841e-05
17 34 0.00010446 8.12492e-05
17 35 -9.56794e-05 0.000341742
17 36 -0.000139185 -0.000140051
17 37 -9.80645e-06 0.000107311
17 38 0.000231267 0.000299088
17 39 0.000300302 5.21194e-05
17 40 0.000197197 -0.000939653
17 41 0.00033432 -0.000319695
17 42 0.000588458 -0.000610404
17 43 0.00065817 0.000649424
17 44 0.000166648 -7.00099e-05
17 45 0.000119484 0.000209743
17 46 0.000155281 -2.91029e-05
17 47 -0.000128701 0.00032357
17 48 0.00010954 0.000198443
17 49 -0.000178819 -0.000475976
17 50 0.000257998 8.97743e-05
17 51 0.00034792 0.000490192
17 52 -8.45798e-05 6.50488e-05
17 53 -0.000151048 0.000150985
17 54 -9.28432e-05 0.000449194
17 56 0.000212099 -9.07427e-05
17 60 -4.42602e-05 0.000127667
18 34 0.000464757 0.000145307
18 38 0.000235249 -0.000155459
18 39 6.71633e-05 -3.67012e-05
18 40 -4.52403e-05 0.000223207
18 41 0.00038449 7.91931e-05
18 42 0.00035401 -0.000259439
18 43 -0.000124101 0.000172525
18 44 0.000266923 7.03498e-05
18 45 -6.69133e-05 -2.94235e-05
18 46 0.000193603 -0.000293251
18 47 0.000361889 -3.7404e-05
18 48 0.000809531 7.10201e-05
18 49 0.0001708 -0.000169601
18 50 0.000321829 0.000185741
18 52 0.00024461 6.91304e-05
18 56 0.000261425 -0.000290679
18 58 -3.56425e-05 2.25104e-05
18 61 6.58031e-05 -3.96017e-05
18 63 -0.000111373 0.000293264
19 35 -0.000711268 6.33826e-05
19 36 0.000162081 -0.000102059
19 37 0.000441431 -6.72669e-05
19 38 0.000487755 -0.000162631
19 39 0.000130977 -4.60161e-05
19 40 0.000331597 -0.000135402
19 41 -0.000549879 0.000307301
19 42 7.08564e-05 -1.13881e-05
19 43 0.00073803 0.000229282
19 44 7.12211e-05 4.47523e-05
19 45 -0.000518254 -0.000385783
19 46 -0.000316023 -0.000174382
19 48 0.000307187 0.000271971
19 49 0.0011817 0.000298454
19 52 -0.000131815 -3.2687e-05
19 53 8.24105e-05 -0.000398657
19 54 -0.000456828 8.63481e-05
19 55 -0.000205036 0.000263015
19 56 5.49629e-05 6.63394e-05
19 57 0.000293021 0.000247444
19 58 0.000228203 -7.19717e-05
19 61 -0.000165553 -1.64564e-05
19 64 0.000266476 -0.000282837
19 65 -0.000115411 4.79829e-06
20 34 -1.87055e-05 -0.000476821
20 35 -0.000243576 -0.00017326
20 36 -0.000206513 -0.00018901
20 37 0.000213396 1.15039e-05
20 38 0.000854801 0.000644735
20 39 0.000128414 0.000648616
20 40 0.000365139 0.000179896
20 41 -0.000348049 0.000206762
20 42 3.08589e-05 3.35699e-05
20 43 0.000190149 -0.000274052
20 44 0.000149084 -3.47542e-05
20 45 -0.000225774 -0.000427242
20 46 0.000915779 0.000310231
20 47 -0.000161143 0.000540138
20 48 0.000188757 0.000190393
20 49 0.000252471 0.000226668
20 50 0.000400719 2.12098e-05
20 51 0.000131193 0.000147967
20 52 2.41403e-05 2.51305e-05
20 53 -0.000154156 0.000557943
20 58 0.000177518 -0.000387294
20 62 -0.000146288 0.000276018
20 63 0.000226382 -7.10986e-05
20 64 2.9746e-05 7.62164e-05
20 65 -0.000352214 0.000127573
21 34 0.000366107 0.000105376
21 35 0.000236818 -0.000326201
21 36 -6.25465e-05 0.000132198
21 37 0.00022171 -0.000179266
21 38 -0.00010549 -8.09818e-05
21 39 -0.00036124 -0.000204165
21 40 -0.000128206 -6.34978e-05
21 41 4.6481e-05 -0.000139786
21 42 -8.49662e-05 -0.000227064
21 43 -3.1096e-05 1.20547e-05
21 44 0.000399992 9.46106e-05
21 45 0.00116748 -0.000712957
21 46 1.02251e-05 5.23607e-06
21 47 0.0007751 0.000436848
21 48 0.000189553 -0.000162379
21 49 0.000294891 0.000501124
21 50 7.97676e-05 1.45867e-05
21 51 -0.000260041 6.46157e-06
21 52 0.00016163 0.000101748
21 53 -0.000404211 -8.43824e-05
21 56 -0.000200826 -3.92956e-05
21 58 0.000130619 0.00022662
22 33 1.66329e-06 -7.28907e-07
22 35 1.50509e-05 -6.2418e-06
22 36 0.000319473 -0.000125495
22 37 -0.000184089 -0.000128429
22 38 0.000908658 0.000363071
22 39 0.000945751 0.000389603
22 40 0.000489449 0.000319081
22 41 0.000780898 -0.000782638
22 42 6.12864e-05 -1.57185e-05
22 43 0.00113419 -0.000350563
22 44 0.00033325 0.000316655
22 45 0.000301859 0.000586638
22 46 0.000433152 0.000178393
22 47 0.000504625 0.000278482
22 48 -0.000394033 0.000117897
22 49 0.00020728 -0.000276426
22 50 -0.000411266 -0.000139813
22 51 -0.000828549 1.77844e-05
22 54 3.66732e-05 4.3648e-05
22 55 0.000336038 -5.52369e-05
22 56 0.000192198 -3.64588e-05
22 60 0.00034635 -4.02858e-05
22 63 -2.41559e-05 -2.58562e-05
23 35 0.000475802 0.000128722
23 36 0.000475722 -0.000401701
23 37 0.000430593 -0.000128028
23 38 4.65325e-05 -0.00029124
23 39 -0.000123217 -0.000213358
23 40 0.000529301 -1.24135e-05
23 41 0.000303196 0.0003285
23 42 -4.71028e-05 -9.35296e-05
23 43 -9.46095e-05 -1.90623e-05
23 44 0.000590083 5.90563e-05
23 45 -0.00012506 -0.000242548
23 46 0.000343454 9.77242e-05
23 47 -7.47549e-05 0.000226888
23 49 -4.11411e-05 0.000304836
23 50 1.21213e-05 3.2568e-05
23 52 0.000202922 -0.000101632
23 53 -0.000240677 -5.8381e-05
23 55 9.55138e-05 -5.2033e-05
23 59 1.82937e-05 -5.24276e-05
24 33 0.00067379 0.000168257
24 34 0.000150917 -0.000347701
24 35 1.59161e-05 -0.000373365
24 36 0.000177769 0.000325218
24 37 0.000168285 3.17956e-05
24 38 0.000899894 -7.70647e-06
24 39 0.000451758 -0.000367338
24 40 0.000203312 -5.10871e-05
24 41 0.000623079 0.000123723
24 42 -0.000185049 2.1556e-05
24 43 0.000103669 0.000185342
24 44 0.000306755 0.000203501
24 45 -6.95198e-05 0.000208136
24 46 -6.49338e-05 -4.14821e-05
24 47 -0.000601907 -0.000400648
24 49 0.0002674 0.000388892
24 50 0.000325436 0.000339197
24 51 0.000146319 3.9225e-05
24 52 0.00032615 0.000215721
24 53 -0.00067054 0.000265939
24 54 -0.000141118 -7.99634e-05
24 55 0.000389895 0.000103084
25 34 0.000792078 -0.00042371
25 36 2.84362e-05 -5.75064e-06
25 37 -0.000442814 8.82537e-05
25 38 -0.000600637 -0.000410931
25 39 0.000594747 -0.000102179
25 40 0.000457134 0.000262602
25 41 6.53613e-05 -0.000772238
25 42 0.000279745 0.000270001
25 43 0.000550122 8.61716e-05
25 44 -0.00012836 9.14033e-05
25 45 0.000512212 0.000220953
25 46 -0.00028839 -0.00024429
25 47 -2.51769e-06 0.000356282
25 49 -0.000173069 6.28207e-06
25 50 0.000399348 -0.000110285
25 51 8.52347e-05 0.000183633
25 52 0.000877202 0.000181002
25 53 -4.8472e-05 0.000106426
25 54 0.000438838 3.79788e-05
25 56 -0.000299509 0.000154592
25 58 0.000370128 -0.000180669
25 59 -0.000182084 2.93757e-05
25 61 0.000120513 -6.94153e-05
25 62 7.54125e-05 -2.66374e-06
25 63 0.00025555 0.000427792
26 33 -0.00018224 -0.000384614
26 34 -0.000223 -0.0001853
26 36 0.000315418 0.000164079
26 37 0.000236589 -0.000350569
26 39 0.000563932 -0.000106657
26 40 0.000166629 0.000373689
26 41 -0.000444867 -0.000288166
26 42 0.000502104 -0.000165505
26 43 0.000612254 0.000147885
26 44 0.000661789 0.000121281
26 45 0.00020756 -0.000278917
26 46 -0.000214033 5.53837e-05
26 47 0.000980613 -0.000624225
26 48 0.000303429 0.000345384
26 49 -0.00072822 6.9524e-05
26 50 -0.000285518 -2.66974e-05
26 51 0.000311382 -9.6803e-05
26 52 0.000145759 0.000485208
26 53 -6.25984e-06 6.55436e-05
26 55 -4.69925e-05 -0.000117393
26 56 0.000169155 -0.000319967
26 57 0.000398072 -0.000127953
27 34 -0.000149621 4.44928e-05
27 35 0.000390769 -9.02351e-06
27 36 -0.000333328 -5.0641e-05
27 37 0.000398325 -0.000394703
27 38 0.00130398 0.000144755
27 39 0.000269335 -2.7123e-05
27 40 0.000539884 -0.000155264
27 41 -0.000358087 -0.000152853
27 42 0.00104222 0.000936084
27 43 0.000529602 -5.27402e-05
27 44 0.000608456 0.000253385
27 45 -0.000282867 6.33635e-06
27 46 0.000198741 0.000184577
27 47 9.48291e-05 -3.76158e-05
27 49 -0.000596907 0.000230588
27 50 -2.77479e-05 2.79579e-05
27 51 0.000110023 -7.91116e-05
27 52 2.52005e-05 -0.000105667
27 55 -0.000495531 6.5325e-05
27 56 0.000167298 -5.37734e-05
27 57 -5.88992e-06 7.9485e-05
27 58 -0.000141182 3.3529e-05
27 59 -0.000245739 0.000346142
27 60 -0.000422596 0.000161295
28 35 0.000199152 -8.28745e-05
28 36 0.00040168 3.98254e-05
28 37 0.00048183 -7.80149e-05
28 38 0.000310426 0.000186671
28 39 -0.000230163 -0.00053302
28 40 -0.000142946 9.01544e-05
28 41 -0.000470023 -0.000118181
28 42 -0.000256575 0.000323124
28 43 0.00074736 0.000390702
28 44 0.000713054 -0.000397019
28 45 0.000184522 0.000188583
28 46 8.10662e-05 -0.00013863
28 47 -0.000410593 9.45072e-05
28 48 0.000170098 -0.000102921
28 49 0.000758812 -0.000539816
28 50 -0.000255258 0.000198823
28 51 0.000422719 0.000556438
28 52 0.000238317 0.000276447
28 53 7.36712e-05 0.000126002
28 54 0.000231944 0.000178222
28 55 -0.000270906 -0.00021212
28 59 -4.05348e-05 4.71837e-05
28 61 2.78149e-05 5.35841e-05
29 33 1.07025e-05 -1.02293e-05
29 34 0.00016317 -0.000421627
29 35 0.000647452 -2.96551e-05
29 36 0.000462825 1.671e-05
29 37 0.000266108 4.15377e-05
29 38 9.55994e-05 0.000247823
29 39 -9.49953e-05 9.02403e-05
29 40 -0.000472478 0.000515802
29 41 -0.000683554 -0.000459554
29 42 -0.000673245 0.000199854
29 43 -1.99492e-05 -0.000143332
29 44 0.000409064 2.11959e-05
29 45 0.000521944 -1.78788e-05
29 46 0.0003762 6.07598e-05
29 47 0.000200903 -3.61558e-05
29 48 0.000125001 2.16998e-05
29 49 -0.000387418 0.000199122
29 50 0.000259983 0.000370639
29 53 0.000278381 -4.38908e-05
29 54 8.62288e-06 0.000419803
29 55 9.4602e-05 -0.000438782
29 56 0.000144107 0.000123289
29 61 1.03732e-05 1.40025e-05
29 64 1.70858e-05 2.5099e-05
30 34 -0.00045998 -0.000117843
30 35 -0.000106748 3.98855e-06
30 36 -0.000173666 -4.6945e-05
30 37 0.000409447 -0.000303371
30 38 -0.000604126 9.32748e-05
30 39 -0.000152632 0.000265453
30 40 0.000205338 0.000190574
30 41 0.000310373 -0.000468183
30 42 0.000540866 0.000223429
30 43 0.000586629 -0.000414888
30 44 -4.75814e-05 0.000308531
30 45 -0.000117011 0.000129756
30 46 -0.000116438 0.00028565
30 47 -0.000274667 0.000533578
30 48 0.000578019 -4.03792e-05
30 49 -7.11444e-05 0.000206545
30 50 0.000584128 4.59905e-05
30 52 0.000158406 0.000426364
30 53 0.000465194 0.000389405
30 54 -0.000253723 0.000164791
30 55 0.000510715 0.000353185
30 56 1.51614e-05 0.00018653
30 57 -0.000768872 -0.000340088
30 59 0.00016292 5.50038e-05
31 33 -3.06054e-05 -0.00024347
31 34 0.000226957 -0.00030999
31 36 0.000418475 -0.00010498
31 37 0.000878957 2.28854e-05
31 38 0.000576914 0.000124131
31 39 4.0874e-06 -3.13214e-06
31 40 -0.000704049 6.34393e-05
31 41 0.000205711 0.000185142
31 42 -0.000132614 0.000734233
31 43 4.03983e-05 0.000324573
31 44 0.000332041 -0.00041042
31 45 0.000420867 -0.00035503
31 46 9.29347e-05 0.000221496
31 47 -3.67058e-05 -0.000156647
31 48 -0.000166565 0.000290255
31 49 0.000363405 7.15998e-06
31 50 -0.000292493 -0.000168582
31 51 0.000167721 6.04906e-05
31 53 0.00039069 0.000557258
31 54 0.000344037 0.000368543
31 55 -0.000155422 -5.52666e-05
31 56 3.28942e-05 -0.00034617
31 57 -1.29563e-05 -7.0698e-05
31 58 -0.000263221 0.000203816
32 33 0.000114293 -0.000107144
32 34 0.000341018 0.000172509
32 35 0.000311702 -0.000197445
32 36 0.000268243 -0.000156835
32 37 0.000150385 0.000951599
32 38 -0.000249063 -0.000449305
32 39 -0.000256444 0.00019513
32 40 -0.00032756 0.000254803
32 41 7.81085e-05 -0.000602212
32 42 8.44783e-05 -0.000251804
32 43 -0.000126308 0.000763798
32 44 1.20845e-05 -0.000128665
32 45 0.00021918 -9.62149e-05
32 46 -9.07345e-06 3.08587e-05
32 47 8.89757e-05 0.00034452
32 48 -0.000387826 -0.00016509
32 49 2.31235e-07 0.00070716
32 50 0.000487583 0.000223064
32 51 0.000218828 0.000259153
32 52 0.000121205 0.000433965
32 54 0.000363191 0.000481523
32 55 -0.000171356 -0.000120689
32 56 -3.81569e-05 0.000479754
32 57 0.000477077 -9.85509e-05
32 58 -1.02314e-05 0.000209496
32 59 1.46011e-05 -0.000201064
33 33 0.000477768 -4.05329e-05
33 34 0.000546273 -7.61603e-07
33 36 3.83486e-05 -1.26873e-05
33 37 0.00036135 0.000372742
33 38 0.000429097 8.71597e-05
33 39 8.19176e-05 3.71811e-06
33 40 0.000688429 0.000462101
33 41 -0.000105796 -0.000134616
33 42 0.000530633 0.000221363
33 43 0.000203301 -0.000218111
33 44 0.000225258 -0.000169416
33 45 -0.00028589 -0.000308541
33 46 0.000296599 0.000189844
33 47 0.000454209 -5.1561e-06
33 48 -0.000116717 0.000107499
33 49 0.000792701 -0.000220904
33 50 0.00031282 0.000290293
33 51 0.000230737 0.000327753
33 52 0.000139004 6.98915e-05
33 53 0.000305741 -0.000207692
33 54 -4.82066e-05 -0.000122164
33 55 -0.000454457 0.000245392
33 56 -0.000188699 -6.55268e-05
33 57 -4.15079e-05 -6.69361e-05
33 58 -9.43919e-05 -2.93879e-05
33 60 0.000125157 -1.25702e-06
33 61 3.63909e-05 2.82626e-05
33 62 0.000491499 0.000242439
33 63 -0.00032126 0.000174418
34 33 -0.000492682 1.50271e-05
34 34 0.000108778 -2.44075e-05
34 35 7.89774e-05 -4.5778e-06
34 37 0.0011683 -0.000432692
34 38 0.000670196 0.000288698
34 39 0.000101072 4.61099e-05
34 40 0.000342099 0.00027806
34 41 -0.000261305 -0.000122662
34 42 -0.000242459 -0.000101197
34 43 0.000255618 -0.000483247
34 44 0.000557633 -0.00017294
34 45 0.000256666 -0.000736084
34 46 9.37539e-05 4.77792e-05
34 47 0.00038348 -0.000152116
34 48 -6.82389e-06 8.7534e-07
34 49 -8.77274e-05 -0.000100136
34 50 0.000344736 2.28148e-05
34 51 -8.25149e-05 0.000199127
34 52 -0.000596374 -0.000287577
34 53 -0.000326421 -0.000163397
34 54 -0.000134059 9.37406e-05
34 58 0.000145583 3.57928e-05
34 63 -0.000154583 -5.27204e-05
34 64 -0.000214113 6.77403e-06
35 35 0.000272549 0.000209614
35 36 0.000112833 -0.000136209
35 37 9.75362e-06 -7.69269e-05
35 38 0.00103053 -6.21452e-05
35 39 -3.40912e-05 0.000194994
35 40 -8.22788e-05 -0.000305256
35 41 0.000149697 -0.000124936
35 42 0.000904518 0.000629501
35 43 -0.000266076 0.000127692
35 44 -2.59705e-05 7.24178e-07
35 45 0.000206145 0.000354593
35 46 -0.000228055 0.000205937
35 47 2.92614e-05 2.24706e-05
35 48 -0.000173919 0.000453564
35 49 0.000236593 -0.000176651
35 50 0.000139118 -8.16999e-05
35 51 -0.000189198 -0.000321882
35 52 -0.000425022 0.000611135
35 54 -0.000567054 0.000565552
35 56 -0.000312367 -0.000372826
35 57 0.000227011 0.000414031
35 58 0.000108954 9.19547e-05
35 60 7.81946e-05 0.000105887
35 64 6.25193e-05 1.19502e-05
35 66 -8.81059e-06 5.9649e-06
36 33 0.000896491 -0.00031997
36 34 0.000191684 -0.000287176
36 35 -0.000413064 0.000126675
36 36 -0.000160459 0.000352433
36 37 0.000664455 -7.59416e-05
36 38 0.000390574 -0.000162555
36 39 0.000216942 6.68004e-05
36 40 -3.48169e-05 -0.000233358
36 41 6.05602e-05 6.01751e-05
36 42 0.000496924 0.000233886
36 43 -0.000456992 -0.000380149
36 44 0.000212671 1.63844e-05
36 45 7.92904e-05 2.43046e-05
36 46 0.000519025 0.000149434
36 47 -0.000885858 -8.30857e-05
36 48 3.61495e-05 0.000334363
36 49 5.10754e-05 -3.46004e-05
36 50 0.000414026 -0.000111557
36 51 -0.000302514 0.000208048
36 52 0.00026698 9.51395e-05
36 53 6.40203e-05 7.08999e-05
36 54 0.000108253 0.000235139
36 58 0.000278852 -0.000195125
36 59 0.000143025 4.20951e-05
36 61 -0.000169138 0.000232482
37 34 -0.000307137 -0.000151408
37 35 0.000232442 0.000309917
37 36 0.000716949 -6.12582e-05
37 37 0.000308226 -0.000162586
37 38 0.000343644 -0.000564353
37 39 -0.00027596 -0.000322292
37 40 0.000113653 -0.000151928
37 41 4.57179e-05 0.000335116
37 42 0.000494301 0.000124052
37 43 -0.000502562 0.000194522
37 44 -0.000406235 0.000887022
37 45 -9.31193e-05 -0.000189606
37 46 0.000168406 0.000188165
37 47 0.000159216 -0.000374148
37 48 -8.24336e-05 -6.92068e-05
37 49 0.00077382 0.000473657
37 50 -0.000300969 -9.42108e-06
37 51 0.000472223 0.000354852
37 52 -0.000273896 -0.00027607
37 54 0.000808214 -8.68961e-05
37 56 0.000182037 0.000169183
37 57 0.000414561 -8.96629e-06
37 59 0.000298449 0.000320351
37 64 -0.000144364 -4.06506e-05
38 33 0.000220574 -6.4327e-05
38 34 0.000145395 -9.20617e-05
38 35 0.000411749 -0.000157616
38 36 -0.000142553 -0.000402586
38 37 -8.38793e-05 0.000576516
38 38 4.90261e-05 0.000253405
38 39 -0.000516533 -0.000298289
38 40 0.000566861 0.000234859
38 41 -0.000273231 -0.000213061
38 42 0.000180315 -0.000133312
38 43 -0.000133381 0.000120111
38 44 -6.6572e-05 0.000222491
38 45 -0.000144133 -0.00017721
38 47 0.000139896 0.000142983
38 48 0.000417311 -0.000597394
38 49 0.000225243 -5.92134e-05
38 51 -0.000223871 -0.000198291
38 52 0.000338373 -0.000123716
38 54 0.00054613 0.000517878
38 56 -0.000236997 -3.78572e-05
38 57 -0.000119357 0.000294427
38 58 0.000231678 0.000126288
38 62 0.00020716 0.000441387
39 34 -0.000190388 -0.000205125
39 35 0.000323014 1.51483e-05
39 36 0.000192403 -2.22115e-05
39 37 0.000226334 9.52158e-05
39 38 0.000211192 -0.000222865
39 39 -9.26669e-05 2.42439e-05
39 40 -0.000301247 5.46102e-05
39 41 0.000291145 -0.000186849
39 42 8.4351e-05 -1.49282e-05
39 43 -0.000608147 -9.1172e-05
39 44 5.09434e-05 0.00039061
39 45 0.000433327 0.000268482
39 46 -0.000198571 -0.000228695
39 47 -0.00065882 0.000371109
39 48 0.000305962 0.00021373
39 50 -0.000346765 -1.70929e-05
39 51 5.79846e-05 -0.000344328
39 52 -2.74061e-05 -1.82026e-05
39 53 2.96186e-05 7.75614e-06
39 54 0.000475202 -2.49385e-05
39 57 -0.000277303 0.000397649
39 58 -0.000497591 -4.68758e-05
39 59 0.000377779 0.000221504
39 61 0.000273345 0.000345312
40 33 0.000205322 -3.75832e-05
40 35 0.000619368 -6.33218e-05
40 37 0.000529755 -0.000383154
40 38 -0.00051341 -7.27298e-05
40 39 0.000371621 0.00028664
40 40 0.00015698 -8.78712e-07
40 41 0.000191157 0.000102247
40 42 -0.000165338 -0.000136086
40 43 2.8429e-05 2.40116e-05
40 44 0.000427443 -0.000127536
40 45 1.09198e-05 -5.29325e-06
40 46 3.51096e-05 3.54192e-05
40 47 -0.000183582 -0.000918255
40 49 0.000440115 -8.96871e-05
40 50 0.000233878 0.000128942
40 51 -7.57121e-05 0.000131513
40 52 1.61814e-05 2.89355e-06
40 53 0.000811612 8.37854e-05
40 54 4.19981e-06 0.000231112
40 55 0.000415607 0.000210618
40 56 -4.85651e-05 6.88106e-05
40 57 0.000202859 0.000331772
40 58 -0.000454519 0.000179085
40 59 0.000289322 -0.000149959
40 61 2.6789e-05 2.15393e-05
40 62 -0.000179253 -0.00023329
40 63 5.85756e-05 0.000142433
40 65 5.67249e-05 4.28069e-05
41 33 -0.000331102 8.94798e-05
41 34 6.60378e-05 0.000142486
41 35 0.00013137 -0.000130584
41 36 0.00017357 9.73153e-05
41 37 -2.97894e-05 -3.65241e-05
41 38 0.000201316 8.303e-06
41 39 0.000143956 -0.000421679
41 40 0.000574479 -0.000467692
41 41 -0.000198186 1.18017e-05
41 42 0.000415788 5.12536e-05
41 43 0.000473583 3.642e-05
41 44 5.32018e-05 0.000194876
41 45 -0.000322658 0.000192647
41 46 0.000310176 -0.000193922
41 47 0.000108692 0.000237676
41 48 0.000234226 -0.000107425
41 49 0.000665783 6.38711e-05
41 50 0.000211091 -0.000176148
41 51 0.000515576 8.10548e-05
41 52 0.000130783 0.000317252
41 53 9.48704e-05 6.28399e-05
41 55 9.21735e-05 2.30131e-05
41 56 -2.46567e-05 -8.38254e-05
41 63 1.36822e-05 3.39582e-05
41 65 2.5088e-05 2.92496e-06
42 33 -0.000309281 0.000120952
42 34 0.000438541 6.2285e-05
42 35 0.000333537 -0.00010811
42 36 0.000561087 -0.000157134
42 37 0.000707486 0.000297917
42 38 0.000122489 -0.000118347
42 39 -0.000617174 0.000112981
42 41 0.000531445 0.000156271
42 42 0.000808734 -0.00016793
42 43 -1.55185e-05 1.16732e-05
42 44 -4.79838e-06 -0.000327846
42 46 0.00146765 -0.000418852
42 47 -6.10888e-05 -0.000129311
42 48 1.69761e-05 1.49561e-06
42 49 0.000346542 0.000478167
42 50 6.10704e-05 8.84713e-05
42 52 -2.21117e-06 8.33855e-05
42 53 0.000209084 0.000436864
42 54 -0.000121433 0.000465062
42 56 0.000280049 0.000265176
42 57 2.38917e-05 0.000234841
42 58 5.52913e-05 6.94388e-05
42 59 2.25477e-07 -6.04244e-06
42 64 -9.59917e-05 -3.04209e-05
42 65 0.000215439 0.000312978
42 66 -0.000415776 -0.000198403
43 35 0.000344783 0.000364191
43 37 8.74182e-05 0.000350814
43 38 0.00100479 -2.42288e-06
43 39 0.000146209 0.000100803
43 40 0.000809908 0.000134399
43 42 0.000827568 3.9018e-05
43 43 0.000309739 -0.000243983
43 44 0.000612621 0.000382307
43 45 -0.00058306 0.000403249
43 46 0.000795576 0.00034301
43 48 0.000219043 2.82262e-05
43 49 0.000258035 -0.000122088
43 51 -0.000301536 0.000107404
43 52 0.000835073 -3.14391e-06
43 54 -0.000112173 0.00014087
43 55 -1.32662e-06 -6.92444e-07
43 56 0.000374085 0.000164726
43 57 3.04782e-06 3.03382e-06
43 59 -0.000320932 -1.50304e-05
43 61 -0.000140468 6.14051e-06
44 35 -9.86259e-05 7.21838e-05
44 36 -0.000197199 -0.000255653
44 37 0.000820846 -0.000585673
44 38 0.000343107 0.000110289
44 39 5.2236e-05 3.5508e-05
44 41 0.000201516 0.000930811
44 42 -6.92353e-05 0.000233621
44 43 -0.000101756 3.11244e-05
44 44 0.000296942 -3.63318e-05
44 45 -0.000386825 -4.38061e-06
44 46 0.000123554 0.000352904
44 47 -0.000368816 0.000170564
44 49 -0.000457939 -0.00018095
44 50 9.94937e-06 -5.21963e-05
44 51 0.000137085 -0.000189478
44 52 0.000194617 -0.000239844
44 54 -1.62138e-05 8.06152e-05
44 56 0.0004706 1.49927e-05
44 57 0.000420073 0.000194876
44 59 0.000119315 -2.12764e-05
44 61 0.000299333 5.98249e-06
44 62 0.000433876 2.16877e-05
44 65 -6.71055e-05 9.52309e-05
45 34 0.000531611 -0.000480451
45 35 0.000198984 -0.000158132
45 36 -0.000103032 -4.03885e-05
45 37 -0.00066848 0.000149334
45 38 0.000635655 0.000353691
45 39 0.000489767 -0.000358357
45 40 -0.000344557 -0.000244892
45 41 0.000255082 -0.000128301
45 42 0.000240951 -9.15626e-05
45 44 0.000521078 0.000102509
45 45 -8.84837e-06 -0.000637942
45 46 0.000102074 0.000108674
45 47 -5.42533e-05 -0.00011441
45 48 0.000148044 -0.000247017
45 49 -0.000285854 -2.22133e-05
45 50 -0.000158871 -6.08033e-05
45 51 0.000126388 0.000265813
45 52 0.000213913 0.00010372
45 55 -0.000180728 5.76303e-05
45 56 0.00020535 5.40811e-05
45 57 1.35762e-05 1.19001e-05
45 61 -0.00013613 0.000193613
45 63 -0.000407697 0.000440879
46 33 1.93529e-05 -3.00985e-05
46 35 0.000210043 -3.16818e-05
46 36 0.000128167 -0.000144452
46 37 -0.000413665 0.000231775
46 38 -0.000559733 0.000408967
46 39 0.00012702 -0.000143884
46 40 -0.000173341 0.000141392
46 41 0.000376906 2.98458e-05
46 42 0.00089795 -0.000206482
46 43 -0.000293681 -0.000873753
46 44 0.000201229 -4.74776e-05
46 45 3.26582e-05 0.000259493
46 46 -4.97431e-05 -2.96893e-05
46 47 0.000504728 0.000349177
46 48 -4.38548e-05 -8.66852e-05
46 49 0.00038141 0.000296726
46 50 -5.28592e-05 -0.000247288
46 52 0.000183475 3.86785e-06
46 53 -0.000287575 0.000219751
46 55 0.000317657 0.000236937
46 56 0.000464092 2.01794e-06
46 58 0.000201379 0.000150101
46 62 -0.00013292 -0.000234149
47 33 0.00012099 -7.92581e-05
47 34 -0.000129484 -0.000162507
47 35 3.86617e-05 -0.000398614
47 36 0.000216126 -0.000145902
47 38 -0.000254724 0.000117812
47 39 0.000125423 -7.28675e-05
47 40 -0.000847758 0.000214935
47 43 0.000187101 -9.08484e-05
47 44 0.00093193 -0.000169388
47 45 -0.000508236 6.73364e-06
47 46 -0.00024173 -0.000156426
47 47 -0.000293194 -0.00013055
47 48 -9.06692e-05 1.50291e-05
47 49 3.99775e-05 0.000187057
47 50 5.47741e-05 -8.99252e-05
47 51 -0.000398527 1.20899e-05
47 53 0.000439983 -0.000124507
47 54 -0.000293726 4.84639e-05
47 55 -2.8556e-05 7.1332e-05
47 56 0.000328966 0.000118028
47 57 -0.000152973 4.44747e-05
47 58 0.000405689 -5.66787e-05
47 62 0.000128402 5.84549e-05
47 64 -0.000117097 8.34393e-05
48 33 0.000511769 -0.000184136
48 35 0.000534691 -0.000205314
48 36 3.1574e-06 -3.15434e-06
48 37 -0.000242789 -0.000127365
48 38 5.12301e-05 1.46122e-05
48 39 0.000793631 0.000341971
48 40 0.000664039 0.000149646
48 41 0.000242452 0.000331058
48 42 4.56892e-05 -3.50466e-05
48 43 0.000681293 0.000354354
48 44 3.91984e-05 0.000343718
48 45 -0.000239449 -0.000340345
48 46 -5.74265e-05 -3.93109e-05
48 47 -0.000193618 -0.000394218
48 48 2.83975e-05 1.07189e-05
48 50 -0.000106263 7.45735e-05
48 52 0.000445782 -0.000125622
48 53 0.000192649 0.000175622
48 55 0.000657976 -0.000175845
48 57 -0.000399804 -0.000108006
48 58 -0.000222765 -0.000309907
48 59 2.81143e-05 2.4217e-06
48 60 -7.61442e-05 0.000108677
48 63 -0.0002172 -0.000214491
48 65 0.000263324 2.26209e-05
49 34 -0.000250876 -0.000123118
49 35 0.000413276 -3.26966e-05
49 36 -9.73202e-06 -7.33228e-06
49 37 -0.000226723 7.03648e-05
49 38 -0.000293552 6.32454e-05
49 39 -0.000141988 0.000122161
49 40 0.000427753 0.000216687
49 41 -4.41433e-05 3.69171e-05
49 42 0.000321459 -0.000513595
49 44 1.25904e-05 0.000676155
49 45 3.57421e-05 1.60478e-05
49 46 0.000436689 0.000383109
49 48 0.000135844 -3.09068e-05
49 51 -1.60618e-05 -0.00025478
49 52 8.3087e-05 5.01512e-05
49 53 7.65506e-05 -0.000449229
49 54 0.00030501 0.000245826
49 55 9.0098e-05 7.5032e-05
49 57 0.000542499 -0.000122728
49 58 0.000385229 0.000136074
49 59 1.09055e-05 -1.47781e-05
49 61 0.000251015 0.000282279
49 62 0.000284697 0.000356419
50 34 0.00019616 6.39197e-05
50 35 0.000397812 0.000106677
50 36 2.42969e-05 -0.000171191
50 37 1.28203e-07 -3.60265e-08
50 38 0.000194236 -0.000141107
50 39 0.00051506 5.99188e-05
50 40 -0.000200988 0.000394583
50 41 0.000985058 0.00046096
50 42 0.000281862 -8.69817e-06
50 43 -0.000118901 0.000273955
50 44 0.000717687 -4.48406e-05
50 45 0.000633511 0.000144802
50 46 0.00039871 1.11611e-05
50 48 0.000420306 0.000322453
50 49 -0.000239385 0.000462735
50 50 0.000391866 -0.000233864
50 51 0.000139352 5.9773e-05
50 52 -8.0075e-05 -2.17342e-05
50 53 0.000186433 0.000119112
50 54 0.000157005 1.86017e-05
50 55 0.000572473 0.000222073
50 59 0.000444828 0.000136401
50 61 5.71693e-05 0.000100516
51 33 0.000345254 -4.03426e-05
51 34 0.000176473 0.000143375
51 36 0.000164529 6.07261e-05
51 37 -0.000421654 -5.37468e-05
51 38 -0.000238412 -0.00038374
51 39 6.21005e-06 -0.00020149
51 40 0.000372108 -0.000133714
51 41 -0.000307211 -0.000108939
51 42 -0.000264892 -0.000117246
51 43 -0.000264635 -0.00039836
51 45 9.19394e-05 -0.000597172
51 46 0.00027626 0.000764241
51 47 -2.48495e-05 -9.33535e-05
51 48 0.000295747 7.28795e-05
51 50 5.81233e-06 2.226e-05
51 51 -0.000402265 -0.000243375
51 52 0.000338623 0.000155428
51 53 0.000410751 -5.73251e-05
51 54 0.000252889 -0.000214748
51 55 3.73357e-05 4.46731e-05
51 56 1.26059e-05 -6.79917e-06
51 57 -0.000453245 -2.33217e-05
51 59 0.000277313 7.9959e-05
51 62 -0.000221202 0.000383703
51 64 -0.000114733 -1.16321e-05
52 33 -5.30543e-05 2.64458e-05
52 34 0.000184337 0.000120301
52 36 0.000105079 2.5556e-05
52 37 -0.000209239 -0.000259468
52 38 -2.75765e-05 1.09972e-05
52 39 0.000353033 -0.000353742
52 40 0.000860393 -0.000861283
52 41 0.00119855 0.000572711
52 42 4.43474e-05 0.000302558
52 43 0.000725878 1.2722e-05
52 44 -0.000296434 0.000176604
52 45 6.59959e-05 9.89345e-05
52 48 0.000534241 -5.67786e-05
52 49 -0.000226865 0.000103081
52 51 -0.000697249 2.71037e-05
52 53 2.63042e-05 1.59459e-05
52 54 0.000162089 -0.000515431
52 55 0.000153558 0.000371405
52 56 0.000329703 0.000300897
52 62 0.000102983 -0.000118421
52 63 4.68482e-06 4.83942e-07
53 33 0.000323207 -0.000156813
53 34 4.16552e-05 -7.25477e-05
53 35 -0.000248704 0.000325311
53 36 0.000178594 -0.000240905
53 37 0.000273565 7.83424e-05
53 38 0.000364745 0.000281665
53 39 0.000227767 -2.91746e-05
53 40 0.000994843 -0.000181503
53 41 0.000484498 -4.78857e-05
53 42 -0.000191243 -0.00024377
53 43 0.000217466 0.000589228
53 44 0.000134048 7.11722e-05
53 45 -9.055e-05 -0.000130374
53 46 0.000314001 -2.1882e-05
53 47 0.000453157 0.000515443
53 48 0.000319394 0.000302647
53 49 0.000336464 -0.000193618
53 50 0.000282944 -2.64633e-05
53 51 0.000192315 0.000480995
53 52 0.000385503 1.85796e-05
53 55 5.05731e-05 0.000117934
53 56 0.000294866 -0.000134132
53 57 -8.265e-05 0.000384398
53 58 -0.000304451 -7.22449e-05
53 59 9.57882e-05 3.45062e-05
53 60 -0.000194302 -4.74563e-05
53 62 0.000134156 0.000164745
53 64 0.000347357 0.000284052
53 66 -0.000328387 -1.69097e-05
54 33 6.63624e-06 -1.1579e-05
54 34 0.000164778 0.000104847
54 35 7.82334e-05 1.04418e-05
54 36 3.11789e-06 2.87373e-05
54 37 -0.0005029 0.000176156
54 38 0.00034101 1.93535e-05
54 40 0.000181495 0.000205261
54 41 0.000501227 -0.000213846
54 42 0.000110376 2.56716e-05
54 44 0.00010511 0.00018068
54 45 2.9964e-05 0.000199283
54 46 1.5965e-05 -3.37447e-05
54 47 0.000107288 -0.000172028
54 48 0.000167804 0.000478224
54 49 -0.000197646 3.92491e-05
54 50 0.00078273 0.000400659
54 51 0.000672301 -0.000420828
54 53 -0.000167946 -4.97046e-05
54 54 5.90764e-05 -0.000333444
54 55 5.92457e-05 2.93742e-06
54 56 0.000223893 0.000361499
54 57 -5.17829e-05 -0.000161954
54 58 3.77409e-05 0.000259449
54 59 -0.000389622 -0.00014081
54 61 0.00010154 0.000304665
54 62 -0.000201565 0.000245007
55 34 5.36356e-07 -5.9384e-07
55 35 0.000355614 -9.47288e-05
55 36 -5.98823e-05 -4.58916e-05
55 37 0.000231023 -4.43436e-06
55 38 0.000161009 2.97102e-05
55 40 0.000411347 -0.000241337
55 42 -0.0001142 -0.000248611
55 43 -0.000255532 0.000210245
55 44 4.92246e-05 0.000498629
55 45 -0.000122441 -0.000155137
55 48 0.000268921 0.000293546
55 49 0.000254009 8.85791e-05
55 50 0.000257134 1.41444e-05
55 51 -0.000221041 0.000169303
55 52 0.000368548 -4.04813e-05
55 56 2.70819e-05 4.6609e-05
55 58 0.000394025 0.000140671
55 59 0.00041538 -0.00023552
55 60 -7.58807e-05 -3.58017e-05
55 63 1.58954e-05 -4.50709e-06
55 66 -5.42961e-05 -1.98168e-06
56 33 9.69748e-05 -5.32883e-05
56 34 8.64736e-05 -0.000100158
56 35 0.000296182 -4.36284e-05
56 36 7.97406e-05 -1.74057e-05
56 37 0.00053191 0.000337614
56 38 0.000172802 -0.000131429
56 39 0.000162997 0.000143309
56 40 0.000192889 0.000222953
56 41 0.000516373 -0.000300686
56 42 -0.000465039 8.17733e-05
56 43 -0.000380487 0.00039398
56 44 0.000205039 -5.57407e-05
56 45 -0.000160114 -0.000357857
56 46 0.000223133 0.000317351
56 47 3.50326e-05 3.30816e-06
56 48 0.000249532 0.000153088
56 49 0.000470824 -8.23995e-05
56 51 -0.00031138 3.03284e-05
56 52 0.000486709 0.000724732
56 53 2.65433e-05 4.53254e-05
56 54 0.000363739 -2.0791e-05
56 55 0.000313128 0.000192035
56 56 0.000126076 2.14904e-05
56 57 0.000246654 0.000141954
56 60 -3.90583e-05 -0.0003226
56 61 0.000578015 0.000298508
56 65 -0.000409457 0.000198908
57 34 0.000234136 0.000285609
57 36 6.17685e-06 3.66864e-06
57 37 0.000379293 -8.76149e-05
57 38 1.06219e-06 -4.843e-08
57 39 0.00040114 -2.46287e-05
57 40 -8.98398e-05 -0.000110341
57 41 0.000261939 4.88332e-05
57 42 0.000254481 -8.28881e-05
57 43 0.000454035 9.89337e-05
57 44 0.000565892 0.000150168
57 45 0.00110457 -3.40145e-05
57 46 -0.000156068 0.000118428
57 47 -4.56658e-05 -8.62623e-05
57 48 7.13609e-05 -0.000182874
57 49 1.0275e-05 -3.85256e-07
57 50 -0.000181254 0.000208476
57 51 5.62171e-06 0.000269967
57 53 0.00017749 0.000319078
57 54 0.000119172 -0.000100504
57 55 0.000244427 1.48801e-06
57 56 4.80272e-05 2.4262e-05
57 57 0.000304258 -0.00026102
57 58 3.09549e-05 -1.07458e-05
57 63 0.000202037 9.38884e-05
57 64 0.000155327 4.25554e-05
58 34 -0.000218486 0.000152994
58 35 0.000233151 0.000340459
58 36 0.000113077 -0.000463814
58 37 7.04403e-06 2.02864e-07
58 38 0.000711549 0.00019551
58 39 0.000206244 -0.0001367
58 40 0.000392505 -0.000109212
58 41 0.00028436 -8.43834e-05
58 42 0.000208262 0.000134965
58 43 0.000484864 6.96557e-05
58 44 0.000395838 9.14388e-05
58 45 0.000226557 2.97315e-06
58 46 -0.000223978 0.000211946
58 47 9.97998e-05 1.80635e-05
58 48 8.1892e-05 -0.00015448
58 49 -0.00029202 0.000301943
58 50 0.000242927 3.55688e-06
58 52 -0.000246153 -0.000160572
58 54 -0.000665784 -0.000334147
58 56 0.000331495 -0.000312192
58 57 0.000436489 1.62852e-05
58 65 -0.000106692 -6.8321e-05
59 34 0.000390725 -0.000217936
59 35 0.00021997 2.76258e-05
59 36 0.000539363 7.12946e-05
59 37 0.00102457 -0.000514836
59 38 0.000314986 -0.000162381
59 39 7.04951e-05 -0.000382993
59 40 -0.000154608 4.65554e-05
59 41 0.000441233 0.0002871
59 42 0.000717328 0.000225569
59 43 0.000441213 -0.000135171
59 44 6.90309e-05 0.000303942
59 45 0.000375459 0.000197015
59 46 -0.000378676 0.000312518
59 47 6.91665e-05 6.93669e-05
59 48 -0.000284495 -0.000209443
59 49 -0.000503531 0.000203657
59 50 0.000893878 0.000624503
59 51 2.49505e-05 -3.82525e-05
59 54 0.000322978 0.000328529
59 55 0.000116651 4.61933e-05
59 56 0.000177658 -0.000305312
59 57 8.0621e-05 -1.07146e-05
59 63 -0.00019916 0.000248863
59 64 -0.000224126 0.000137662
60 34 0.000338736 -7.57426e-05
60 35 0.000291512 -0.000234724
60 36 7.64694e-05 -6.98665e-05
60 37 0.000673985 -0.000511973
60 38 -0.000426667 -0.000101136
60 39 0.000196554 -0.000306766
60 40 -2.74306e-05 -0.000137497
60 41 0.000212579 -0.00041221
60 44 0.000462624 5.92495e-06
60 45 0.000844552 0.000304555
60 46 0.000195496 -0.000147324
60 47 -0.000210679 -0.000133808
60 48 0.000247947 -0.000379255
60 49 0.00103632 -0.000202039
60 50 0.000153525 -4.89374e-05
60 51 0.000357136 0.000108732
60 52 0.00021275 -0.000120231
60 55 -0.000240176 -4.34466e-06
60 56 -6.86924e-05 5.01554e-06
60 57 0.000499101 0.000136946
60 58 -8.34441e-05 -5.52395e-05
60 59 0.000140485 -0.00014452
61 34 0.000449732 2.81619e-05
61 35 2.8729e-05 -2.35509e-06
61 36 -0.000139008 -0.000247149
61 38 5.39473e-05 -2.41342e-05
61 39 -0.000199202 8.90816e-05
61 40 0.000287519 0.000243321
61 41 0.000370704 0.000107073
61 42 0.000397604 7.69845e-05
61 43 -0.000258731 6.3603e-05
61 45 -3.85607e-05 9.0535e-05
61 46 0.000582118 -6.37552e-05
61 47 0.000549779 7.04369e-06
61 48 -0.000211706 0.000403583
61 49 4.60542e-05 -0.000375827
61 51 0.000282585 7.68508e-05
61 53 0.000324854 0.000283412
61 54 2.37633e-05 -4.79756e-05
61 55 -8.56157e-05 -0.000319309
61 57 -0.000173729 0.000169373
61 63 7.80629e-05 0.000214015
62 33 0.000128782 -0.000460176
62 34 0.00120316 -0.000364551
62 35 0.000117532 -1.58601e-05
62 36 0.000220882 -0.000323626
62 37 -0.000351362 -0.00015816
62 38 0.000119583 -8.16419e-05
62 39 0.000827436 -0.00048156
62 42 0.00105803 0.000127573
62 43 0.000378286 -0.000349118
62 44 0.000241969 -1.51386e-06
62 45 0.000387203 -2.54545e-05
62 46 0.000338576 -9.24871e-05
62 47 5.74566e-06 1.12502e-06
62 48 0.000551681 0.000302506
62 49 0.000429328 0.000242688
62 50 0.000147398 0.00018364
62 51 0.00012353 -2.35151e-05
62 52 0.000135426 0.000248453
62 53 -0.00020066 -8.93302e-05
62 54 0.000279807 -0.00024612
62 55 3.06617e-05 -9.87801e-05
62 56 5.24001e-05 -2.0519e-05
62 58 5.51316e-05 -4.31664e-05
62 60 0.000355234 0.000258303
63 35 0.000151917 0.000194273
63 36 3.14879e-05 -0.000114223
63 37 0.000579824 8.56619e-05
63 38 -0.0001886 0.000166711
63 39 0.000226685 -0.000312946
63 40 0.000582041 -0.000336166
63 41 -0.000685911 0.000149946
63 42 0.00028392 -1.48623e-05
63 43 0.000285147 1.96207e-05
63 44 0.000251227 -0.000297466
63 45 -0.000181527 -0.000103876
63 46 0.000286108 0.000265699
63 47 0.00026614 0.000387102
63 48 0.000349227 -8.00654e-05
63 49 -0.000546331 4.39786e-05
63 50 0.000177962 -0.000112238
63 55 0.000308003 -1.4543e-05
63 58 0.000508888 0.000205407
63 59 -1.96548e-06 6.90136e-05
63 60 -0.000173613 0.000316559
63 61 -1.97764e-05 0.000227603
64 33 0.000333959 -3.37417e-05
64 34 0.000221016 0.000147216
64 35 0.000301408 -2.81758e-06
64 36 0.00089943 -0.000317778
64 37 0.000131318 0.000158059
64 38 0.000120161 -0.00033084
64 39 -0.000143037 -7.19981e-05
64 40 -5.35191e-05 -0.000327946
64 41 -0.000114343 -0.000342926
64 43 0.0001007 -0.000101198
64 44 0.000506255 0.000210471
64 45 3.18985e-05 -0.000376056
64 47 7.77157e-05 2.77923e-06
64 48 0.000181863 -0.000108581
64 49 6.84717e-05 -6.74407e-05
64 50 0.000266895 0.0002256
64 54 0.000163845 -1.02744e-05
64 55 -0.000350504 0.000103001
64 56 -0.000252396 -0.00023084
64 58 0.000445673 -4.08751e-05
64 63 1.24153e-05 6.06903e-06
64 66 0.000128972 5.64851e-06
65 34 -0.000147725 -0.000172778
65 35 -0.000290705 8.96287e-05
65 36 0.000180087 -0.0001169
65 37 0.000476859 4.04245e-05
65 38 -0.000247834 0.000126019
65 39 -0.000153733 0.000141748
65 40 0.000461868 -0.000336337
65 41 0.000385137 -0.000284268
65 42 0.000397548 0.000134773
65 43 0.000491088 -5.27902e-05
65 44 0.00110586 0.000148109
65 46 -0.000195593 0.000290968
65 47 0.000318933 -0.000224099
65 50 0.000178825 0.000142511
65 51 0.000360227 0.000211015
65 52 0.000247277 -0.000166848
65 54 0.000746958 0.000393146
65 55 1.92997e-05 1.24224e-05
65 57 0.000178785 0.000385687
65 58 0.000567978 7.17028e-05
65 59 0.000245226 0.000229305
65 60 -0.00039524 0.000117888
65 61 0.000142666 -5.59871e-05
65 65 0.000183655 0.000104
66 33 0.000877245 -5.78514e-05
66 34 0.000170244 -0.000374539
66 35 -0.000254355 -4.64212e-05
66 37 -0.000388986 0.000237954
66 38 -0.000291576 -7.35826e-06
66 41 0.000346384 0.000217584
66 42 0.000246923 5.61428e-05
66 43 0.000288174 -0.00032511
66 45 -5.04307e-05 -3.29713e-05
66 46 0.000278673 -0.000145296
66 47 0.000174209 -5.9395e-05
66 48 0.000317719 -0.000338958
66 50 0.000449948 3.97006e-05
66 52 0.000449319 0.000134574
66 53 0.00041456 -0.00015523
66 54 9.6546e-05 -0.000351215
66 56 -0.000318969 0.000287747
66 61 2.07665e-07 -6.86757e-07
