0 33 18.767 6288.78
0 34 78.9827 10667
0 35 -27.8562 11026.9
0 36 -59.2859 11159.9
0 37 47.2096 11369.8
0 38 -24.0523 11405.7
0 39 111.387 11466
0 40 15.1158 11471
0 41 -21.8763 11866.2
0 42 0.649172 12718.1
0 43 113.697 12970.5
0 44 43.5703 13946.7
0 45 162.476 16464.4
0 46 345.768 22229.1
0 47 13.2611 215.222
0 55 4.7026 1.40376
1 33 90.6786 18510.3
1 34 218.772 31473.1
1 35 29.8161 32080.5
1 36 113.454 32713.4
1 37 147.898 32867.7
1 38 316.288 33349.3
1 39 340.201 33926.5
1 40 367.207 34384.3
1 41 165.847 34806.7
1 42 511.6 35290.4
1 43 257.228 37183.5
1 44 770.888 38593.6
1 45 635.481 45287.3
1 46 689.44 65134.7
1 47 25.4927 644.949
2 33 148.39 28367.9
2 34 343.337 47761.2
2 35 296.133 48845.4
2 36 358.098 49708.2
2 37 597.11 51015.6
2 38 637.515 51726.6
2 39 801.593 52569.4
2 40 470.139 53733.3
2 41 936.711 55072.3
2 42 1154.7 55629.1
2 43 1194.97 57940.8
2 44 1654.88 63273
2 45 1745.68 77199.7
2 46 2246.27 105976
2 47 8.91337 872.226
3 33 271.12 36635
3 34 524.267 62149.9
3 35 808.1 63772.2
3 36 692.728 65108.7
3 37 1032.68 66489.5
3 38 1221.03 67417
3 39 1104.18 68312.2
3 40 1126.35 68748.2
3 41 1617.69 70512.3
3 42 1963.35 72934.1
3 43 1984.23 76632.9
3 44 2232.21 85042.7
3 45 3247.7 101691
3 46 4959.48 139889
3 47 28.5771 1114.18
3 60 8.97003 6.07104
4 33 290.767 42612.4
4 34 807.796 71471.8
4 35 1202.78 72804.3
4 36 955.821 74016.4
4 37 1393.01 76330.3
4 38 1465.12 77908.1
4 39 1685.78 79108.5
4 40 2161.48 80442.9
4 41 2326.86 82130.6
4 42 2650.9 85945.3
4 43 3090.66 91679.7
4 44 3721.32 98966.8
4 45 4743.15 119172
4 46 8289.21 166902
4 47 10.1369 1120.41
4 48 -6.39942 -1.97921
4 50 -4.46284 3.76106
4 63 8.40123 2.5803
5 33 229.049 44543.4
5 34 985.572 75454.9
5 35 1388.63 78170.2
5 36 1526.83 79599.4
5 37 1907.54 80453.7
5 38 2066.86 82677.8
5 39 2358.36 85192.1
5 40 3152.42 86311.1
5 41 3181 88980
5 42 3555.76 93005
5 43 3921.35 97727.9
5 44 5018.05 107421
5 45 7072.8 130268
5 46 11022.4 182028
5 47 34.3674 1495.16
5 48 10.555 3.54775
5 50 9.33001 -5.45911
5 51 1.36487 1.6911
5 56 -6.56574 -5.19507
5 57 -5.84218 4.8311
5 63 4.70693 0.586621
6 33 322.185 43509.2
6 34 1502.81 73538.7
6 35 1687.74 75689.6
6 36 2108.56 77569.2
6 37 1991.83 80003.8
6 38 2636.34 81809.3
6 39 2680.01 83094.9
6 40 3223.18 85730.3
6 41 3836.73 89793.4
6 42 4399.94 95068.2
6 43 5183.21 101248
6 44 6443.59 110655
6 45 9023.46 137470
6 46 13172.1 192565
6 47 113.859 1679.48
6 50 -4.96704 -4.93119
6 52 2.53262 3.41324
6 59 10.0083 -8.40554
7 33 296.989 42425.2
7 34 1489.9 71698.1
7 35 2013.4 73530.5
7 36 2232.29 76094.3
7 37 2569.05 77132.1
7 38 3094.13 79117.1
7 39 3444.97 81534.4
7 40 3875.42 83922.5
7 41 4092.73 87532.6
7 42 4846.59 92829.1
7 43 6211.93 101966
7 44 7571.12 113226
7 45 10122.6 139766
7 46 15843.9 199093
7 47 70.6934 1807.8
7 50 -20.0008 2.70903
7 52 1.67286 2.31941
8 33 379.649 38379.2
8 34 1503.35 64739.3
8 35 2413.55 66657.9
8 36 2675.35 68602
8 37 2930.78 70827.3
8 38 3467.15 73451.1
8 39 4164.48 75299
8 40 4257.16 77768.1
8 41 4576.24 81420.1
8 42 5217.87 86769.2
8 43 6288.17 94603
8 44 8339.93 107706
8 45 11212.6 134065
8 46 18398.5 193386
8 47 49.9223 1633.64
8 48 0.0552119 23.8653
8 49 -5.75937 25.6099
8 50 -8.53111 0.533407
8 51 1.3772 7.07334
8 52 3.66163 7.54944
8 60 1.37556 3.9183
9 33 543.288 32879.3
9 34 1608.4 56009.7
9 35 2196.79 57712.3
9 36 2806.76 59201.2
9 37 3035.06 61293.8
9 38 3929.42 63694.4
9 39 4182.18 66201.9
9 40 4757.44 69512.2
9 41 5039.05 72415.7
9 42 5304.12 78286.7
9 43 6308.04 85469.3
9 44 8372.56 98514.4
9 45 12186.2 128899
9 46 18773.4 183103
9 47 70.758 1476.02
9 50 5.84856 6.06282
9 52 14.1489 8.3772
9 60 0.497352 1.43241
9 61 0.955831 2.7
9 63 1.05384 9.49817
10 33 582.278 27810.7
10 34 1476.76 47184.3
10 35 2283.48 48596.4
10 36 2736.66 50274.7
10 37 3444.43 52650.3
10 38 3526.13 54501.2
10 39 3999.71 56360.8
10 40 4173.58 58911.8
10 41 5190.91 63874.2
10 42 5596.4 68829
10 43 6576.36 77316
10 44 8123.09 88340.9
10 45 12124.5 115620
10 46 19599.9 174421
10 47 81.5301 1145.56
10 49 4.19914 1.59682
10 50 3.92522 3.98173
10 51 0.791894 0.782754
10 52 2.71831 5.53915
10 53 -3.4857 4.51102
10 61 1.08039 2.96248
10 66 1.97325 0.13236
11 33 426.509 21892.1
11 34 1792.16 37322.2
11 35 2326.51 38925.8
11 36 2731.62 40651.6
11 37 3193.13 42023.7
11 38 3025.79 43886.1
11 39 3809.78 46355.3
11 40 4220.38 49330.1
11 41 4908.52 52805.7
11 42 5591.73 57661.3
11 43 6229.32 65566.6
11 44 8163.92 77975.7
11 45 12068.8 102765
11 46 19035.8 151871
11 47 138.526 1335.26
11 51 3.81403 3.7945
11 53 14.593 7.25832
11 57 0.250125 0.675233
11 61 1.62129 4.66614
11 62 0.224744 0.64134
11 66 10.1345 0.844078
12 33 482.063 17304.8
12 34 1691.29 29432
12 35 2154.73 30519.4
12 36 2500.61 31503.6
12 37 3043.17 33485.9
12 38 2934.52 34800.1
12 39 3478.93 37141.3
12 40 3827.15 39083.1
12 41 4495.69 43359.9
12 42 5085.92 48715
12 43 5896.51 55656.5
12 44 7853.39 65915.8
12 45 11310 89135.5
12 46 17777.1 133484
12 47 93.5902 987.307
12 50 -8.41015 1.41033
12 51 3.79902 3.71466
12 52 0.702133 3.75258
12 53 11.7174 20.8835
12 54 0.449508 1.25036
12 57 -2.02716 6.45126
12 62 1.63031 4.48598
12 66 10.6239 0.505893
13 33 321.061 13032.3
13 34 1470.8 22505.6
13 35 2029.48 23468.2
13 36 2259.26 24690.2
13 37 2841.37 25485.6
13 38 2876.48 27022
13 39 2962.21 29205.7
13 40 3909.84 32185.5
13 41 4085.87 34604.6
13 42 4288.31 38692.5
13 43 5226.94 44305.5
13 44 7004.73 55643.4
13 45 10528.8 77474.9
13 46 15930.2 115092
13 47 54.4346 754.975
13 48 7.95716 5.14383
13 49 10.4845 1.50249
13 51 7.70424 1.05864
13 53 4.09387 -1.33721
13 54 1.79026 5.19812
13 57 3.01396 8.36199
13 58 2.15629 5.59127
13 62 1.65041 4.60227
14 33 295.532 9491.83
14 34 1174.68 16270.1
14 35 1659.23 17321.5
14 36 2092.55 18710.2
14 37 2413.58 19954.8
14 38 2665.58 21460
14 39 2893.66 22703.1
14 40 3315.13 24416.8
14 41 3682.35 27291.7
14 42 4136.23 31246.3
14 43 4681.82 35929.8
14 44 5853.74 43211.2
14 45 9601.29 62065.1
14 46 15091.1 96740.1
14 47 15.0554 491.706
14 51 4.83178 4.54509
14 53 4.0391 5.16469
14 54 1.4992 4.30423
14 55 0.150611 0.433888
14 57 4.89638 3.25371
14 58 4.62533 33.2606
14 59 2.53293 3.8913
14 62 0.275503 0.840716
14 63 1.28683 3.83687
15 33 188.771 6787.04
15 34 873.884 11602.3
15 35 1464.51 12538.2
15 36 1931.86 14034.4
15 37 1938.2 14469.3
15 38 2292.12 15434.8
15 39 2507.94 17042.5
15 40 2828.7 18398.3
15 41 3025.45 20543
15 42 3599.89 23528
15 43 4201.83 29029.1
15 44 5354.2 36530.4
15 45 8311.17 50335.5
15 46 13265.8 77046.8
15 47 12.558 396.409
15 51 2.74211 2.45662
15 53 3.55804 4.36896
15 55 1.64393 4.94033
15 57 -12.7644 -0.514922
15 58 6.94652 15.9672
15 59 15.8242 21.6042
15 60 11.1225 -10.3293
15 62 -4.83285 -3.91585
15 63 -0.780194 -0.20014
16 33 265.454 4544.12
16 34 605.712 7900.07
16 35 1223.41 8581.91
16 36 1669.86 9550.71
16 37 2302.14 10587.6
16 38 2030.3 10852.8
16 39 2314.8 12112.4
16 40 2591.06 13785.7
16 41 2971 15564.5
16 42 3060.54 17765.6
16 43 3584.71 21014.5
16 44 4524.93 27725.6
16 45 7367.73 41242.2
16 46 11015 62099.2
16 47 50.3961 432.61
16 48 -3.94365 11.1618
16 49 0.520342 9.00743
16 52 5.5573 4.92832
16 53 -1.94234 3.7737
16 54 2.72283 2.98715
16 55 1.87684 5.93911
16 56 -0.994548 1.76153
16 57 0.413125 9.72995
16 60 3.42988 -2.6796
16 63 0.647952 2.03028
16 64 1.32787 4.34025
17 33 146.141 2778.43
17 34 615.571 4895.89
17 35 982.286 5362.54
17 36 1499.14 6323.78
17 37 2007.37 7279.11
17 38 1746.72 7708.19
17 39 1996.45 8514
17 40 2303.61 9408.2
17 41 2387.77 10821.9
17 42 2740.98 13380.9
17 43 3031.82 15849.1
17 44 3788.01 20450.4
17 45 6218.33 31313.4
17 46 9405.32 50153.7
17 47 48.0329 367.064
17 48 -4.64633 13.1593
17 50 3.76213 -2.50655
17 52 10.5261 4.31392
17 54 5.14333 5.97229
17 55 0.134597 0.437829
17 56 -2.45731 12.559
17 57 17.2236 0.994711
17 64 1.91002 7.04787
18 33 116.986 1868.19
18 34 543.87 3268.82
18 35 924.693 3602.5
18 36 1359.43 4290.65
18 37 1677.19 4914.6
18 38 1724.01 5527
18 39 1724.36 6352.93
18 40 2057.14 7026.19
18 41 2184.54 8221.47
18 42 2315.52 9531.44
18 43 2607.4 12054.1
18 44 3187.18 15984.6
18 45 5092.63 24591.6
18 46 7861.45 38763.1
18 47 13.4024 209.143
18 48 1.5336 -4.45475
18 49 10.9857 1.57146
18 50 10.8901 5.43012
18 51 7.87738 3.39599
18 52 7.46586 8.64546
18 53 5.79835 -0.807585
18 54 10.3899 11.659
18 56 0.531746 8.84421
18 62 -22.1385 10.8009
18 64 0.474749 2.13033
18 65 2.07958 12.1522
19 33 71.7389 1061.18
19 34 410.827 2055.83
19 35 955.235 2462.86
19 36 1217.91 2991.73
19 37 1411.85 3351.35
19 38 1552.62 3684.19
19 39 1607.12 4159.07
19 40 1657.61 4851.71
19 41 1921.71 6040.42
19 42 1791.25 7154.98
19 43 2178.53 9174.72
19 44 2657.13 12124.9
19 45 4109.48 18082.6
19 46 6309.39 29177.7
19 47 28.542 209.54
19 48 -5.53171 3.14435
19 49 -13.6498 24.1826
19 50 6.89672 -0.742347
19 52 23.1023 39.5869
19 53 6.55614 1.16189
19 56 0.48593 1.4872
19 57 1.66903 4.85983
19 62 12.2617 2.42818
19 63 10.2753 1.49535
19 65 0.36914 2.42025
19 66 2.19514 14.5509
20 33 59.8195 655.381
20 34 307.043 1319.19
20 35 792.434 1601.45
20 36 1034.24 1925.82
20 37 1183.4 2333.73
20 38 1343.49 2813.7
20 39 1410.88 3327.2
20 40 1396.98 3418.08
20 41 1578.45 4381.62
20 42 1572.99 5472.2
20 43 1753.23 6865.22
20 44 2209.24 9124.69
20 45 3567.71 14684
20 46 4745.27 20465.1
20 47 16.8514 106.901
20 48 -10.7007 -10.4475
20 49 10.832 2.85011
20 50 0.188824 11.039
20 52 5.31028 4.63554
20 53 2.0427 4.49863
20 55 6.43803 10.526
20 57 2.60712 7.11054
20 59 -4.42978 0.389016
21 33 68.4511 407.62
21 34 357.488 743.399
21 35 646.347 1023.83
21 36 739.111 1294.73
21 37 1034.32 1753.36
21 38 1271.55 2157.67
21 39 1182.47 2415.22
21 40 1445.59 3111.02
21 41 1289.34 3303.84
21 42 1480.53 3969.62
21 43 1491.93 4732.11
21 44 1759.45 6376.56
21 45 3009.09 11323.6
21 46 3884.97 16404.9
21 47 3.10377 37.2733
21 48 3.93705 0.349307
21 50 14.4546 3.44881
21 51 -12.6999 5.16691
21 52 0.239019 8.48832
21 54 14.0137 9.7675
21 55 4.65023 0.582619
21 57 1.45293 3.78469
21 58 1.34427 3.47462
21 64 -7.69311 2.96604
22 33 43.865 235.726
22 34 295.614 504.623
22 35 508.549 684.27
22 36 579.238 886.377
22 37 856.727 1225.24
22 38 1091.81 1594.59
22 39 944.28 1632.29
22 40 1280.33 2150.93
22 41 1215.84 2328.57
22 42 1180.72 2876.55
22 43 1255.26 3690.15
22 44 1308.1 4648.75
22 45 2369.86 8031.65
22 46 3063.03 12065.7
22 47 4.87927 54.6015
22 48 6.85484 9.88383
22 51 1.8561 1.92134
22 52 3.45025 3.24745
22 53 1.24929 1.19844
22 54 8.28291 6.04494
22 55 -0.938954 -0.626008
22 58 3.44029 8.53995
22 61 -4.9111 6.41596
23 33 59.4148 145.779
23 34 239.772 313.737
23 35 474.159 502.115
23 36 577.254 661.235
23 37 747.699 931.832
23 38 968.222 1183.58
23 39 1009.34 1459.33
23 40 994.718 1577.56
23 41 951.301 1618.56
23 42 971.065 2008.9
23 43 1001.04 2517.73
23 44 1209.52 3492.21
23 45 1879.98 5880.27
23 46 2321.03 8616.23
23 47 17.7894 65.7359
23 48 -4.35579 33.6146
23 50 1.87219 8.76734
23 53 4.16034 4.02248
23 54 8.68979 5.85672
23 55 13.92 2.71775
23 56 1.22087 0.746111
23 58 4.25896 9.65786
23 61 -17.5444 12.6863
23 65 3.72103 -1.60843
24 33 31.5338 71.964
24 34 159.099 147.814
24 35 312.97 273.364
24 36 427.21 389.253
24 37 644.963 729.779
24 38 880.241 1051
24 39 761.793 1126.66
24 40 842.977 1338.75
24 41 904.691 1461.83
24 42 816.59 1705.29
24 43 909.104 2045.26
24 44 865.859 2394.73
24 45 1482.5 4192.66
24 46 1526.92 5781.07
24 47 -5.20066 4.44045
24 48 5.61187 -2.34751
24 49 -0.841808 -1.59966
24 50 2.00694 23.5729
24 52 -4.24865 0.320957
24 53 24.7242 -2.69552
24 54 13.2273 7.20057
24 55 8.46481 7.26361
24 56 4.12535 2.1329
24 57 5.72188 14.1505
24 58 7.07459 14.3562
24 59 6.81636 15.8319
24 61 -9.70607 6.9721
25 33 31.8181 27.217
25 34 71.1014 61.4315
25 35 293.115 228.931
25 36 347.354 277.1
25 37 549.828 590.054
25 38 742.7 859.14
25 39 678.572 898.875
25 40 858.35 1279.75
25 41 815.558 1232.85
25 42 689.11 1283.92
25 43 814.766 1732.59
25 44 810.575 2012.62
25 45 1159.51 3115.99
25 46 1193.59 3927.25
25 47 16.4079 18.2298
25 48 3.08002 5.01483
25 50 9.63885 4.07129
25 52 -15.6202 4.22124
25 53 7.82297 0.619343
25 54 11.7233 7.99619
25 56 3.64648 2.03348
25 58 3.39787 -12.0967
25 59 17.8629 41.0324
25 61 -4.29174 5.07885
25 62 12.1581 11.7782
25 63 -2.12883 5.60806
26 33 30.5906 13.4846
26 34 47.5609 41.2143
26 35 256.915 164.953
26 36 309.476 239.886
26 37 447.046 418.409
26 38 636.098 696.215
26 39 576.907 731.293
26 40 758.636 1010.8
26 41 748.911 1090.75
26 42 514.087 941.679
26 43 700.015 1402.83
26 44 618.055 1480.79
26 45 883.25 2342.81
26 46 964.113 3258.02
26 47 20.1909 43.6425
26 48 18.005 11.2125
26 50 1.99083 7.83196
26 51 7.1936 21.5278
26 52 -7.0813 5.12407
26 53 11.6871 4.03839
26 54 4.89982 4.14648
26 56 4.0375 2.41206
26 57 -0.179083 8.00508
26 58 1.27066 -10.0553
26 60 -3.50676 4.57176
27 33 29.7193 6.5418
27 34 52.2197 24.3741
27 35 180.517 89.2316
27 36 308.017 194.36
27 37 374.567 309.714
27 38 538.298 522.863
27 39 619.197 690.54
27 40 668.967 814.331
27 41 667.355 926.567
27 42 469.456 791.954
27 43 550.209 1103.31
27 44 509.9 1190.69
27 45 754.595 1962.02
27 46 583.08 1935.12
27 47 7.14866 4.37177
27 48 4.87546 3.40448
27 50 -0.713747 1.34909
27 51 8.25029 8.41467
27 52 11.5344 33.4657
27 53 10.1201 7.59657
27 54 7.23192 7.14731
27 55 9.25338 3.47462
27 56 6.41642 3.75272
27 60 -2.97204 3.82039
27 61 -5.14451 -0.269736
28 33 40.7287 -3.09844
28 34 51.3396 12.4743
28 35 164.489 56.1809
28 36 278.023 165.91
28 37 308.647 249.584
28 38 493.284 422.35
28 39 503.434 545.83
28 40 551.104 683.46
28 41 580.037 763.177
28 42 444.706 738.05
28 43 429.062 806.15
28 44 480.128 1024.25
28 45 627.247 1493.52
28 46 431.584 1324.33
28 47 -10.1503 2.86789
28 48 5.03147 -0.431715
28 50 4.86013 -0.731285
28 51 6.84045 7.81509
28 53 5.24795 4.07229
28 55 10.6839 0.0480043
28 56 6.63164 4.1074
28 59 5.71244 1.6798
28 61 3.30148 1.40346
28 62 -1.07516 29.3531
28 63 7.49997 -3.6328
29 33 40.6606 -7.71683
29 34 31.9232 3.07546
29 35 92.8688 35.554
29 36 241.749 137.023
29 37 288.954 236.328
29 38 454.49 367.772
29 39 397.136 408.373
29 40 533.379 631.74
29 41 543.338 703.427
29 42 421.14 675.06
29 43 392.486 643.259
29 44 365.046 667.478
29 45 515.184 1141.78
29 46 302.309 908.778
29 47 3.24856 13.8578
29 48 14.2886 -1.10872
29 50 12.6874 -2.62268
29 51 3.96652 4.71186
29 52 16.2001 16.1345
29 54 -5.72492 -1.48097
29 56 4.3052 2.87917
29 57 8.18462 5.42959
29 61 3.07462 1.2928
29 63 7.01553 3.94728
30 33 19.9002 -6.11164
30 34 23.2299 3.10093
30 35 64.2433 20.4574
30 36 262.277 122.125
30 37 281.889 197.898
30 38 374.427 285.077
30 39 365.077 365.074
30 40 337.032 413.427
30 41 427.608 535.807
30 42 369.381 571.507
30 43 306.524 484.082
30 44 298.41 496.397
30 45 386.187 750.222
30 46 233.797 576.392
30 47 -9.9368 4.49202
30 48 5.0944 -11.0063
30 49 -5.9619 -3.25638
30 50 0.847141 1.31746
30 52 11.3839 16.3928
30 56 4.54907 6.5341
30 60 -5.02827 0.00941214
30 61 4.20919 1.56295
31 33 29.7657 -7.06955
31 34 30.8413 -2.21534
31 35 60.2226 23.5116
31 36 185.241 97.6138
31 37 196.664 190.393
31 38 318.46 272.264
31 39 335.536 341.54
31 40 376.223 412.6
31 41 360.258 450.302
31 42 382.371 571.041
31 43 353.512 590.107
31 44 308.218 481.793
31 45 301.913 555.652
31 46 137.121 389.364
31 47 2.32646 2.92083
31 48 -13.223 -5.9588
31 50 1.07341 1.68204
31 51 1.30419 2.00389
31 52 19.4321 28.0369
31 57 6.84417 8.82525
31 61 2.75625 0.947342
32 33 11.9443 -7.43702
32 34 17.6422 4.22832
32 35 77.6205 26.015
32 36 188.289 95.3316
32 37 172.108 123.953
32 38 210.614 187.805
32 39 230.793 250.956
32 40 305.275 350.238
32 41 364.41 429.319
32 42 294.54 427.375
32 43 301.731 479.728
32 44 227.655 384.819
32 45 221.646 416.141
32 46 127.761 319.584
32 47 10.6207 0.022389
32 48 3.97799 22.6037
32 49 -8.62883 15.7896
32 51 3.00773 4.76375
32 52 1.42629 3.21718
32 53 16.2472 12.9433
32 54 14.544 -0.0286454
32 58 6.85605 0.66007
32 59 -7.64852 8.21347
32 61 1.7028 2.8522
32 64 3.21371 -4.43853
33 33 15.5203 -2.60185
33 34 14.0879 0.847672
33 35 51.9901 21.8042
33 36 126.638 52.8929
33 37 154.013 112.426
33 38 170.893 162.498
33 39 231.04 221.672
33 40 282.626 277.919
33 41 328.854 407.685
33 42 254.122 347.945
33 43 247.549 428.052
33 44 229.56 358.498
33 45 222.676 414.972
33 46 49.0666 109.242
33 47 14.1524 8.22922
33 48 -17.5415 3.53716
33 49 20.6577 3.887
33 50 5.36638 7.77727
33 51 -6.64761 8.54733
33 61 5.40746 1.8319
33 63 -1.73648 -3.74041
34 33 18.5242 -1.51634
34 34 17.4324 -3.63745
34 35 40.0246 11.7101
34 36 120.47 43.9619
34 37 153.834 106.388
34 38 205.228 181.373
34 39 164.626 147.727
34 40 208.516 228.735
34 41 288.612 376.556
34 42 235.422 337.581
34 43 204.539 323.881
34 44 212.725 351.646
34 45 173.626 362.057
34 46 9.749 51.9115
34 47 -10.3212 11.2103
34 48 0.863722 15.1139
34 49 30.0422 22.3962
34 50 13.6333 15.4007
34 51 -12.5122 5.45072
34 53 -7.22316 -0.962219
34 54 -17.659 7.42135
34 56 3.51547 4.71419
34 61 4.78211 1.71025
35 33 1.79343 -0.412238
35 34 31.7474 -0.155405
35 35 49.2177 5.73734
35 36 101.787 27.6307
35 37 144.683 91.81
35 38 137.927 124.645
35 39 171.411 161.691
35 40 176.546 188.254
35 41 235.038 293.217
35 42 284.988 391.364
35 43 176.159 254.876
35 44 178.795 295.94
35 45 179.205 379.472
35 46 50.4357 134.411
35 47 -14.4423 7.61463
35 48 3.41238 4.40992
35 49 17.9649 12.0333
35 51 -5.35391 1.75846
35 52 2.79265 4.59264
35 54 8.66724 -2.82296
35 58 -0.149175 0.137946
35 59 11.1925 19.0051
35 61 15.3471 5.56776
35 63 4.42542 -4.01669
35 66 -9.00915 12.3971
36 33 1.68474 -0.703471
36 34 10.3204 6.78296
36 35 34.6359 8.87628
36 36 88.7738 43.0475
36 37 133.03 68.6086
36 38 162.329 131.195
36 39 145.378 133.005
36 40 184.386 168.603
36 41 165.336 237.657
36 42 197.722 258.619
36 43 173.079 213.853
36 44 164.555 227.762
36 45 153.203 247.423
36 46 49.0497 153.031
36 47 1.89442 3.58733
36 48 -1.33406 3.78458
36 49 4.70832 -3.70207
36 50 -2.7582 -9.56127
36 51 -2.77851 4.45843
36 52 5.17274 7.88612
36 54 8.41193 -6.59587
36 57 -5.28186 1.64641
36 59 9.29819 -0.727398
37 33 4.43735 -1.12763
37 35 20.2129 4.50349
37 36 35.531 15.4839
37 37 140.196 66.5428
37 38 150.135 131.535
37 39 125.722 113.826
37 40 111.672 113.157
37 41 123.661 149.061
37 42 182.072 212.329
37 43 137.092 211.019
37 44 150.483 210.091
37 45 137.381 250.904
37 46 22.2034 59.4283
37 47 -4.27098 3.24604
37 48 10.9287 14.6851
37 49 18.2515 5.73177
37 50 -9.57494 -6.54701
37 51 -5.96761 -0.402723
37 52 8.37379 5.59291
37 56 8.91655 0.416256
37 57 4.22162 4.06735
38 33 2.06191 -0.528671
38 35 43.4182 9.66552
38 36 22.7676 7.53117
38 37 111.818 47.3692
38 38 95.5082 96.9346
38 39 131.003 120.911
38 40 131.179 113.714
38 41 92.6391 121.806
38 42 145 173.972
38 43 141.441 180.146
38 44 108.171 165.834
38 45 83.1907 163.025
38 46 22.7243 15.2499
38 48 10.7637 3.40814
38 49 -1.12111 14.8649
38 50 -7.47067 -7.03938
38 51 6.90329 4.86471
38 52 11.2551 10.7465
38 53 1.78845 2.12034
38 57 4.57473 -4.64449
39 33 3.78865 -0.805102
39 35 35.5019 5.17767
39 36 29.7209 15.7614
39 37 99.995 42.4015
39 38 104.185 117.944
39 39 108.466 100.878
39 40 102.477 64.0514
39 41 106.209 110.902
39 42 144.472 163.53
39 43 114.921 148.936
39 44 95.4737 160.607
39 45 55.9615 110.689
39 46 3.74551 5.59967
39 47 4.2225 2.69556
39 48 12.8381 -2.38769
39 49 11.8091 15.3358
39 50 0.672619 -6.89485
39 51 15.2417 15.9799
39 52 1.91371 4.60533
39 53 5.84866 6.11704
39 54 9.75286 4.03945
39 57 -3.57446 -2.84531
39 58 -14.0924 -5.71409
39 60 -9.22104 -5.12617
39 61 -1.0473 -4.64431
39 64 5.16976 0.686721
39 65 -10.0783 -3.00539
40 33 4.77048 -0.988812
40 35 17.8409 3.88117
40 36 22.4466 1.8365
40 37 94.4652 38.2445
40 38 100.488 66.6761
40 39 83.381 80.1393
40 40 99.1889 61.2355
40 41 82.6021 106.21
40 42 117.011 100.977
40 43 71.9335 110.096
40 44 47.475 77.2243
40 45 67.7362 129.666
40 46 8.78509 36.2728
40 47 8.70043 5.08859
40 48 5.10332 -1.87151
40 49 -2.30382 6.89247
40 50 8.04029 3.27229
40 51 12.6795 6.05378
40 52 9.90592 25.1964
40 53 11.8809 10.6191
40 56 0.168762 0.152855
40 58 -4.01116 -3.01711
40 60 5.02572 0.804232
40 63 -2.59938 3.97486
41 33 1.33181 -0.283566
41 34 1.14628 0.61722
41 35 8.53275 7.37891
41 36 5.0967 1.70844
41 37 53.9105 28.5227
41 38 99.48 66.4284
41 39 44.8456 43.4326
41 40 90.168 59.5839
41 41 91.3959 106.168
41 42 104.477 116.846
41 43 41.2702 51.2836
41 44 35.3213 59.1112
41 45 30.8849 75.3587
41 46 15.8562 28.4756
41 47 31.6212 34.6011
41 48 4.39951 3.86226
41 49 3.56799 5.70715
41 50 21.5959 7.01239
41 53 -0.472913 12.7594
41 54 6.36007 3.01921
41 55 4.78507 0.859492
41 56 -7.33156 17.2842
41 57 0.414845 18.3937
41 62 -9.93486 11.1953
42 33 6.93465 -2.01262
42 34 4.19582 2.41573
42 35 20.9986 2.91244
42 36 2.90845 0.828034
42 37 37.1547 17.3204
42 38 95.449 63.3032
42 39 35.9778 35.7159
42 40 98.9577 62.0186
42 41 62.0817 71.372
42 42 83.3661 92.4649
42 43 43.5589 52.5035
42 44 16.1734 29.1162
42 45 18.8923 31.3159
42 46 0.014266 13.9127
42 47 18.3667 12.7646
42 48 4.07553 4.13138
42 49 3.57495 6.43242
42 50 -1.11516 3.174
42 53 -3.02575 5.46935
42 54 20.8784 10.7018
42 55 14.6144 0.34219
42 56 -3.40767 11.4778
42 57 5.32354 1.55671
42 58 -4.09365 -2.03568
42 59 -8.82442 4.65986
42 60 -13.5337 16.3409
43 33 3.13315 -1.13687
43 34 2.6731 1.53558
43 35 18.0468 4.95242
43 36 12.0337 0.723571
43 37 41.1001 15.9275
43 38 72.4157 50.0632
43 39 37.2121 24.9145
43 40 92.0966 67.0107
43 41 85.6969 74.0081
43 42 96.4069 127.458
43 43 65.2353 50.909
43 44 23.7338 27.4635
43 45 15.4308 20.0488
43 46 4.02029 -3.86209
43 47 3.46574 2.65333
43 48 -5.90547 1.25969
43 49 2.91884 5.64142
43 51 4.40118 0.842385
43 52 8.97438 -2.82598
43 53 4.37186 5.49683
43 54 -6.21769 3.04508
43 56 -0.867824 8.23907
43 57 5.28437 9.72469
43 58 -4.20382 9.97727
43 59 -8.64338 6.05439
43 60 -3.32626 3.87673
43 61 -9.81724 0.227031
43 64 3.79808 3.97616
44 33 8.51051 -2.57938
44 34 4.50544 2.56409
44 35 14.8118 6.55196
44 36 17.875 3.40031
44 37 42.3594 17.2539
44 38 37.1809 24.0867
44 39 42.9422 27.704
44 40 44.81 42.2503
44 41 64.7597 78.1925
44 42 79.8666 100.403
44 43 83.8366 94.0797
44 44 22.7262 28.1771
44 45 20.2102 36.4741
44 47 6.41176 -1.61283
44 48 5.19645 0.702271
44 49 -2.91681 4.47938
44 50 5.75205 17.6743
44 52 -4.38609 -1.35204
44 53 2.70419 0.811458
44 54 4.12653 4.93343
44 55 3.21176 0.705208
44 56 -7.59151 10.1055
44 58 -3.69299 12.9714
44 64 3.84869 4.20056
45 33 9.57384 -2.27817
45 34 6.07396 3.55334
45 35 0.929516 0.397638
45 36 25.6847 14.2019
45 37 49.8138 7.606
45 38 49.5677 38.3694
45 39 50.7253 37.6352
45 40 40.0156 35.3084
45 41 39.606 46.8923
45 42 42.8869 68.0814
45 43 51.3684 53.4048
45 44 13.2117 17.2092
45 45 13.9741 18.6447
45 46 -4.74714 -0.752804
45 47 4.77163 5.43387
45 48 12.6793 -2.50648
45 50 3.96521 9.42733
45 52 -8.2355 5.95
45 53 6.51257 2.11755
45 54 5.0589 6.66224
45 55 4.43271 6.09421
45 56 5.21756 3.16256
45 57 -2.88433 8.6778
45 60 -3.6351 -1.92445
45 64 6.44586 7.40308
46 33 10.2869 -1.79814
46 34 6.22828 3.65391
46 35 2.95011 1.19068
46 36 12.4672 -3.95372
46 37 22.6365 -9.95101
46 38 32.4244 33.1933
46 39 86.4922 56.3424
46 40 30.0583 30.7567
46 41 44.3952 45.8878
46 42 60.948 72.6184
46 43 30.6255 28.7308
46 44 22.3071 13.0533
46 45 10.0711 6.60913
46 46 -4.79254 1.78006
46 47 7.07716 -1.00486
46 48 -0.213483 0.603317
46 52 2.85232 -4.5148
46 53 -1.67228 2.67557
46 54 6.49323 9.87769
46 55 10.6339 6.70407
46 56 10.8678 5.04827
46 60 -5.92148 0.442199
46 64 7.28933 7.40493
46 66 4.63871 -1.40832
47 33 -4.7395 3.00788
47 34 4.69314 1.78014
47 35 6.73915 2.55281
47 36 14.7094 2.15458
47 37 -2.80176 2.82
47 38 33.6431 15.0122
47 39 46.9686 23.3932
47 40 43.7669 33.5014
47 41 42.7402 53.4782
47 42 27.4644 52.3238
47 43 55.6439 66.4866
47 44 17.7484 19.4049
47 45 5.22312 10.3751
47 46 14.6772 -15.8346
47 47 11.797 7.26881
47 48 10.1075 5.68717
47 50 -6.80645 -6.41532
47 53 8.50479 2.31859
47 54 6.39828 10.8494
47 56 12.4862 4.8667
47 57 3.0736 3.5796
47 60 0.46334 0.224789
47 61 4.37886 -3.53316
48 33 5.51392 -2.11554
48 35 13.7409 -0.0609983
48 36 4.51528 1.99552
48 37 6.9307 4.59992
48 38 28.6295 16.7506
48 39 53.2125 21.3636
48 40 50.9197 33.5234
48 41 42.4887 30.2393
48 42 26.3187 21.7376
48 43 58.4812 66.5485
48 44 13.5783 14.1175
48 45 3.86707 18.8731
48 46 9.59737 -10.2376
48 47 4.93159 0.969337
48 48 3.46537 2.46665
48 49 6.22951 -1.11243
48 51 -10.2551 -2.05277
48 53 9.667 2.54939
48 54 -12.3919 6.4674
48 56 9.63711 1.73704
48 60 4.3748 1.98627
48 63 -6.03078 17.5484
48 64 -3.23421 9.73151
48 65 7.92782 4.94321
49 35 -1.13336 -5.7857
49 36 14.2927 7.61923
49 37 13.7008 5.29751
49 38 21.4288 13.0876
49 39 28.2772 17.2232
49 40 23.9963 8.83079
49 41 35.0661 27.1211
49 42 26.6777 26.665
49 43 48.6553 53.1086
49 44 20.7832 19.1102
49 45 9.82189 8.63071
49 47 7.33163 1.6699
49 48 17.5713 -5.55166
49 49 12.4613 8.99706
49 53 3.06102 0.621699
49 54 -8.3865 5.85047
49 55 -3.46319 4.3652
49 56 10.567 0.950643
49 57 5.05037 -3.12903
49 59 -2.88521 -3.8157
49 60 6.14236 2.93986
49 63 -1.87629 8.23962
50 35 -3.30459 0.265989
50 38 8.35158 5.27378
50 39 9.31803 6.44101
50 40 39.4492 -3.03844
50 41 35.3134 22.9381
50 42 8.98882 18.3365
50 43 24.1136 25.9461
50 44 20.8641 26.5965
50 45 5.78161 -5.4022
50 46 -12.6749 23.2967
50 47 17.4625 1.77997
50 48 -2.24757 20.2261
50 53 -11.0683 -0.184373
50 59 9.85837 0.260076
50 60 9.05983 0.304469
51 33 5.3613 1.96533
51 34 4.68842 0.0693255
51 36 -0.23734 -5.95019
51 37 4.45621 0.589952
51 38 31.1787 4.92114
51 39 7.24324 10.806
51 40 11.0434 4.7491
51 41 18.0123 16.428
51 42 12.3852 17.7927
51 43 15.173 21.1785
51 44 24.851 26.5578
51 45 -1.42168 1.55292
51 46 -4.9782 -2.38859
51 47 -3.36067 2.06375
51 48 13.1738 12.0719
51 50 10.7347 0.427305
51 53 3.22778 5.68289
51 55 -1.68858 -3.64698
51 57 9.71274 5.96199
51 60 3.45316 12.1092
51 66 -4.16807 -4.87526
52 35 0.132231 0.157524
52 36 2.59773 0.849193
52 38 22.8803 8.15241
52 39 16.3303 -2.41068
52 40 21.2885 0.329641
52 41 20.9704 35.3436
52 42 25.7111 41.3285
52 43 20.6157 16.4608
52 44 8.18167 11.3653
52 45 5.21357 7.96525
52 46 -5.58849 0.215792
52 48 4.77516 -2.55331
52 49 14.9099 5.81968
52 50 -4.88977 2.72407
52 51 -8.24001 6.04038
52 53 2.15994 3.84616
52 54 5.88142 9.56179
52 55 7.20262 7.45179
52 56 5.68573 0.0437526
52 58 4.01869 2.50981
52 60 30.7059 8.50861
52 63 1.48782 0.0305323
53 35 0.844599 1.02582
53 36 8.1369 8.03285
53 38 5.78411 4.12137
53 39 6.20856 3.47067
53 40 14.9426 6.97452
53 41 18.113 14.853
53 42 3.81443 34.208
53 43 15.3625 17.5743
53 44 1.59513 10.6126
53 45 6.97528 0.154659
53 46 4.73078 9.45694
53 47 22.2553 57.1162
53 48 4.85254 1.50427
53 49 6.48726 -5.34357
53 51 4.83623 5.29625
53 52 7.9139 -0.525347
53 53 5.25861 3.37909
53 54 6.99015 12.4293
53 55 -0.964087 12.7473
53 57 -5.70098 -0.727872
53 58 -9.40534 0.356731
54 35 3.91085 -2.86409
54 36 11.0398 8.99468
54 37 -8.49446 1.04253
54 38 2.13832 0.887878
54 39 9.42342 4.20284
54 40 22.384 19.3879
54 41 16.4994 7.06564
54 42 2.29022 8.30307
54 43 24.0223 27.6928
54 45 10.2574 1.05068
54 46 1.43367 4.63617
54 47 5.72703 -0.372503
54 48 1.90794 1.62358
54 49 3.90716 -3.81768
54 50 8.75054 0.406949
54 52 10.9453 4.20232
54 55 4.49771 18.9129
54 57 -4.73972 7.11993
54 58 -9.50272 4.29905
54 62 -9.78239 -1.39464
54 64 5.05351 1.2881
55 33 2.66354 -1.24675
55 35 4.89735 -2.30052
55 36 3.22791 1.20712
55 38 3.59122 1.46349
55 39 24.8393 6.22128
55 40 15.0342 10.9515
55 41 20.4066 14.228
55 42 2.28118 -0.0551887
55 43 21.2942 25.8351
55 44 13.199 2.48521
55 45 5.9464 6.61262
55 46 0.268891 0.371759
55 47 13.8539 3.1063
55 48 -1.38183 12.0316
55 50 -4.44245 3.05369
55 51 4.26483 3.93128
55 52 -8.23563 12.8186
55 58 -6.49829 2.66599
55 62 -9.85222 -0.96069
55 64 -5.45112 -0.729715
56 35 3.14587 3.62684
56 36 3.03302 1.1488
56 38 2.44171 0.976252
56 39 32.1514 12.5806
56 40 2.25993 9.70208
56 41 39.5522 20.9984
56 42 17.4905 12.7558
56 43 25.934 32.6241
56 44 3.10347 5.5158
56 45 5.19718 0.761585
56 46 6.88676 8.77243
56 47 16.8409 12.5071
56 48 18.2417 20.402
56 49 -2.59151 -0.0118175
56 52 -10.4288 0.783761
56 53 12.0018 -4.41264
56 54 9.51635 4.34509
56 56 3.43219 -2.74571
56 57 1.75093 -0.0808341
56 58 -6.02959 3.14991
56 61 -3.53586 2.67237
56 62 -3.91239 -0.726885
56 64 -9.86557 -1.59792
57 36 2.73283 1.06467
57 38 1.90638 0.808813
57 39 13.8376 0.106332
57 40 1.51735 1.63708
57 41 18.0468 24.8441
57 42 3.19742 -0.138689
57 43 16.5285 27.23
57 44 9.34149 10.869
57 45 14.7603 2.80293
57 46 8.91724 12.32
57 47 4.96802 3.51925
57 48 10.3869 18.7554
57 50 3.41144 -1.95786
57 51 5.41531 1.62205
57 52 7.87735 10.4028
57 54 6.85594 4.79196
57 55 15.9841 1.85098
57 56 -3.65405 2.35148
57 57 7.6182 -9.41178
57 58 -2.03447 1.06586
57 62 8.87437 -11.2709
58 33 0.497386 -0.351239
58 34 -7.27271 6.95606
58 36 2.95369 1.20567
58 38 3.01859 1.28187
58 39 2.95005 1.88002
58 40 1.76953 1.94213
58 41 6.98123 3.46094
58 42 8.5936 0.447382
58 44 5.87962 6.88942
58 45 5.63197 0.287389
58 47 3.33566 2.46488
58 48 24.1651 7.96883
58 51 -2.51521 4.11093
58 52 -15.8952 34.0855
58 53 0.229871 0.0425154
58 56 1.14011 5.4312
58 57 15.7136 -1.70313
58 62 5.92939 -7.08633
58 64 -5.64541 -1.88924
58 65 -3.03925 4.8648
59 34 -3.63033 3.35469
59 36 3.75136 1.4886
59 38 2.53899 1.07608
59 39 2.84616 1.60036
59 41 6.57398 1.6111
59 43 -14.3869 6.59402
59 44 31.9023 26.0595
59 46 20.5509 12.0711
59 47 16.5967 -0.668074
59 48 21.5024 13.5321
59 49 -4.80038 3.54867
59 51 10.0261 4.08756
59 52 2.55124 -3.29531
59 53 4.30367 0.768657
59 54 5.39118 3.61869
59 57 9.96741 11.4377
59 58 1.3075 2.85529
59 64 5.12373 0.859569
59 66 -3.88648 4.22157
60 35 -5.86634 0.236867
60 36 3.07471 1.33842
60 38 0.5293 0.219321
60 39 5.44243 2.59906
60 40 5.21174 -2.3432
60 41 11.0842 6.43674
60 42 16.7541 2.21395
60 43 9.30458 1.3473
60 44 2.61276 4.00965
60 46 -6.8302 0.814208
60 47 4.52344 2.57784
60 48 24.0823 11.3225
60 49 -8.16748 -2.15868
60 50 4.73937 -2.88934
60 52 -0.951604 -0.517304
60 53 7.57604 4.3148
60 54 -1.71654 16.9001
60 55 2.22938 -4.57764
60 56 8.92253 -4.31619
60 57 6.93644 5.45015
60 58 6.73682 17.0061
60 59 3.67386 -3.26344
60 60 -4.89918 2.54629
61 33 1.07541 -0.403231
61 34 8.89314 -3.4771
61 35 5.06537 -6.15878
61 36 3.14089 1.49811
61 38 -5.00006 1.38406
61 39 -4.25996 -1.47533
61 40 3.14556 1.82981
61 41 4.13325 3.50702
61 42 11.5771 0.633668
61 44 11.6381 8.05674
61 45 7.02998 -7.43971
61 46 18.9605 -4.13659
61 47 7.04009 2.17254
61 48 14.622 6.78792
61 49 -4.31019 -1.70256
61 52 18.791 5.7942
61 53 9.68345 2.09452
61 54 0.365021 -3.5072
61 56 5.80842 1.75197
61 57 14.4964 -4.1461
61 58 6.62677 14.2321
61 59 4.89037 -5.47582
61 61 8.71127 6.94369
61 62 5.87786 0.237664
61 63 -4.28282 4.1539
61 65 4.21083 4.4638
62 36 3.86322 1.76475
62 38 3.5998 3.59374
62 39 2.44275 1.02649
62 40 5.82528 -2.82452
62 41 2.35514 2.67337
62 42 -4.41955 10.1166
62 43 -6.73789 -2.97683
62 44 8.64679 23.6878
62 45 14.8052 10.4288
62 46 5.29823 -1.25027
62 47 11.1182 2.18205
62 48 13.3935 8.98777
62 49 -5.36506 -1.47423
62 50 5.6181 0.367219
62 51 5.80889 -4.57827
62 52 3.63552 -3.47768
62 53 10.3844 2.88521
62 54 2.69256 -4.26654
62 55 5.11677 1.86602
62 59 10.911 0.883838
62 63 -10.7569 10.3884
63 36 7.30879 3.09856
63 39 2.79113 1.25786
63 40 4.82965 3.11486
63 41 2.23871 2.52671
63 42 4.71297 1.84533
63 44 -10.0451 -4.23163
63 45 2.70397 4.49605
63 46 2.99124 -3.41341
63 47 11.4304 5.6417
63 48 4.19754 10.3978
63 49 27.7958 -14.3749
63 50 -2.07394 4.33949
63 51 2.97625 4.74659
63 53 9.76083 -1.12768
63 56 -5.91054 6.30697
63 63 4.68298 1.89776
64 33 0.944613 -1.00908
64 35 -4.11367 -1.41142
64 36 4.52868 1.80684
64 37 -6.03104 2.39074
64 38 -1.56601 0.307557
64 39 5.02313 2.63253
64 41 -8.26117 4.78422
64 42 1.78851 1.58924
64 45 1.58231 7.48688
64 47 3.63171 4.44296
64 48 -7.54604 3.91086
64 50 1.89786 4.05778
64 53 -8.76061 -4.34509
64 54 -2.27008 -4.10445
64 56 4.62436 3.7264
64 59 -5.09721 -5.90633
64 60 -10.9955 -6.73404
64 63 10.0431 2.91284
64 64 5.34248 7.59948
65 36 19.8667 -2.00644
65 39 1.51006 -1.49141
65 42 9.9877 6.3758
65 44 1.73216 5.13659
65 45 22.2515 23.8259
65 46 3.56128 6.06192
65 47 3.29694 7.00629
65 48 2.30584 2.21381
65 50 0.640442 1.32916
65 51 -1.95313 3.55592
65 54 -0.536814 0.135013
65 57 -3.47068 -4.06158
65 59 10.9765 3.00577
65 60 5.28086 2.47036
65 64 8.35802 -4.5791
65 66 -5.26887 3.76197
66 33 2.54455 -3.24961
66 34 0.0121958 -0.00633726
66 35 0.473111 0.128012
66 38 -8.09499 -0.902166
66 39 3.45036 1.95152
66 40 0.504895 0.1853
66 41 -1.19606 -0.473708
66 42 7.90201 4.71317
66 43 4.50306 -1.50424
66 44 4.63377 14.0582
66 45 4.56149 -1.08597
66 47 -0.242007 -0.272409
66 48 4.81088 4.80346
66 50 0.000480557 -0.0136846
66 51 -4.88229 13.222
66 52 0.0103787 -0.00262925
66 53 0.600886 0.557211
66 54 11.6911 -0.21205
66 55 3.98045 -2.39998
66 56 1.26732 0.0753372
66 59 11.2641 5.52954
66 61 0.471699 0.977084
66 62 0.0295178 0.0548905
66 63 1.11386 -1.69835
66 65 5.47367 -1.75121
67 33 0.710542 -1.33299
67 38 0.740965 -0.229013
67 39 0.132945 0.0753654
67 42 0.278964 0.138457
67 43 0.0949336 -0.0388814
67 44 0.0964113 0.25379
67 46 0.0125385 0.0191565
67 48 0.0566892 0.0633884
67 49 -0.205363 0.187718
67 51 0.0528399 0.0980356
67 54 2.17914 0.369167
67 55 0.211742 0.0457936
67 56 1.34135 0.411858
67 59 0.244715 0.0343352
67 61 0.0663631 0.135114
67 63 0.0899273 -0.140474
