0 33 -0.315441 0.681773
0 34 0.133325 1.05449
0 35 1.09059 3.71657
0 36 -0.143211 2.74766
0 37 -0.377639 0.222636
0 38 0.840869 0.0466665
0 39 0.905923 -0.636721
0 40 0.0965888 -0.0799096
0 41 -0.156946 0.122223
0 42 0.0360356 -0.0201381
0 43 -0.169595 0.405431
0 58 -0.0669432 0.0590826
1 33 -0.603324 3.98071
1 34 -0.799704 3.91232
1 35 -2.2077 3.77391
1 36 -2.45497 2.06061
1 37 -0.468472 1.70703
1 38 -2.14816 2.68024
1 39 3.95284 0.180673
1 40 0.454925 2.36836
1 41 0.110048 0.0160467
1 42 0.554159 0.361805
1 43 -0.192697 -0.199573
1 44 0.666379 -0.408585
1 47 -0.00320079 0.0031063
1 58 -0.310752 -0.867445
2 33 -2.53934 4.62556
2 34 -5.27308 5.00047
2 35 -6.78522 2.55134
2 36 7.88083 7.99983
2 37 -1.70252 2.53926
2 38 1.93937 0.690506
2 39 3.13857 1.75126
2 40 0.949788 1.47731
2 41 0.18801 -0.424977
2 42 -2.50772 -0.498341
2 43 -0.135629 -0.20122
2 44 -0.534276 0.0316113
2 47 -0.969295 -0.237436
2 48 -0.755222 0.0824363
2 63 -0.138189 0.0461679
3 33 -3.27123 11.272
3 34 -1.12173 7.93147
3 35 -1.5373 8.30221
3 36 3.63724 1.74199
3 37 4.48563 0.221412
3 38 1.01655 6.17548
3 39 0.608054 5.44386
3 40 2.70579 3.14544
3 41 -0.854926 0.225083
3 42 -1.57148 -1.09586
3 43 0.465783 -0.422057
3 44 -0.89392 0.0122913
3 47 -0.767741 -0.306755
3 48 -0.142022 1.18325
3 49 -0.783545 0.264215
3 51 0.00588605 0.380807
3 52 0.073749 0.018941
3 54 0.293076 0.295036
3 58 -0.0303027 -0.0424364
4 33 4.06774 12.477
4 34 2.78987 4.84178
4 35 3.87064 2.17158
4 36 0.00506965 4.60873
4 37 2.19024 7.4464
4 38 7.54195 -2.7673
4 39 6.63123 5.86364
4 40 -1.12067 -0.822181
4 41 1.00675 -0.51066
4 42 -0.742085 0.305566
4 43 -1.0239 1.44176
4 44 -2.35119 -2.11307
4 45 0.0925524 -0.0835824
4 46 -0.0475436 0.230017
4 48 1.04379 0.20343
4 49 0.153004 0.179403
4 50 -0.0636383 0.222538
4 51 0.767018 -0.441963
4 53 0.693843 0.442038
5 33 1.66399 13.9776
5 34 5.44681 9.83155
5 35 -4.8023 4.22782
5 36 16.8223 11.5578
5 37 4.7762 4.58537
5 38 7.34606 5.39252
5 39 -2.79859 4.10156
5 40 1.5319 0.925681
5 41 -0.488644 -0.3358
5 42 -0.142085 1.22436
5 43 0.685839 0.89209
5 44 1.37312 -0.0553186
5 45 -1.27369 -0.533858
5 46 0.238215 0.708246
5 47 0.121723 -0.0133185
5 51 0.545552 0.343402
5 52 0.0616359 -0.0430612
5 54 0.368567 0.0131814
5 58 -0.144724 0.308359
5 59 -0.384722 0.238986
6 33 -1.34113 13.153
6 34 0.325204 4.40678
6 35 4.65272 12.3813
6 36 -8.91581 8.44727
6 37 -3.85844 5.9123
6 38 -1.98037 1.71133
6 39 -3.99018 1.2205
6 40 0.363931 2.41338
6 41 -0.222791 3.92533
6 42 -0.287235 1.88171
6 43 -0.112718 -0.0747065
6 44 1.43366 0.391292
6 46 -0.321016 0.176025
6 47 0.593085 -0.736454
6 48 1.18389 0.232114
6 49 -0.00117733 0.000646957
6 50 -0.358488 0.0030077
6 51 -0.171692 0.199605
6 54 0.313023 -0.0233144
6 56 0.0593174 0.0490353
6 58 -0.0584793 -0.0630303
6 62 0.697542 -0.264668
7 33 4.80033 12.3541
7 34 8.12869 11.12
7 35 -2.19333 3.78133
7 36 -4.95992 7.05752
7 37 -6.52948 1.40772
7 38 6.94661 9.56898
7 39 4.10439 5.99543
7 40 1.61115 3.39758
7 41 -0.427782 -0.467598
7 42 0.883257 0.437496
7 43 -0.600174 0.586254
7 44 0.296325 0.80282
7 45 -0.141452 0.765202
7 46 0.934284 -0.926822
7 47 -0.748733 -0.0749398
7 48 0.534417 -0.48001
7 50 -0.0151711 -0.00345178
7 52 0.114862 0.010266
7 53 -0.166425 -0.192152
7 57 0.79147 0.592392
7 60 -0.0171586 0.0202859
8 33 9.87269 16.1382
8 34 -6.24207 18.3493
8 35 11.4848 6.59061
8 36 4.35981 7.67859
8 37 1.10687 2.24563
8 38 -0.141773 3.32547
8 39 1.05051 2.97185
8 40 8.21641 0.644789
8 41 -1.58991 -0.420628
8 42 2.25172 -0.107101
8 43 0.0945182 0.550606
8 44 0.644676 0.82307
8 45 -0.344679 3.72342
8 46 -0.936542 -0.0246829
8 47 -0.72082 0.0152554
8 48 0.787806 0.187559
8 49 -0.921813 0.151379
8 50 -0.0832529 0.0487645
8 51 -0.638715 -0.663713
8 52 0.539101 0.240639
8 53 -0.275848 0.185962
8 54 0.765337 -0.20016
8 57 -0.363228 -0.778458
8 60 -0.602154 0.0433568
9 33 -2.17399 14.1349
9 34 0.430463 7.96841
9 35 0.286609 9.3691
9 36 5.87371 9.29292
9 37 8.11605 8.2315
9 38 0.66538 5.40061
9 39 1.53217 7.21593
9 40 1.53601 5.80684
9 41 2.32451 -0.723381
9 42 0.066205 1.41821
9 43 -1.56842 -0.0448545
9 44 -1.63193 2.4994
9 45 1.1641 1.75937
9 46 0.19565 1.03099
9 47 0.691159 0.335295
9 48 -1.4145 2.05682
9 50 -0.511176 -0.0153083
9 51 0.0199546 -0.0170244
9 52 -0.0271721 -0.00823418
9 54 -0.305652 -0.556469
9 55 0.0693212 0.0108278
9 56 -0.482719 0.395262
9 58 -0.312759 0.424217
9 61 0.776202 0.354442
9 64 -0.0611306 0.00702455
10 33 1.71662 12.0298
10 34 -1.38326 15.0624
10 35 -0.995382 2.15354
10 36 0.620034 14.4593
10 37 10.5931 4.21049
10 38 14.4421 7.46245
10 39 -5.59655 1.915
10 40 1.45867 3.61091
10 41 -3.93017 4.13613
10 42 -2.31111 -0.27822
10 43 3.00281 1.21354
10 44 -1.12113 -0.165488
10 45 0.344564 0.328022
10 46 -0.550039 0.900295
10 47 -2.55879 1.04999
10 48 -0.0695527 -0.0697219
10 51 0.0424626 0.0122447
10 53 0.117934 0.0357287
10 56 -0.802143 1.22516
10 57 -0.0873323 0.155375
10 61 0.293571 -0.187972
11 33 0.0888044 10.3025
11 34 15.485 15.4028
11 35 17.2757 7.32181
11 36 11.0719 8.74802
11 37 15.3865 6.58282
11 38 5.49178 -0.307236
11 39 5.70204 0.553302
11 40 4.35538 1.02328
11 41 0.280284 2.27582
11 42 -2.1891 -0.190695
11 43 0.74228 -0.588067
11 44 -3.15355 -0.145823
11 45 -1.22245 1.50315
11 46 1.81298 0.676063
11 47 0.1296 0.838303
11 48 0.631003 -0.892117
11 49 0.0276186 0.0819991
11 51 0.0627178 0.0564708
11 54 -0.20055 0.0180176
11 55 -0.426687 -0.25964
11 58 0.484733 -0.98608
11 59 0.123947 0.356984
11 60 1.654 -0.126839
11 63 1.28315 -0.0542497
12 33 6.87113 8.28056
12 34 3.16996 6.64968
12 35 0.216727 11.9105
12 36 9.14441 7.24696
12 37 16.1857 5.55045
12 38 8.27936 0.913923
12 39 4.91454 8.0539
12 40 -1.46042 3.90829
12 41 3.99238 -2.32506
12 42 -3.37356 1.47383
12 43 -2.67252 1.48337
12 44 0.63698 0.140349
12 45 0.358374 -1.79156
12 46 -0.368119 0.334965
12 47 -0.535058 0.608191
12 48 0.294753 0.200237
12 49 0.991158 0.348251
12 50 0.254954 -0.557942
12 51 0.566436 0.371471
12 52 0.128696 -0.382974
12 54 -0.610008 0.811514
12 55 0.784544 0.936071
12 60 -0.525535 -1.32345
12 62 0.0921474 0.0240913
12 65 -0.0946965 -0.0144193
13 33 9.91504 6.06512
13 34 -6.67833 2.81125
13 35 -5.25515 -2.46446
13 36 5.83908 9.1485
13 37 6.01826 10.1934
13 38 -3.09772 8.59419
13 39 1.91519 3.76878
13 40 3.60951 6.99165
13 41 1.47552 -1.47247
13 42 3.01094 1.00436
13 43 -0.511602 -2.15714
13 44 -0.127856 0.265261
13 45 -0.64362 0.190858
13 46 1.76089 0.585001
13 47 -1.78482 -1.27994
13 48 1.45557 0.645072
13 49 0.23905 0.533353
13 51 0.134847 0.112987
13 52 -0.127096 -0.0771335
13 53 -0.54113 0.0358887
13 57 -0.222293 -0.292245
13 58 0.305893 -0.311642
13 59 0.0080242 -0.00372653
13 60 0.157661 0.127535
13 63 -1.22342 0.586771
14 33 -0.841305 6.02352
14 34 9.14494 6.33383
14 35 6.1759 1.10983
14 36 2.7088 3.33606
14 37 -2.59354 5.34059
14 38 0.0392472 1.1707
14 39 4.39174 3.62713
14 40 -1.26057 0.114962
14 41 -1.90214 2.8529
14 42 3.28245 0.237304
14 43 0.492489 -0.0773853
14 44 -1.19859 1.46199
14 45 1.37964 0.455587
14 46 2.24013 0.3771
14 47 -1.20906 -0.233795
14 48 0.0224084 -0.342249
14 49 0.475948 1.17012
14 50 -0.950875 -0.0463357
14 51 -0.410952 0.835798
14 52 -0.335872 0.184798
14 54 0.0745907 0.211366
14 56 -0.118122 0.000362946
14 57 -0.17667 0.10446
14 58 0.0416064 0.00816697
14 65 -0.668969 0.537976
14 66 0.763221 0.436934
15 33 3.08435 6.37428
15 34 9.63296 8.4689
15 35 4.15532 6.93552
15 36 9.80407 6.59186
15 37 15.5301 5.76564
15 38 8.61679 5.33162
15 39 2.91193 -2.40207
15 40 3.19111 2.07705
15 41 -0.641661 2.40437
15 42 5.37239 4.62339
15 43 0.734785 0.785985
15 44 2.45546 -0.0345794
15 45 -1.46026 0.530775
15 46 0.147056 1.76196
15 47 0.156712 0.491121
15 48 1.66375 0.338814
15 49 -0.934865 -0.0106063
15 50 -0.710431 -0.0574263
15 51 -0.605895 -0.0672121
15 52 -0.163267 -0.914932
15 53 -0.00120906 0.0472502
15 54 0.104103 0.172153
15 55 1.15407 0.83871
15 56 0.679362 0.0676471
15 57 -0.0265584 0.0259087
15 58 -0.00237207 0.00392166
15 59 -0.425824 0.960075
15 63 0.726502 0.0157851
15 66 0.554818 0.525862
16 33 9.21546 5.11809
16 34 6.29276 9.13647
16 35 10.6797 -0.552097
16 36 7.51744 11.7155
16 37 9.15834 1.92516
16 38 4.33399 1.9899
16 39 6.80366 0.11296
16 40 4.1967 3.11199
16 41 1.38332 2.86748
16 42 1.83663 5.94734
16 43 0.425145 1.74779
16 44 -1.55785 0.187891
16 45 -1.72422 1.12431
16 46 1.30921 -0.18902
16 47 -1.45926 -0.375211
16 48 -0.0833079 1.47848
16 49 0.0526385 0.0472569
16 50 -0.115313 -0.0103038
16 51 -0.185716 0.0341134
16 52 -0.19798 0.0942254
16 53 -0.266815 -0.0476754
16 54 0.41248 0.398715
16 56 1.11118 -0.578778
16 59 0.233392 0.188857
16 60 0.348984 -0.0438593
16 62 -1.16315 -0.528625
16 63 0.0771519 0.182259
16 66 0.817214 0.171494
17 33 5.55137 5.52575
17 34 11.774 0.848959
17 35 5.00549 13.7705
17 36 1.62587 5.0527
17 37 6.39977 -0.663956
17 38 3.08784 -0.63597
17 39 7.85806 2.90604
17 40 1.41299 5.29557
17 41 4.35153 4.49721
17 42 1.29955 -1.77273
17 43 1.08368 -1.19906
17 44 0.0993668 0.285328
17 45 -0.249602 0.285258
17 46 -1.01528 0.0985256
17 47 -0.288436 -0.348817
17 48 0.596157 -0.643315
17 50 -0.175421 0.259631
17 51 0.815294 -0.0726879
17 52 -0.608365 -0.053751
17 54 -0.320045 0.64421
17 55 -0.102255 0.0474596
17 56 -0.0888235 -0.016406
17 59 0.0832047 0.0258871
17 60 -0.407584 -0.284855
17 62 -0.569631 0.34642
17 66 0.800831 -1.20484
18 33 7.45936 0.506698
18 34 2.54481 4.01286
18 35 5.64108 7.97333
18 36 0.780542 3.84775
18 37 14.3967 0.633263
18 38 5.58689 5.79844
18 39 4.0935 1.61872
18 40 3.94659 1.08674
18 41 2.20138 1.84177
18 42 1.81761 -1.52739
18 43 2.83065 -2.56136
18 44 1.43927 -1.75701
18 45 -0.00303054 1.54623
18 46 1.54378 0.934767
18 47 -0.490974 0.921749
18 48 0.0718311 -0.0771974
18 49 0.180405 0.158786
18 50 -0.508221 -0.14216
18 51 0.0590492 0.0926158
18 52 -0.588883 0.108464
18 53 0.477928 0.0377775
18 54 0.874077 0.443623
18 55 0.220539 -0.0706833
18 56 0.316556 0.12453
18 57 -0.333007 0.276908
18 58 0.152061 0.134696
18 60 -0.298323 0.182509
18 61 0.649768 0.291303
18 64 0.0536704 -0.00733178
18 66 -0.344355 -0.305623
19 33 5.13045 -0.682322
19 34 9.02803 0.239404
19 35 3.52951 4.39712
19 36 3.87132 1.36497
19 37 11.5341 4.45056
19 38 -1.08513 -3.40999
19 39 3.30162 4.81615
19 40 6.25439 0.46482
19 41 0.793774 -0.367376
19 42 4.39258 3.03673
19 43 1.73429 1.16397
19 44 -2.17294 0.141569
19 45 -0.0393723 0.404251
19 46 2.15794 0.635736
19 47 -2.26576 0.57403
19 48 0.0207895 0.032594
19 49 -0.39519 -0.56111
19 50 0.431066 0.352117
19 51 0.445412 -0.034651
19 52 -0.222445 -0.180475
19 53 0.324809 1.4128
19 54 0.125371 0.846489
19 55 -1.68594 -0.666289
19 56 0.939763 -0.438177
19 57 -0.270301 0.379318
19 58 0.656319 -0.987998
19 59 0.0776583 0.0424568
19 64 0.361136 0.3696
20 33 4.18521 0.0337182
20 34 4.32501 -2.62376
20 35 -1.24269 2.69125
20 36 7.5477 5.14509
20 37 2.80211 1.08527
20 38 7.40821 9.09779
20 39 0.361472 3.75495
20 40 -1.00816 2.49742
20 41 4.20793 1.26489
20 42 0.655159 2.00445
20 43 0.0838598 -3.50376
20 44 1.04167 1.49886
20 45 2.43878 2.26615
20 46 0.873649 0.142492
20 47 -0.0568033 -0.0657216
20 48 -0.767716 1.14818
20 49 0.0396339 -0.00491475
20 50 0.452575 0.0075236
20 51 -1.22418 0.403239
20 52 0.09734 0.0560379
20 53 0.101995 -0.133687
20 54 -1.63125 -0.229585
20 55 0.785304 -0.116778
20 56 -0.240075 -0.307447
20 57 0.229556 0.106451
20 59 0.182962 -0.420822
20 60 -0.415033 -0.26464
20 61 0.0709892 -0.0167132
20 62 0.0343442 -0.0844197
21 33 7.84346 2.2312
21 34 14.1595 1.07446
21 35 5.40887 3.77138
21 36 9.42509 -2.01988
21 37 1.82 1.0376
21 38 8.78724 0.0510157
21 39 5.70729 -0.867133
21 40 6.18373 4.06612
21 41 0.639565 3.77393
21 42 3.10601 2.32597
21 43 2.18229 -0.788512
21 44 0.125318 -2.81604
21 45 2.21953 -0.248485
21 46 -1.32507 -0.668448
21 47 -0.689539 1.19807
21 48 1.16861 0.257739
21 49 0.0421168 0.308719
21 50 1.58965 0.340322
21 51 -0.732776 0.713645
21 53 0.0606785 0.144434
21 54 -1.38826 0.0677625
21 55 2.10281 -0.403068
21 56 -0.337849 0.173648
21 57 -0.0421953 -0.086992
21 58 -0.00410984 2.11587e-05
21 59 0.29382 0.0999782
21 60 0.0159775 0.0019394
21 61 0.381548 0.011419
21 62 1.27107 -0.732059
22 33 7.83151 1.6983
22 34 -1.39728 -1.95164
22 35 0.18919 0.509855
22 36 -4.6269 -0.576178
22 37 0.844374 -1.54876
22 38 -5.80847 -1.42129
22 39 1.82106 6.37681
22 40 3.93261 2.39729
22 41 0.0509569 -4.38137
22 42 0.948661 0.681413
22 43 2.06228 0.575573
22 44 1.78065 0.831704
22 45 -2.20336 0.812585
22 46 1.86668 1.26043
22 47 1.3238 -0.584482
22 48 1.44377 1.56549
22 49 1.05086 -0.207675
22 50 0.124209 -0.249945
22 51 -0.0219656 -0.524018
22 52 0.0561334 0.22818
22 53 0.268962 0.0129704
22 54 0.652995 0.173019
22 55 0.0641943 -0.129186
22 56 0.473191 -0.157843
22 57 0.147454 0.083784
22 59 -0.129554 -0.0131871
23 33 1.30213 0.890029
23 34 7.40045 0.772346
23 35 -2.3559 -2.11792
23 36 -0.325306 -3.59339
23 37 8.45479 6.01069
23 38 1.93478 -2.23649
23 39 -0.114382 1.40122
23 40 6.39268 4.51219
23 41 -0.965412 1.18011
23 42 1.16006 3.70512
23 43 0.533538 1.7032
23 44 3.14808 2.42067
23 45 -0.878936 1.17418
23 46 0.843301 -0.740803
23 47 1.24681 2.79315
23 48 0.109164 0.0738419
23 49 -0.540439 0.820301
23 50 -0.701735 0.657824
23 51 0.523109 1.35287
23 52 -0.662053 1.54341
23 53 0.523597 0.0768533
23 54 0.141766 0.351783
23 55 -0.00134947 0.155006
23 56 0.452262 -0.110815
23 59 0.509262 0.744078
23 60 0.261671 0.27881
23 61 -0.0319965 -0.0175853
24 33 5.89599 -2.047
24 34 2.28149 -0.613641
24 35 1.86688 -0.676934
24 36 6.62986 1.75296
24 37 -0.852134 1.96949
24 38 0.572504 -0.348178
24 39 5.95695 -2.92504
24 40 6.46122 6.68234
24 41 1.52831 0.768016
24 42 0.707179 4.98484
24 43 1.33994 -0.725311
24 44 -0.181337 2.53931
24 45 -0.258282 2.4055
24 46 2.79025 0.968818
24 47 0.800719 1.15173
24 48 0.97772 -0.235315
24 49 -1.96183 1.70777
24 50 -0.0342614 0.31487
24 51 -0.148012 -0.0233327
24 52 -1.38137 -0.272178
24 53 -0.179723 1.32445
24 54 2.40412 -0.643867
24 55 -0.14085 0.22841
24 56 0.237893 -0.0344313
24 57 0.114652 -0.430928
24 60 0.683234 -0.244902
24 61 0.497285 -0.0480048
24 63 0.206422 -0.00688266
24 64 -0.205414 -0.186414
25 33 1.32605 -0.598791
25 34 -0.94316 1.54827
25 35 4.94881 4.73053
25 36 8.87685 2.12652
25 37 3.63839 -0.639504
25 38 1.36582 -2.79655
25 39 1.37616 -0.415804
25 40 -1.53822 -0.275965
25 41 -0.726945 0.9042
25 42 5.63023 2.76674
25 43 2.32463 -1.47701
25 44 1.92956 -1.29496
25 45 2.02017 2.64655
25 46 3.56455 0.771661
25 47 0.473264 0.110556
25 48 1.70179 -2.81929
25 49 1.58529 0.193774
25 50 1.83661 1.09596
25 51 -0.636529 1.49861
25 52 -0.644331 0.51282
25 53 0.0975654 0.0257637
25 54 0.141112 0.185678
25 55 -0.101939 0.137368
25 56 -0.921035 2.27541
25 57 0.508514 -0.0584285
25 60 -0.296958 0.13974
25 62 0.461294 -0.33783
25 63 -0.250166 -0.40079
25 65 -0.839573 -0.475639
26 33 2.97062 -0.463189
26 34 2.61866 3.1125
26 35 -2.39469 -6.72588
26 36 7.55063 -1.26631
26 37 5.97976 2.65085
26 38 4.68446 6.07383
26 39 6.95974 -1.70945
26 40 0.725464 1.41869
26 41 -0.639596 -0.0844794
26 42 3.83333 1.07529
26 43 -3.45681 0.425663
26 44 -2.5674 -0.601839
26 45 1.41348 1.73105
26 46 -0.781838 0.238506
26 47 0.834747 1.73631
26 48 -0.750621 1.50108
26 49 0.56714 0.056174
26 50 1.40738 0.268032
26 51 -0.142729 0.188202
26 53 0.823363 0.159743
26 55 -0.441611 0.69976
26 56 -0.350328 0.00743675
26 57 1.19173 0.614822
26 58 0.328418 -0.636205
26 59 -1.07146 0.319149
26 61 0.724346 -0.594729
26 62 -0.268203 -0.297299
26 63 -0.866571 0.114779
26 64 -0.0585796 0.12332
27 33 2.50705 0.763581
27 34 1.97191 -1.67275
27 35 1.24033 -1.44839
27 36 4.57132 0.634445
27 37 -2.96111 -0.174686
27 38 6.22724 3.59674
27 39 6.63344 -0.47985
27 40 7.9712 -2.65499
27 41 3.41544 2.22993
27 42 4.16259 0.792485
27 43 -0.873399 2.5796
27 44 -1.30688 0.408996
27 45 0.392038 -0.903116
27 46 -0.580545 -0.611015
27 47 1.38674 1.00202
27 48 -0.00729662 1.08465
27 49 -0.616055 0.657173
27 50 0.701421 0.0254042
27 51 0.391461 -0.222998
27 52 0.0160074 0.0243859
27 53 1.4983 -0.0153762
27 54 -0.257526 0.284017
27 55 -2.23518 -0.289717
27 57 -0.639152 0.292381
27 58 -0.57918 0.321135
27 59 -0.683455 0.237956
27 60 0.462311 -0.0768536
27 61 -0.652715 0.381455
27 64 -0.0149205 0.000666685
28 33 3.58382 -0.717771
28 34 1.54786 -3.89893
28 35 0.257923 -1.37476
28 36 4.25619 -0.786557
28 37 10.8428 -2.37487
28 38 5.61324 -0.689792
28 39 2.71538 1.92885
28 40 6.09989 5.41166
28 41 1.8641 1.72618
28 42 2.04145 -2.02335
28 43 0.409988 0.117084
28 44 -2.1989 -0.377935
28 45 0.868638 -0.248779
28 46 -1.9751 -1.59038
28 47 -0.885527 0.162341
28 48 1.48758 0.197948
28 49 -0.731788 -0.791193
28 50 -0.527591 -0.43647
28 51 0.261331 0.0738853
28 52 -0.126348 -0.362253
28 53 -0.197991 -0.233227
28 55 -0.154719 0.162903
28 56 2.44501 0.905474
28 58 0.112242 -0.0434887
28 59 0.0470979 -0.153805
28 60 0.0379303 -0.00873289
28 61 -0.0129932 -0.00104972
28 63 -0.014909 -0.00366646
28 64 -0.443501 -0.577454
28 65 0.137218 0.132818
29 33 0.63302 0.317235
29 34 8.13204 -1.96523
29 35 7.08972 -0.583888
29 36 5.2428 2.3253
29 37 7.90255 -2.2162
29 38 2.20045 3.14587
29 39 2.60378 3.88189
29 40 5.05176 3.13071
29 41 1.43251 0.443388
29 42 0.864117 2.11856
29 43 2.90968 2.11884
29 44 -3.34536 1.52155
29 45 -0.312646 -1.37716
29 46 0.59301 2.0523
29 47 0.883899 0.00656355
29 48 0.487651 2.21751
29 49 -0.0920932 0.290595
29 50 -0.618304 0.67391
29 51 1.29157 -0.0108836
29 52 -0.0424689 0.482778
29 53 -0.915107 -0.0514393
29 54 -0.0140989 -0.254099
29 55 -0.526672 -0.450411
29 56 0.505656 0.146538
29 57 0.629631 -1.37733
29 58 -1.58341 -0.548322
29 60 0.421993 -0.197925
29 65 -0.0848911 -0.195205
30 33 3.75504 0.00789658
30 34 10.0584 1.32884
30 35 -0.102437 -0.922581
30 36 0.315464 -1.04557
30 37 6.39984 2.1126
30 38 0.324292 -2.53845
30 39 1.85262 0.0690064
30 40 5.06336 1.36488
30 41 0.23639 1.45891
30 42 2.82189 -0.432088
30 43 2.41254 1.59409
30 44 0.99746 -0.115594
30 45 0.783366 0.476141
30 46 1.31212 0.84284
30 47 -0.751961 1.51697
30 48 0.20811 -0.0827711
30 49 0.293362 3.33222
30 50 0.136842 0.564452
30 51 -0.113382 -0.420873
30 52 -1.15508 3.46445
30 53 0.251058 0.17616
30 54 -0.0275132 -0.0360023
30 55 -0.0843174 -0.620277
30 56 0.0422972 -0.0768051
30 57 0.849416 -0.87671
30 58 0.0404073 -0.0126873
30 60 -0.0558088 -0.816447
30 62 0.0600755 0.0313751
30 63 0.230557 0.0419886
30 64 -1.88032 1.31316
31 33 4.88621 -0.191355
31 34 1.45709 0.305598
31 35 3.69982 -0.0125997
31 36 7.77071 3.94272
31 37 7.17729 -4.69595
31 38 3.28066 2.25242
31 39 7.06957 -2.369
31 40 2.00717 2.2737
31 41 0.859291 0.240679
31 42 1.48957 1.37509
31 43 2.53973 3.24614
31 44 -0.167904 1.67898
31 45 -0.867353 1.62752
31 46 -1.28469 1.8455
31 47 -2.19995 1.0449
31 48 1.1735 0.21792
31 49 -0.312558 -0.206541
31 50 0.122402 0.275437
31 51 -1.10134 -0.511441
31 52 -0.217687 1.78093
31 53 -2.1734 0.705461
31 54 -0.722909 0.115106
31 55 -0.336539 -0.463814
31 57 -0.333694 0.152635
31 58 -0.888326 -0.537666
31 59 -0.0718394 0.427694
31 60 0.0192823 -0.00395213
31 63 -0.270658 0.0316543
31 64 -0.0852399 0.813077
31 65 0.511214 -0.71299
32 33 0.151418 -0.726727
32 34 4.03826 -4.77024
32 35 6.21543 0.140097
32 36 9.77661 -3.17638
32 37 5.38677 2.1176
32 38 0.488127 -1.82432
32 39 2.28238 -1.36348
32 40 0.168904 1.98981
32 41 3.3364 1.75635
32 42 -0.24727 0.088268
32 43 2.49722 1.6102
32 44 -0.921822 0.224967
32 45 2.58763 -0.489282
32 46 -0.131852 0.642229
32 47 -2.7401 1.53017
32 48 -0.122811 -1.41146
32 49 -0.00139271 -0.248394
32 50 -0.890812 0.245545
32 51 -0.173853 -0.186605
32 52 -1.54452 0.937315
32 53 2.45598 4.40399
32 54 0.192997 0.152258
32 55 1.26605 0.547147
32 56 0.0918368 0.0756623
32 58 0.308109 0.300913
32 59 -0.0847781 0.370826
32 60 -0.240062 -0.641087
32 61 0.0571081 0.00605539
32 63 -0.194077 -0.502333
33 33 1.80691 -1.96866
33 34 3.41201 -0.452476
33 35 2.87847 -0.272539
33 36 4.60884 2.17985
33 37 3.12805 2.94466
33 38 -0.0640085 -1.08079
33 39 0.870031 0.807997
33 40 5.60349 -2.56096
33 41 3.08417 1.21735
33 42 5.73116 2.02988
33 43 2.91982 5.63859
33 44 3.1452 3.84278
33 45 -0.362176 -0.0424805
33 46 1.74098 -1.0258
33 47 2.17442 0.0404602
33 48 0.115674 -0.122466
33 49 0.0901322 0.203013
33 50 -1.14084 0.553486
33 51 -0.510677 -0.767256
33 52 -0.278608 0.345881
33 53 -0.986362 1.41075
33 54 0.728797 0.79145
33 55 -0.076514 0.788089
33 56 -0.146955 0.0396123
33 57 0.134622 -0.000402882
33 58 -0.139421 -0.110855
33 59 -0.33447 -0.324664
33 60 -0.84292 0.211344
33 61 -0.29225 0.0512925
33 62 0.419326 0.00736867
33 63 -1.21263 -0.271111
33 65 -0.206431 -0.389111
33 66 0.28766 -0.53425
34 33 3.12697 -1.80633
34 34 2.28764 -1.50061
34 35 0.877063 -2.66558
34 36 5.97427 -3.84827
34 37 3.79872 2.27676
34 38 9.47657 0.574166
34 39 -2.88599 -2.92485
34 40 0.513328 0.708521
34 41 -1.51868 3.86471
34 42 -0.0803685 1.43832
34 43 -1.71597 2.20019
34 44 -1.97543 2.26443
34 45 0.0503065 0.820556
34 46 -1.0478 3.4997
34 47 0.0851418 1.81209
34 48 -1.97137 0.914168
34 49 -0.272958 0.0777355
34 50 -0.791362 0.371181
34 51 0.738023 0.195224
34 52 0.449056 0.255784
34 53 -0.241238 0.653553
34 55 0.469747 0.622803
34 56 0.690184 -0.160137
34 57 0.158582 -0.0459071
34 58 0.137337 -0.856661
34 59 -0.0879605 -0.190078
34 63 1.19595 0.526876
35 33 2.32044 0.445999
35 34 1.11508 1.37921
35 35 4.95141 -0.388956
35 36 1.82785 -0.828207
35 37 4.26603 -2.21292
35 38 2.72478 -0.00323512
35 39 6.92903 3.77408
35 40 3.0578 -1.0537
35 41 -2.09467 1.76882
35 42 -0.298461 -2.61368
35 43 3.28599 1.369
35 44 -0.931729 0.116288
35 45 2.5175 1.2157
35 46 0.539231 1.7861
35 47 2.70159 0.388375
35 48 -1.03676 2.24288
35 49 -0.190902 -0.166305
35 50 0.053252 0.10367
35 51 0.206886 0.166397
35 52 0.0240198 -0.0277701
35 53 0.598786 -0.526728
35 54 -0.061994 -0.636772
35 55 -0.299602 -0.0158652
35 56 0.476293 0.0672913
35 57 -0.813622 -0.368993
35 59 -0.280474 -0.389894
35 62 -0.132325 -0.0224646
35 63 -1.4826 -0.818
36 33 0.50988 -1.9689
36 34 0.558976 -1.32567
36 35 2.14754 0.103191
36 36 3.48543 3.18929
36 37 -2.08851 -0.745433
36 38 8.21567 -2.53781
36 39 -2.87157 0.249735
36 40 -0.0742267 -1.72506
36 41 0.894922 -2.95341
36 42 -0.266485 -3.35251
36 43 2.74532 1.20843
36 44 0.884738 -0.270168
36 45 -2.0417 4.73532
36 46 2.24653 1.29436
36 47 -1.83668 0.124418
36 48 -1.26626 0.972328
36 49 0.937292 -0.453469
36 50 0.918897 -0.762298
36 51 0.128948 0.346119
36 52 0.250671 -0.615418
36 53 -0.36597 0.324189
36 54 0.252349 -0.261593
36 55 -0.722196 0.0619611
36 56 0.134296 0.725095
36 58 -0.0769376 -0.0746629
36 59 -0.189411 -0.072185
36 60 0.0178742 0.0372105
36 61 0.0446597 0.0426165
36 64 0.132864 0.111671
36 65 0.49753 -0.359891
37 33 1.69178 -3.9182
37 34 1.9694 -3.41939
37 35 -1.02824 -3.73755
37 36 -2.89079 7.6821
37 37 4.93082 -0.858826
37 38 1.51068 0.770461
37 39 1.50914 4.13032
37 40 5.27697 2.5181
37 41 -2.27613 -1.80994
37 42 5.90828 -0.425611
37 43 3.30358 -1.29468
37 44 1.83651 0.557434
37 45 0.865911 0.602266
37 46 0.0968553 0.437912
37 47 -0.240362 -1.76845
37 48 -0.751069 0.405299
37 49 0.652567 -1.46686
37 50 0.0532049 -0.548186
37 51 0.341383 0.600929
37 52 -0.65227 -0.565608
37 53 -0.404084 -0.421984
37 54 0.654142 0.261232
37 55 2.04161 2.18723
37 56 0.904331 0.532531
37 57 -0.507578 0.489989
37 58 0.90398 -0.548347
37 59 0.215014 -0.203008
37 60 0.777465 0.345072
37 64 -0.444832 0.209774
37 65 -0.133293 -1.13606
38 33 1.42854 -0.557584
38 34 0.578088 -3.32842
38 35 -3.95749 -2.80584
38 36 2.13753 0.515678
38 37 1.82341 0.864856
38 38 0.0542377 0.899882
38 39 6.88069 -1.72835
38 40 0.243321 -3.74669
38 41 3.61327 5.46591
38 42 0.900832 -0.358928
38 43 0.135003 -0.132475
38 44 -2.56747 -0.456933
38 45 2.55196 1.524
38 46 0.317246 -1.52506
38 47 4.3161 -0.951483
38 48 1.05352 -0.40236
38 49 0.965029 -0.0437116
38 50 0.214363 -0.173921
38 51 -0.39509 -0.375337
38 52 0.180219 0.251762
38 53 -0.128145 0.0886073
38 54 -0.146509 0.346719
38 55 -0.955022 -0.531253
38 56 -0.240898 1.0596
38 57 -0.357655 0.229858
38 59 0.899661 0.326744
38 61 0.1334 0.0801366
38 62 0.0257621 0.970957
39 33 0.0310899 -2.47379
39 34 -1.08325 -1.74809
39 35 0.581661 1.85379
39 36 -0.0979339 1.52858
39 37 1.02344 -0.524994
39 38 -1.30918 -2.23984
39 39 9.35607 4.33419
39 40 2.76442 2.91585
39 41 3.15996 2.8569
39 42 1.59742 0.865296
39 43 -1.10775 1.30351
39 44 -2.07498 2.24825
39 45 4.49047 1.11458
39 46 -0.113456 0.874624
39 47 -3.0442 -0.31838
39 48 0.701801 -0.0369055
39 49 0.0621587 0.0652657
39 50 1.12039 0.437051
39 51 1.0039 0.0356733
39 52 0.784095 0.916001
39 53 -0.526529 -0.264956
39 55 -0.707675 -0.19136
39 56 0.74138 -0.0873904
39 57 -0.601684 0.423285
39 58 -0.0431361 0.0844593
39 59 0.129003 0.13622
39 60 0.198456 0.103798
39 62 -0.142421 0.0377422
39 63 0.257924 -0.00751848
39 64 -0.338357 0.961648
39 65 0.682239 -0.819148
39 66 0.115605 -0.277903
40 33 -0.482845 -1.63775
40 34 1.15515 -0.666855
40 35 7.546 -0.841978
40 36 1.04265 -3.05834
40 37 1.46639 1.2413
40 38 2.27942 -1.13581
40 39 1.92044 2.62992
40 40 2.60534 1.12657
40 41 1.6412 1.86179
40 42 -2.88378 2.75898
40 43 3.60377 2.47004
40 44 1.03466 0.033453
40 45 -0.704567 -0.351324
40 46 1.27105 0.17301
40 47 0.861006 0.507432
40 48 2.33731 -1.83525
40 49 1.64591 0.920358
40 50 0.266458 0.479849
40 51 1.31503 0.807064
40 52 0.149938 0.284299
40 53 0.912385 2.02395
40 54 0.344717 -0.245991
40 55 0.889529 0.179641
40 56 -0.361247 0.461984
40 57 0.253899 -0.649526
40 58 0.0897383 -0.104339
40 60 0.0372362 0.0346754
40 62 0.385657 0.505645
40 64 -0.190288 0.416963
41 33 3.69031 -0.575359
41 34 4.21207 0.662497
41 35 0.995008 -0.630744
41 36 5.88539 -0.704592
41 37 4.58417 -2.85304
41 38 1.92971 -0.990009
41 39 1.92116 -0.608029
41 40 5.37419 4.5877
41 41 5.22993 0.190245
41 42 1.14389 4.4084
41 43 -0.589656 -0.0938455
41 44 0.577348 2.62781
41 45 -1.38656 -0.685626
41 46 2.34017 -2.49737
41 47 3.12301 3.78172
41 48 -1.40571 0.498765
41 49 -0.601854 0.465796
41 50 -0.0723808 0.18399
41 51 1.23495 -0.427606
41 52 -0.927569 0.547676
41 53 0.31473 0.255999
41 54 1.764 -1.54674
41 55 -0.0429828 0.015662
41 56 -0.387151 -0.0518151
41 57 -0.684705 -0.188239
41 58 0.828576 0.30072
41 60 -0.0539744 -0.108234
41 61 0.384389 0.13982
41 62 0.299835 0.108554
41 63 -0.0498399 -0.132575
41 64 0.113207 -0.00257307
42 33 3.1329 -1.35393
42 34 3.01693 -0.231811
42 35 3.79729 -0.38424
42 36 5.79018 -0.677986
42 37 2.33293 0.436698
42 38 5.25213 0.268338
42 39 4.44227 -2.70424
42 40 1.29023 4.60253
42 41 5.21738 -0.461165
42 42 -0.650453 -2.98539
42 43 0.918816 1.73487
42 44 2.98059 3.34128
42 45 3.72796 2.32023
42 46 0.272983 0.752688
42 47 0.496439 -0.00972344
42 48 -0.0199915 0.179651
42 49 0.73318 1.32702
42 50 0.468715 0.563821
42 51 -1.65944 0.511447
42 52 0.0558257 0.270795
42 53 0.89153 1.17487
42 54 0.1003 0.0446809
42 55 -0.0585485 -0.631643
42 56 -0.0815464 0.0966145
42 57 -1.01509 0.185851
42 59 0.191712 -0.163795
42 60 -1.01554 0.0237942
42 61 0.287703 0.454691
42 62 2.35931 0.937764
42 64 -0.0369511 -0.183742
42 65 -0.610209 0.858629
43 33 1.83652 -2.24453
43 34 0.668999 0.0995326
43 35 0.39013 2.1573
43 36 1.53151 0.942343
43 37 0.939193 1.05923
43 38 6.81791 1.38698
43 39 -0.637281 1.90492
43 40 0.50914 0.253427
43 41 2.12132 2.48778
43 42 -4.43701 3.43293
43 43 1.81309 -1.00985
43 44 4.09111 0.249812
43 45 0.906386 0.578462
43 46 1.45404 1.12908
43 47 0.709002 0.259305
43 48 -0.853386 1.63739
43 49 0.119059 0.365377
43 50 -0.050565 1.19542
43 51 0.501746 -0.303104
43 52 -1.05409 1.17434
43 53 0.0643818 0.129906
43 55 -0.084557 -0.499037
43 56 0.060405 -0.0746066
43 57 1.01481 0.981263
43 58 0.565067 0.451739
43 59 -0.0263038 -0.0631852
43 60 -0.00998836 0.765448
43 62 1.10638 -0.3635
43 66 0.0235607 -0.0812382
44 33 3.45713 -1.01243
44 34 4.50863 -1.55556
44 35 6.48904 0.415961
44 36 6.51865 -3.07145
44 37 3.35382 -1.96461
44 38 3.57988 0.460612
44 39 5.91868 -1.77024
44 40 7.56609 1.87897
44 41 -1.37525 0.527022
44 42 -0.66592 -0.813882
44 43 2.41088 2.64688
44 44 0.710762 1.54994
44 45 -0.543686 -1.88879
44 46 -0.961407 0.173055
44 47 1.30885 0.448612
44 48 1.0008 -1.04011
44 49 1.33282 0.159167
44 50 2.09214 1.73658
44 51 -1.38215 0.358715
44 52 0.35681 -0.0445637
44 53 0.701643 -0.477733
44 54 -0.362728 -0.227808
44 55 -0.142512 -0.0655362
44 56 -0.191529 0.90706
44 57 0.177113 -0.0077194
44 58 1.37154 -0.834648
44 59 -0.0478848 -0.506366
44 60 -0.18439 0.142696
44 63 0.146908 -0.306133
44 65 -0.333496 -0.0524335
45 33 4.15942 0.135859
45 34 1.10849 -3.72239
45 35 1.59568 -4.6938
45 36 -3.10736 -4.48244
45 37 -2.15342 1.7275
45 38 1.5971 1.53088
45 39 4.29331 1.2093
45 40 9.28954 7.03911
45 41 0.927043 -0.393698
45 42 2.94769 0.871887
45 43 0.192612 -0.413473
45 44 2.49207 1.21225
45 45 1.53398 0.839515
45 46 -0.332791 -2.14774
45 47 2.64628 0.13903
45 48 -0.515431 1.0416
45 49 0.812952 -0.654781
45 50 -1.10914 -1.10459
45 51 1.42981 -0.177924
45 52 2.00729 2.10244
45 53 -0.226511 -0.300913
45 54 0.0276686 -0.0984637
45 55 1.99822 -0.742014
45 56 -0.0590617 -0.226221
45 58 1.02635 -1.01754
45 59 -1.19873 0.120077
45 60 0.513579 0.155611
45 61 -0.153569 -0.121773
45 62 0.675177 0.49346
45 63 0.808383 -0.101838
46 33 3.36202 -0.625311
46 34 -4.40034 1.2278
46 35 1.48399 1.21839
46 36 -7.39779 2.41147
46 37 0.351832 0.67369
46 38 1.86583 -1.98472
46 39 2.82667 1.30126
46 40 -1.82781 2.8514
46 41 3.25772 -0.573744
46 42 -3.78355 -3.09168
46 43 1.78536 0.778322
46 44 0.968649 0.441938
46 45 -2.80024 0.439396
46 46 1.54273 -0.476426
46 47 -0.0564809 3.25806
46 48 -0.813034 1.12242
46 49 0.9494 2.01024
46 50 0.678833 1.59052
46 51 1.27864 0.794993
46 52 0.305989 0.0124213
46 53 -2.03736 0.20062
46 54 0.824936 0.381301
46 55 0.502723 -0.211527
46 56 -0.69757 0.245676
46 57 0.14838 0.226701
46 58 -0.401888 0.726801
46 59 0.300092 -0.309432
46 60 -0.245187 0.0400154
46 61 -1.1304 0.875042
47 33 -0.127665 -0.645556
47 34 5.56992 -3.69186
47 35 0.924642 -1.24821
47 36 0.614506 -3.51375
47 37 3.40452 -0.707982
47 38 3.02527 0.37012
47 39 4.12241 0.882907
47 40 -0.266606 -2.09091
47 41 0.838334 -0.00185533
47 42 2.91585 2.81479
47 43 0.449599 -0.795441
47 44 5.40281 -3.41957
47 45 2.95667 -0.727991
47 46 1.53789 1.14827
47 47 2.65288 -0.474536
47 48 1.38931 0.265762
47 49 0.976451 -0.979245
47 50 2.33441 1.51287
47 51 0.968144 0.402883
47 53 -1.02877 -0.635173
47 54 -0.154049 -0.00618155
47 55 0.152412 0.0493648
47 57 0.622499 0.983712
47 58 0.141686 -0.0617915
47 59 0.110925 -0.0237295
47 60 -0.117499 -0.0675001
47 62 -0.620923 -0.192942
47 63 0.53879 0.095023
47 65 -0.0702837 -0.0172779
48 33 -0.295334 0.194247
48 34 3.58514 0.808883
48 35 1.47716 1.49806
48 36 1.61324 0.572749
48 37 0.280394 -0.706861
48 38 3.86151 0.678055
48 39 2.4507 -1.24614
48 40 -1.98702 -0.394989
48 41 1.95982 -0.0185101
48 42 1.45963 0.901449
48 43 2.33888 -0.321287
48 44 -0.989967 2.11444
48 45 -0.904563 -1.21844
48 46 2.19077 0.494299
48 47 -1.42455 -0.373708
48 48 2.71005 1.39165
48 49 1.14922 -0.214598
48 50 1.25399 1.12894
48 51 0.524597 0.332579
48 52 -0.126535 2.38548
48 53 0.346939 -2.38304
48 54 -0.481767 -0.128876
48 55 -0.276167 1.55889
48 56 -0.138725 0.0084075
48 57 0.276464 0.256871
48 58 0.512825 0.357269
48 59 -0.0140526 0.4003
48 60 0.103026 1.27407
48 61 0.768572 0.033043
48 62 -0.344654 -0.0466237
48 63 0.388576 -0.169354
48 64 0.688576 -0.566552
48 65 -0.145299 0.38604
48 66 -0.100441 0.735833
49 33 2.83559 1.62347
49 34 -1.52506 -1.48207
49 35 -1.80871 -0.390562
49 36 5.02664 -2.82395
49 37 1.30931 -0.765937
49 38 2.94021 -0.715851
49 39 7.30385 -0.523133
49 40 0.185295 0.94163
49 41 0.623272 3.48566
49 42 2.40954 -0.21871
49 43 3.72827 1.98229
49 44 -2.6418 1.32909
49 45 0.316539 2.02352
49 46 -1.94635 -0.433826
49 47 1.48691 1.00956
49 48 0.632996 1.49549
49 49 1.26811 -0.103528
49 50 -0.5815 0.950066
49 51 1.52836 -0.346353
49 52 1.31371 0.0901517
49 53 0.125861 0.142194
49 54 0.521433 -0.805634
49 55 0.166702 0.0679552
49 56 -0.272665 0.0536798
49 57 0.683869 -0.557563
49 59 -0.114149 -0.110866
49 60 -0.181735 0.0848057
49 61 -1.31541 0.557197
49 63 0.000671358 0.000775265
49 65 -0.66652 0.6538
49 66 -0.100265 -0.534567
50 33 2.63871 0.887605
50 34 3.94159 1.22385
50 35 -0.239505 -0.126273
50 36 2.70636 0.849378
50 37 2.00803 2.49903
50 38 0.583059 -3.10232
50 39 6.73326 0.72652
50 40 3.96836 0.860163
50 41 3.64871 1.14934
50 42 1.03703 -2.95346
50 43 0.60045 1.30908
50 44 0.22546 0.335058
50 45 0.851687 0.398371
50 46 -0.542863 0.396313
50 47 -0.639928 2.02533
50 48 0.865358 0.592089
50 49 -2.2512 -0.187257
50 50 0.51014 3.90048
50 51 0.319568 0.598497
50 52 1.92141 -1.44934
50 53 1.16677 0.212835
50 54 0.2269 0.504922
50 56 0.579483 0.498452
50 57 1.52295 0.0664344
50 58 1.29697 1.29375
50 59 0.507529 -0.137135
50 60 -0.800988 0.422662
50 61 0.285202 0.106082
50 63 -0.0168243 0.00243793
51 33 1.25234 0.163863
51 34 -0.323216 -0.553285
51 35 -4.86714 -0.382432
51 36 -0.119247 0.950557
51 37 2.92497 -1.34326
51 38 1.40687 1.33015
51 39 3.14017 -0.312481
51 40 -0.350632 2.19386
51 41 0.426819 2.38366
51 42 3.23615 -0.329109
51 43 1.1964 0.266118
51 44 -1.47359 1.32033
51 45 1.37097 0.618314
51 46 -1.44551 -0.187885
51 47 0.682961 -1.16214
51 48 1.53911 2.01189
51 49 -0.732922 -0.115713
51 50 -0.0143724 0.0555932
51 51 0.269685 0.152955
51 52 -0.760564 0.263022
51 53 -0.152344 0.279994
51 54 1.89048 -2.00866
51 55 -0.0723873 0.0927779
51 56 -0.742421 1.24146
51 57 -0.673662 -1.86596
51 58 1.01971 0.00658459
51 60 -0.398431 0.314935
51 61 0.0262425 -0.034672
51 63 0.16479 -0.0800765
52 33 0.0709269 -0.261301
52 34 0.822904 -0.580536
52 35 2.12673 -1.02713
52 36 4.5839 -1.64024
52 37 4.20927 0.466634
52 38 1.89996 -0.154013
52 39 0.785969 3.72443
52 40 2.34946 3.96307
52 41 0.800202 -0.451277
52 42 -0.486427 0.275852
52 43 3.63698 1.08398
52 44 1.36616 0.24421
52 45 -0.233261 1.1428
52 46 -0.19276 -0.224998
52 47 0.558499 -1.04091
52 48 -0.557339 1.12463
52 49 -0.110271 -0.215794
52 50 -0.0486618 0.148581
52 51 0.994965 -0.599495
52 52 0.228177 0.13653
52 53 0.2265 0.113297
52 54 0.0404161 0.0334662
52 55 0.378301 0.0135467
52 56 -0.422448 0.683667
52 57 0.60519 -0.0856298
52 58 -1.39707 0.637027
52 59 0.111389 -0.728474
52 60 0.00359861 0.00139189
52 63 0.0302607 -0.0470774
53 33 2.52403 -2.62059
53 34 5.86068 -1.78259
53 35 3.29908 0.989397
53 36 1.38599 -0.609284
53 37 3.85081 -0.715692
53 38 -1.62238 0.00619446
53 39 5.29463 0.711502
53 40 1.35678 -1.82284
53 41 -2.03199 -2.7633
53 42 0.679672 -1.08979
53 43 0.256013 -1.10736
53 44 -1.1599 0.242201
53 45 -1.00411 0.502034
53 46 1.20708 0.712378
53 47 -1.02014 0.211633
53 48 0.918626 0.318756
53 49 -0.0115886 0.400292
53 50 0.217349 -0.380863
53 51 0.44377 0.397785
53 52 -0.236201 1.4899
53 53 0.561769 0.00858589
53 54 -0.106241 -0.229852
53 55 0.107379 0.404459
53 56 0.202211 0.0164824
53 57 0.110953 -0.0676506
53 58 -1.63974 0.53818
53 59 -0.94685 -0.385922
53 61 0.0474489 0.103251
53 62 -0.383131 1.01592
53 63 0.580322 -0.358559
53 65 0.0584533 0.139605
54 33 1.73506 0.42304
54 34 5.48974 -0.340109
54 35 3.70838 0.694224
54 36 4.73306 1.62813
54 37 0.0198696 -0.0544176
54 38 1.20364 2.51696
54 39 2.99264 0.284484
54 40 0.964769 0.994379
54 41 -1.03 -1.69136
54 42 1.99414 -2.50057
54 43 -1.15506 -1.08844
54 44 -0.53186 0.677118
54 45 -1.05809 0.879569
54 46 0.316074 0.766936
54 47 0.74458 1.8416
54 48 0.562119 4.04126
54 49 0.832597 -0.343112
54 50 -0.018152 -0.638146
54 51 0.117602 -0.0130962
54 52 1.01318 1.6108
54 53 -0.264763 0.0199172
54 54 -0.275016 -0.0121417
54 55 0.2473 0.284568
54 56 0.112609 0.222937
54 57 0.647214 0.801343
54 58 0.0550761 -0.0507002
54 61 0.0867456 0.257972
54 62 0.786394 -0.476806
54 63 -0.636415 0.225024
54 64 0.0070593 -0.00141504
54 66 0.031733 0.0734826
55 33 -0.959032 0.699687
55 34 -1.26518 -4.39768
55 35 -0.45701 -0.978184
55 36 -1.19638 -1.99631
55 37 5.96696 -3.20391
55 38 0.0132098 1.75377
55 39 0.709216 -1.03824
55 40 2.96115 2.22502
55 41 -0.0143143 -1.22758
55 42 -0.475427 0.384967
55 43 0.975539 1.14404
55 44 0.625632 0.0590519
55 45 1.26772 1.79337
55 46 2.72493 1.65121
55 47 -0.849273 0.828159
55 48 -0.423927 -0.0672441
55 49 0.382131 0.573387
55 50 0.0767717 0.744199
55 51 0.413794 0.661263
55 52 0.880366 0.855073
55 53 1.31267 0.348786
55 54 1.20424 0.210704
55 56 -0.165264 -0.212339
55 57 1.20114 -1.06609
55 58 0.13092 0.0776391
55 59 0.44789 0.0195205
55 60 0.020194 0.596708
55 61 1.21409 0.488637
55 62 0.669101 0.9278
55 64 0.0922015 -0.0246182
55 65 0.343072 0.327863
55 66 -0.393477 -0.307814
56 33 -0.391495 -0.7309
56 34 0.910581 -2.55536
56 35 3.11099 1.09746
56 36 1.84512 -0.830166
56 37 -2.15264 -0.455717
56 38 4.00095 2.53609
56 39 2.13521 -1.44748
56 40 -0.993502 1.80086
56 41 1.23269 0.35476
56 42 -0.356637 -1.55532
56 43 -0.350833 1.8334
56 44 -0.484272 2.23532
56 45 0.740512 1.04671
56 46 -0.00612281 1.04101
56 47 0.961933 0.348834
56 48 0.453206 0.167316
56 49 -0.290685 0.938219
56 50 0.0175857 0.404173
56 51 1.06152 0.0812125
56 52 1.46138 1.22132
56 53 0.0848575 -0.161466
56 54 -1.42962 0.100203
56 55 0.131798 -0.148937
56 56 -0.684155 0.184287
56 57 0.118325 0.0165454
56 58 1.56364 0.451589
56 59 0.0313275 -0.000550473
56 60 -0.176217 0.0431827
56 61 1.14226 0.900985
56 62 0.030779 -0.0711282
56 65 1.20989 -0.223874
56 66 -0.467436 0.0168853
57 33 0.0446248 -0.547037
57 34 1.15824 -0.987321
57 35 3.32913 -0.573553
57 36 0.285461 -1.30649
57 37 2.60711 -4.43791
57 38 3.73413 5.18569
57 39 -0.65623 2.70455
57 40 2.72892 2.90371
57 41 -0.366559 1.44305
57 42 2.73489 -0.257312
57 43 -0.0483354 2.46139
57 44 0.998095 1.76673
57 45 -2.7919 2.57868
57 46 2.68488 2.03721
57 47 -2.072 0.526779
57 48 -1.20332 0.210513
57 49 -1.8121 1.51095
57 50 0.104164 0.752442
57 51 0.0337431 0.948417
57 52 0.218974 -0.0849272
57 53 0.57411 0.0382292
57 54 0.990181 0.516875
57 55 -0.0522046 -0.175321
57 56 0.0324708 -0.299284
57 57 -0.0117009 -0.0114882
57 58 -0.810722 -0.0975793
57 60 0.039855 -0.0162309
57 62 -0.439067 0.299152
57 63 0.243868 0.446389
57 66 -0.505291 0.489453
58 33 2.0441 -0.917767
58 34 1.51425 1.06672
58 35 -0.251999 0.0594049
58 36 0.984743 -2.75776
58 37 1.56443 1.40672
58 38 0.232465 1.93681
58 39 5.90634 2.91898
58 40 1.54262 -2.15887
58 41 3.19606 -2.34727
58 42 0.150039 -1.86283
58 43 1.70664 -0.390691
58 44 3.57073 2.84751
58 45 0.0359817 -0.206169
58 46 2.80046 0.360184
58 47 0.323256 1.0815
58 48 1.13468 1.64467
58 49 0.911707 -0.22279
58 50 0.917246 0.626499
58 51 0.0243693 0.0106933
58 52 -0.361426 0.0589844
58 53 0.442587 0.563262
58 54 1.09768 1.73232
58 55 0.573468 0.0693605
58 56 -0.526726 -0.519518
58 57 0.176316 0.446371
58 58 -1.72658 0.805484
58 61 0.292758 0.0455261
58 62 0.0265964 -0.00342039
58 63 0.139463 0.00689223
58 64 -0.206833 0.605936
58 65 -0.034378 -0.109865
58 66 0.0200841 -0.120682
59 33 4.40546 -0.399151
59 34 0.482653 -2.24739
59 35 0.235492 -1.04654
59 36 -0.150295 -2.80892
59 37 0.244819 -1.01118
59 38 1.9721 0.991853
59 39 3.71721 2.11119
59 40 0.0681126 3.22783
59 41 1.67935 -0.391139
59 42 2.36239 1.18449
59 43 -1.07716 -0.255628
59 44 -0.250852 0.247799
59 45 -1.865 2.36877
59 46 1.49027 1.22117
59 47 -0.143212 -0.207272
59 48 -2.14407 0.565522
59 49 -0.132419 -0.194065
59 50 1.17753 0.596583
59 51 -0.489992 -0.486404
59 52 -0.777331 0.223452
59 53 0.537644 0.587995
59 54 -0.111604 0.132946
59 55 0.0021493 0.0544882
59 56 -0.865009 -0.0907828
59 57 0.657477 1.06719
59 58 -0.0436412 0.02527
59 59 -1.53838 -0.0818567
59 61 0.108386 0.19775
59 62 -0.430384 -0.0586138
59 63 -0.0367751 -0.00294213
59 64 -0.0122846 0.0150921
60 33 2.64337 -1.63762
60 34 5.13035 -1.99931
60 35 2.37004 -0.763432
60 36 1.80918 0.510314
60 37 0.350921 0.021424
60 38 -0.403238 -1.06381
60 39 5.46119 1.93357
60 40 -2.47402 -0.683641
60 41 2.32833 1.52316
60 42 -1.97054 0.868937
60 43 3.93151 0.161186
60 44 2.23407 1.60783
60 45 -0.130424 0.584902
60 46 -1.94627 1.32168
60 47 1.48047 0.0781354
60 48 -0.141356 0.607888
60 49 0.13392 -0.0753325
60 50 -0.717825 2.00797
60 51 0.357953 -0.81341
60 52 1.00937 -0.326359
60 53 0.127611 -0.0239627
60 54 -0.225114 0.353005
60 55 0.51453 0.473387
60 56 0.0455114 0.164362
60 57 -0.457797 0.495138
60 58 -0.260957 0.752399
60 59 0.254541 -0.0321448
60 60 -0.0270722 -0.0386679
60 61 -1.66411 0.113935
60 63 -0.346974 -0.11045
60 66 0.151986 -0.0340616
61 33 3.18657 -0.446824
61 34 1.12212 -2.28415
61 35 1.628 1.21729
61 36 2.96585 2.63826
61 37 2.30195 1.66634
61 38 3.74446 -1.39356
61 39 4.29876 -1.8754
61 40 3.26931 2.07169
61 41 3.57619 -0.0524583
61 42 4.36883 0.323167
61 43 0.723392 0.348928
61 44 2.75384 -0.295435
61 45 0.847582 0.925108
61 46 0.0954442 3.93138
61 47 -0.475744 0.316557
61 48 0.119177 -0.76128
61 49 2.13872 0.870922
61 50 -0.323459 0.0207793
61 51 0.629895 0.533443
61 52 1.26049 0.43867
61 53 0.73332 0.923225
61 54 0.0802529 0.0835083
61 55 -0.015979 -0.0338297
61 56 -0.394314 0.590384
61 57 -0.989689 1.1729
61 58 0.288295 -0.238171
61 59 -1.23988 -0.118327
61 60 0.331583 -0.120578
61 62 0.571077 -0.442743
61 65 0.376883 0.0226615
61 66 -0.34705 0.250358
62 33 -1.37635 -0.497214
62 34 4.99287 -0.818165
62 35 2.78993 -0.73592
62 36 3.6996 1.85382
62 37 1.27923 -1.25298
62 38 1.78866 0.111454
62 39 2.80642 -0.844066
62 40 -0.694579 0.0663577
62 41 1.23597 1.26676
62 42 3.35205 -1.01212
62 43 2.28828 2.82524
62 44 2.48219 0.971585
62 45 1.16545 1.14323
62 46 -0.687582 2.41748
62 47 1.19491 0.403211
62 48 0.660669 0.156189
62 49 1.29114 0.229328
62 50 0.272612 -0.188261
62 51 0.730361 0.268115
62 52 0.146368 0.417043
62 53 -0.52894 0.284402
62 54 0.0164983 -0.475683
62 55 0.410186 -0.376699
62 56 0.458465 -0.271117
62 57 0.0137973 0.0631071
62 58 -0.35428 0.0850116
62 59 0.797237 -0.0883426
62 60 -1.4078 0.10231
62 61 -0.141381 0.0182286
62 62 -0.0946227 0.300605
62 63 0.0410493 -0.215698
62 65 -1.28342 -0.788919
63 33 0.285247 0.21385
63 34 -2.3697 -0.260878
63 35 0.975348 0.766902
63 36 -0.259955 -1.59638
63 37 2.92491 0.535385
63 38 2.23391 0.329901
63 39 2.64285 0.314278
63 40 3.0967 0.764709
63 41 1.14826 0.577499
63 42 1.40698 1.49296
63 43 2.15313 1.10303
63 44 1.20922 1.55895
63 45 1.49093 -1.36268
63 46 -0.814778 -0.799017
63 47 0.474071 1.93205
63 48 1.21453 0.856161
63 49 0.298648 -0.165067
63 50 0.47229 -0.492867
63 51 1.42083 0.785824
63 52 0.130923 0.411094
63 53 0.11716 1.27212
63 54 -0.266991 0.423922
63 55 -0.0638329 -0.936958
63 56 0.833707 -0.381965
63 57 0.33349 -1.42334
63 58 0.178102 1.11972
63 59 0.0510357 0.350427
63 60 0.381592 -0.0721555
63 61 0.357333 -0.290789
63 62 0.643644 0.637726
64 33 0.84169 1.34824
64 34 1.76427 1.13296
64 35 3.07731 0.9381
64 36 3.04162 0.231012
64 37 1.37498 -0.118521
64 38 2.1873 0.195886
64 39 1.00121 0.45939
64 40 2.55842 0.350768
64 41 1.69762 2.22876
64 42 -1.48507 -0.328845
64 43 0.549567 1.55281
64 44 1.99819 0.102741
64 45 0.00350742 -0.23508
64 46 1.56183 -0.451439
64 47 1.11778 1.34322
64 48 -0.596607 0.0507654
64 49 -0.0211893 -0.0151639
64 50 1.7255 1.78958
64 51 -0.375295 -0.138713
64 53 0.790777 0.749101
64 54 0.462144 0.510435
64 55 -0.385722 0.675775
64 56 -0.0538187 0.0749568
64 57 0.59675 -0.573358
64 58 -0.388466 -0.214431
64 59 -0.445714 0.252283
64 62 0.258222 1.08467
64 63 0.231607 0.622047
64 64 0.404909 0.239639
64 65 -0.202044 0.0275808
65 33 2.35301 -0.820497
65 34 0.812326 -0.0253886
65 35 2.61087 0.45315
65 36 2.93661 -1.5009
65 37 2.68951 1.08109
65 38 2.18846 0.761124
65 39 1.87269 0.0179861
65 40 2.26939 0.29539
65 41 1.32072 0.506701
65 42 0.298883 1.15782
65 43 1.93822 0.705375
65 44 0.33639 0.51029
65 45 1.70058 0.444709
65 46 0.461996 -0.340671
65 47 2.02029 0.72206
65 48 -0.330324 -0.0144857
65 49 0.551161 0.504649
65 50 0.39811 -0.0666373
65 51 1.28355 0.638674
65 52 0.646049 0.515488
65 53 -0.351644 0.0869913
65 54 0.163946 0.236079
65 55 0.251921 0.152992
65 56 0.553512 1.43618
65 57 0.0122992 -0.134947
65 58 -0.165889 -0.630166
65 60 0.410596 -0.108832
65 61 0.0658927 -0.309355
65 62 -0.0979918 0.271281
65 63 -0.0954359 0.598527
65 65 0.796648 0.372956
65 66 0.031939 0.0476985
66 33 0.759224 -0.552449
66 34 1.92524 -0.612084
66 35 4.09914 -1.03397
66 36 1.62143 -0.771629
66 37 2.88055 0.709228
66 38 2.78554 0.983686
66 39 2.92807 0.344699
66 40 2.2403 0.0113529
66 41 1.57883 1.23173
66 42 2.68022 0.0394581
66 43 1.33575 1.0923
66 44 1.6266 0.591995
66 45 3.37997 1.15566
66 46 1.12386 0.288893
66 47 2.015 -0.283403
66 48 0.309289 0.365887
66 49 1.12971 -0.457153
66 50 0.727202 -0.00285312
66 51 -0.131098 -0.172408
66 52 0.000168102 0.000170838
66 53 0.702678 0.0952613
66 54 0.909841 1.87881
66 55 0.525773 0.265097
66 56 0.806564 -0.365539
66 57 0.178762 -0.0981655
66 58 0.365755 -0.123088
66 59 0.101052 -0.0104343
66 60 0.904224 0.764004
66 61 0.0333382 0.0505578
66 62 -0.272082 0.255093
66 63 0.121758 0.0827856
66 65 0.109385 -0.192604
