0 33 -0.180313 0.352377
0 34 -1.67891 0.232628
0 35 1.02049 -0.295954
0 36 -1.03653 0.11064
0 37 0.321813 0.00935719
0 41 0.0212124 -0.00357266
0 45 -0.0895728 0.0498417
0 47 0.66061 -0.518093
1 33 -0.736026 1.8399
1 34 1.13425 3.06152
1 35 -0.854664 1.5471
1 36 0.843302 1.48651
1 37 -0.381319 -0.468232
1 38 0.950507 -0.00868093
1 40 0.125106 -0.204703
1 41 0.560989 0.657508
1 43 0.519364 0.062004
1 44 0.553501 0.178216
2 33 -0.336759 4.69502
2 34 -3.00344 2.14747
2 35 -2.2733 2.26902
2 36 -2.4103 2.64697
2 37 2.56644 1.6244
2 38 0.329701 -0.0124661
2 39 2.01749 -0.500737
2 40 0.537175 1.44137
2 41 -0.8013 0.0372403
2 42 0.101344 0.0646214
2 47 -0.440226 0.424729
2 49 -0.0527848 0.0740911
2 50 0.447829 0.574199
2 51 -1.31244 -0.45924
2 54 -0.534646 0.445731
3 33 -2.7025 -0.34853
3 34 1.37702 7.30183
3 35 1.06804 -1.60109
3 36 -0.709975 -2.24763
3 37 0.0737548 2.51645
3 38 0.156249 0.111126
3 39 1.92816 1.3254
3 40 -0.986062 -0.178348
3 42 -0.442131 -0.0608179
3 43 -1.00994 -0.206114
3 44 0.589157 0.414702
3 45 0.289586 0.282373
3 48 0.684752 0.145214
3 51 1.09903 0.698093
3 58 -0.0753557 -0.0996534
4 33 1.81136 3.23639
4 34 -8.37817 6.17202
4 35 5.35895 2.80138
4 36 -5.38781 3.43513
4 37 -2.29511 1.46179
4 38 -1.73099 0.0446295
4 39 1.84168 2.42849
4 40 2.01381 -0.613963
4 41 -0.170656 0.0393061
4 42 1.36081 -0.53023
4 43 1.22266 0.685749
4 44 0.412307 0.402603
4 46 -0.439898 0.527072
4 47 0.338183 0.48353
4 49 -0.098828 0.0488795
4 51 -0.543222 -0.109257
4 52 -0.29029 0.431958
5 33 0.0864328 4.76559
5 34 1.96029 4.34685
5 35 -1.49554 4.35978
5 36 -0.992843 3.51405
5 37 3.23896 4.11003
5 38 -0.972051 0.0386951
5 39 -2.5704 2.01838
5 40 1.38797 -0.3636
5 41 0.106848 -0.310666
5 42 0.43301 1.06395
5 43 0.225317 1.59432
5 46 -0.235951 0.199491
5 47 1.29045 0.492263
5 48 -0.191347 -0.130662
5 50 0.0797593 0.0251977
5 52 -0.858613 0.520095
6 33 2.72672 7.26284
6 34 -3.34319 3.79742
6 35 0.798922 3.87742
6 36 2.75457 1.78464
6 37 -0.450598 1.07254
6 38 -1.62408 -1.43401
6 39 1.71683 0.175605
6 40 1.58049 0.641352
6 41 -0.38859 -0.650642
6 42 2.04916 -0.293392
6 44 -0.157255 -0.165093
6 45 0.312744 1.46629
6 46 -0.00945586 -0.749065
6 50 -0.48308 -0.0514758
6 52 0.214442 0.199476
6 60 0.642944 0.441178
6 61 0.345555 0.223084
7 33 0.187402 7.28245
7 34 2.43005 4.55622
7 35 6.65813 6.55621
7 36 -1.51087 4.09258
7 37 4.01635 -1.00794
7 38 0.494677 -0.00413255
7 39 -2.14413 0.0343727
7 40 1.18236 0.968651
7 41 -1.39547 0.237425
7 42 -0.677896 -0.141182
7 43 -0.263576 0.00859202
7 44 0.0245544 0.0082191
7 45 0.75627 0.410605
7 48 -0.169597 -0.164801
7 49 -0.272788 -0.506949
7 51 0.11389 0.11188
7 61 0.750313 -0.228339
7 62 -0.0540667 -0.188999
8 33 -1.34009 4.88283
8 34 -5.81801 3.19643
8 35 2.36638 5.08274
8 36 -0.320051 1.8466
8 37 0.972537 -1.84372
8 38 3.13426 4.00072
8 39 -3.4676 1.08162
8 40 0.614991 -0.892625
8 41 0.781034 -0.156452
8 42 0.376692 -1.37793
8 43 -0.168711 0.0115381
8 44 2.64766 0.335542
8 45 1.13351 0.481135
8 46 0.0652815 0.0182355
8 48 -0.488348 -0.125799
8 49 -0.0643018 -0.0221905
8 50 0.249466 0.272178
8 51 0.429716 -0.0369708
8 61 0.527091 0.292009
8 62 -0.0317578 -0.0055517
9 33 3.1636 7.37995
9 34 2.45956 5.48396
9 35 7.08594 -1.67887
9 36 5.45316 3.26414
9 37 1.37151 0.340345
9 38 -1.98976 1.18338
9 39 -0.361266 1.35267
9 40 3.26522 -2.32084
9 41 0.362073 1.92029
9 42 0.0749441 1.50186
9 43 0.368238 0.0533623
9 44 -0.918299 0.0345912
9 45 0.07311 0.198034
9 46 -0.0674939 -0.0881929
9 49 -0.000744703 -0.00137975
9 50 0.375251 -0.349013
9 53 -0.2042 0.524226
9 57 -0.159874 -0.334954
9 60 0.315526 0.449795
9 61 0.243533 0.127597
10 33 3.01842 8.63151
10 34 -0.664994 7.19875
10 35 1.96336 6.09594
10 36 1.88656 4.22175
10 37 3.30635 -0.654853
10 38 3.01698 4.65364
10 39 1.78205 1.45128
10 40 0.056489 0.560344
10 41 -0.788865 -1.48345
10 42 -0.586719 -0.0858214
10 43 -1.00012 2.55053
10 44 -0.236916 0.232384
10 45 0.266426 -0.302214
10 46 0.0235023 -0.00419659
10 47 0.166247 -0.268499
10 48 0.362168 0.0728225
10 50 0.226031 0.205666
10 52 -0.215857 0.544645
10 53 0.054757 -0.0144099
10 56 -0.0293032 -0.00997056
11 33 1.24762 8.14962
11 34 -3.82393 5.16982
11 35 7.32764 4.04053
11 36 3.01757 5.17681
11 37 1.60199 4.61368
11 38 3.58832 4.22691
11 39 1.16312 -1.4909
11 40 2.68746 0.974157
11 41 0.547589 1.8333
11 42 -0.1165 1.67754
11 44 -0.365915 0.181213
11 45 -0.177276 0.0886663
11 47 0.0368692 -0.462945
11 48 -1.55663 0.0749648
11 50 0.112911 0.275628
11 51 0.233217 -0.0228619
11 54 0.228044 0.160964
11 56 -0.0481393 -0.0144028
11 61 -0.0507551 0.026157
11 65 -0.348783 0.353041
11 66 0.857494 -0.0235457
12 33 -3.44683 6.31017
12 34 -1.23242 3.34555
12 35 -0.39413 7.41064
12 36 5.42478 1.61444
12 37 -2.22907 5.65132
12 38 5.59992 2.30035
12 39 1.77026 1.46382
12 40 0.984701 -0.223377
12 41 0.856134 0.764675
12 42 2.5618 -0.715392
12 43 0.96864 1.05846
12 44 0.0461299 0.0174171
12 45 0.331431 0.119649
12 46 -0.524533 1.4507
12 47 -1.25496 1.47702
12 48 -1.01129 -0.403938
12 50 3.09643 -0.703719
12 57 0.0207767 0.0258184
12 58 -0.745224 0.248942
12 59 0.0462408 -0.020956
12 65 0.465267 0.679605
13 33 -7.07168 2.31531
13 34 -0.44696 4.35124
13 35 5.79205 4.38081
13 36 12.5917 4.74659
13 37 -0.636034 3.75717
13 38 0.046863 1.18618
13 39 1.35901 2.85982
13 40 2.65068 -0.213253
13 41 2.2634 -2.00486
13 42 -0.156204 0.440583
13 43 1.30532 0.615484
13 44 0.053217 -0.572532
13 45 -1.02918 0.272629
13 46 -0.0835714 1.19322
13 48 -1.08326 0.466291
13 49 -0.103188 0.0987365
13 50 -1.1017 0.992704
13 52 0.428278 -0.100021
13 57 0.250921 0.388276
13 58 -0.464606 0.0072957
13 62 0.124563 0.728742
13 65 -0.162707 0.365058
14 33 -2.99698 3.38034
14 34 3.98454 3.64491
14 35 -1.30443 4.99705
14 36 12.0573 2.86834
14 37 1.27573 5.3279
14 38 1.88299 -0.336958
14 39 2.57725 -0.157131
14 40 -0.358687 2.19011
14 41 0.083289 -0.477537
14 42 1.43938 1.29028
14 43 0.200015 -0.338354
14 44 0.52363 0.166675
14 45 1.35531 0.487923
14 46 -0.382525 0.827251
14 48 -0.480467 0.312202
14 49 -0.624536 -0.382245
14 50 0.124958 0.0488352
14 53 0.155225 -0.0627565
14 56 -0.327676 0.110497
15 33 3.32056 6.25982
15 34 1.4053 7.57443
15 35 0.578171 3.55332
15 36 -1.31924 -2.12497
15 37 2.54939 1.09526
15 38 0.170639 2.73601
15 39 -1.30743 1.5558
15 40 3.03229 1.26619
15 41 -0.419209 -0.122037
15 42 1.64273 0.266302
15 43 -0.198705 -0.828027
15 44 -1.98668 1.88327
15 45 0.616133 1.17836
15 46 0.0260745 -0.0529568
15 47 1.56484 0.122736
15 48 1.01855 0.531533
15 50 -0.105122 0.0965521
15 55 -0.0701314 0.0679459
15 56 0.92087 -0.951137
15 57 -0.174752 -1.18688
15 64 -0.183291 0.0152047
16 33 4.39765 7.04625
16 34 6.45446 3.37045
16 35 2.24193 4.629
16 36 2.87608 3.33889
16 37 3.35055 4.65498
16 38 0.123408 2.59004
16 39 4.62815 -0.643873
16 40 2.12034 -0.683014
16 41 5.55693 0.40021
16 42 0.515227 1.17863
16 43 -1.13303 -0.721298
16 44 -1.00948 1.64181
16 45 -1.486 0.657224
16 46 0.799105 0.00914733
16 47 0.37348 1.29198
16 48 1.3235 2.43328
16 49 -1.91834 0.191928
16 50 -0.0333339 -0.0591852
16 51 -0.756333 -0.223771
16 57 1.50351 0.598226
16 58 -0.0472125 -0.0734345
16 62 -0.334741 -0.214169
16 63 -0.114497 -0.0238831
17 33 0.505738 7.7019
17 34 -1.3834 2.17232
17 35 1.32971 1.53009
17 36 4.42421 3.68673
17 37 5.03202 1.10455
17 38 -0.073173 5.01582
17 39 2.56419 3.48213
17 40 0.0274653 1.98202
17 41 2.42105 1.46727
17 42 -0.933438 -0.532899
17 43 0.0847942 0.257862
17 44 0.869025 -0.730397
17 45 0.0974227 -1.50071
17 46 -0.16734 0.107789
17 47 0.633058 0.288482
17 48 1.33588 -0.320818
17 49 0.704839 0.699321
17 50 -0.528403 0.322659
17 51 0.0141519 0.322765
17 55 0.0903513 -0.0673188
17 57 -0.438342 0.720078
17 58 -0.0618037 0.0486335
17 60 -0.277215 -0.166148
17 62 0.0162961 0.169026
17 63 0.085871 -0.163641
17 66 -0.12346 0.0138828
18 33 6.66541 4.01734
18 34 -4.15058 -0.987689
18 35 -2.13456 7.94195
18 36 5.68612 2.92927
18 37 3.66186 6.03591
18 38 1.03144 -0.95114
18 39 3.74626 2.33374
18 40 1.27551 2.7641
18 41 -0.706114 1.10545
18 42 -0.131964 -0.342995
18 43 1.00815 0.307589
18 44 0.462611 -0.179604
18 45 0.0665728 -0.0135467
18 46 -0.278828 0.454263
18 47 0.411294 1.16038
18 48 -0.0654121 1.60587
18 49 0.474795 -0.13341
18 50 -0.248368 0.0969317
18 51 0.0744395 0.0342248
18 52 1.62324 0.0903967
18 53 0.420636 0.206004
18 54 0.974904 -0.335887
18 55 -0.535718 -1.04538
18 56 0.193875 -0.0499102
19 33 3.89002 7.73675
19 34 -0.132752 4.23836
19 35 -4.61614 -3.73839
19 36 10.2348 1.29883
19 37 0.596364 2.08768
19 38 1.00962 1.45913
19 39 2.21018 0.520646
19 40 2.3097 0.139372
19 41 0.643633 -1.50496
19 42 -0.898858 1.3514
19 43 1.38905 -0.508609
19 44 -0.679133 0.0621452
19 45 0.614629 -0.00626061
19 46 0.423899 0.402785
19 47 1.20392 1.3138
19 48 -1.16057 0.23412
19 50 -1.49665 -0.66281
19 52 0.601227 0.132501
19 53 -0.564553 -0.95681
19 54 -0.519741 0.316165
19 55 0.840055 1.20927
19 59 0.0889041 -0.0172475
19 60 0.207229 -0.376771
20 33 3.24039 2.53642
20 34 -2.45643 -1.4374
20 35 6.98225 -1.01269
20 36 11.7117 -1.68414
20 37 6.15361 4.06112
20 38 -0.44214 3.02444
20 39 -2.47227 -1.2619
20 40 -2.71581 1.50524
20 41 -3.09523 0.142775
20 42 -4.23402 -0.28868
20 43 3.60555 1.00921
20 44 -1.23982 0.921252
20 45 -0.42224 0.160147
20 46 2.01578 -0.729307
20 47 1.08328 0.526926
20 48 -0.121342 0.083039
20 49 0.291218 0.235957
20 50 -0.566147 0.408116
20 51 -0.0320315 -0.0967082
20 52 -0.531165 0.310363
20 56 0.114831 0.0972387
20 59 -0.612391 0.285453
20 61 -0.121116 -0.0084395
21 33 5.18486 5.56046
21 34 2.24001 5.54173
21 35 3.14163 0.836151
21 36 6.18526 1.13323
21 37 5.96545 -4.34907
21 38 3.47348 -0.275633
21 39 1.54448 -0.977077
21 40 0.91738 1.98241
21 41 0.357523 2.14328
21 42 -1.79889 -0.32544
21 43 -0.0104939 0.443302
21 44 -0.3784 0.529545
21 45 -0.0700221 0.250381
21 47 2.51511 -1.50839
21 48 -0.213821 -0.155407
21 49 -0.219156 0.172232
21 50 0.757592 -0.28303
21 52 0.108318 -0.168228
21 54 -0.890837 0.356785
21 55 0.0264523 0.0284114
21 56 0.295239 -0.0021031
21 57 0.040582 0.140548
22 33 3.44456 -0.05798
22 34 5.33452 -3.10974
22 35 0.630687 -0.613011
22 36 -3.42667 0.25214
22 37 -2.89974 2.88179
22 38 3.85783 4.05619
22 39 1.61668 2.21436
22 40 0.679088 0.492559
22 41 -2.57507 1.10664
22 42 -2.74884 0.741406
22 43 0.445645 0.304874
22 44 -1.60312 1.3564
22 45 -0.277029 -0.0205213
22 46 0.0915278 0.115635
22 47 -0.338267 0.704275
22 48 -0.149677 -0.0799076
22 49 -0.0134878 0.174703
22 51 -0.453706 0.0679759
22 52 0.985905 0.952827
22 54 -0.158199 0.101687
22 60 -0.0973941 0.252393
22 64 0.321222 -0.576248
23 33 4.25317 -1.02013
23 34 4.67849 -1.39636
23 35 1.3212 0.0378683
23 36 0.799125 1.99932
23 37 -4.93221 -1.24353
23 38 6.47238 0.501608
23 39 4.61064 3.03463
23 40 2.35076 1.19108
23 41 -1.01799 2.08999
23 42 1.57637 0.0166529
23 43 1.94595 0.248544
23 44 1.41437 -0.296453
23 45 0.737559 0.44804
23 46 0.21828 -0.0477906
23 47 0.0201728 0.00962961
23 48 0.323006 -0.328206
23 49 -1.16421 0.39387
23 51 -0.385901 0.0458619
23 52 -0.0901619 -0.0616774
23 53 0.0410363 0.0203716
23 57 0.00456542 0.0705855
23 59 0.0318384 -0.0175684
23 61 -0.27545 -0.233971
23 64 -1.81524 0.775899
24 33 4.57727 0.805082
24 34 -2.5515 -3.11965
24 35 2.7236 -0.837096
24 36 -0.896645 4.58044
24 37 2.7455 -3.03239
24 38 2.24802 4.57005
24 39 3.69274 -1.10961
24 40 -0.508434 2.68327
24 41 1.49472 -0.248814
24 42 1.41211 0.720978
24 43 0.0330316 0.993527
24 44 -0.310813 0.0381641
24 45 -1.70554 -0.25064
24 46 0.724184 0.897652
24 47 0.118185 0.474505
24 48 0.148106 -0.491542
24 49 0.434576 -0.482698
24 51 -0.506584 -0.470764
24 52 -0.202046 -0.647803
24 53 0.400481 0.11587
24 54 -0.124225 0.037637
24 55 0.392515 0.209604
24 56 0.666198 0.189381
24 57 0.110082 -0.0798402
24 60 0.276434 0.0168077
24 63 0.599087 0.187005
25 33 2.32135 0.237998
25 34 3.39287 2.33103
25 35 2.34626 -0.267586
25 36 8.91993 1.01396
25 37 5.16749 0.38128
25 38 -1.17699 -1.62401
25 39 0.843263 -0.0182785
25 40 4.09674 4.7884
25 41 1.32 -2.03924
25 42 0.988068 -2.18191
25 43 2.05194 -1.18392
25 44 1.12436 0.135784
25 45 0.284791 -0.173404
25 46 0.402781 0.267257
25 47 0.488057 0.853923
25 48 -0.124816 0.591223
25 49 0.147384 -0.113742
25 50 -1.37067 -0.107984
25 51 0.962398 -0.1101
25 52 -0.243089 0.0808525
25 53 -1.2948 0.178118
25 54 -0.833658 0.167833
25 55 1.74649 0.651328
25 66 0.120315 -0.0356379
26 33 3.20924 1.52647
26 34 0.480686 -1.83534
26 35 -0.577189 -1.08641
26 36 2.57556 1.59841
26 37 5.82706 2.06966
26 38 0.363781 -1.33066
26 39 4.78564 2.6792
26 40 0.800534 1.28433
26 41 3.76365 1.5979
26 42 0.506883 -0.0179259
26 43 -0.481568 0.417173
26 44 0.447761 -0.152003
26 45 1.11377 -0.88594
26 47 1.30428 0.987601
26 48 1.14333 1.4313
26 49 0.273261 0.635194
26 50 -0.0465331 1.0218
26 51 -1.147 -0.194346
26 52 -0.019881 -0.00501226
26 54 -0.840745 -1.75022
26 55 -0.637134 0.149374
26 60 -0.180604 -0.324723
26 62 0.0258178 0.110565
27 33 1.25988 0.174892
27 34 0.042176 -0.136786
27 35 5.38657 1.91693
27 36 6.83528 3.24186
27 37 0.0387447 -0.372069
27 38 1.78232 2.39764
27 39 1.84892 3.996
27 40 3.75327 -0.639797
27 41 0.735705 0.252498
27 42 -0.94341 0.869755
27 43 1.9193 0.112544
27 44 -1.82967 0.60967
27 45 1.3048 -0.838331
27 46 0.0581864 0.145502
27 47 0.62806 -0.162285
27 48 0.295843 -0.48047
27 49 -0.112626 -0.0697444
27 50 0.0415882 -1.10254
27 51 -0.0177515 0.0205205
27 53 -0.0921186 -0.595951
27 54 0.898444 -0.528772
27 56 -0.0474254 0.0365943
27 60 0.0707812 0.0798862
28 33 3.88001 -2.74389
28 34 2.18308 -1.5251
28 35 10.7806 -1.26102
28 36 13.921 2.13599
28 37 4.38359 -1.45975
28 38 2.15561 2.07901
28 39 4.1082 -1.80194
28 40 1.12968 0.572912
28 41 0.0778605 1.83845
28 42 -0.600831 1.06327
28 43 -1.34723 0.534064
28 44 2.32217 -1.66742
28 45 0.745653 0.873646
28 46 -1.15023 0.236569
28 47 0.905836 0.351669
28 49 0.205942 -0.286802
28 50 -0.665959 0.265125
28 51 0.564263 0.29846
28 52 0.599329 0.0882214
28 53 -0.0115248 0.00668202
28 55 -0.0420521 0.0228715
28 58 -0.0909875 -0.0253348
28 60 0.777973 0.314286
29 33 2.4664 0.580676
29 34 9.62475 3.33504
29 35 5.16929 2.55802
29 36 6.87154 2.11384
29 37 2.49468 0.10738
29 38 7.5887 -0.749959
29 39 1.91041 1.97508
29 40 -0.494285 0.321203
29 41 0.226116 1.2775
29 42 0.541865 -0.08001
29 43 1.22353 1.03092
29 44 -0.485352 0.603735
29 45 0.505689 0.0390158
29 46 0.359109 0.257986
29 47 -0.435443 0.057872
29 48 -0.0617599 -0.635352
29 49 0.529396 -1.02418
29 50 -0.165382 -0.104071
29 51 0.40666 -0.556245
29 55 0.278475 -0.101867
29 56 -0.662196 0.431303
29 57 -0.00363343 -0.00387362
29 58 -0.0557084 0.00265443
30 33 2.3533 -0.0153754
30 34 -4.76883 -1.3095
30 35 7.83564 -4.53212
30 36 3.84604 -2.94947
30 37 9.86034 1.48724
30 38 -0.749495 -3.58141
30 39 -1.12371 -0.12132
30 40 -1.18169 1.23907
30 41 2.16597 0.2411
30 42 -0.624716 0.0566815
30 43 0.437492 0.64127
30 44 -1.2526 -0.0748646
30 45 -0.134858 0.311287
30 46 1.72015 0.780303
30 47 0.00988852 0.369564
30 48 0.35197 0.706451
30 49 -0.326723 -0.948019
30 50 0.025883 -0.334613
30 51 1.0072 -0.73432
30 52 -0.0127841 -0.125204
30 53 -0.194225 -0.131979
30 55 -0.00580114 -0.00300546
30 61 1.96916 1.31894
31 33 4.4593 -0.721564
31 34 4.30348 -1.19626
31 35 2.38648 1.33232
31 36 4.41318 -3.37121
31 37 10.2297 2.98069
31 38 1.86495 -2.75887
31 39 2.84402 0.928512
31 40 2.63125 3.72946
31 41 3.80284 -0.59887
31 42 0.253629 0.513283
31 43 1.6054 2.03166
31 44 0.703053 -0.118329
31 45 -1.3607 1.27299
31 46 -0.435524 0.128216
31 47 0.732392 0.689296
31 48 -2.63194 0.342504
31 49 1.06661 0.204888
31 50 0.427614 -0.420201
31 51 0.309392 0.0391128
31 52 -0.141401 -0.185396
31 54 -0.306715 -0.00562795
31 58 0.0564732 0.00268619
31 61 -0.159234 -0.646285
31 65 -0.112805 -0.101813
32 33 0.294408 2.23153
32 34 2.05118 -2.68986
32 35 2.39672 5.60618
32 36 3.30115 1.01815
32 37 0.220312 -2.83357
32 38 1.995 0.43229
32 39 0.102638 0.499249
32 40 -0.281938 -1.45022
32 41 5.49812 -2.23015
32 42 -1.28743 -1.53872
32 43 -0.130533 0.0390261
32 44 2.30756 0.598445
32 45 1.00486 0.867275
32 46 -0.469888 0.989402
32 47 -0.733208 -0.288184
32 48 1.05607 2.23998
32 49 1.20024 1.74247
32 50 -0.542348 -0.239103
32 51 -1.62461 0.869893
32 52 0.134113 0.148106
32 53 -0.107894 -0.0316099
32 54 0.252679 -0.0759082
32 55 0.345631 -0.40624
32 57 -0.031465 0.0120134
32 59 -0.637379 0.0587333
32 60 0.363214 -0.514534
32 61 0.241359 -0.158069
32 62 0.03028 -0.00691219
32 65 -0.16184 0.137851
33 33 0.164031 -2.8057
33 34 2.49913 -6.97854
33 35 3.27563 -4.6254
33 36 -0.633787 -0.959469
33 37 -1.41272 -2.42801
33 38 -3.15184 2.4187
33 39 3.64611 -3.20269
33 40 -1.27693 0.0743169
33 41 3.98004 -1.30397
33 42 -1.21855 2.8243
33 43 -0.15408 1.16208
33 44 -0.329633 0.296457
33 45 -0.233072 0.507542
33 46 -1.44786 -0.339421
33 47 0.724862 1.53938
33 48 -0.977528 0.300567
33 49 0.303362 1.11374
33 51 -0.598231 -0.203297
33 52 0.480873 0.0318177
33 53 0.0973038 -0.871257
33 54 -0.335004 0.346687
33 55 -0.786832 -0.282833
33 57 0.259707 -0.352573
33 59 -1.27333 0.263794
33 61 -0.576904 0.937463
33 63 -0.120653 -0.137716
33 66 -0.0472197 -0.00512125
34 33 1.33503 0.614746
34 34 5.53288 -0.705009
34 35 2.51476 -1.17064
34 36 1.05029 2.55625
34 37 -1.09217 -2.04947
34 38 2.70941 3.50978
34 39 -1.33139 2.61616
34 40 1.27996 1.18765
34 41 0.900963 -0.403264
34 42 1.11326 1.07361
34 43 0.0961531 0.526264
34 44 1.08183 1.40195
34 45 0.119604 0.0277764
34 46 0.838217 -0.50912
34 47 -0.641492 -0.30834
34 48 -0.273262 -0.429183
34 49 -0.179724 -0.0832752
34 50 0.581642 -0.385107
34 51 0.101333 0.407324
34 52 0.380782 0.29197
34 53 0.17368 0.15721
34 55 -0.22525 -0.113335
34 56 1.04694 0.35014
34 57 0.0440566 0.466691
34 61 0.00572324 0.0108274
34 63 0.334934 0.711659
34 64 0.048005 -0.0134895
34 65 0.66188 -0.431698
35 33 1.07175 -2.62394
35 34 -0.177975 0.175322
35 35 0.494108 1.3329
35 36 11.0185 6.04481
35 37 2.93574 0.85125
35 38 3.02808 2.11632
35 39 3.66026 2.55432
35 40 0.588832 0.638326
35 41 1.67463 1.97236
35 42 0.428149 -0.321836
35 43 2.20831 2.47672
35 44 0.576541 -0.489009
35 45 -0.493094 0.273656
35 46 0.341541 -0.0462976
35 47 -0.44821 0.516212
35 48 0.161726 0.788777
35 49 0.453883 0.19736
35 50 -0.065052 0.786599
35 51 -0.131125 -0.394691
35 52 0.358377 0.332714
35 53 0.390454 -0.167132
35 54 -0.139522 -0.075169
35 55 0.0241579 0.0488271
35 57 0.0236705 -0.0311801
35 59 0.593978 -0.112369
35 65 0.205227 -0.0200387
36 33 1.80717 -0.904056
36 34 0.649025 1.87311
36 35 3.73799 -1.31808
36 36 3.60712 -0.789657
36 37 2.04052 -0.512857
36 38 1.01525 0.858775
36 39 -0.390554 1.12752
36 40 -3.22803 0.132987
36 41 -0.0157769 0.119458
36 42 -0.894681 0.0705993
36 43 1.60382 -0.735682
36 44 0.0772163 0.0373755
36 45 0.583095 -0.0728442
36 46 1.71102 -0.0562312
36 47 -0.788325 0.382922
36 48 0.494912 2.37541
36 49 0.240971 -0.181197
36 50 0.242091 0.224303
36 51 -0.0946339 -0.0138047
36 52 0.294878 0.523231
36 53 2.00267 1.11974
36 54 0.949139 0.905131
36 55 -0.263664 -0.00144045
36 57 -0.0427934 0.0820716
36 59 0.690905 -0.784707
36 61 0.317927 -0.140154
36 62 -0.305686 0.285004
37 33 2.05041 -0.299883
37 34 3.13196 3.50081
37 35 2.98116 2.60069
37 36 1.82367 -1.0571
37 37 -1.00636 -0.113991
37 38 -0.32759 4.24421
37 39 -1.18064 0.233245
37 40 1.30437 0.0368814
37 41 0.0735656 0.730407
37 42 0.847906 0.269804
37 43 -1.19634 -0.365367
37 44 0.136308 -0.0233567
37 45 -0.621022 0.26932
37 46 0.072436 -1.50787
37 47 -1.35256 -0.213677
37 48 -0.283708 -0.635471
37 49 0.728878 0.856083
37 50 -2.09286 0.932421
37 51 0.292862 0.632708
37 52 -0.433067 -0.0829446
37 53 -0.834628 0.890632
37 54 1.55834 -0.926539
37 55 -0.638972 1.01501
37 60 0.978904 0.809005
38 33 -0.871245 -0.328108
38 34 -1.01645 -1.21006
38 35 4.13734 0.203585
38 36 4.10303 1.45791
38 37 1.9955 1.66116
38 38 -5.6598 -0.696882
38 39 2.36922 -0.182653
38 40 0.232058 0.46965
38 41 -0.655709 0.438206
38 42 0.228225 0.436494
38 43 0.764787 0.197614
38 44 -0.417005 -0.0851248
38 45 0.0841003 -0.015207
38 46 -0.162754 0.140978
38 47 0.110522 1.5147
38 48 1.38487 -0.246892
38 49 0.29126 0.300876
38 50 0.135535 0.261948
38 51 -1.21797 -0.2085
38 52 -0.493885 2.01306
38 53 -0.285101 0.872876
38 54 -0.221796 0.0932384
38 55 -0.0214253 0.000338163
38 57 1.00001 0.152982
38 58 0.578988 -0.0856181
38 60 -1.00797 0.0632436
38 64 -0.00409611 0.00664842
39 33 1.11166 0.273244
39 34 2.26437 4.8271
39 35 0.253556 -3.26121
39 36 -0.830341 1.27024
39 37 1.59573 -1.49981
39 38 2.11823 1.45635
39 39 3.62376 -1.00073
39 40 0.402597 -1.35185
39 41 0.76916 2.77402
39 42 0.343785 0.167446
39 43 -0.583171 -0.241694
39 44 1.29086 1.16721
39 45 0.96649 0.916728
39 46 -1.43141 0.857813
39 47 -0.856718 -0.266708
39 48 0.0736429 0.334524
39 49 0.379262 0.287746
39 50 0.0935712 -0.358786
39 51 -0.251652 0.173261
39 52 -0.715315 0.17903
39 53 -0.547567 0.737543
39 54 -0.00169124 0.044551
39 59 -0.788197 -0.0614293
39 61 -0.639282 0.933115
39 63 -0.194999 -0.0704855
40 33 1.23978 -0.392705
40 34 -2.94125 -0.572317
40 35 1.77923 0.733688
40 36 3.14056 -1.41582
40 37 0.315827 -2.04906
40 38 0.22711 -1.12051
40 39 7.49268 0.810126
40 40 0.237526 -0.255333
40 41 3.82241 1.14588
40 42 5.15443 1.45083
40 43 -0.320809 -0.851235
40 44 0.251645 -0.906138
40 45 1.17857 0.330956
40 46 0.939607 -0.914044
40 47 0.33076 2.14721
40 48 2.81033 0.305845
40 49 0.637423 0.188557
40 50 0.430238 -0.246308
40 51 0.0165149 0.00863596
40 52 -1.20434 0.798444
40 53 -0.56619 0.706812
40 54 0.176197 -0.200874
40 55 -0.536123 0.36599
40 56 -0.898754 0.840388
40 61 -2.75999 -0.691921
40 63 1.70977 0.559826
40 65 -0.0253719 0.0176377
41 33 -0.99386 1.31557
41 34 1.53347 0.612451
41 35 4.53716 2.29745
41 36 2.55481 -0.381372
41 37 7.17517 1.45583
41 38 1.83974 0.602569
41 39 4.24393 0.591141
41 40 1.3121 0.717126
41 41 0.701076 2.68092
41 42 -2.67684 0.350879
41 43 0.423762 0.0551859
41 44 0.569815 -0.572767
41 45 0.527199 0.0563731
41 46 -0.408567 -0.674758
41 47 -0.369765 1.83827
41 48 3.19753 -0.829838
41 49 0.219066 0.078188
41 50 0.787059 0.255744
41 51 -0.151886 0.08717
41 52 -0.35174 0.0938633
41 54 -0.320749 -0.12525
41 56 -0.745105 0.522142
41 57 -0.424115 0.105653
41 58 0.0999971 0.00913674
41 60 0.415062 -0.0719917
41 62 -0.836826 -1.39977
42 33 0.796258 -0.803593
42 34 1.95874 0.0849432
42 35 -3.72436 1.63288
42 36 5.06537 3.59669
42 37 4.90411 2.16577
42 38 -1.29106 -1.78163
42 39 1.74336 0.199805
42 40 -1.76902 1.64652
42 41 1.83859 0.359878
42 42 -1.22046 2.17823
42 43 -0.691689 0.33236
42 44 2.46419 -1.36968
42 45 -0.837845 -0.00291518
42 46 0.194693 1.61323
42 47 1.43798 1.37147
42 48 -0.451709 0.232831
42 49 -0.0720357 0.456664
42 50 0.149248 0.214659
42 51 -0.904197 0.78864
42 52 0.291634 -0.444146
42 53 -0.165179 -0.108474
42 54 0.405747 0.207672
42 56 0.0425966 0.0504906
42 57 0.950068 -0.416335
42 59 -0.130088 -0.0840238
42 60 -0.0304563 -0.0206187
42 62 -0.230977 -0.26245
42 63 -0.185734 -0.17395
43 33 0.0631136 0.283653
43 34 -1.12002 0.808155
43 35 3.27644 -1.70895
43 36 1.94025 -1.62032
43 37 2.45583 -0.141336
43 38 4.39305 -0.415378
43 39 3.21086 1.78834
43 40 1.02515 -1.06803
43 41 -1.1123 1.20285
43 42 0.942649 1.45018
43 43 -0.11618 0.895829
43 44 0.989744 -0.155211
43 45 -0.35676 0.0244556
43 46 0.914089 0.454201
43 47 0.534101 -0.362564
43 48 1.08024 0.372013
43 49 -0.607861 1.87053
43 50 -0.0960814 -0.435314
43 51 0.931789 0.0434562
43 52 0.5394 -0.146848
43 53 0.301625 0.078585
43 55 0.0550484 -0.0626458
43 56 0.362932 0.720188
43 57 -0.910793 0.13919
43 58 0.428339 -0.160402
43 61 -0.0720265 -0.00202172
43 62 -0.506096 0.565027
43 63 0.161911 -0.0601612
43 66 0.108211 -0.250494
44 33 1.82462 -0.570796
44 34 0.31926 -0.00545177
44 35 3.9912 -2.70215
44 36 6.81607 3.05365
44 37 2.82544 -0.267739
44 38 0.615243 0.681632
44 39 -0.504099 0.670155
44 40 0.537049 -0.190287
44 41 0.575404 0.909089
44 42 -2.46721 2.5525
44 43 -0.442209 0.382674
44 44 -0.376625 0.427931
44 45 2.52506 0.379705
44 46 -0.496312 0.858598
44 47 0.154969 -0.208666
44 48 -0.160795 0.968513
44 49 -0.780703 -0.582695
44 50 0.220267 -0.00824857
44 51 0.986287 0.834248
44 52 -0.950088 -0.404582
44 53 -0.12955 0.37112
44 54 -0.613428 0.444455
44 55 0.00875191 0.110833
44 56 0.0479944 0.205988
44 58 -1.53938 -0.1074
44 59 -0.76766 0.187712
44 65 -0.0032532 0.000197373
44 66 0.593099 0.553531
45 33 1.9001 0.57996
45 34 0.0465186 0.0659571
45 35 1.61503 0.306779
45 36 5.26997 1.8203
45 37 8.76288 2.55784
45 38 1.90033 2.44807
45 39 2.23453 0.295833
45 40 -0.606003 -0.238607
45 41 1.38341 0.744176
45 42 5.70947 0.766145
45 43 2.21768 0.297014
45 44 0.0459419 0.109505
45 45 -1.7252 0.59167
45 46 2.87902 0.301503
45 47 -0.292246 -0.0148789
45 48 0.190672 0.415788
45 49 -0.0935673 -0.158803
45 50 -0.565993 -0.43813
45 51 0.101194 0.943234
45 52 -0.420968 0.395822
45 53 0.237764 0.166606
45 54 3.02749 0.37534
45 56 -0.619973 0.60656
45 57 -0.0860979 0.12436
45 58 0.220413 0.159527
45 59 0.830322 -0.157638
45 61 0.455312 -0.300309
45 63 -0.135243 -0.177996
45 65 1.04428 0.180855
45 66 0.0345295 -0.0426394
46 33 0.949786 0.354515
46 34 0.0155971 -0.903753
46 35 1.94065 -2.56661
46 36 0.534098 -0.618278
46 37 0.140686 0.40065
46 38 -2.45262 -1.22162
46 39 -1.51633 2.43045
46 40 -3.4253 1.12666
46 41 -1.72386 0.14874
46 42 1.38555 0.516644
46 43 -0.208353 -0.607811
46 44 0.698831 -1.30155
46 45 3.81177 1.60793
46 46 1.23395 -0.511581
46 48 -0.536069 1.5571
46 49 0.46282 -0.0815928
46 50 0.282395 0.313931
46 51 1.08196 -0.493623
46 53 -0.172025 0.205605
46 54 -1.16662 0.239574
46 56 -0.192899 0.562982
46 57 -0.745058 0.561496
46 59 0.382151 0.0418068
46 60 -0.542131 -0.475473
46 61 0.796013 -0.728585
46 65 -0.0282337 0.26699
47 33 1.35612 1.86694
47 34 1.11723 1.03047
47 35 2.09603 -0.655248
47 36 2.63507 0.32957
47 37 0.988358 0.654712
47 38 0.0664881 0.276153
47 39 0.161327 1.50696
47 40 1.19598 0.38645
47 41 1.4583 0.320345
47 42 -1.10561 3.84388
47 43 2.22622 -2.0329
47 44 -0.089643 0.330125
47 45 0.885448 1.53084
47 46 -0.0621611 0.0442316
47 47 0.140608 0.239424
47 48 0.995383 0.345291
47 49 0.923541 -0.467692
47 50 2.25294 0.4097
47 51 1.22198 -0.078884
47 53 -1.3844 0.429223
47 56 0.00390209 0.00280525
47 59 0.464827 -0.631775
47 60 0.311865 -0.0747924
47 61 0.667697 -0.381612
47 63 0.304419 0.171704
48 33 2.3285 1.30067
48 34 2.89274 0.65662
48 35 0.110462 -1.78544
48 36 1.94181 -0.0694304
48 37 0.175102 0.417396
48 38 -0.627438 -0.626559
48 39 4.36848 -1.97833
48 40 3.05293 -1.04103
48 41 0.697497 -0.291784
48 42 -1.66595 0.78706
48 43 1.09011 0.620127
48 44 0.129668 1.57844
48 45 0.587663 0.0633171
48 46 -0.440499 0.588804
48 47 -0.553836 0.733696
48 48 0.176666 -1.08714
48 49 0.231754 0.684027
48 50 0.562063 0.866348
48 51 -0.295208 -0.812489
48 52 1.16681 -0.299318
48 53 -0.744047 0.276119
48 54 0.243519 0.231495
48 55 -0.197241 -0.388916
48 61 -0.940882 0.37964
48 62 -0.0372352 0.00287171
48 64 0.312622 0.0782755
49 33 -0.245143 0.69118
49 34 2.09579 -0.130889
49 35 0.455138 0.510244
49 36 2.4348 0.969128
49 37 2.24815 -1.88459
49 38 3.58885 1.92516
49 39 2.8073 -0.590157
49 40 -0.529764 -0.470036
49 41 1.56665 -0.281115
49 42 1.79086 2.28777
49 43 0.754924 -0.464294
49 44 -0.400936 0.317435
49 45 -1.35398 -0.0296557
49 46 0.608619 2.30622
49 47 -0.0335927 -0.016132
49 48 -1.89292 -0.169176
49 49 1.24945 0.632073
49 50 -1.22341 -0.254429
49 51 0.420613 0.471824
49 52 -0.626899 1.22924
49 53 -0.0356796 -0.00320035
49 54 1.07877 0.388746
49 55 0.784179 -0.648186
49 57 -0.00318682 -0.000164224
49 60 0.910522 1.15814
49 62 0.00178364 0.00208545
49 64 -0.134737 0.0967141
49 65 -0.450759 -0.284166
49 66 0.0187439 0.00362133
50 33 1.79642 -0.604905
50 34 1.16627 1.16626
50 35 -0.136255 -0.27165
50 36 1.97214 0.630585
50 37 -0.1857 0.560875
50 38 -2.04183 2.51255
50 39 -1.42204 -1.07173
50 40 1.23622 -0.27176
50 41 -1.25246 -0.3776
50 42 1.42516 -0.442971
50 43 0.710226 0.813946
50 44 -1.49625 -0.0629477
50 45 -0.22268 0.00196482
50 46 -1.27721 0.397216
50 47 -0.712854 -0.275458
50 48 0.52628 0.287258
50 49 -0.212764 0.677349
50 50 -1.32495 0.287985
50 51 -0.707461 0.0741982
50 52 -0.65812 -1.27058
50 56 -0.0569857 0.184542
50 57 -0.0439226 0.0166195
50 59 0.134466 0.0349914
50 60 0.140901 0.387869
50 64 -0.255169 0.248248
50 65 1.02512 -0.147795
50 66 0.197135 -0.0302317
51 33 1.09584 1.41442
51 34 1.00175 2.11237
51 35 -0.861138 0.250366
51 36 0.502569 1.18941
51 37 2.05937 -0.117746
51 38 4.15608 -0.189271
51 39 0.0999915 0.98996
51 40 1.15238 1.62645
51 41 -1.01771 -0.608473
51 42 0.231986 -0.782074
51 43 1.32916 -0.900472
51 44 1.98817 -0.291012
51 45 1.64387 0.893511
51 46 0.129296 -0.100564
51 47 0.0288489 1.34114
51 48 0.328333 -0.470627
51 49 0.712666 0.599993
51 50 -0.37098 1.879
51 51 1.56299 -1.25262
51 52 0.2814 -0.105567
51 54 1.84313 -0.30652
51 56 -0.630001 -0.361976
51 58 -1.25042 -0.275186
51 59 0.00678561 0.0357139
51 60 -0.594039 -0.13103
51 66 0.444448 0.153434
52 33 0.598692 0.733014
52 34 1.85566 -4.28715
52 35 3.5077 0.0353896
52 36 3.26513 -0.323977
52 37 2.05777 0.297781
52 38 0.991159 2.26458
52 39 -0.0264954 -0.422759
52 40 -0.978866 -0.157622
52 41 1.27655 -0.243794
52 42 1.87334 0.386125
52 43 0.172482 -0.0641903
52 44 1.67286 -0.110286
52 45 2.01407 0.100438
52 46 1.39197 0.457474
52 47 0.224358 -0.0658111
52 48 0.498944 0.6963
52 49 0.807375 0.0875004
52 50 0.464058 0.778421
52 51 -1.13594 0.445033
52 52 2.9159 0.454571
52 53 -0.254473 -0.14846
52 54 0.388153 -0.18964
52 56 -1.49141 0.246301
53 33 3.21643 -0.00167439
53 34 4.87292 1.47082
53 35 -2.9098 2.03483
53 36 1.13435 -2.25266
53 37 1.57789 0.89984
53 38 1.23559 -2.99279
53 39 -1.80699 0.22487
53 40 1.25353 0.524939
53 41 0.334892 0.507748
53 42 1.24349 -0.348364
53 43 -0.201228 -0.45865
53 44 -0.374926 -1.34288
53 45 -0.653665 1.21247
53 46 -1.17735 -0.0521991
53 47 1.77117 0.887642
53 48 0.883795 0.0911889
53 49 0.241088 -0.658188
53 50 2.20246 -1.29814
53 51 -0.87254 -0.0035948
53 52 0.400624 0.425394
53 54 -0.506669 -0.499367
53 57 0.0206849 0.0151306
53 58 -0.0132164 0.00993711
53 59 -0.237868 0.399297
53 62 0.44256 -0.0973014
54 33 -0.210714 -0.209103
54 34 4.82375 -0.749291
54 35 4.48051 -0.372365
54 36 2.9349 3.28295
54 37 0.0634522 1.24719
54 38 -1.59687 1.64518
54 39 0.836492 0.638424
54 40 2.2256 0.680631
54 41 2.01289 1.48227
54 42 2.21239 0.994325
54 43 3.14008 1.57698
54 44 -0.596879 -0.415391
54 45 1.47727 0.340851
54 46 0.444657 -1.20339
54 47 1.391 -0.740505
54 48 2.4579 -0.65395
54 50 -0.269099 0.343346
54 51 -1.00419 1.03222
54 52 3.55935 -1.38168
54 53 0.110954 0.829987
54 54 -0.707098 0.0933994
54 55 -1.12028 0.850562
54 56 0.214379 -0.442054
54 57 0.408997 0.0354178
54 58 0.240829 -0.876932
54 59 0.00835725 0.0190319
54 60 -0.0422108 0.030088
54 61 0.0783762 0.0430297
54 64 -0.306479 0.718634
55 33 0.913095 -1.20812
55 34 2.36496 1.0011
55 35 3.39852 -1.02976
55 36 1.25627 2.16594
55 37 -2.95851 -0.92274
55 38 1.07993 -0.984442
55 39 1.88899 1.29457
55 40 2.46301 1.55784
55 41 -1.68532 0.768612
55 42 -2.48915 -0.34303
55 43 1.47158 0.405551
55 44 0.868042 1.07809
55 45 -0.431479 2.3843
55 46 0.134227 -0.478076
55 47 0.585089 1.60435
55 48 -2.31256 0.24635
55 49 1.20665 0.330461
55 50 0.602081 0.177625
55 51 -0.699904 -0.908847
55 52 0.493674 0.780195
55 53 -0.488993 -0.217856
55 54 -0.10995 -0.0814237
55 55 1.00918 0.127224
55 58 0.3988 -0.134264
55 60 0.123734 -0.506015
55 61 1.11545 0.767105
55 63 0.0238704 0.0119712
55 64 0.431491 -0.0456907
56 33 0.380041 0.219947
56 34 -0.861199 -0.415773
56 35 1.44972 1.1528
56 36 1.80864 0.176131
56 37 3.43696 0.551963
56 38 6.68138 1.56838
56 39 3.7309 0.916912
56 40 4.33565 1.95337
56 41 2.70454 0.75722
56 42 0.826712 0.885153
56 43 0.51411 -0.505007
56 44 -1.81789 1.35884
56 45 0.624875 0.676503
56 46 -0.322224 0.0817446
56 47 0.948782 0.476623
56 48 -0.89631 -0.615263
56 50 1.22193 1.65585
56 51 0.041181 0.0159941
56 52 0.47145 -0.390889
56 53 -0.82062 0.374918
56 54 0.204725 0.151119
56 55 1.13378 0.684308
56 62 -0.104548 -0.154122
56 63 0.881396 -0.372645
56 64 -0.378281 0.840579
56 65 -0.781583 0.347978
56 66 0.559776 0.120076
57 33 1.03174 -0.364177
57 34 2.10571 -2.15297
57 35 -0.908454 -1.62388
57 36 2.83738 -3.06603
57 37 -1.24802 1.19577
57 38 1.17586 0.299297
57 39 2.2055 0.192045
57 40 0.781328 1.98449
57 41 -0.240932 -0.938894
57 42 -0.256132 0.249208
57 43 -0.528436 2.66103
57 44 0.436165 -0.601827
57 45 1.12812 -0.181943
57 46 -0.101097 -0.771984
57 47 2.54166 0.645625
57 48 0.602571 0.450255
57 49 1.57602 -1.73112
57 50 -0.552918 0.687553
57 51 -1.00156 0.174637
57 52 -0.182931 0.0992422
57 53 0.191938 0.191705
57 54 -1.0042 -0.0785954
57 55 -0.4534 0.910109
57 58 0.874895 -0.0858926
57 59 -0.240579 -0.0674402
57 60 -0.0339343 0.324765
57 61 -0.309069 -0.163361
57 63 0.357548 -0.0660535
57 64 0.0697453 -0.00573444
58 33 0.544188 0.134664
58 34 2.22329 0.509651
58 35 1.50343 -0.927828
58 36 1.15468 0.714594
58 37 0.0950871 -0.0876683
58 38 0.95203 0.776487
58 39 -0.269099 -2.53162
58 40 -3.34665 -1.57611
58 41 -0.60017 -0.255697
58 42 2.08432 -2.15055
58 43 0.479244 -2.23254
58 44 0.901733 -1.08502
58 45 1.51025 -0.219497
58 46 0.0414205 1.25488
58 47 1.3799 0.28239
58 48 1.78538 0.864175
58 49 0.0425378 -0.0340028
58 50 0.586469 -0.597945
58 51 -0.00456276 0.527614
58 52 0.0430079 0.182307
58 53 0.464148 0.113204
58 54 0.251035 0.209369
58 56 0.222733 0.0751464
58 58 0.472107 0.205622
58 59 0.0140299 0.147377
58 60 0.115787 -0.0435343
58 62 0.12624 0.394313
58 63 0.109256 -0.0177733
59 33 0.73232 0.716451
59 34 2.71006 3.17663
59 35 0.390184 0.928797
59 36 1.36598 -0.903951
59 37 0.67845 0.945193
59 38 0.957486 0.0154239
59 39 -1.545 -1.02067
59 40 1.02268 1.29775
59 41 1.70055 -0.750347
59 42 -0.490701 -0.0311589
59 43 1.65296 0.788461
59 44 3.28563 0.556643
59 45 0.256981 0.559026
59 46 -2.20801 0.957573
59 47 -0.422242 -0.00384791
59 48 0.208395 -0.0228949
59 49 -0.0769535 0.0179949
59 50 0.806651 -0.065413
59 51 -1.01205 0.410357
59 52 -1.26695 0.0822462
59 54 0.25111 0.0177471
59 56 0.376242 1.18502
59 58 0.00344429 0.798394
59 61 0.0719317 0.0273212
60 33 -0.599437 -0.0242874
60 34 2.0309 -0.14452
60 35 -0.905368 0.313024
60 36 0.597397 0.6512
60 37 -0.146595 -0.301768
60 38 5.68493 -0.56511
60 39 0.323927 0.380523
60 40 1.17033 -0.406686
60 41 0.220057 -0.763128
60 42 1.02712 0.0514947
60 43 0.232317 1.47574
60 44 1.24832 -0.458612
60 45 -1.03244 0.257543
60 46 0.00223055 0.299952
60 47 0.0242963 -0.000138834
60 48 -2.91771 -1.27763
60 49 0.463769 0.303773
60 50 0.0782949 -0.0979863
60 51 0.0385139 0.24175
60 52 -0.669922 0.132291
60 53 0.0264388 -0.952085
60 54 -0.110115 -0.0289382
60 56 -0.30683 0.0073483
60 57 -0.303543 -0.0812969
60 58 -0.0774906 0.672708
60 63 0.118824 -0.0819899
61 33 0.961813 -2.35951
61 34 3.46924 0.69339
61 35 -1.26794 0.138507
61 36 2.41639 0.735878
61 37 0.78426 -1.58196
61 38 1.60138 -1.25727
61 39 2.62183 1.3435
61 40 3.96839 0.913391
61 41 -0.55788 1.26891
61 42 0.888428 -0.277752
61 43 3.07396 2.21799
61 44 2.45713 0.363996
61 45 0.347797 0.126937
61 46 0.0974686 -1.40048
61 47 0.0783433 0.0824473
61 49 0.645781 0.12506
61 50 -0.633889 -0.0586469
61 51 -0.292057 1.10633
61 53 -0.7279 0.291687
61 54 0.26618 0.241599
61 55 0.252213 0.0987721
61 56 0.487273 0.151953
61 57 0.151381 0.0989696
61 59 0.14854 0.048192
61 60 0.0191819 0.0194838
61 62 0.0366532 -0.0133644
61 64 0.0193491 0.0784115
62 33 0.959365 0.479127
62 34 0.639413 -0.996021
62 35 0.853107 -0.676628
62 36 2.29636 -0.099104
62 37 2.18062 -2.81341
62 38 0.46507 2.33292
62 39 -0.397413 -0.0294882
62 40 -1.6781 2.62085
62 41 -0.265921 -0.676932
62 42 -0.10987 -0.872058
62 43 0.0871282 1.80354
62 44 1.65488 1.35642
62 45 0.284469 0.0358121
62 46 3.64549 0.666806
62 47 0.592902 -0.320373
62 48 -0.467766 0.252797
62 49 2.54609 -0.567319
62 51 -0.183049 -0.0632153
62 52 0.117855 0.392323
62 54 0.109168 0.0373665
62 55 0.781261 -0.0715195
63 33 1.58314 0.493299
63 34 -1.51115 0.44386
63 35 -1.91203 0.873027
63 36 0.761757 -0.978177
63 37 -1.48707 -0.502664
63 38 -1.29108 -0.824691
63 39 2.86394 0.664883
63 40 1.11727 0.171305
63 41 -0.652335 -0.814051
63 42 0.17286 0.356194
63 43 0.344984 -0.391025
63 44 0.828099 0.632343
63 45 0.208681 0.0878409
63 46 2.87835 1.97932
63 47 0.783627 0.625646
63 48 1.36437 1.1939
63 49 -0.769827 -1.79235
63 50 0.0689862 0.228484
63 51 -0.220148 -0.196759
63 52 0.296512 0.134552
63 53 0.707624 0.510914
63 54 -0.86442 0.385969
63 55 1.35528 -0.543662
63 56 -1.03409 -1.3604
63 58 -0.497109 0.497148
63 61 -0.117679 -0.0978572
64 33 1.41115 -0.616831
64 34 0.494594 -0.690887
64 35 0.881949 -2.38499
64 36 0.722201 0.615575
64 37 2.08169 1.20345
64 38 3.84661 -1.08203
64 39 0.960231 1.44664
64 40 1.89061 -0.718516
64 41 0.630845 0.495322
64 42 0.460698 0.246449
64 43 1.06983 0.384734
64 44 -1.20338 0.510652
64 45 -0.302342 0.540217
64 46 -0.517895 0.350123
64 47 -0.0352624 0.21735
64 48 -0.153974 0.517038
64 49 0.437455 -0.263527
64 50 0.413438 -0.0236891
64 51 -0.00501725 0.077427
64 52 -0.374055 1.02674
64 53 1.43661 0.140019
64 54 -0.162892 0.134999
64 55 0.965384 0.215199
64 56 0.107834 -0.0576375
64 58 0.518795 0.635967
64 61 0.170167 -0.145559
65 33 2.4192 0.949826
65 34 0.64351 -1.03116
65 35 -0.501045 -0.585545
65 36 2.70263 0.984935
65 37 1.13794 -0.282826
65 38 3.15046 -1.16562
65 39 0.801758 0.15786
65 40 1.11751 0.221124
65 41 1.64731 0.43939
65 42 0.20925 -0.368309
65 43 -0.311451 0.478377
65 44 0.539126 0.6828
65 45 -0.0852991 0.390961
65 46 1.49799 0.471549
65 47 0.335142 -0.0249865
65 48 -0.0164123 -0.0746799
65 49 0.00470502 0.755051
65 50 0.0338561 0.20113
65 51 0.0738076 0.163919
65 52 -0.165711 -0.0426355
65 53 0.790405 0.549504
65 55 0.429962 0.21843
65 56 -0.144695 0.0447197
65 57 -0.661862 0.537039
65 58 -0.435327 0.467918
65 59 -0.00501852 0.0072587
65 60 0.371835 0.0975058
65 61 -0.665364 -0.0569369
65 62 -0.0339648 0.457398
66 33 0.751072 0.282113
66 34 1.60942 -0.365441
66 35 1.27532 0.0537751
66 36 2.40731 1.1208
66 37 1.88762 -0.855494
66 38 0.429955 1.21414
66 39 0.552178 -0.267921
66 40 3.45412 1.04265
66 41 2.02971 0.545903
66 42 0.879187 0.252402
66 43 0.812729 0.781908
66 44 -0.077211 0.329607
66 45 -0.143715 -0.333605
66 46 0.500994 0.371316
66 47 0.47727 -0.374967
66 48 -0.137187 0.770766
66 49 0.574308 0.461601
66 50 0.0203182 0.0175314
66 51 0.38589 0.264843
66 52 0.435313 0.204044
66 53 0.241123 -0.102237
66 54 0.0574684 -0.499225
66 55 0.477229 -0.124187
66 58 -0.135071 0.0363621
66 60 0.562328 0.137081
66 61 -0.205437 0.39215
66 63 0.0984023 -0.0394592
66 65 0.408632 0.0604547
