0 33 2.26427 3.66308
0 34 -1.09258 5.09317
0 35 1.0482 1.4584
0 36 -1.81107 -0.15306
0 37 0.0306045 1.89838
0 38 -1.90561 6.1751
0 39 -1.34726 2.66283
0 40 0.284812 4.13441
0 41 2.66906 1.50886
0 42 -0.476964 2.37809
0 43 2.43301 2.1269
0 44 1.5177 2.33823
0 45 1.95128 -0.491834
0 46 -1.67339 1.49649
0 47 3.90421 1.35528
0 48 1.12995 0.60391
0 49 1.66033 0.553918
0 50 -2.13779 1.75308
0 52 -0.731396 0.515428
1 33 8.89723 19.1458
1 34 -6.26275 7.21452
1 35 -8.51048 15.4963
1 36 -2.36696 8.92426
1 37 -3.34411 8.4496
1 38 -4.38901 12.16
1 39 5.6753 8.72837
1 40 -7.53776 8.05989
1 41 -2.57094 10.3326
1 42 -1.54334 4.73838
1 43 2.1716 6.54734
1 44 -1.48391 8.59985
1 45 0.00176112 3.13727
1 46 4.58404 5.17364
1 47 -2.93225 3.26158
1 48 -0.811273 2.74879
1 49 -0.28019 3.39893
1 50 -2.15574 1.23816
1 51 0.292684 0.145783
1 52 -0.123865 -0.671666
1 54 0.344185 0.135061
1 56 -0.711936 0.0695002
1 59 -0.112967 0.145496
2 33 2.51012 30.7547
2 34 -1.00992 20.8969
2 35 1.66252 24.2442
2 36 -5.6079 12.192
2 37 6.68782 27.0763
2 38 3.28474 22.6293
2 39 -2.9357 11.9937
2 40 9.50704 13.5591
2 41 2.10802 9.79186
2 42 -3.87776 7.22441
2 43 -1.48633 5.48626
2 44 0.496503 4.1656
2 45 0.170903 6.11179
2 46 6.52022 7.20128
2 47 7.90504 4.59381
2 48 1.49892 1.27113
2 49 1.17724 1.63092
2 50 -1.24099 1.24957
2 51 -0.695647 -0.143183
2 52 -0.280613 0.208544
2 54 -0.210487 -0.219275
2 55 -0.679828 0.0258083
2 56 0.0399444 -0.72454
2 57 -0.356819 -0.278909
2 58 -1.44212 -0.0356542
3 33 3.03348 22.0051
3 34 4.43483 17.1615
3 35 4.53378 12.3085
3 36 -6.19549 29.1991
3 37 4.1321 6.39042
3 38 6.6839 13.4825
3 39 -8.56805 11.0857
3 40 -6.29429 26.1989
3 41 1.36752 10.6016
3 42 17.7331 20.436
3 43 2.78922 17.2987
3 44 4.09616 5.01519
3 45 -3.70875 8.00636
3 46 0.119149 11.4969
3 47 3.05621 6.08627
3 48 4.23382 -1.68661
3 49 5.22863 4.89267
3 50 -3.39746 -0.505531
3 51 -1.68644 -0.248602
3 52 -0.733228 0.415896
3 53 -0.0668442 -0.0456352
3 54 -0.0411016 0.193508
3 55 0.0279554 0.0242628
3 56 -0.661188 0.532173
3 60 -0.102292 0.0831862
3 61 0.152278 -0.0571648
3 63 0.0585151 0.0138154
4 33 6.50619 37.3437
4 34 2.70523 22.4259
4 35 0.408372 24.4941
4 36 -0.197514 25.8231
4 37 -7.19853 29.9554
4 38 2.95621 14.8842
4 39 -4.7522 32.8662
4 40 4.235 20.2508
4 41 -6.57233 19.2462
4 42 8.88232 12.8839
4 43 8.3155 15.8221
4 44 3.27292 15.9184
4 45 3.78699 13.5894
4 46 -2.40852 11.1906
4 47 -3.70647 3.13296
4 48 2.14546 2.37577
4 49 1.74524 0.446632
4 50 2.13912 3.98709
4 51 -0.124887 2.08737
4 52 -1.93212 0.363219
4 53 0.0360945 -0.0692809
4 54 -0.623777 1.31364
4 55 -1.81213 0.196534
4 56 0.313768 -0.0575536
4 57 0.935026 -0.176869
4 58 0.712495 0.356901
4 59 0.43564 0.23735
4 60 -1.18921 0.187758
4 63 0.0491818 -0.0292756
4 64 -0.0998501 0.101082
4 66 -0.681839 -0.661089
5 33 3.84754 33.7346
5 34 -5.78291 6.22824
5 35 5.17281 29.2584
5 36 5.31962 18.7682
5 37 4.49833 30.0774
5 38 17.3637 22.7126
5 39 -14.2533 25.639
5 40 25.9825 16.0186
5 41 3.91418 14.3518
5 42 10.5619 20.6846
5 43 6.06342 9.04924
5 44 -2.7154 12.7562
5 45 2.77582 14.5763
5 46 2.11143 5.89576
5 47 9.7271 11.1981
5 48 3.77347 5.30737
5 49 -1.84859 3.89009
5 50 0.264477 -0.635968
5 51 0.783149 3.98889
5 52 -1.16369 -1.25772
5 53 0.45012 0.11625
5 54 1.28392 0.622514
5 55 -0.152775 0.250327
5 56 -1.80058 0.36044
5 57 0.879268 0.785497
5 58 0.313692 -0.172978
5 59 -0.927681 1.34816
5 60 -0.048599 0.34201
5 62 -0.141658 0.0912021
5 63 -0.00854733 0.0151118
5 65 -0.00544462 0.00171141
6 33 -5.13048 29.5633
6 34 -1.51864 31.4172
6 35 11.6292 30.5335
6 36 16.1662 31.6503
6 37 3.59831 16.8844
6 38 3.04003 20.1855
6 39 -6.86647 22.021
6 40 9.41816 14.9018
6 41 -11.0037 11.0136
6 42 5.76056 16.239
6 43 -2.56439 13.7018
6 44 -4.24181 10.7197
6 45 -5.1724 9.5716
6 46 -4.61129 1.76298
6 47 0.959148 4.22004
6 48 6.13743 10.7863
6 49 -2.50606 4.68261
6 50 2.42809 1.4923
6 51 -2.166 2.50051
6 52 -3.94891 0.0844983
6 53 0.356594 -1.85391
6 54 1.35781 1.31594
6 55 -0.123317 0.275599
6 56 -1.52213 0.782616
6 57 1.4635 0.737672
6 58 -0.722964 0.292819
6 59 -0.808894 -0.594806
6 60 0.20227 -0.0179068
6 61 1.31013 0.826662
6 62 -0.0115599 -0.00823299
6 65 -0.517841 0.152021
6 66 -0.106537 0.214247
7 33 17.4426 30.1083
7 34 16.1227 23.3061
7 35 11.5779 15.0978
7 36 2.88773 18.1485
7 37 3.85589 20.6276
7 38 11.9207 9.06934
7 39 14.1984 29.8058
7 40 -3.88938 19.0731
7 41 -6.17819 9.35597
7 42 6.18072 16.2954
7 43 6.72022 13.4908
7 44 3.36265 2.55125
7 45 13.4389 14.2431
7 46 0.0962712 11.6406
7 47 2.10231 5.31589
7 48 4.12899 8.99859
7 49 7.67873 6.38795
7 50 2.22174 4.73119
7 51 -4.87611 0.327187
7 52 0.387263 -0.924641
7 53 0.867828 0.117925
7 54 0.945966 -2.12855
7 55 0.613896 -0.632548
7 56 -0.492938 1.4856
7 57 0.0474989 0.300754
7 58 -2.15399 -0.673487
7 60 -0.0134793 0.0118065
7 61 -0.822376 -0.18461
7 63 0.447881 -0.15628
7 64 -0.0690545 -0.668082
7 66 -0.0264192 0.00233629
8 33 8.18416 15.3522
8 34 9.17694 12.077
8 35 8.3792 14.9463
8 36 14.035 20.9943
8 37 5.52571 35.6886
8 38 -3.17166 23.0623
8 39 3.90075 15.8946
8 40 9.9971 19.9586
8 41 9.63076 11.3826
8 42 12.2222 11.077
8 43 -0.150484 15.9641
8 44 -2.1252 6.66962
8 45 6.77409 7.02183
8 46 5.75598 3.31627
8 47 -0.332852 11.1279
8 48 -0.898856 5.94382
8 49 7.4695 6.4108
8 50 2.9005 4.14861
8 51 -0.168821 -1.59495
8 52 -2.11746 0.773278
8 53 -3.11448 1.03726
8 54 -0.5432 0.270393
8 55 -0.687366 0.343072
8 56 -1.3363 2.53127
8 57 -0.0647494 -0.0211154
8 58 0.000110298 0.105601
8 59 -0.214213 0.183308
8 60 -2.57881 -1.30616
8 61 0.10651 -0.0271329
8 62 -0.0224964 0.00704877
8 63 -0.114848 0.457493
8 64 0.767316 0.21631
9 33 4.6567 28.5942
9 34 -2.32312 18.99
9 35 -11.9971 12.5048
9 36 13.997 17.7194
9 37 26.2143 19.8681
9 38 10.9333 15.5002
9 39 11.8038 14.6471
9 40 4.28939 2.90082
9 41 5.22559 10.2943
9 42 0.635361 13.1327
9 43 6.84068 12.4124
9 44 2.83446 9.50976
9 45 0.788228 11.6844
9 46 10.1765 8.3131
9 47 -2.52238 7.73065
9 48 1.39839 4.07444
9 49 2.99589 6.7714
9 50 6.93552 3.4425
9 51 -1.88464 -0.833986
9 52 1.88657 1.5357
9 53 0.493238 0.553644
9 54 -1.95977 -1.37443
9 55 2.16838 0.20792
9 56 -0.969718 -0.205216
9 57 -0.786058 1.27244
9 58 1.01664 0.603178
9 59 0.360238 0.449835
9 60 -0.618969 -0.99564
9 61 2.5023 0.726175
9 62 1.6748 -0.210413
9 64 -0.350258 -0.105129
9 65 -0.0388208 0.194072
10 33 2.16141 12.4224
10 34 8.66135 5.06221
10 35 0.23423 18.256
10 36 -10.1764 5.43118
10 37 1.02208 4.52793
10 38 5.0467 13.2675
10 39 1.71533 7.0414
10 40 14.4517 18.5009
10 41 6.07517 5.00715
10 42 19.4328 5.44454
10 43 5.403 8.69602
10 44 5.7438 14.2448
10 45 3.80568 13.9872
10 46 -6.01214 5.30043
10 47 6.32617 -0.975324
10 48 7.36182 -8.90558
10 49 -3.17473 3.00952
10 50 5.76463 1.81411
10 51 0.658767 -1.19123
10 52 2.29361 1.20345
10 53 1.15378 3.12717
10 54 2.4312 -0.823981
10 55 0.558305 0.754135
10 56 -1.28807 2.1304
10 57 0.67083 -0.683333
10 58 -0.373841 -0.385668
10 59 -0.530611 0.453751
10 60 -0.00118876 -0.0220265
10 61 -0.196747 -0.256476
10 63 0.842959 0.10192
10 64 -1.09597 0.0901184
10 65 0.110837 -0.00372811
10 66 0.663514 -0.00356601
11 33 1.48027 14.7154
11 34 -3.24454 8.12076
11 35 -1.50214 7.0995
11 36 -2.27788 -0.387581
11 37 7.85037 5.80356
11 38 12.4875 9.52981
11 39 8.49035 9.56738
11 40 13.8413 14.6017
11 41 6.4941 2.71425
11 42 4.11324 5.98456
11 43 -4.73134 10.4045
11 44 5.38769 6.58284
11 45 9.47438 3.72042
11 46 3.80437 0.682042
11 47 4.9063 6.27419
11 48 3.22156 9.34197
11 49 13.2862 -2.2485
11 50 1.31761 2.84128
11 51 1.58574 -0.127996
11 52 0.0596454 0.926875
11 53 1.273 -2.11582
11 54 2.49454 0.605801
11 55 -0.60047 -0.386169
11 56 0.921101 1.01597
11 57 1.33825 -0.574038
11 58 0.139368 0.0114681
11 59 1.10576 1.24811
11 60 -0.120399 -0.739603
11 61 -2.44432 0.180972
11 62 0.333641 0.433121
11 63 -1.14421 -0.219582
11 64 0.0582069 -0.157392
11 65 0.247181 -0.0244955
11 66 0.550773 0.616545
12 33 5.82051 3.47138
12 34 7.68095 5.95009
12 35 -0.853131 6.81766
12 36 0.473877 10.7636
12 37 10.6048 8.70725
12 38 -7.80022 2.9964
12 39 5.08573 7.98323
12 40 5.53642 6.07991
12 41 5.53966 -1.05105
12 42 -1.314 5.73585
12 43 4.17967 0.93702
12 44 2.36304 7.64508
12 45 7.91349 7.58752
12 46 -2.47987 2.52582
12 47 6.01956 11.1658
12 48 0.125248 5.64255
12 49 3.5219 -1.13317
12 50 4.95325 0.586564
12 51 -4.05559 3.09069
12 52 2.73546 0.29976
12 53 0.208996 -0.0719745
12 54 2.25714 -0.488924
12 55 0.886593 -1.68035
12 56 -1.97496 -0.549934
12 57 2.10499 -0.701188
12 58 -1.63278 0.533244
12 59 0.644285 0.50913
12 60 0.659523 0.00641489
12 61 0.38749 -0.111554
12 62 0.656868 0.120659
12 63 0.133615 0.0883388
12 64 0.333473 0.446436
12 65 0.370439 -0.11626
13 33 7.59455 6.99595
13 34 -0.431606 -0.234971
13 35 -0.444392 -1.73991
13 36 -0.424449 -1.5728
13 37 0.426923 -0.0927565
13 38 -4.17299 10.1785
13 39 13.398 3.03985
13 40 18.4706 7.06111
13 41 4.52383 11.2758
13 42 4.12383 1.68477
13 43 -6.38808 2.45388
13 44 -6.20236 6.95829
13 45 8.55677 1.35037
13 46 8.7857 4.44247
13 47 1.7581 3.80124
13 48 -0.850622 -1.61566
13 49 0.448198 6.69905
13 50 1.48692 1.84876
13 51 6.08731 0.229264
13 52 -0.964497 2.75704
13 53 -0.634349 0.267696
13 54 1.21515 -1.78056
13 55 0.306889 1.24091
13 56 -2.21916 1.80605
13 57 1.27425 -0.182405
13 58 0.140916 0.377676
13 59 -0.3149 0.130188
13 60 0.0363542 0.00321866
13 61 -0.443121 -0.0580946
13 62 -0.544662 -0.981615
13 63 -1.20109 -1.2198
13 64 -0.657282 -0.149032
13 65 0.711826 -0.153871
14 33 1.20026 3.64693
14 34 10.0802 4.09275
14 35 6.00519 0.202304
14 36 -1.48329 3.46281
14 37 9.66033 -1.01185
14 38 6.47138 1.26108
14 39 9.59131 7.21381
14 40 0.279982 6.15154
14 41 8.38864 -4.67399
14 42 6.46847 -0.627365
14 43 13.7095 0.203934
14 44 -2.73498 1.47544
14 45 1.34165 4.98776
14 46 8.68015 9.6694
14 47 1.42625 -0.744572
14 48 -3.7388 3.39852
14 49 8.26606 0.706575
14 50 3.85367 2.54539
14 51 -0.895312 -0.732817
14 52 1.41626 1.46804
14 53 -2.78267 3.0947
14 54 -3.12329 0.445906
14 55 -3.17239 1.64906
14 56 -0.29719 0.887445
14 57 -0.332491 1.59439
14 58 -0.0557676 0.511363
14 59 -0.507637 1.92132
14 60 -0.18469 -0.137721
14 61 0.0275636 -0.336997
14 62 0.598374 -0.257314
14 63 -0.171149 -0.157069
14 64 0.418543 -0.0669948
14 65 0.801427 0.779157
15 33 2.4626 0.909955
15 34 3.77099 2.77195
15 35 13.1107 -1.01626
15 36 9.08245 6.31594
15 37 -0.147175 8.71784
15 38 3.20754 3.84496
15 39 3.25755 4.77825
15 40 9.31837 -1.14269
15 41 -2.76687 0.671563
15 42 7.32579 -4.05968
15 43 3.79028 -3.6304
15 44 -0.94215 -0.406969
15 45 5.15955 4.9699
15 46 -0.751608 5.29841
15 47 5.45009 -0.461173
15 48 10.7948 7.87483
15 49 8.33301 -1.78402
15 50 -3.31535 0.0790729
15 51 4.61308 1.79964
15 52 1.09116 1.11644
15 53 -1.30911 1.03769
15 54 -0.588276 -0.340569
15 55 -1.90432 2.97344
15 56 5.54067 0.666803
15 57 -0.0326157 0.210754
15 58 -0.119149 0.39817
15 59 -0.463858 0.248172
15 60 -0.317894 -0.00204947
15 61 -0.778023 -0.321249
15 62 0.429452 0.512256
15 63 0.981319 0.0924677
15 64 1.23397 0.00203062
15 66 -0.0546756 0.23191
16 33 2.25386 -1.06478
16 34 6.21234 0.635287
16 35 1.7837 1.23134
16 36 9.85827 -6.17934
16 37 1.45033 0.549328
16 38 8.92895 1.70471
16 39 8.75473 5.8677
16 40 8.92093 -0.587462
16 41 9.18727 4.07212
16 42 4.19507 3.76801
16 43 10.1018 4.37428
16 44 9.28839 8.57582
16 45 6.84906 2.13765
16 46 1.59577 6.63305
16 47 5.78369 6.2018
16 48 8.41032 1.88687
16 49 12.2254 2.47354
16 50 0.215158 3.13553
16 51 -0.961429 8.08029
16 52 5.135 0.595843
16 53 -0.0253393 -2.08233
16 54 -1.29163 1.97984
16 55 0.71038 2.53636
16 56 3.80885 -0.276232
16 57 0.587587 0.655625
16 58 0.968365 -0.125263
16 59 -0.32922 -0.515829
16 60 0.0578691 0.808279
16 61 -0.601194 -0.218491
16 62 2.28454 0.738385
16 63 0.535756 -0.315751
16 64 -0.310717 -0.54181
16 66 -0.116213 0.651164
17 33 4.68964 -2.2437
17 34 1.46364 -2.72518
17 35 16.3036 2.43392
17 36 9.89965 -2.04591
17 37 8.66645 5.6026
17 38 12.4172 5.32815
17 39 2.48216 8.20694
17 40 13.4383 -1.88152
17 41 -5.39078 -2.03303
17 42 11.3976 0.141561
17 43 0.0927948 4.85075
17 44 1.69436 1.46824
17 45 6.73266 0.546629
17 46 2.90529 3.37575
17 47 3.8027 7.54749
17 48 4.14809 2.94882
17 49 9.9503 -0.703566
17 50 1.58449 -0.684036
17 51 4.49493 2.66146
17 52 -3.2645 1.08653
17 53 -0.936562 0.464158
17 54 3.28554 0.986703
17 55 -0.0865598 0.839385
17 56 3.16055 -2.53198
17 57 -0.591302 0.075185
17 58 0.869029 -0.501141
17 59 0.708934 1.13748
17 60 0.662679 -0.112406
17 61 0.751243 -0.0222751
17 62 -1.49992 1.02786
17 63 -0.00610656 -0.00621055
17 64 -0.110742 -1.41105
17 65 -0.168505 0.549847
17 66 0.305856 -0.255809
18 33 4.63552 -1.71093
18 34 -1.77197 1.11747
18 35 5.62467 -3.02619
18 36 8.37603 -1.49264
18 37 9.38542 -7.08611
18 38 2.01279 5.80992
18 39 9.46571 -2.75347
18 40 2.04318 -3.43286
18 41 3.81618 2.7951
18 42 8.54433 -1.27356
18 43 6.67298 4.70243
18 44 0.892612 -1.71015
18 45 5.6877 2.70096
18 46 1.54741 3.47691
18 47 -1.0685 -0.640935
18 48 2.60091 1.8762
18 49 -2.45891 2.35994
18 50 -4.02926 4.92146
18 51 3.22415 2.68216
18 52 1.74527 -2.51485
18 53 5.25227 3.7649
18 54 -4.43385 -0.529006
18 55 0.585674 0.736689
18 56 0.0822399 0.325988
18 57 0.521677 -0.195653
18 58 1.80266 0.47183
18 59 -0.934654 -0.350904
18 60 -0.109334 0.550012
18 61 0.920405 1.15369
18 62 0.477317 1.19728
18 63 -1.02144 -0.0643256
18 64 -0.348041 0.537529
18 65 0.520206 0.164206
18 66 -0.834672 0.204613
19 33 3.125 -3.08021
19 34 5.3709 3.12205
19 35 7.50269 -2.15454
19 36 -2.34948 0.248971
19 37 3.71 -2.2398
19 38 -3.88478 -3.1367
19 39 5.78385 1.37719
19 40 5.9583 4.89705
19 41 11.2616 -0.0769845
19 42 1.21718 1.8763
19 43 10.6162 0.905519
19 44 3.86375 -2.07059
19 45 0.27993 -2.58465
19 46 8.07478 4.19934
19 47 9.50909 4.40565
19 48 7.06877 6.22465
19 49 3.60929 0.292133
19 50 -0.61213 -1.99872
19 51 -0.048018 1.31224
19 52 1.90682 0.212353
19 53 -1.06589 -1.13637
19 54 1.49422 -0.0809185
19 55 -2.41645 -0.123311
19 56 2.98977 1.31058
19 57 -0.302273 1.02757
19 58 2.29585 -0.346616
19 59 -0.621361 -0.0732367
19 60 -1.37975 0.0313045
19 61 -0.346244 -0.805483
19 62 -0.0380194 0.127581
19 63 -0.0321175 -0.0561581
19 64 0.117566 -0.413586
19 65 -0.188994 -0.304046
19 66 0.0395152 0.763101
20 33 6.76395 -4.05593
20 34 7.72731 -7.79443
20 35 4.85108 -2.51873
20 36 4.22285 2.38374
20 37 16.6569 3.69328
20 38 3.95361 0.256819
20 39 -0.317604 2.02865
20 40 4.28196 -5.22811
20 41 6.49581 -0.622047
20 42 7.43469 0.24881
20 43 2.09418 -1.67477
20 44 -8.25421 0.27178
20 45 1.78665 2.56353
20 46 4.7825 -1.74092
20 47 8.70833 4.4035
20 48 2.49101 2.06473
20 49 3.48683 2.98685
20 50 -0.8385 7.84319
20 51 -0.567604 -1.18458
20 52 4.21276 1.34003
20 53 1.0968 2.87911
20 54 3.21431 0.496227
20 55 1.99334 0.102507
20 56 0.232812 -1.15997
20 57 0.0466914 -0.24927
20 58 2.02994 0.503206
20 59 1.44744 0.704497
20 60 -0.135599 0.0160598
20 61 -0.311253 1.09483
20 62 -1.35848 -0.199044
20 63 -0.508568 -0.235578
20 64 0.0232572 -0.116867
20 65 0.0422253 0.0713008
21 33 3.74415 -1.36013
21 34 4.74431 -3.22398
21 35 0.927729 -6.0742
21 36 8.15975 -6.47595
21 37 16.6308 -3.58759
21 38 8.69023 4.33607
21 39 4.36529 -0.710077
21 40 6.51046 2.56111
21 41 5.46672 -4.69463
21 42 6.0639 -4.38067
21 43 4.51374 -5.40022
21 44 1.62254 5.25598
21 45 7.73215 3.39459
21 46 10.1812 1.22132
21 47 2.32648 -2.79179
21 48 -0.866765 3.42512
21 49 -0.329278 4.11984
21 50 4.53459 3.35886
21 51 4.34606 3.00094
21 52 1.3483 1.92614
21 53 2.68504 4.35936
21 54 2.33767 1.25734
21 55 0.837335 1.54835
21 56 -0.83802 -0.337827
21 57 -0.37466 0.0123925
21 58 0.744335 -0.246803
21 59 -0.104945 0.154816
21 60 0.183807 1.45422
21 61 -1.4121 0.729039
21 62 -0.896417 0.44025
21 63 0.283691 0.46908
21 64 1.55204 0.10921
21 65 -0.0975317 0.0460727
21 66 -0.015486 0.0107786
22 33 3.43193 -3.35055
22 34 0.0701064 0.0896127
22 35 8.91978 -2.7072
22 36 7.81401 -0.311785
22 37 14.139 -5.36121
22 38 7.69459 -4.26969
22 39 7.1137 -3.21382
22 40 5.11124 -2.83694
22 41 11.8491 1.63069
22 42 3.60433 -0.68384
22 43 6.47774 4.47653
22 44 3.6165 3.42457
22 45 5.64611 1.36645
22 46 1.79137 4.10247
22 47 0.00221567 -2.13313
22 48 1.17771 5.09882
22 49 2.27696 -0.413852
22 50 2.83685 2.62587
22 51 4.45481 0.923306
22 52 1.87603 1.14395
22 53 1.51223 5.56506
22 54 3.08882 3.886
22 55 -0.398336 -2.48552
22 56 0.22767 0.566298
22 57 1.20461 0.798803
22 58 0.251158 0.463601
22 59 -1.49809 0.219089
22 60 0.847203 -0.0201193
22 61 0.944364 0.205083
22 62 -0.6172 -1.85373
22 63 0.757251 0.0146263
22 64 -1.52409 1.73926
22 66 0.417357 0.189393
23 33 4.88537 -1.08533
23 34 10.0575 1.32793
23 35 6.02087 1.14557
23 36 2.33962 -0.609383
23 37 12.3774 -3.57657
23 38 2.54145 -0.609168
23 39 3.26756 4.06562
23 40 4.7125 1.00681
23 41 2.00044 -0.394596
23 42 12.0457 -0.459249
23 43 7.49544 3.84926
23 44 5.32739 4.74064
23 45 2.97695 -5.67842
23 46 2.92874 -0.581064
23 47 9.08549 1.80534
23 48 4.81694 -2.53272
23 49 1.6954 3.00396
23 50 4.69984 1.08116
23 51 0.895574 1.09092
23 52 -0.696811 2.62111
23 53 -1.002 0.673084
23 54 -3.86444 1.48032
23 55 3.38608 1.10383
23 56 1.64178 0.908719
23 57 0.614156 1.76677
23 58 0.832226 0.887793
23 59 1.50792 0.441241
23 60 0.109648 -0.350522
23 61 1.33403 1.01574
23 62 0.600282 0.817758
23 63 1.42649 0.487388
23 64 -0.326094 -1.28866
23 65 -1.37253 0.101015
23 66 0.10221 -0.0303935
24 33 6.01368 -1.24501
24 34 2.2086 -3.47234
24 35 6.72934 -1.76606
24 36 9.36812 -1.10311
24 37 2.81096 -3.77822
24 38 0.847856 -2.06059
24 39 8.19946 2.84583
24 40 2.72837 -2.41313
24 41 3.66449 -2.36508
24 42 1.27306 3.76676
24 43 1.97103 -0.0140532
24 44 3.46865 -5.09564
24 45 -2.12745 1.97942
24 46 6.38525 5.43467
24 47 7.221 -0.724931
24 48 9.84507 -3.061
24 49 1.37537 -1.34356
24 50 4.36775 -0.177423
24 51 -5.59189 3.98411
24 52 2.93432 1.12854
24 53 3.69544 -1.09849
24 54 4.89391 -0.212921
24 55 3.18163 0.879499
24 56 0.50542 0.13175
24 57 -0.807141 -0.384536
24 58 -1.40612 -0.607677
24 59 -1.14994 0.143003
24 60 -0.280334 -0.021205
24 61 -0.236065 0.805113
24 62 1.30796 0.379516
24 63 0.468621 1.35784
24 64 0.053892 0.363299
24 65 -0.543308 0.884027
24 66 -0.826404 0.910814
25 33 0.482657 0.356049
25 34 2.31721 -0.800925
25 35 6.77482 0.886801
25 36 4.79059 -4.54585
25 37 9.36305 -4.642
25 38 10.9103 -2.50689
25 39 10.7562 0.372033
25 40 3.61588 -1.49479
25 41 3.95861 -7.4157
25 42 -0.685867 0.922476
25 43 5.30759 -4.27277
25 44 0.911825 -2.76502
25 45 5.89412 1.79942
25 46 -0.93382 -0.232243
25 47 -1.88433 7.3576
25 48 0.446395 3.907
25 49 -2.36181 8.3134
25 50 8.30068 0.505061
25 51 2.19608 3.72459
25 52 1.02469 0.755364
25 53 2.95309 0.536692
25 54 0.258036 1.54572
25 55 -2.06981 2.97395
25 56 1.23986 0.254157
25 57 -0.674745 -0.625444
25 58 0.46342 2.08087
25 59 1.7799 1.91578
25 60 0.153968 0.189444
25 61 -0.103353 -0.051148
25 62 0.423566 0.818053
25 63 -1.50585 -0.811772
25 64 0.0458553 -0.0112753
25 65 -0.302486 -0.00607435
25 66 0.0094249 -0.0128757
26 33 -2.00598 -0.563716
26 34 8.53979 -3.02392
26 35 5.23123 0.535376
26 36 1.78264 -3.48757
26 37 7.6586 -1.50007
26 38 3.40029 -2.90036
26 39 19.5264 0.888701
26 40 1.42088 -0.190164
26 41 10.0752 2.95481
26 42 1.64429 6.00151
26 43 3.79451 1.4496
26 44 1.45699 -4.54299
26 45 10.4029 5.43716
26 46 -1.57836 0.334498
26 47 8.71744 3.69375
26 48 1.86674 -0.561417
26 49 -0.331849 2.9825
26 50 -4.19833 0.258352
26 51 -1.93534 4.88064
26 52 2.22172 1.36086
26 53 2.71054 3.35572
26 54 1.69027 1.68564
26 55 -0.306269 0.0485629
26 56 0.276101 1.15715
26 57 -0.638195 0.630557
26 58 0.591922 0.677256
26 59 -2.16424 -0.648185
26 60 0.0510483 -0.116998
26 61 -0.0116092 0.278676
26 62 -0.684317 -0.748326
26 63 -0.778099 0.180424
26 65 0.0470012 1.37088
26 66 -0.0902814 0.044226
27 33 5.19854 0.0474695
27 34 4.95446 3.84457
27 35 4.97374 -1.09525
27 36 6.08912 1.23207
27 37 5.32616 -1.95634
27 38 5.76128 2.01479
27 39 9.01122 5.74754
27 40 6.15005 7.32426
27 41 7.18804 -1.29849
27 42 2.07559 5.47466
27 43 10.8169 -5.25074
27 44 5.82753 1.71194
27 45 5.14711 1.84707
27 46 8.63038 2.30809
27 47 6.01487 10.6556
27 48 4.61625 3.12096
27 49 10.2236 -0.436706
27 50 3.78099 0.553501
27 51 7.25243 2.33147
27 52 3.07863 3.40518
27 53 2.1642 2.23525
27 54 2.11198 1.90614
27 55 -2.41811 -0.811169
27 56 0.871891 1.05364
27 57 0.153809 -0.601182
27 58 -0.349649 0.958216
27 59 -0.60771 -0.765522
27 60 0.483964 -0.442679
27 61 0.726344 0.257481
27 62 1.73368 2.2603
27 63 -1.45144 -0.889603
27 64 0.25331 -1.28732
27 65 -2.53954 0.649559
27 66 0.0371196 0.03317
28 33 3.58865 -0.174295
28 34 6.9874 -5.27847
28 35 3.15778 -6.62399
28 36 2.83671 -1.348
28 37 -2.59377 2.14353
28 38 5.1568 -0.394048
28 39 4.03048 5.18447
28 40 13.1715 0.409757
28 41 3.13392 6.29872
28 42 2.10919 0.960217
28 43 3.80066 0.507096
28 44 11.9501 2.35516
28 45 9.98095 -2.72318
28 46 10.8177 -0.715881
28 47 7.03866 2.51587
28 48 7.00339 1.52298
28 49 7.37888 -1.02311
28 50 6.23828 1.12895
28 51 2.53151 0.99238
28 52 -4.29615 1.43474
28 53 -0.717769 4.22308
28 54 0.706113 2.78338
28 55 3.00912 2.17081
28 56 0.953488 0.819828
28 57 -1.08381 0.685811
28 58 0.104109 0.0897229
28 59 0.595639 0.64963
28 60 2.03229 1.94419
28 61 0.428788 0.417736
28 62 0.518969 -0.309169
28 63 -0.575582 0.247055
28 64 0.0678951 -0.0118505
28 65 -0.571596 -0.704377
28 66 0.260305 0.412237
29 33 3.72092 -0.496564
29 34 2.51373 -2.78885
29 35 -0.119017 1.70651
29 36 3.16336 -2.18737
29 37 5.47856 -1.12636
29 38 -2.00367 -1.95388
29 39 5.63565 2.72951
29 40 1.64469 1.21011
29 41 6.68415 -0.865249
29 42 0.854787 -1.49046
29 43 9.64672 -0.857219
29 44 10.3459 -4.91189
29 45 12.0098 1.07338
29 46 0.638356 1.39806
29 47 6.79729 0.259047
29 48 -0.708287 4.36445
29 49 7.09557 5.03634
29 50 3.71755 -2.5323
29 51 0.507825 4.92498
29 52 3.28356 -2.47916
29 53 -1.92505 -2.56637
29 54 3.12876 2.74401
29 55 -0.558398 2.14687
29 56 -0.380171 0.348657
29 57 -1.24149 0.181339
29 58 0.235106 0.713767
29 59 3.43634 2.35043
29 60 2.45102 1.00982
29 61 -1.14993 -0.832998
29 62 -0.134524 0.176322
29 63 1.13071 0.37911
29 64 0.837914 1.28255
29 65 -0.0226281 0.0269473
29 66 -0.133418 -0.144889
30 33 4.38044 -1.4304
30 34 -4.69222 -2.41047
30 35 7.38598 -4.86483
30 36 6.83663 -3.3743
30 37 6.60295 2.65069
30 38 0.865628 0.876351
30 39 8.20271 -3.26367
30 40 6.00657 1.18964
30 41 2.1218 6.58181
30 42 1.74379 -2.35754
30 43 8.03569 2.76663
30 44 7.15449 -4.32875
30 45 -1.90594 -1.30917
30 46 1.34084 -6.40065
30 47 4.96521 -0.614647
30 48 10.7331 -1.22264
30 49 -1.42344 2.43292
30 50 4.39885 0.926155
30 51 0.0481835 2.76543
30 52 -2.06398 1.28167
30 53 4.09285 1.53367
30 54 1.67242 -0.348075
30 55 -0.0889835 3.20807
30 56 5.46892 2.21085
30 57 0.952271 1.16672
30 58 2.09265 -0.193674
30 59 0.0310105 -0.457274
30 60 -0.672987 -0.962309
30 61 0.527956 0.129696
30 62 1.93082 0.561992
30 64 -1.39203 0.527172
30 65 -0.176371 0.146397
30 66 -0.118852 0.23718
31 33 3.64992 -2.08033
31 34 -0.940719 -2.19406
31 35 9.38443 1.53028
31 36 6.02336 -1.15833
31 37 3.59505 2.42182
31 38 1.034 -4.28913
31 39 2.29234 -4.39912
31 40 8.79478 3.27325
31 41 4.32415 2.85934
31 42 -1.14151 1.0381
31 43 6.62034 -3.6968
31 44 6.9748 0.317649
31 45 2.18412 3.5242
31 46 -0.466571 -0.184185
31 47 0.680532 5.69054
31 48 1.59728 0.664757
31 49 8.22952 -2.06839
31 50 4.75914 4.80184
31 51 2.27243 4.06425
31 52 2.31976 0.184799
31 53 2.66138 1.27509
31 54 0.306163 -0.443517
31 55 0.577462 -0.407514
31 56 -1.29318 2.74346
31 57 -0.131442 -0.831602
31 58 0.0490496 1.00203
31 59 -0.637129 -0.890442
31 60 -1.37759 -0.393413
31 61 0.27954 0.751875
31 62 3.73495 -1.82142
31 63 0.986283 -0.0402775
31 64 -0.205083 -0.369126
31 65 0.5106 -0.554639
31 66 -0.0619844 0.0593293
32 33 0.743533 -0.768227
32 34 -1.07337 0.235195
32 35 0.147775 -4.66003
32 36 8.91726 -3.75505
32 37 4.79547 -4.8429
32 38 3.32956 0.581658
32 39 6.42633 -3.94214
32 40 6.51317 -1.84049
32 41 2.92499 0.362243
32 42 6.23928 -1.8068
32 43 0.943637 -1.77899
32 44 6.01813 -3.9534
32 45 5.29344 6.53082
32 46 3.94999 -0.959659
32 47 -0.970091 2.78519
32 48 11.4931 -0.978578
32 49 2.9083 1.6809
32 50 -2.48868 3.3108
32 51 -0.303646 1.34605
32 52 4.29392 -0.579356
32 53 0.233414 0.147615
32 54 2.9284 0.315412
32 55 3.25885 0.324442
32 56 -1.68304 0.526431
32 57 -0.95287 0.436091
32 58 0.627366 0.463698
32 59 -0.421293 0.181343
32 60 1.84834 0.780997
32 61 -0.0748963 0.184145
32 62 -0.680148 -0.847928
32 63 3.3995 0.711105
32 64 -0.15692 -0.291563
32 65 -1.1546 -0.257027
32 66 0.384697 0.252737
33 33 -0.0763347 -1.33946
33 34 1.46487 -1.50731
33 35 7.87161 -3.82352
33 36 5.34157 -1.8494
33 37 4.33999 -1.21236
33 38 7.18401 2.00264
33 39 8.07271 1.24173
33 40 9.87988 0.935357
33 41 7.46449 -0.592616
33 42 4.11896 -3.21402
33 43 3.93322 -0.990329
33 44 8.44195 1.73099
33 45 0.4879 1.03034
33 46 9.16274 -4.95351
33 47 5.77304 6.90235
33 48 6.43103 -0.773442
33 49 6.81782 0.848682
33 50 4.90844 1.12675
33 51 9.1053 1.91874
33 52 5.37568 5.50642
33 53 6.27376 3.3254
33 54 2.39913 1.76291
33 55 2.45154 1.07454
33 56 0.0459407 1.57783
33 57 1.84754 -0.692839
33 58 3.05333 3.11471
33 59 0.20975 0.339906
33 60 0.8266 1.48191
33 61 0.799081 -1.27062
33 62 -0.500262 0.97228
33 63 0.934195 -0.619411
33 64 -0.309214 0.421565
33 65 -0.010035 0.00115172
33 66 0.798962 0.649549
34 33 2.67457 -1.64354
34 34 4.15178 -2.13948
34 35 -0.227523 1.85966
34 36 -0.0505153 0.585798
34 37 9.13278 -1.49825
34 38 7.32967 -4.80023
34 39 5.18413 1.89434
34 40 2.61476 -1.10553
34 41 1.59207 4.48528
34 42 -3.48169 -2.01973
34 43 17.9606 -0.648069
34 44 3.10301 2.43569
34 45 7.50298 0.97804
34 46 5.7206 1.38964
34 47 -1.43812 6.59848
34 48 2.20785 -0.209086
34 49 2.74673 1.58291
34 50 -0.67277 -2.16751
34 51 4.0063 2.01249
34 52 6.22069 2.09484
34 53 -3.40499 -1.0244
34 54 0.951643 -1.68135
34 55 1.49154 2.67336
34 56 0.785794 1.64845
34 57 0.914864 1.50225
34 58 -0.624963 1.11356
34 59 2.16197 0.321005
34 60 0.377727 1.66228
34 61 0.395019 0.276129
34 62 0.527344 1.72155
34 63 -0.226276 1.44924
34 64 -0.697161 0.151507
34 65 0.965235 0.740204
34 66 1.49815 -0.0364169
35 33 2.80531 -1.15552
35 34 3.10105 -1.00591
35 35 -1.87747 -4.25713
35 36 1.23917 0.54918
35 37 0.528056 1.93984
35 38 9.0504 -2.04613
35 39 4.52962 3.22396
35 40 5.50735 0.323401
35 41 4.48612 1.48603
35 42 9.25454 -2.18933
35 43 9.55489 -3.35562
35 44 3.73907 -3.54178
35 45 4.21023 -0.627967
35 46 10.761 1.09203
35 47 0.140836 1.35357
35 48 -0.799846 2.33568
35 49 0.717199 2.35551
35 50 5.43216 2.00029
35 51 -0.856806 -0.437385
35 52 2.15914 0.0255791
35 53 -2.20192 1.50031
35 54 1.95448 0.167851
35 55 0.787044 -0.269612
35 56 -1.60955 0.788143
35 57 0.61528 1.89446
35 58 2.02374 -0.751326
35 59 -2.84547 1.18652
35 60 1.33536 1.38552
35 61 -1.0526 0.837392
35 62 -0.543724 1.14955
35 63 2.0411 -0.417175
35 64 0.145084 0.315738
35 66 0.917511 1.82341
36 33 1.09047 -0.584102
36 34 3.83564 -0.169221
36 35 3.6875 -3.70645
36 36 2.79795 -4.98737
36 37 4.29995 -1.2954
36 38 6.56354 2.6033
36 39 4.14245 -0.754326
36 40 3.6456 -4.61592
36 41 7.06078 -2.17606
36 42 9.51152 -0.207965
36 43 -8.66504 -6.54704
36 44 5.47114 -0.404859
36 45 -2.67762 3.61036
36 46 -0.683235 -1.05142
36 47 2.88211 -2.27989
36 48 0.941712 1.55522
36 49 0.925804 0.836659
36 50 3.81348 -1.61173
36 51 0.191881 2.05486
36 52 4.137 -1.99035
36 53 1.50221 0.761506
36 54 0.742591 -0.174383
36 55 3.49312 1.49602
36 56 2.10823 1.44979
36 57 1.86443 1.5424
36 58 0.0687131 1.43697
36 59 -0.74353 1.58754
36 60 -0.550126 0.085019
36 61 -0.024401 0.0354884
36 62 1.22586 1.07253
36 63 0.500939 1.77486
36 64 -0.371225 0.628615
36 65 -0.0541814 -0.0174753
36 66 -0.455242 0.170124
37 33 3.4639 -2.13769
37 34 2.06898 -2.67442
37 35 3.73773 -3.24649
37 36 10.3722 -0.999985
37 37 7.06004 -0.147465
37 38 2.71859 -0.101698
37 39 10.0173 -0.974041
37 40 0.581312 6.09548
37 41 4.52439 -10.0958
37 42 9.64986 1.84154
37 43 1.2718 -0.346051
37 44 6.00605 8.34316
37 45 -2.05114 0.871387
37 46 6.0431 8.77748
37 47 2.80359 0.70189
37 48 1.54325 -2.78799
37 49 2.67551 2.76989
37 50 1.50415 -0.726282
37 51 -1.34643 1.25852
37 52 -1.53763 5.3047
37 53 0.603471 5.70317
37 54 -4.00345 0.594056
37 55 0.0460167 -0.891102
37 56 1.36458 0.547468
37 57 2.03357 1.32963
37 58 -0.999235 1.16511
37 59 -0.85002 0.0564494
37 60 -0.860783 0.461884
37 61 0.956109 -0.632349
37 62 0.547415 1.12106
37 63 0.402356 -0.979794
37 64 0.959168 0.809209
37 65 -0.0508471 0.0140686
37 66 0.070886 -0.111506
38 33 3.08813 -0.115002
38 34 2.51638 4.48845
38 35 4.64864 -0.0839723
38 36 7.25296 2.8301
38 37 7.66302 -2.79676
38 38 1.61395 2.50464
38 39 9.38207 2.15893
38 40 0.805295 -1.04139
38 41 3.60326 -1.23231
38 42 4.26072 -0.348393
38 43 1.43008 2.27255
38 44 7.84736 3.93555
38 45 10.9486 0.803867
38 46 2.07701 2.19469
38 47 2.38783 -0.200056
38 48 3.80526 -3.11153
38 49 1.22672 0.081387
38 50 2.20582 2.68319
38 51 4.2536 5.87407
38 52 -2.32204 -0.0549743
38 53 2.17213 0.24282
38 54 2.57559 2.08832
38 55 -1.58574 0.75201
38 56 -2.9124 0.128755
38 57 1.35119 1.70711
38 58 -0.804139 0.399223
38 59 -0.288594 -0.133968
38 60 0.66769 1.29814
38 61 -0.873153 0.968974
38 62 0.57744 0.528973
38 63 1.94844 1.22
38 64 -0.24544 0.385303
38 65 -0.658696 -0.528301
38 66 0.383328 0.193112
39 33 2.04394 0.291078
39 34 -2.71325 -6.78634
39 35 -0.622663 -2.44855
39 36 0.789953 1.01405
39 37 -0.88013 0.329211
39 38 2.65433 -2.58487
39 39 7.63654 -2.90678
39 40 7.98995 1.89725
39 41 7.1224 -0.515816
39 42 -2.18434 -2.94844
39 43 5.55556 -0.844126
39 44 5.28141 0.969776
39 45 3.40728 -0.91341
39 46 9.65672 0.363551
39 47 2.01894 -3.76022
39 48 7.25454 0.878612
39 49 10.4053 1.25053
39 50 5.51962 -4.04012
39 51 4.91877 -2.23449
39 52 1.39594 0.23418
39 53 1.98902 0.40623
39 54 0.00345295 0.25107
39 55 1.54782 -2.02406
39 56 -0.641555 0.667693
39 57 0.360025 0.849523
39 58 0.436773 -0.765158
39 59 -0.0662167 0.577213
39 60 0.129201 -0.226447
39 61 -0.936266 0.502515
39 62 -0.123097 0.72933
39 63 -0.801011 -1.9855
39 64 1.27244 -0.00833289
39 65 0.00331065 -0.571197
39 66 0.821208 0.221922
40 33 3.3855 0.373223
40 34 5.37394 2.25555
40 35 5.08663 -0.729625
40 36 1.37011 -0.348736
40 37 3.6765 -0.195199
40 38 -0.117086 0.828658
40 39 9.28181 -2.26849
40 40 13.0172 -0.813848
40 41 3.09601 -3.78684
40 42 10.6628 6.43754
40 43 6.28424 2.70073
40 44 11.4946 -0.0525275
40 45 10.0535 3.1108
40 46 6.69353 -0.724721
40 47 0.0446891 3.15533
40 48 0.666441 0.915573
40 49 5.22511 2.08133
40 50 2.9046 1.67485
40 51 4.6942 -0.505067
40 52 3.92063 0.511427
40 53 1.94584 0.928208
40 54 1.19186 -0.258331
40 55 0.398869 1.58189
40 56 0.344935 -1.28863
40 57 1.71469 1.15015
40 58 -1.25384 1.68296
40 59 -0.585282 -0.315506
40 60 2.07186 0.590856
40 61 0.955003 0.273575
40 62 -0.835636 -0.452227
40 63 -2.66869 -1.1691
40 64 0.0373026 0.0645914
40 65 -0.584723 0.104189
40 66 -0.0243613 0.205762
41 33 1.21446 -2.52572
41 34 2.53914 -0.126391
41 35 7.37656 1.77361
41 36 2.10116 -1.53231
41 37 3.29301 0.952111
41 38 -0.515703 2.96223
41 39 7.71457 -2.13759
41 40 4.94487 -2.40687
41 41 -3.15696 0.289721
41 42 1.91228 0.659113
41 43 -1.7271 4.25745
41 44 3.7133 0.135218
41 45 2.71187 1.85976
41 46 12.9821 -1.58952
41 47 2.36822 6.2225
41 48 8.60086 2.60338
41 49 8.92502 1.30816
41 50 1.5159 2.63953
41 51 -0.781539 2.76385
41 52 2.6885 -0.684714
41 53 6.03722 5.15542
41 54 1.92836 0.00219969
41 55 -1.81871 4.44298
41 56 1.05854 2.53973
41 57 0.925423 1.32653
41 58 1.85441 1.08202
41 59 0.906188 -0.420523
41 60 2.41772 0.937211
41 61 4.21825 -1.20699
41 62 0.135677 2.0971
41 63 -0.502213 0.435637
41 64 1.0272 0.633936
41 65 -0.596539 1.16562
41 66 0.267716 1.06996
42 33 0.0578304 -1.10119
42 34 3.74369 -2.96018
42 35 -0.10723 0.868588
42 36 1.54306 -2.30101
42 37 1.08175 -1.17898
42 38 2.97359 1.15256
42 39 3.6865 -3.66275
42 40 -0.996841 -1.84627
42 41 -1.06767 -2.29489
42 42 2.09153 1.35399
42 43 4.40144 2.58289
42 44 7.65072 -2.53236
42 45 5.34615 2.54667
42 46 1.0091 0.502291
42 47 1.45722 4.88031
42 48 0.833818 -1.85376
42 49 4.733 0.0155099
42 50 4.62172 2.93287
42 51 5.93525 0.957678
42 52 2.32885 0.636623
42 53 -1.17285 -1.17979
42 54 0.852513 3.24712
42 55 -1.28192 3.19407
42 56 0.355146 -0.882608
42 57 1.27581 2.45925
42 58 -0.776333 2.75755
42 59 6.83847 -0.556587
42 60 1.02874 0.309165
42 61 -3.21916 0.505355
42 62 0.55317 1.56923
42 63 -0.55405 0.194574
42 64 -2.14276 0.280129
42 65 0.573517 0.607179
42 66 0.736456 1.33737
43 33 4.54964 -1.09389
43 34 -1.41348 0.488043
43 35 6.80275 -0.921496
43 36 7.73914 -3.25391
43 37 5.27245 -1.14819
43 38 6.23383 -5.60974
43 39 9.44885 -5.22359
43 40 -2.04237 -3.82078
43 41 -0.800331 -0.990091
43 42 -0.200398 -5.00586
43 43 -2.81027 0.93555
43 44 4.80452 -1.75601
43 45 3.02136 -1.35237
43 46 0.636519 -0.642597
43 47 7.36282 6.18043
43 48 2.44069 0.373529
43 49 4.88401 3.25574
43 50 4.43595 1.26573
43 51 3.46816 1.83761
43 52 3.09643 2.92482
43 53 1.11635 0.761474
43 54 1.8548 0.983639
43 55 1.65129 0.737071
43 56 -0.418292 2.11316
43 57 4.33903 0.175761
43 58 1.3768 -2.05005
43 59 0.676659 0.728991
43 60 1.33671 -0.00498416
43 61 0.301609 0.356923
43 62 1.56884 -1.16949
43 63 0.891203 -0.142099
43 64 0.0376661 0.571626
43 65 0.239528 -1.46129
43 66 0.455016 -0.254898
44 33 3.99924 -1.8996
44 34 0.7654 0.0289337
44 35 1.47062 0.824112
44 36 7.83682 -9.31298
44 37 2.34877 -2.74029
44 38 0.660467 -4.40877
44 39 3.26649 -3.7969
44 40 6.33947 3.42133
44 41 -1.27872 3.71242
44 42 0.701219 -1.96968
44 43 8.80865 1.1824
44 44 2.88717 1.6256
44 45 5.45962 1.57174
44 46 4.2579 0.112294
44 47 4.77859 2.69782
44 48 2.65352 -3.76565
44 49 7.24933 1.49442
44 50 4.35962 1.04666
44 51 4.50615 0.484085
44 52 3.01157 1.2059
44 53 2.82024 2.61085
44 54 1.01767 2.79357
44 55 0.446111 4.27248
44 56 2.44817 1.54121
44 57 -0.409691 1.51656
44 58 2.86155 2.51857
44 59 0.170056 -0.0428476
44 60 -3.10564 -0.220373
44 61 0.738059 -0.0585684
44 62 -0.523808 0.817831
44 63 1.05337 0.267734
44 64 -0.808689 -0.149733
44 65 -0.560401 0.137915
44 66 -0.104933 -0.042853
45 33 0.00770656 0.435203
45 34 0.7463 -2.78341
45 35 0.0205697 -0.526633
45 36 -0.83267 -0.758986
45 37 -5.26914 3.42203
45 38 3.91732 0.564381
45 39 -0.225079 2.4528
45 40 8.24747 -0.696988
45 41 6.37538 0.113722
45 42 1.93499 3.33088
45 43 9.14792 1.92506
45 44 5.1104 1.24499
45 45 1.0876 -2.99549
45 46 0.516573 2.364
45 47 6.99132 -0.744455
45 48 2.43016 0.48997
45 49 1.35652 0.881852
45 50 -1.06645 -2.95484
45 51 -1.25717 -1.75342
45 52 -0.426575 -0.708401
45 53 -0.422503 0.390608
45 54 1.31228 0.0889567
45 55 -1.38483 0.0681745
45 56 0.147079 -0.72674
45 57 0.580371 0.327033
45 58 2.24371 2.04164
45 59 -0.326609 0.0301571
45 60 2.19253 0.032663
45 61 2.46939 2.06881
45 62 1.75747 -0.106175
45 63 1.03679 -0.179407
45 64 -0.895077 0.783798
45 65 -0.432542 0.346539
45 66 -0.130855 1.82542
46 33 2.85051 1.09284
46 34 -0.757991 -4.44528
46 35 6.32545 -1.1334
46 36 0.144108 2.5346
46 37 0.185662 0.779753
46 38 7.47526 1.31098
46 39 4.87815 -3.2997
46 40 1.30341 0.152759
46 41 -3.13419 -1.25918
46 42 0.113067 -2.06099
46 43 0.493971 0.605646
46 44 -1.33064 3.19652
46 45 3.62946 -1.20605
46 46 11.2636 2.67565
46 47 1.01321 6.04827
46 48 1.04035 -2.32255
46 49 5.97503 0.936769
46 50 5.2247 1.83693
46 51 2.98362 -0.111234
46 52 4.73224 0.45255
46 53 1.76754 0.894158
46 54 1.01393 0.719375
46 55 1.60968 0.141284
46 56 2.6672 2.45893
46 57 -3.10594 1.48485
46 58 -2.8981 -0.0177267
46 59 0.831413 0.396518
46 60 -0.108995 1.5171
46 61 -0.174553 0.171674
46 62 -0.156808 0.331733
46 63 0.238151 -1.1466
46 64 1.02707 -0.522058
46 65 0.186322 0.167993
46 66 0.712251 0.305545
47 33 -0.670961 -2.11806
47 34 4.7719 -6.07011
47 35 4.54979 -2.16335
47 36 2.76339 -1.21224
47 37 1.30402 1.14006
47 38 1.36843 -1.26394
47 39 0.355382 -1.30993
47 40 7.88211 -0.854721
47 41 -0.522007 3.50143
47 42 2.04915 -5.67748
47 43 4.60732 0.690519
47 44 4.51342 -4.8511
47 45 6.54296 -1.44064
47 46 0.602952 0.426716
47 47 7.69953 -0.281764
47 48 1.48937 -1.65158
47 49 2.78935 0.341994
47 50 0.0382202 -3.81396
47 51 3.29456 1.47165
47 52 0.464887 0.334943
47 53 -4.1722 2.36957
47 54 -1.7294 -0.484929
47 55 6.33792 2.6382
47 56 0.713875 1.81417
47 57 0.157504 1.2908
47 58 -2.78856 0.891852
47 59 1.15751 1.36761
47 60 0.539859 2.22172
47 61 -0.779848 -0.678887
47 62 -0.75339 -0.225487
47 63 0.355743 0.219507
47 64 1.54515 3.06333
47 65 0.498213 1.90511
47 66 1.08372 -0.243664
48 33 4.53209 -4.52431
48 34 1.68707 -0.780646
48 35 11.3429 -1.07348
48 36 1.69802 -1.1992
48 37 0.0352688 -0.368504
48 38 6.37384 -2.18063
48 39 4.4457 -0.60481
48 40 6.33122 -1.31679
48 41 -2.27874 -6.65408
48 42 0.789792 2.32484
48 43 -0.536609 -3.92807
48 44 -3.59857 1.32451
48 45 8.53959 -1.43299
48 46 -2.6302 1.76501
48 47 2.96121 1.21946
48 48 2.47708 0.84313
48 49 5.52782 3.739
48 50 -4.09159 -2.33718
48 51 0.736067 -1.13747
48 52 2.01452 3.39488
48 53 3.68731 -1.80031
48 54 0.489178 3.95411
48 55 0.221187 0.694303
48 56 2.07447 -1.14399
48 57 -3.06972 1.65691
48 58 1.16528 0.264963
48 59 -0.664333 -0.668352
48 60 1.25757 0.264273
48 61 0.103097 0.0685572
48 62 1.12206 0.00706882
48 63 0.556695 1.36837
48 64 -0.486463 1.61985
48 65 0.163198 -0.639608
48 66 -0.407492 0.154471
49 33 1.24239 0.015821
49 34 6.01457 2.6766
49 35 -1.06344 -0.399839
49 36 -4.22453 -1.33264
49 37 4.84105 -2.92059
49 38 -0.0435564 1.08252
49 39 5.53635 5.02964
49 40 3.71765 -0.0341725
49 41 11.5838 0.503355
49 42 0.494162 1.65413
49 43 4.3599 2.96962
49 44 5.69421 -1.72493
49 45 4.87118 3.23028
49 46 3.74857 5.13012
49 47 0.930207 -0.628692
49 48 4.4566 1.41157
49 49 -3.25323 -2.3994
49 50 -5.30881 -0.159631
49 51 0.71159 -2.19743
49 52 2.60611 -1.98799
49 53 -0.192218 0.618253
49 54 3.05409 -1.99586
49 55 0.414521 0.768959
49 56 2.1598 0.096932
49 57 1.98226 -0.198591
49 58 -3.04065 -0.511415
49 59 0.817821 0.781054
49 60 1.13557 -0.647846
49 61 -0.935939 0.142528
49 62 1.63265 1.94432
49 63 -0.430759 0.165188
49 64 -2.05894 0.583088
49 65 0.290225 -0.301408
49 66 -1.28977 -0.445847
50 33 3.17908 -2.61869
50 34 2.34375 0.0024543
50 35 2.71277 -7.34424
50 36 6.11615 -0.28267
50 37 -5.28291 -1.16759
50 38 -2.22791 -2.46749
50 39 4.59576 -2.87016
50 40 2.99602 -4.15066
50 41 -2.97355 -4.27102
50 42 8.81421 0.0560584
50 43 7.01413 3.91096
50 44 3.52829 2.18303
50 45 3.74053 -2.20969
50 46 0.144528 -1.31344
50 47 -0.946486 4.11619
50 48 2.24252 1.29262
50 49 2.00951 2.40226
50 50 -2.26569 0.534851
50 51 3.6468 -0.210458
50 52 0.266579 0.440276
50 53 0.784503 3.39469
50 54 1.16998 1.05493
50 55 0.183488 2.21968
50 56 -1.17497 -0.690077
50 57 -1.64505 1.81418
50 58 -0.516244 0.511831
50 59 -2.01155 0.340416
50 60 0.378631 0.276126
50 61 -0.250995 2.25788
50 62 -1.37525 -0.942322
50 63 0.733429 -0.440523
50 64 -0.16657 -0.543417
50 65 0.297044 1.39781
50 66 -0.126149 -0.0946527
51 33 0.982879 -2.78247
51 34 2.6764 -0.669756
51 35 1.66871 -0.678239
51 36 2.95897 0.228544
51 37 2.50013 -2.87144
51 38 0.624033 -0.0157024
51 39 -0.101825 1.9639
51 40 1.00693 -0.0319542
51 41 0.0463724 -1.22118
51 42 6.30243 2.02333
51 43 2.18584 -0.0369886
51 44 2.94092 0.450148
51 45 5.21146 4.00722
51 46 -3.59501 -2.62711
51 47 5.87954 3.50245
51 48 3.05441 3.44199
51 49 6.06861 0.762749
51 50 -1.14156 1.60656
51 51 0.799986 1.59237
51 52 5.50965 3.20431
51 53 -0.21354 1.40654
51 54 0.0528866 2.64823
51 55 2.45349 -0.146637
51 56 0.476592 0.638932
51 57 -0.529088 1.03062
51 58 1.57545 1.18963
51 59 -0.61494 0.371634
51 60 1.47857 -0.0242592
51 61 -3.70675 0.140118
51 62 0.905532 -1.26622
51 63 -0.644567 0.411901
51 64 1.43835 -0.802098
51 65 1.13023 -0.345477
51 66 -0.488157 0.392511
52 33 1.80978 -1.00918
52 34 4.08997 -0.393464
52 35 -0.60071 -4.92161
52 36 -0.58347 -1.4774
52 37 2.56361 -0.622642
52 38 1.05771 3.13123
52 39 6.93513 -2.9826
52 40 5.4971 3.99637
52 41 -4.99134 -3.28464
52 42 5.87599 0.0282169
52 43 -4.39483 -3.44828
52 44 4.16993 3.06875
52 45 -1.17889 1.08489
52 46 0.621365 2.1836
52 47 0.993652 -0.0357416
52 48 6.49653 1.86376
52 49 2.99858 7.32015
52 50 -1.38773 1.22499
52 51 -2.13336 -0.553296
52 52 -1.43849 2.62936
52 53 -3.33825 0.223204
52 54 0.0258297 0.207552
52 55 -1.95784 -0.0251791
52 56 0.47252 0.430085
52 57 1.88747 1.2551
52 58 1.05926 1.0661
52 59 1.2078 -0.651117
52 60 1.18435 0.708399
52 61 0.222046 -0.0433826
52 62 -0.504294 -1.0163
52 63 0.232639 0.396653
52 64 1.06642 -0.278893
52 65 -0.464902 0.220403
52 66 -0.065059 0.0202081
53 33 -0.441422 0.815233
53 34 6.05471 -1.47031
53 35 4.2679 -3.98295
53 36 0.410597 0.568056
53 37 7.47482 -1.40762
53 38 6.146 0.483396
53 39 4.86509 2.24322
53 40 -1.35527 3.59326
53 41 3.52302 -0.0746537
53 42 0.192274 -2.28927
53 43 0.659136 -3.10735
53 44 6.83313 -2.67822
53 45 6.84633 -0.445797
53 46 -0.681632 0.378176
53 47 0.700887 2.61931
53 48 -1.75895 5.61515
53 49 2.54145 0.519978
53 50 1.13937 -0.28863
53 51 2.55408 2.56531
53 52 3.52407 -0.454347
53 53 5.35927 -0.680752
53 54 2.18748 0.365295
53 55 -0.0863513 1.59888
53 56 -0.551289 1.07529
53 57 4.72913 0.16951
53 58 2.86551 1.77392
53 59 -0.552964 0.417663
53 60 0.557859 0.391675
53 61 0.314858 2.26217
53 62 -2.53488 3.25003
53 63 0.635464 -0.310305
53 64 0.131023 -0.787973
53 65 -0.840942 0.460733
53 66 0.0910826 0.0476092
54 33 -3.54904 -1.66044
54 34 2.02506 -0.612118
54 35 0.606821 2.25136
54 36 -0.437313 0.148747
54 37 -0.534466 -0.689684
54 38 -0.278895 6.1684
54 39 2.82601 -0.763462
54 40 5.15943 0.273364
54 41 4.62017 2.83077
54 42 3.50331 -1.09333
54 43 4.33392 1.79989
54 44 5.13993 -2.26352
54 45 4.47292 -3.23603
54 46 5.70415 1.01924
54 47 4.81938 -2.22977
54 48 3.71837 3.60892
54 49 -1.67853 4.37146
54 50 -0.0469645 0.0828707
54 51 -3.86578 2.53229
54 52 0.509643 0.252672
54 53 -1.09987 -1.25175
54 54 -0.546523 -1.86572
54 55 1.12554 0.863071
54 56 2.45638 2.20967
54 57 -0.588944 -0.0561118
54 58 0.0920897 0.886256
54 59 0.354391 -3.43287
54 60 -0.353753 0.652159
54 61 -0.150186 -0.287891
54 62 1.68069 0.84226
54 63 0.574271 -0.506702
54 64 -0.385638 0.359733
54 65 -0.919819 0.334693
54 66 -0.152885 -0.0602666
55 33 1.02696 -1.85191
55 34 3.5547 0.35223
55 35 3.40485 -0.801513
55 36 -0.360097 -0.282329
55 37 6.78198 -0.0905138
55 38 3.79949 2.42414
55 39 7.24126 0.634564
55 40 2.35107 -3.21899
55 41 9.73121 -2.06967
55 42 2.41948 2.05155
55 43 10.6388 0.950868
55 44 0.916235 1.00072
55 45 4.62656 0.628382
55 46 3.71332 3.67108
55 47 3.36328 -0.477522
55 48 4.53341 -1.60874
55 49 1.94214 1.8687
55 50 3.12236 0.441943
55 51 3.58952 1.63882
55 52 10.9667 -1.18136
55 53 -1.93607 0.709897
55 54 -0.104207 1.13164
55 55 -0.519186 -0.831046
55 56 2.83393 1.6847
55 57 1.40976 2.54141
55 58 -3.89014 2.19071
55 59 2.70156 1.10163
55 60 0.251548 0.46513
55 61 0.585023 1.97035
55 62 1.0834 0.800547
55 63 2.43652 0.351221
55 64 -0.71371 1.07604
55 65 -0.0885121 1.49153
55 66 0.0565188 0.152526
56 33 3.08118 -1.11693
56 34 3.81102 0.0903216
56 35 4.98389 -0.614783
56 36 4.89023 -4.32027
56 37 4.56286 0.728204
56 38 5.37626 -5.45322
56 39 3.8477 -3.05978
56 40 0.0572648 1.59055
56 41 -1.5682 -1.83292
56 42 4.86933 -6.03903
56 43 5.06034 2.1166
56 44 -1.36162 1.21399
56 45 7.76648 1.13315
56 46 -0.522801 0.709138
56 47 1.08057 2.26813
56 48 5.33446 -2.60962
56 49 0.111588 -0.97813
56 50 1.88076 0.609148
56 51 1.36376 0.335711
56 52 2.2704 -1.43985
56 53 -0.0358194 0.714877
56 54 -0.258499 2.03768
56 55 0.514141 0.614179
56 56 1.1611 0.968688
56 57 2.22209 0.524504
56 58 0.406908 1.46663
56 59 0.442871 1.3301
56 60 -0.186097 1.12052
56 61 4.28527 -1.42975
56 62 2.06202 0.372175
56 63 0.830248 1.57057
56 64 0.56185 -0.0786854
56 65 0.340146 2.51377
56 66 -0.866487 1.3552
57 33 2.61299 -2.41751
57 34 -0.79205 0.112763
57 35 9.98457 -1.27229
57 36 3.85864 2.17772
57 37 0.700686 -4.05283
57 38 -2.38642 -3.07692
57 39 -0.492126 -0.947461
57 40 -2.62378 -3.04201
57 41 2.01448 -3.19527
57 42 -0.0539094 1.58979
57 43 2.92735 -3.82707
57 44 5.68382 0.988193
57 45 1.35262 4.64926
57 46 2.7516 -1.31008
57 47 0.468142 -0.681387
57 48 4.64826 0.015915
57 49 -1.9087 0.264642
57 50 0.58735 1.80692
57 51 3.70887 0.708485
57 52 0.682925 -0.0367353
57 53 2.31257 -0.5459
57 54 2.29224 0.700958
57 55 2.54975 0.456128
57 56 3.65887 -0.308572
57 57 2.07173 1.24742
57 58 1.11226 2.10016
57 59 -2.62652 0.356511
57 60 1.80984 1.78825
57 61 0.175194 -1.13731
57 62 0.106151 0.204941
57 63 0.903163 -0.58581
57 64 -1.22517 1.04858
57 65 1.24241 0.218847
57 66 -0.7 0.48534
58 33 2.21968 -0.888487
58 34 1.74704 0.577719
58 35 1.94033 0.479075
58 36 2.20351 -1.52694
58 37 6.88641 -2.54442
58 38 0.46173 -2.57075
58 39 3.29577 2.65584
58 40 -1.69362 0.658801
58 41 0.3467 3.94117
58 42 -0.78749 -1.36134
58 43 4.90622 5.04207
58 44 8.30848 2.35109
58 45 3.07337 -1.74572
58 46 -0.559789 0.0217284
58 47 3.55417 -2.79495
58 48 0.124234 -0.543844
58 49 2.48748 -0.790573
58 50 0.178795 3.26191
58 51 -0.108652 0.835396
58 52 -2.18998 2.99143
58 53 -1.40408 1.7533
58 54 -0.496091 0.605442
58 55 0.594243 2.08122
58 56 -3.78831 0.865817
58 57 1.46895 -1.17355
58 58 3.46367 0.24343
58 59 2.15893 -0.145887
58 60 0.50041 -0.532972
58 61 -0.224145 2.08565
58 62 1.02151 1.07062
58 63 0.427455 0.246776
58 64 -1.10518 0.914624
58 65 0.659052 -0.531208
58 66 0.143491 0.431745
59 33 0.535815 1.28142
59 34 3.6721 2.05727
59 35 1.76594 -1.73154
59 36 1.23936 1.15103
59 37 1.6351 1.6482
59 38 8.1051 -0.331637
59 39 -0.641477 -3.70541
59 40 7.82397 0.966952
59 41 4.48464 2.31885
59 42 2.77347 1.01152
59 43 4.70633 -2.33902
59 44 -1.20651 -1.92726
59 45 0.410302 1.34586
59 46 4.95636 -1.69752
59 47 -1.56237 3.24148
59 48 4.9305 0.803547
59 49 3.77439 2.85383
59 50 3.60828 3.55787
59 51 1.61091 2.19328
59 52 2.24855 2.24842
59 53 -0.473217 1.81139
59 54 2.55807 -0.810292
59 55 0.888898 -0.445966
59 56 3.45822 0.67861
59 57 0.833929 0.624339
59 58 1.07967 0.064044
59 59 3.21977 2.12222
59 60 -0.0186963 -0.0452606
59 61 -0.50402 1.69241
59 62 -0.359559 0.755883
59 63 -1.06782 1.05024
59 64 -0.610646 0.051717
59 65 -2.53834 0.112846
59 66 0.969574 -0.0169362
60 33 2.17888 0.0166633
60 34 3.42689 0.275506
60 35 0.824392 -1.56932
60 36 -0.52208 -0.304405
60 37 1.91575 -2.65155
60 38 0.208595 -1.10561
60 39 0.682041 0.139548
60 40 2.56282 0.331573
60 41 3.42492 -3.69479
60 42 5.92023 -1.15033
60 43 -1.08816 -0.368454
60 44 6.50865 3.93407
60 45 2.73849 -0.364936
60 46 8.93061 1.41139
60 47 0.0607335 1.27516
60 48 4.23442 0.251433
60 49 3.2975 0.0418264
60 50 4.51035 -1.80044
60 51 1.1376 2.61601
60 52 -0.692992 -0.516073
60 53 1.6754 0.414065
60 54 0.687531 1.86804
60 55 2.54418 1.99261
60 56 1.107 0.534634
60 57 2.00882 2.29963
60 58 0.160757 -0.424415
60 59 -3.71923 3.22699
60 60 1.40005 -0.157494
60 61 1.24102 1.99313
60 62 -0.374135 -0.418411
60 63 -0.531821 0.914503
60 64 0.0727907 -1.6707
60 65 -1.21032 -0.504754
60 66 -0.0527862 -0.0714929
61 33 2.17329 1.6027
61 34 1.98071 0.37759
61 35 -2.71835 0.928037
61 36 2.69252 -1.93952
61 37 6.95267 1.61577
61 38 6.48671 0.470277
61 39 1.14199 0.26642
61 40 3.59973 -1.67649
61 41 -0.689116 -1.26083
61 42 7.44609 0.340772
61 43 3.03417 0.490087
61 44 5.6011 1.69994
61 45 4.50846 1.27996
61 46 5.6289 1.97838
61 47 1.67286 -0.60269
61 48 6.92388 0.888476
61 49 -0.417433 -0.819147
61 50 3.51724 3.55071
61 51 2.3186 -1.13234
61 52 0.219941 0.191664
61 53 4.01727 2.25802
61 54 0.567742 0.311399
61 55 2.96212 1.22235
61 56 1.10021 1.39584
61 57 -0.183833 2.40606
61 58 -1.06484 -1.37666
61 59 -0.322587 2.85749
61 60 -0.407896 -0.088532
61 61 0.815413 -0.0957931
61 62 0.736667 0.826927
61 63 -0.356914 1.69756
61 64 0.585988 -1.9316
61 65 1.64831 -0.27255
61 66 0.624665 0.157957
62 33 1.784 0.00500321
62 34 3.67287 -3.16875
62 35 2.17494 0.450631
62 36 1.42285 -0.939812
62 37 -4.41129 -0.0643687
62 38 3.20073 1.80505
62 39 -0.727236 -0.363231
62 40 10.1267 4.98056
62 41 1.28497 2.77302
62 42 3.69293 1.45217
62 43 4.97686 -3.48066
62 44 0.271587 -1.58426
62 45 0.783947 1.75429
62 46 6.30787 2.82208
62 47 4.49835 0.228587
62 48 4.18208 -1.23909
62 49 2.43137 -1.78897
62 50 3.78734 -0.408546
62 51 2.10204 1.13959
62 52 -0.81991 -0.432417
62 53 2.96694 3.13703
62 54 0.852079 1.06631
62 55 -0.118972 2.01998
62 56 0.557363 0.53562
62 57 0.0708002 0.541128
62 58 -2.49835 -0.0763395
62 59 -1.20773 0.534718
62 60 1.43214 1.05974
62 61 2.28402 1.55955
62 62 0.744857 1.81641
62 63 1.47121 0.253362
62 64 1.00595 1.56146
62 65 1.42395 -0.308445
62 66 1.05778 -0.26671
63 33 -0.514901 -0.155861
63 34 4.91558 -0.68631
63 35 2.86969 0.989196
63 36 5.91683 -0.0460443
63 37 1.65363 2.81884
63 38 1.85203 1.34751
63 39 5.77593 3.68257
63 40 7.88561 0.416566
63 41 5.06397 0.672168
63 42 4.75119 2.66242
63 43 5.07321 1.42227
63 44 3.5809 0.471209
63 45 1.07397 3.20095
63 46 4.35273 -0.353363
63 47 2.79197 -1.18486
63 48 4.50441 0.244192
63 49 2.43217 1.82973
63 50 0.154204 -1.28698
63 51 3.55583 2.6228
63 52 1.93109 0.229808
63 53 -1.09698 0.850111
63 54 -0.522706 3.01355
63 55 1.85604 0.958884
63 56 -2.49864 -0.246482
63 57 0.0573294 -0.1915
63 58 -1.14785 2.30241
63 59 -0.678852 1.76971
63 60 -0.284679 1.68229
63 61 0.417198 0.981961
63 62 1.38278 1.14105
63 63 -0.580339 0.328871
63 64 0.851814 -0.33041
63 65 1.01604 0.883172
63 66 1.05184 0.382382
64 33 0.857173 2.70563
64 34 6.73734 -1.15748
64 35 3.71082 -2.0856
64 36 1.0269 0.901571
64 37 2.00032 0.152368
64 38 6.87262 -0.204052
64 39 6.56324 1.15878
64 40 1.92215 -0.639685
64 41 3.09998 1.0544
64 42 4.41205 2.96263
64 43 4.4815 -3.76234
64 44 -1.78594 -0.50224
64 45 5.6138 -0.0732517
64 46 1.98799 -1.77685
64 47 1.56116 -0.101938
64 48 1.65871 0.696515
64 49 0.312488 1.24704
64 50 5.39814 1.70826
64 51 0.351064 0.203164
64 52 3.36451 -3.61359
64 53 3.4936 0.0607881
64 54 1.69491 -1.10692
64 55 -0.78064 0.39617
64 56 -0.157394 0.791442
64 57 -1.00688 -0.739026
64 58 -1.3037 -1.03028
64 59 -0.865625 0.789345
64 60 1.11809 -1.83121
64 61 2.54905 0.187647
64 62 -0.261801 -0.0184684
64 63 0.0492663 -0.121439
64 64 0.15661 -0.147325
64 65 0.846797 -0.301063
64 66 -0.317034 0.663648
65 33 -0.665515 -1.89818
65 34 5.62533 -1.23155
65 35 3.77297 -1.11191
65 36 0.381783 -0.0156997
65 37 7.89513 0.100642
65 38 3.43102 -1.92788
65 39 6.54296 -0.90116
65 40 5.67153 -1.39077
65 41 3.1643 0.340882
65 42 4.37966 -1.39024
65 43 6.56046 -0.997177
65 44 3.48612 0.226604
65 45 3.64965 0.433478
65 46 5.25157 2.45824
65 47 2.5225 1.82945
65 48 1.7005 -0.162506
65 49 1.08535 -0.151304
65 50 0.758452 -0.360517
65 51 5.25096 0.612969
65 52 2.43431 1.91457
65 53 3.96391 3.14916
65 54 0.559143 3.07285
65 55 1.65861 0.267016
65 56 3.25047 2.02375
65 57 1.00945 0.223878
65 58 0.440078 1.78066
65 59 0.864933 1.34869
65 60 0.41247 0.934463
65 61 0.575538 -0.362507
65 62 0.0111054 0.390848
65 63 0.693925 0.869204
65 64 0.191992 0.148327
65 65 0.0492324 0.0647236
65 66 0.265857 0.261739
66 33 1.52231 -1.05785
66 34 4.82687 -2.40441
66 35 2.14782 -0.414473
66 36 2.62962 -1.38885
66 37 5.0443 -2.08255
66 38 5.39584 -1.21824
66 39 5.49548 -0.327829
66 40 6.30997 0.664634
66 41 3.00682 -0.354532
66 42 3.54261 2.23186
66 43 4.67596 0.376048
66 44 5.44847 1.54899
66 45 3.50299 0.562282
66 46 4.91372 0.268032
66 47 5.10096 -0.379321
66 48 4.38724 -0.316227
66 49 2.21925 0.307489
66 50 2.13055 0.662463
66 51 5.70325 0.43051
66 52 1.78517 0.336106
66 53 3.24933 2.70776
66 54 1.80255 0.060063
66 55 1.42599 0.881365
66 56 1.43676 2.07913
66 57 0.105663 1.08305
66 58 0.177176 0.273802
66 59 1.31917 0.624839
66 60 0.929705 0.338418
66 61 0.831085 0.36355
66 62 0.328296 0.259387
66 63 1.18596 0.941801
66 64 0.317564 0.154897
66 65 0.00960781 0.00101875
