0 36 -0.00026028 -8.30001e-06
0 41 -0.000190201 -0.00031908
1 36 -0.000180628 4.85852e-06
1 38 0.00030178 9.7485e-05
2 35 0.000462522 2.11917e-05
2 37 -9.46758e-05 3.32431e-05
2 42 9.33513e-05 6.48195e-05
3 34 0.000218056 -5.4462e-05
3 36 0.000470535 -0.000196231
3 37 0.000142085 -2.16223e-05
3 40 1.18127e-05 -6.1425e-05
3 41 4.84308e-05 4.35931e-05
4 35 4.09852e-05 0.000171262
4 36 9.56677e-05 4.23488e-05
4 37 -1.32129e-06 2.09404e-06
4 38 -8.60756e-05 2.17486e-05
4 40 3.87093e-05 -1.65183e-05
4 43 0.000178734 0.000126184
4 45 0.000133426 -0.000292787
4 46 -0.000162344 -1.00846e-06
4 55 9.80561e-05 5.75671e-05
5 36 -0.000117209 -5.53749e-05
5 37 0.000527011 0.000251675
5 38 0.00047438 0.000199517
5 39 3.02501e-05 2.30424e-05
5 40 -0.00025245 -0.000659646
5 41 5.66601e-05 0.000280375
5 42 -4.99991e-05 3.22102e-06
5 44 -9.0946e-05 8.36343e-05
5 46 -5.83249e-05 0.000305686
6 34 0.00035041 -2.72868e-05
6 35 0.000334227 0.000176575
6 37 -3.15597e-05 5.71889e-05
6 39 0.000377333 -0.000328598
6 41 -4.84949e-05 0.000246145
6 42 0.000550379 0.000365405
6 43 -7.51675e-05 0.00027183
6 46 -0.000353453 7.28017e-05
6 50 -0.000123255 -3.83528e-05
7 34 0.000644643 0.00031477
7 35 -0.000624063 0.000569225
7 36 8.20492e-06 0.000282047
7 37 -0.000777642 -0.000117718
7 38 0.000110524 0.000140929
7 39 0.000339836 -0.000240815
7 40 0.000261363 0.000331179
7 41 0.000177371 -6.55103e-05
7 42 0.000348098 7.15666e-07
7 46 0.000276175 0.000174703
7 57 0.000126157 -0.000266069
8 33 0.000231529 -0.00014249
8 34 -9.25266e-05 -4.79645e-05
8 35 0.000507548 -0.000289247
8 36 0.000260409 -6.57638e-05
8 37 0.000806881 -0.000382247
8 38 0.000432586 -5.03913e-05
8 39 0.000154544 -0.000235747
8 40 0.000936912 0.000138555
8 41 -0.000420082 0.000492355
8 42 0.00053745 0.00100644
8 44 0.000328309 0.000110565
8 45 -8.46742e-05 -1.5396e-05
8 47 0.000134714 -1.31442e-05
8 50 0.000490134 -8.63301e-05
9 33 0.000267273 -0.000183158
9 34 0.000349126 -6.57364e-05
9 35 4.66559e-05 -5.04885e-05
9 36 -0.000102244 -2.22073e-05
9 37 0.000139396 9.40344e-05
9 38 0.000238001 -0.000294891
9 39 0.000103751 -6.38426e-06
9 40 -0.000385609 4.02171e-05
9 41 0.000471415 -0.000137974
9 42 0.000340866 0.000199263
9 43 0.00016549 -4.83529e-05
9 45 0.000386615 4.15742e-05
9 50 -0.00014799 4.34926e-06
9 51 2.96608e-05 0.000114194
9 58 -1.80004e-05 3.48586e-05
10 33 5.87932e-05 -9.83639e-05
10 34 0.000159789 5.52395e-05
10 36 0.000135408 2.37675e-05
10 37 0.000469981 0.000346077
10 38 4.69607e-06 0.000233993
10 41 6.12487e-05 0.000573796
10 42 0.000258371 0.000229758
10 43 0.000128135 6.12473e-05
10 44 0.000536271 -1.49654e-05
10 45 -0.000174583 0.000435965
10 48 -3.59668e-06 4.1584e-06
10 52 0.000153945 -0.00017939
10 65 -0.000277028 0.00038731
11 34 -5.10702e-05 7.03381e-05
11 35 -0.000220419 0.000910683
11 36 -0.000263477 -6.04138e-05
11 37 8.83073e-05 -7.20537e-05
11 38 0.000231873 3.94872e-05
11 39 0.00031158 2.87541e-05
11 40 6.00273e-05 0.000577425
11 41 -0.000545361 -0.000102478
11 42 0.000172774 -0.000138454
11 43 0.000141469 -0.000185864
11 45 2.53622e-05 2.50698e-06
11 46 0.000366595 0.000252591
11 48 -1.3176e-06 2.99983e-07
11 49 0.000418674 -0.000192978
11 51 -0.000371903 -0.000141229
11 56 6.06034e-05 6.0216e-05
11 64 0.000187761 -2.70796e-06
12 33 -0.000105585 -2.52206e-05
12 34 0.000278422 0.000173592
12 35 -1.79984e-06 -0.000228678
12 36 0.000882683 7.67398e-05
12 37 -0.000289124 0.00022881
12 39 0.000350702 0.000269903
12 40 -9.61539e-05 -0.000268175
12 41 7.61946e-05 0.00015824
12 42 -7.52528e-05 0.000200193
12 43 0.000166156 3.36305e-05
12 45 -6.85323e-05 0.000172221
12 47 -5.87332e-05 9.17748e-05
12 49 0.000301602 0.000250026
13 34 0.000773958 -4.19682e-06
13 35 -0.000210147 -4.31822e-05
13 36 0.000103026 0.000100737
13 37 -0.000121243 0.000549157
13 38 0.000303708 -0.000308607
13 39 0.000898689 -2.28262e-05
13 40 0.000814964 -0.000273538
13 41 9.64391e-05 0.000360446
13 42 0.000236249 2.75656e-05
13 43 -0.000410651 -0.000203112
13 45 -0.000129405 0.000254118
13 46 0.000615232 0.000227758
13 48 -2.02097e-05 5.68442e-07
13 50 0.000222772 -0.000177174
14 34 -8.09445e-05 -0.000381561
14 35 0.000224055 -0.00017897
14 36 0.00051591 -3.82074e-05
14 37 0.000382831 -0.000452628
14 38 0.000471931 -0.000205821
14 39 0.000547838 -0.000138987
14 40 0.000375306 -0.00011484
14 41 0.000778757 0.000517505
14 42 0.000895934 -0.000392113
14 44 -0.000305288 -0.000154348
14 46 0.000406423 0.000133217
14 48 -0.000185082 -1.71267e-05
14 49 8.94852e-05 -1.87206e-05
14 57 8.5107e-05 2.97102e-06
14 64 -9.63979e-05 3.41578e-05
15 34 -0.000131274 -0.000193303
15 35 0.000501271 -0.000122314
15 36 -0.000290384 -0.000185027
15 37 4.85725e-05 -9.34037e-05
15 38 0.000487994 -0.000215716
15 39 -0.000104573 2.64149e-05
15 40 1.47923e-05 1.92505e-05
15 41 -0.000286855 -0.000162765
15 42 0.000157874 -7.97309e-05
15 43 -8.70038e-05 0.000249172
15 44 0.000452633 0.000150969
15 45 0.000111432 0.00013263
15 48 0.000127963 0.000393251
15 59 0.000177477 0.000182285
15 62 1.04922e-05 0.000168985
16 33 -0.000280605 -0.000222687
16 34 0.000608882 -8.13041e-05
16 35 4.75547e-06 -2.34407e-06
16 36 0.000272514 0.000181419
16 37 0.00049445 -0.000129049
16 38 0.000159425 -0.000500976
16 39 0.000301038 -3.24601e-05
16 40 -0.000233751 0.000329366
16 41 0.000666722 0.000214173
16 42 -0.000210306 -0.000183496
16 43 -0.000557093 -0.000141746
16 44 0.000270448 0.000397752
16 45 0.00029742 0.000169011
16 47 7.56948e-05 0.000177281
16 48 9.59832e-06 2.56312e-05
16 65 0.000258248 -0.000193172
17 33 5.66573e-05 -1.43231e-05
17 34 0.000512837 -0.000142846
17 35 -0.000119728 -9.43191e-05
17 36 0.000426788 -0.000430996
17 37 0.000160577 4.63503e-05
17 38 8.6084e-05 -3.57008e-05
17 39 0.000268435 6.26914e-05
17 40 0.00144286 0.000170442
17 41 0.000420817 4.47578e-05
17 42 0.000109545 0.000197499
17 43 -0.000303315 -0.000524069
17 44 0.000447232 0.000361443
17 45 0.000396652 0.000320996
17 54 -0.000150655 0.000327488
17 57 3.20881e-05 7.64283e-05
18 34 -6.58409e-05 -7.27692e-06
18 35 9.85834e-06 0.000312871
18 36 -0.00041732 0.000553517
18 37 0.000497912 -0.000240107
18 38 -0.000193599 0.000404627
18 40 3.1868e-05 1.06149e-05
18 41 -0.000429245 0.00032443
18 42 0.000105537 8.15607e-05
18 43 0.000123866 0.000418725
18 44 -0.000125784 0.000234931
18 45 -0.000138527 -4.51334e-05
18 46 -8.8255e-05 0.000102326
18 49 3.8568e-05 -2.49688e-05
18 53 -0.000466101 2.24477e-05
18 56 4.09303e-05 -5.68637e-05
18 57 -5.80135e-05 5.53375e-05
19 35 -0.000249326 -0.000122669
19 36 0.000160516 5.02578e-05
19 37 -0.000683962 0.00029944
19 38 -4.53337e-05 3.72001e-06
19 39 2.59046e-05 -9.7223e-05
19 40 0.000295081 -7.79133e-06
19 41 -5.14993e-05 9.87321e-05
19 42 -0.000313344 0.000273965
19 43 0.00024154 0.000168746
19 44 0.000560255 -0.000437036
19 45 -3.63519e-05 -1.02217e-05
19 46 0.000305934 -2.53898e-05
19 48 4.42054e-06 4.28966e-07
19 49 0.000161476 -0.000119307
19 64 -2.82093e-05 8.85396e-05
20 33 0.000448181 0.000184604
20 34 0.000231503 0.000263815
20 35 0.000489602 6.73515e-05
20 36 8.40769e-05 0.000432375
20 37 -0.000281242 -0.000421265
20 38 0.000821158 -0.000194644
20 39 0.000562342 0.000292812
20 40 -0.00021187 -0.000143771
20 41 0.000179845 -0.000149527
20 42 -0.000115865 0.000168329
20 43 -2.20818e-05 1.90269e-05
20 44 0.000103999 6.06007e-05
20 46 -0.000132411 -0.000330427
20 49 0.000346845 -0.000116746
20 51 -0.000122359 0.000284832
20 54 7.09502e-06 9.09478e-05
21 34 7.80808e-05 7.23702e-05
21 35 0.000997888 -0.00023397
21 36 0.000716627 -0.000289751
21 37 0.000244012 -0.00018411
21 38 0.000228029 -0.000392082
21 40 9.08782e-07 3.57969e-07
21 41 0.000232475 4.30455e-06
21 42 0.000181172 3.68659e-05
21 43 0.000416012 -2.50366e-05
21 44 0.000426314 0.000123682
21 45 0.000307541 1.54065e-06
21 46 0.000201403 0.000133471
21 47 5.74765e-05 -2.48711e-05
21 48 -1.19814e-05 -1.04628e-05
21 49 7.28885e-05 -4.20413e-05
21 50 -0.000500082 0.000634081
21 51 -0.000418723 -1.22688e-06
21 58 0.000196891 9.28524e-05
22 33 0.000231283 -5.03427e-05
22 34 0.000390065 1.25978e-05
22 35 0.000489478 -0.000125889
22 37 0.000105781 -2.93526e-05
22 38 0.00023479 3.9282e-05
22 39 0.000859989 -0.000269773
22 40 0.000921441 0.00050681
22 41 -0.000766757 -1.10237e-05
22 42 2.67401e-05 3.40151e-05
22 43 0.000449133 -0.00027202
22 44 0.000338234 2.09422e-05
22 48 0.000342173 -0.000191952
22 49 6.78856e-05 8.54015e-05
23 34 0.000148311 -0.000240536
23 35 4.37954e-05 -4.97056e-05
23 36 -0.000759249 1.49597e-05
23 37 0.000710015 -0.000295885
23 39 -8.53127e-05 4.78068e-05
23 40 -0.000671794 -0.000378111
23 42 0.000181465 -0.00015369
23 43 3.25989e-05 -1.27804e-05
23 44 0.00027783 -6.47658e-05
23 46 -0.000563252 0.00054007
23 47 -2.18369e-05 0.000140287
23 48 -3.05305e-05 2.74422e-05
23 52 -0.00025306 0.000392618
23 55 -6.83784e-05 -9.92499e-05
23 61 -6.71623e-05 5.05833e-05
23 64 3.42442e-05 -4.49812e-06
24 33 2.41579e-05 -3.86941e-05
24 34 2.96287e-05 -0.000421472
24 35 0.00031428 0.000268921
24 36 0.000397575 -0.000257464
24 37 0.000216783 0.000390131
24 38 0.000833872 -1.16462e-05
24 40 0.000404629 2.52483e-05
24 41 -9.22542e-05 6.19514e-05
24 42 2.57405e-05 2.01704e-05
24 43 0.000657115 -0.000151681
24 45 0.000330575 0.000374135
24 46 7.47898e-05 -9.74888e-05
24 47 -0.000155687 -0.000229956
24 49 -0.0003206 -0.000104433
24 52 0.000131478 -0.000114676
24 61 0.000193015 6.23726e-06
25 34 0.000355231 -0.00027432
25 35 9.54817e-05 3.97539e-06
25 36 0.00022524 -0.000386256
25 37 -0.000173642 0.000252534
25 38 -0.000396168 0.000217658
25 39 0.000284269 2.16826e-05
25 40 0.000175627 -0.000178211
25 41 0.000160016 0.000204459
25 43 -0.000420629 0.000101903
25 44 0.000840159 -3.73089e-05
25 46 0.000182203 -0.000112538
25 47 0.000480068 -0.000146185
25 48 0.000162931 3.5126e-06
25 49 8.65792e-05 4.93484e-05
25 50 0.000301242 0.000265095
25 53 -0.000290727 0.000123103
25 56 -6.57895e-05 0.000173668
25 58 -0.000364934 -0.000251716
25 66 4.48982e-06 3.82111e-06
26 33 0.000201884 3.1859e-05
26 35 0.000393096 -1.03697e-05
26 37 5.52015e-05 2.37054e-05
26 38 0.000336588 -0.000321916
26 39 0.000320436 0.000146583
26 40 0.000381932 0.000116348
26 41 7.971e-05 0.000218817
26 42 1.30656e-05 5.47818e-05
26 43 -0.000124393 0.000155311
26 44 -0.000109287 -0.00020562
26 45 -0.000142158 9.65008e-05
26 46 -0.000151768 0.000187698
26 48 5.16472e-06 1.83927e-05
27 34 -0.000133786 -0.000153534
27 35 0.000417642 0.000420729
27 36 0.000360621 -9.00024e-05
27 37 -1.25853e-05 -3.82865e-05
27 38 -0.000340093 -0.000173465
27 39 -0.000281844 -8.67714e-05
27 40 0.000194181 0.000570121
27 41 -0.000415322 0.000308051
27 42 0.000399222 -0.000135006
27 43 -0.000159073 -0.000780025
27 45 0.00014479 -0.000158381
27 47 4.58066e-05 0.000498994
27 48 -0.000256466 -0.000242133
27 49 0.000239582 0.000346984
27 50 -0.000408492 0.000230764
27 52 -0.000368667 -0.000203877
28 34 0.000395273 -0.000102244
28 35 0.00015521 -0.00024457
28 36 0.000686608 -0.000286054
28 37 -0.000157572 -0.000173285
28 38 0.000667432 -0.000161407
28 39 0.000545301 0.00034517
28 40 0.000166113 1.50581e-05
28 41 -0.000244001 0.000361546
28 42 8.73215e-05 -0.000202631
28 44 -0.000117047 2.29189e-05
28 45 7.82511e-05 -8.7764e-05
28 46 3.60723e-05 0.000113736
28 48 0.000142558 3.13158e-05
28 49 0.000147166 0.000121925
28 52 2.78715e-05 0.000273509
28 55 0.000258538 0.000269709
28 57 9.3196e-05 0.00023766
28 66 0.000143813 9.12176e-05
29 34 -0.000432451 0.000324446
29 36 -0.000131633 -0.000133603
29 37 -4.78436e-05 0.000260939
29 38 -0.000149496 -0.000404257
29 39 -0.000251041 -0.000132601
29 40 0.00034818 0.000550309
29 41 0.000113929 -2.40715e-05
29 42 0.000229803 7.57968e-05
29 43 -4.9605e-06 0.000170432
29 44 0.000153938 -0.000168378
29 46 -0.000136485 9.13066e-05
29 47 0.00064408 0.000614959
29 50 8.82615e-05 -0.000149218
29 51 0.000295701 -0.000190382
29 55 -0.000101403 0.000312592
29 56 -0.000456453 0.000159689
30 34 -0.000107171 4.55035e-06
30 35 0.000218787 9.31601e-05
30 36 0.000254566 -0.000265681
30 37 -0.000332901 -0.0002348
30 38 8.03361e-05 0.000331102
30 39 -0.000419113 -9.23376e-05
30 40 0.000229339 0.000272516
30 41 1.49672e-05 0.000199103
30 42 7.87412e-05 -1.41893e-05
30 43 -0.000306652 -0.000332459
30 44 0.000189469 1.63986e-05
30 45 -0.000212682 0.000416778
30 46 0.000414184 -5.87254e-06
30 49 -5.02812e-05 -2.81363e-05
30 51 -0.000342526 0.000176493
30 52 -0.000217055 3.90593e-05
30 55 0.000137062 -4.6658e-05
30 56 0.000156626 5.32814e-05
30 58 -4.19142e-05 9.62231e-05
30 60 -3.92268e-05 2.14755e-05
31 35 -1.01134e-07 0.000276834
31 36 0.000166622 -9.39622e-05
31 37 -3.25448e-05 -5.70354e-05
31 38 0.000510352 0.000278501
31 39 0.000265395 -0.000121428
31 40 -1.31827e-06 -0.000152264
31 41 -0.00035699 0.000179896
31 42 -1.67074e-05 -5.64599e-05
31 43 0.00139495 0.000173654
31 45 0.0002394 0.00031226
31 47 2.8114e-05 5.33804e-05
31 49 0.000141848 0.000284328
31 51 2.78123e-06 8.55125e-06
31 52 2.02621e-05 1.08497e-05
31 57 3.05193e-05 7.78531e-05
31 63 -0.000173783 0.000249351
32 35 1.22373e-05 -4.93265e-06
32 36 0.000196738 -6.08615e-05
32 37 0.000683397 -0.000105357
32 38 0.000390874 0.000420649
32 39 0.000489381 0.000252602
32 40 0.000402035 -0.000520563
32 41 0.000223254 -0.00012437
32 42 -0.000382725 -0.000550422
32 43 2.45074e-05 -2.49725e-05
32 44 0.000100307 9.97662e-05
32 48 0.000294441 0.000312333
32 50 9.20285e-05 9.6319e-07
32 53 0.000386619 -0.000158542
32 58 -3.07055e-05 7.37416e-05
33 35 0.000263667 -0.000100183
33 36 0.000185047 -0.000131497
33 37 -0.000419458 0.000234692
33 38 1.48829e-05 -0.000226534
33 39 0.00014264 -0.000159889
33 40 -0.000174251 0.000476965
33 41 0.000225191 2.69458e-06
33 42 -0.000500303 0.00019602
33 43 -0.00029526 -4.80231e-05
33 44 -5.66317e-05 1.38635e-05
33 45 8.51071e-05 0.000119188
33 46 0.000269253 0.000214463
33 47 0.000314027 -0.000221062
33 49 7.3524e-05 9.09315e-05
33 50 0.000539979 -3.93951e-05
33 53 -0.00025459 -0.000195012
33 56 -2.22823e-05 1.40794e-05
33 57 0.000354821 -0.000128385
33 58 3.31441e-05 0.000214853
34 33 4.53903e-05 7.50675e-05
34 35 -0.00033896 -0.000134467
34 36 9.91659e-05 -0.00061099
34 37 0.00020808 0.000336383
34 38 0.000271652 0.000180704
34 40 0.000347642 -9.65007e-06
34 42 0.000380194 -0.000280409
34 43 -0.000341795 1.05325e-05
34 44 0.00016835 2.87712e-05
34 45 -9.78489e-05 0.000356749
34 46 0.000448362 0.000361752
34 47 3.847e-05 -7.78972e-06
34 49 0.000286872 1.48955e-05
34 50 -0.000237271 -0.000332019
34 53 1.98648e-05 8.65396e-06
34 55 0.000237761 0.000260594
35 34 9.31259e-05 -2.36009e-05
35 35 7.45923e-05 1.18678e-05
35 36 0.000214744 -0.000206504
35 37 0.000173022 0.000229501
35 38 0.0005376 -7.96032e-05
35 39 0.000171539 -3.51276e-06
35 40 4.28966e-05 2.5459e-05
35 41 0.000182906 -0.000510663
35 42 -0.000206838 -9.04111e-06
35 43 -0.000202389 -7.73317e-05
35 44 -8.71388e-05 2.82459e-05
35 45 -6.56333e-05 0.000350336
35 46 -0.000250316 -0.000121684
35 47 0.000109892 7.52227e-05
35 49 0.000275655 -6.27627e-06
35 51 0.000244748 -0.000284702
35 57 0.000321689 0.000139952
35 65 0.000142895 3.7839e-05
36 33 0.000108 -0.000298376
36 34 -0.000415416 5.70761e-05
36 35 0.000433603 -0.000137664
36 36 -0.000358968 -0.00024736
36 39 0.000166973 0.000142987
36 40 -5.85671e-05 -4.85612e-05
36 41 3.27133e-05 0.000375484
36 42 0.000350563 -0.00025191
36 43 -6.84725e-05 1.31953e-05
36 44 -0.000149061 0.000348701
36 45 3.91154e-05 8.61247e-05
36 46 0.000200328 0.000316233
36 47 0.000397447 5.94771e-05
36 49 0.000144305 5.42721e-05
36 50 -5.80133e-05 6.35672e-05
36 52 -0.000387278 9.18927e-05
36 54 -0.000337666 -0.000209448
36 61 0.000373994 0.000211923
36 64 4.2849e-05 -0.000330956
37 33 6.53034e-05 -8.54613e-05
37 35 0.00050103 4.39917e-06
37 36 9.39898e-05 -6.42395e-05
37 37 1.59553e-05 -0.000127238
37 38 1.7274e-05 -5.14085e-05
37 39 7.56863e-05 0.000242065
37 40 -0.000151837 -0.000211377
37 41 -4.60365e-05 0.000559495
37 42 0.000216796 0.000121715
37 43 0.000173326 0.000471959
37 44 0.000622033 0.000248835
37 45 0.00115799 6.50254e-05
37 46 -0.000552881 0.000158034
37 47 -0.000307207 4.88372e-05
37 49 7.60902e-05 4.64495e-05
37 50 0.000196176 -0.000160041
37 51 4.85742e-05 0.000106541
37 52 -2.67768e-05 7.0623e-05
37 53 -0.000100768 7.95071e-05
37 54 1.45432e-05 6.43711e-05
37 62 4.96379e-06 3.71501e-06
37 66 0.000231625 -3.59937e-05
38 34 -0.000111466 -0.000145204
38 35 8.08378e-05 -0.000207633
38 36 -0.000241243 0.000260378
38 37 6.67333e-06 0.00022923
38 38 0.00029998 -0.000416784
38 39 0.000375494 0.000129529
38 40 0.000591915 -1.7869e-05
38 41 0.000120799 8.54069e-06
38 42 0.000469437 -2.03441e-05
38 43 0.000534683 1.40783e-05
38 44 0.000217101 0.000147598
38 46 0.000172029 0.000204382
38 47 1.5801e-05 4.3166e-06
38 48 3.20231e-05 3.40923e-05
38 49 0.000494343 7.65198e-05
38 51 0.000121259 -5.44522e-05
38 54 0.000136878 1.17784e-06
38 55 -0.00017496 1.87017e-05
38 65 -0.000402416 -3.40324e-05
39 34 -0.000178173 -0.000141776
39 35 -0.000255524 0.000383917
39 36 0.000405359 7.72632e-05
39 37 0.000371503 9.7764e-06
39 38 0.000602163 -0.00071439
39 39 -0.000347798 0.00016941
39 40 0.000153709 0.000293977
39 41 0.000842356 0.000441637
39 42 0.000451149 0.000138005
39 43 -7.95352e-05 -0.000403467
39 44 -3.67079e-06 7.41016e-05
39 45 -0.000192286 0.000436307
39 46 0.000490799 -0.000376086
39 48 -4.90236e-05 9.61279e-05
39 49 0.000102653 1.73099e-05
39 58 0.000224665 5.99524e-05
39 64 -0.000231971 0.000127276
40 34 0.000482941 -0.000330241
40 35 4.55065e-05 0.000436633
40 36 -0.000405966 -0.000192865
40 37 0.000394683 0.00040448
40 38 1.10286e-05 -2.5159e-05
40 39 0.000292535 -0.000259612
40 40 0.000442164 0.000234334
40 41 0.000535521 5.79144e-05
40 42 0.000382478 6.88359e-05
40 43 0.000252778 -7.42501e-05
40 44 8.07009e-05 6.74173e-05
40 46 -0.000219736 -8.76395e-05
40 49 -0.000102606 -5.65921e-05
40 51 -0.000487064 0.000244595
40 52 0.000396528 0.000258537
40 54 1.91324e-05 5.19134e-05
40 56 -0.000428254 -0.000565731
40 57 9.64354e-05 -5.52985e-05
40 58 -0.000401307 0.000123635
40 62 -3.30855e-05 0.000342001
40 64 -0.000154976 0.000229777
41 33 0.00024847 2.0067e-05
41 34 0.000327971 -3.84104e-05
41 35 1.11768e-05 -4.83916e-05
41 37 0.000450715 0.000179959
41 38 3.09539e-05 -0.000480387
41 39 0.000220224 0.000401928
41 42 0.000388384 0.000170346
41 43 0.000326162 0.000284356
41 44 0.000481391 5.99983e-05
41 45 6.09467e-05 3.83506e-05
41 46 -0.000102146 2.12811e-05
41 49 0.00040017 0.000129792
41 51 6.80969e-05 -3.75549e-06
41 53 0.000422985 0.000224181
41 58 0.000170624 6.04337e-05
42 34 -0.000494239 -0.000385859
42 35 -0.000268035 -0.000254475
42 38 0.000159966 5.93119e-07
42 39 0.000285259 0.000488377
42 40 0.000843837 -1.16992e-05
42 41 -0.000152446 0.000484397
42 42 3.11999e-05 4.781e-05
42 43 0.000252919 8.90792e-05
42 44 -0.000486788 0.000292677
42 45 -0.000461994 4.83337e-05
42 46 -0.000244038 0.000253501
42 47 -0.000123423 -0.000266678
42 48 -7.32225e-05 -4.68276e-05
42 49 -0.000129453 4.5528e-05
42 50 0.000779402 -0.000239029
42 52 0.000353768 7.14585e-05
42 53 -9.40464e-05 -0.000151296
42 56 -0.00019006 -1.65955e-05
42 57 -5.64637e-05 7.14172e-05
43 33 0.000300049 7.57134e-05
43 34 0.000361401 0.000111822
43 35 8.98971e-05 -2.06989e-05
43 36 0.00012654 1.83685e-05
43 37 0.00045852 3.59824e-05
43 39 3.13694e-06 -0.000288066
43 40 0.000437152 -0.000192269
43 41 0.000122921 0.000312808
43 42 0.000160839 0.000125254
43 43 -1.67174e-05 0.000281673
43 45 -0.000659169 -2.08162e-05
43 48 -0.000314967 0.000157928
43 49 3.14721e-05 2.8842e-05
43 51 0.000120615 9.19786e-05
43 52 3.19436e-06 -4.54841e-06
43 55 0.000311659 3.61707e-05
44 35 -0.000187361 0.000141628
44 36 -2.72396e-05 -9.33775e-05
44 37 0.000492518 0.000110502
44 38 0.00112511 -0.000282792
44 39 6.08118e-05 0.000181074
44 40 -0.000206478 -0.000171083
44 42 0.000557523 7.0208e-05
44 43 8.29451e-05 -0.000108308
44 45 4.55594e-05 7.39399e-05
44 48 5.44839e-06 0.000480462
44 50 7.43659e-05 0.000111356
44 54 -0.000196276 0.000132061
44 55 0.000301296 -0.000163729
44 60 -1.85144e-05 0.000340361
45 33 0.000335036 -0.000317936
45 34 8.02556e-05 -7.11613e-05
45 37 0.000568756 -0.000110647
45 38 0.000317041 -0.000190962
45 39 0.000412004 0.000394462
45 40 4.50737e-05 8.96168e-05
45 42 -0.000441585 -3.28863e-05
45 43 0.000463021 0.000513349
45 44 0.000165182 -0.000193554
45 45 0.000153959 7.10471e-05
45 47 -0.000433103 7.28113e-05
45 50 0.000231112 2.10019e-06
45 54 0.000118394 0.000191344
45 55 0.000187093 0.000122656
45 60 -0.000352679 -3.83134e-05
46 34 0.000133759 -0.000134706
46 35 0.000240292 0.000259549
46 36 3.88924e-05 -0.000343511
46 37 -0.000202066 0.000126006
46 38 6.50196e-05 -7.62634e-05
46 39 0.000284926 -0.000306072
46 40 0.000462876 -9.70448e-05
46 41 -0.000102508 6.39439e-05
46 42 0.00024486 -4.73334e-05
46 43 -1.72498e-06 -5.40058e-07
46 44 1.39738e-05 -4.23385e-05
46 45 -4.14903e-05 -1.78546e-05
46 47 -7.99092e-05 0.000110845
46 48 -0.000203026 -4.95409e-05
46 50 0.000575062 0.000265502
46 51 0.000158141 0.000123253
46 56 6.55702e-05 -0.000140563
46 57 1.62717e-05 -5.50942e-06
46 60 5.28703e-05 0.000227569
46 63 -0.000118928 -2.58151e-05
47 33 -0.000144721 -0.000382106
47 35 -0.00035597 -0.000402213
47 36 0.000236044 -9.55541e-05
47 37 5.48358e-05 -7.56368e-06
47 38 0.000297711 5.62317e-05
47 39 -0.000108147 -0.000104653
47 41 6.54673e-05 -3.86557e-05
47 43 0.000175478 0.000176032
47 44 -0.000299546 -1.28655e-05
47 46 -0.000849826 0.000291314
47 47 0.000560651 -0.00015953
47 48 5.03589e-05 4.15801e-05
47 49 -0.000377172 5.85387e-05
47 50 0.000198707 3.18406e-05
47 51 0.000239832 9.29167e-05
47 52 0.000208475 0.000154051
47 53 0.000305173 -0.000121016
48 34 0.000238429 -7.64928e-05
48 36 0.000283746 -0.000324968
48 37 -0.000215635 0.000362424
48 38 0.000105221 -0.000552917
48 40 -0.000122551 0.00039573
48 41 0.000229571 0.000164308
48 42 0.000206408 0.000290777
48 43 -0.000320137 -0.000417878
48 45 2.49366e-05 -0.000171485
48 46 -5.24925e-05 8.99673e-05
48 47 0.000113521 -7.11746e-05
48 61 6.04594e-06 1.46861e-05
49 34 9.69234e-06 -1.77776e-05
49 35 0.000825899 0.000345681
49 36 0.000479709 -0.000321314
49 37 2.1652e-05 -1.55656e-05
49 38 0.000243603 -0.000333255
49 39 -2.30335e-05 -0.000242617
49 40 0.000164416 8.74473e-05
49 41 -0.000155043 -0.000327445
49 43 -0.000512407 2.00288e-05
49 44 0.000226863 0.000412332
49 45 0.00023031 -0.000332053
49 46 -0.000271546 0.000135394
49 47 -3.54788e-05 2.57314e-05
49 48 1.45643e-05 1.00636e-05
49 49 0.000391105 -7.06187e-05
49 57 -9.05304e-05 3.59742e-05
49 62 0.000320493 0.000109704
50 34 0.000658844 0.000303829
50 35 0.000325993 -0.000238294
50 36 0.000212306 -0.000165627
50 37 -0.000145397 -0.00044929
50 38 0.00153792 -0.000164019
50 39 -0.000163819 -0.000516252
50 41 0.000127544 4.88192e-05
50 42 0.000220056 0.000103428
50 43 9.75852e-05 -4.82238e-05
50 45 0.000451344 0.000360167
50 46 9.99177e-06 0.0002315
50 48 -7.22956e-05 6.22586e-05
50 51 -0.000238394 0.00017091
50 52 -5.77653e-05 5.6545e-05
50 55 -0.000258452 0.000204922
50 57 0.000182421 0.000171903
50 60 -0.000375891 0.000127073
51 33 -0.000219979 -0.000148197
51 34 1.48991e-05 1.49645e-05
51 35 0.000340394 -0.000197564
51 36 0.000266005 -0.000200571
51 38 -0.00047859 -0.000333769
51 39 0.000798831 0.000135433
51 40 0.000156853 -0.000410242
51 41 -3.22898e-05 0.000351166
51 42 -0.000264367 6.32217e-05
51 43 0.000112218 0.00020407
51 45 -5.29962e-05 1.98342e-05
51 46 0.00038447 -0.000241024
51 47 0.000151139 9.65106e-06
51 50 3.49681e-05 8.05422e-05
51 51 0.0002375 0.000299219
51 55 0.000362146 7.06075e-05
51 60 0.000213486 -0.000109702
51 61 -0.000117688 -0.000427064
52 35 0.000582076 -0.000624926
52 36 -0.000164597 -2.54128e-05
52 37 0.000305278 -0.000213049
52 38 1.9523e-05 -2.60911e-06
52 39 5.44586e-05 -2.17114e-05
52 40 0.000107002 3.06347e-05
52 41 0.000119519 -4.78822e-05
52 42 -0.000239612 -0.000425057
52 43 0.000173786 0.000154227
52 45 0.00012395 0.000772981
52 47 -5.28167e-07 -5.91146e-07
52 48 0.000549617 5.02783e-05
52 50 -0.000389174 0.000212695
52 52 -0.000235401 0.000253453
52 54 8.11948e-05 -2.20772e-05
52 55 0.000121615 0.000421649
52 58 -0.000133175 0.000387211
52 59 -0.000383173 0.000273401
53 34 0.000107562 -2.26794e-05
53 35 -1.72014e-07 3.90494e-05
53 36 0.000378523 -0.000217754
53 37 0.000147878 -9.7985e-05
53 38 -0.000259099 -9.3732e-05
53 40 8.27195e-05 -0.000108647
53 41 0.000138664 -5.67268e-05
53 42 -8.90383e-07 2.55854e-06
53 44 -6.75277e-05 5.25806e-05
53 45 -0.000188791 7.78578e-05
53 47 -0.000333442 0.000160238
53 49 -0.000173412 0.000154778
53 50 7.29678e-06 0.000192222
53 51 0.000235414 0.000168569
53 54 0.000256453 0.00022192
53 55 2.04459e-06 -7.91269e-07
53 57 -0.0004417 -4.44923e-05
53 61 -3.38611e-05 0.000263358
54 34 0.000499131 0.000100881
54 35 -0.000349261 -0.000585336
54 36 -0.000153387 -2.12741e-05
54 37 4.93211e-05 1.66265e-05
54 38 0.000106979 0.000318382
54 39 -0.00035416 0.000104597
54 40 0.000341666 -2.58558e-05
54 42 0.00109229 0.000266871
54 44 -0.000379898 0.000136162
54 45 0.000156199 -4.38013e-05
54 47 0.000302731 0.000110214
54 48 0.000126039 2.31659e-05
54 49 0.000321164 0.000173658
54 50 -0.000943632 -9.38041e-05
54 52 -1.88432e-06 4.19129e-07
54 55 -0.00012969 0.000198636
54 56 0.000144406 9.09513e-05
54 62 -0.000372155 -0.000284726
54 64 -0.000198724 0.000148635
55 33 -0.000114069 0.000275886
55 34 -0.000411076 -0.000326049
55 38 0.000494016 0.000357865
55 39 0.000218207 3.52625e-05
55 40 0.000248375 -0.000194134
55 41 0.000140995 6.99175e-05
55 44 5.88868e-05 -9.37947e-06
55 45 0.000306078 6.18131e-05
55 46 5.26974e-05 -8.78705e-05
55 50 -0.000244068 0.000199373
55 52 2.99689e-05 8.74765e-05
55 56 -4.66647e-05 0.000110215
55 57 0.000269446 0.000350798
55 58 0.000366286 0.000385774
55 61 -0.000376867 0.00012055
56 33 -0.000228735 -0.000149735
56 34 7.99505e-05 0.000397086
56 35 2.10202e-05 -0.000346981
56 36 0.00032863 8.80138e-05
56 37 0.000121173 -3.94067e-05
56 40 -0.000112173 0.000211357
56 42 6.74643e-05 -0.000161367
56 43 7.41053e-05 0.000412327
56 46 -0.000135174 -0.000221835
56 47 9.84218e-05 0.000356211
56 48 0.000273304 0.000283709
56 49 0.000283019 0.000137005
56 50 0.000179334 0.000282425
56 51 0.000133576 -9.38133e-05
56 58 1.19423e-05 1.88082e-06
56 59 4.68389e-05 -4.48054e-05
57 35 0.000167022 7.51006e-05
57 37 0.000290577 0.000383262
57 39 1.05865e-05 1.32378e-05
57 40 0.000313158 8.70646e-05
57 41 0.000486396 -0.000124336
57 43 0.000706519 -6.20861e-05
57 44 0.000329496 0.000477272
57 45 0.000430298 2.48449e-05
57 49 -0.000222588 -3.61415e-05
57 50 -0.000164799 0.000545999
57 51 -0.000125815 -0.000227624
57 54 4.50581e-05 5.17002e-05
57 56 0.000176781 -0.000435676
58 34 0.00040781 7.13543e-05
58 35 -0.000356653 0.000137747
58 37 9.43538e-05 3.65336e-05
58 38 0.000169045 -0.000150477
58 40 0.000157452 1.35783e-05
58 41 7.22169e-06 1.11358e-05
58 42 5.36241e-06 -1.80263e-06
58 43 -5.13846e-05 2.0918e-05
58 44 -0.000458474 0.000168115
58 47 0.000119928 9.66521e-05
58 48 0.000598555 -0.000271754
58 50 -0.000151474 -3.49428e-05
58 52 -0.000119776 8.62617e-05
58 53 -4.02029e-05 0.000173503
58 56 -8.32565e-05 0.000135026
58 58 -8.92575e-05 -1.86215e-05
59 33 -0.000184331 0.000340998
59 35 0.000137051 -0.000252291
59 36 0.000460293 -3.66887e-05
59 37 0.000235006 -0.000166349
59 39 0.000630208 0.000374738
59 40 3.61707e-05 -0.000195955
59 41 4.38087e-05 -0.000193012
59 43 -7.20962e-05 -6.58933e-05
59 44 4.1556e-05 -4.57837e-05
59 46 -0.000115413 -0.000327985
59 47 -4.02731e-05 -3.19222e-05
59 48 0.000300039 0.000143485
59 49 -0.000351836 5.41331e-05
59 52 -0.000117544 0.000418001
59 54 6.97467e-05 -0.000356116
59 56 4.87727e-05 7.286e-05
59 65 -0.000175477 4.79328e-05
60 34 1.01631e-05 -5.6297e-06
60 35 0.000205235 -0.00031587
60 36 0.000534118 -0.000391161
60 39 0.000463003 3.24622e-05
60 41 0.000269162 0.000241749
60 42 0.000108123 -0.000342548
60 43 0.00016938 1.34404e-05
60 44 -0.00034824 -2.06232e-05
60 45 0.000681858 3.78471e-05
60 46 0.000326289 -0.000159794
60 49 1.00263e-05 -6.43342e-06
60 50 0.000263852 -0.000154143
60 51 -0.000234864 0.000917568
61 33 2.16528e-05 -5.27064e-06
61 35 7.89665e-05 5.1632e-05
61 37 -0.000280551 -0.000107766
61 38 9.6435e-05 -3.12445e-05
61 39 -6.39163e-05 0.000135823
61 40 -0.000307425 0.000271606
61 41 0.000818745 -5.57055e-05
61 42 7.98885e-05 -8.20913e-05
61 43 0.000600406 0.000311494
61 44 2.48626e-05 -1.25563e-05
61 45 0.000122642 -8.50402e-06
61 46 0.000484976 0.000656824
61 48 0.000634303 -4.62048e-05
61 51 -0.000184104 0.000127952
61 54 0.000292865 5.15654e-05
61 56 -1.53004e-05 8.87836e-05
61 65 -0.000228723 0.000177324
61 66 0.000317137 -0.000218808
62 34 0.000109256 -5.00731e-05
62 39 -0.00026642 -0.00021387
62 40 7.08021e-05 -9.18511e-05
62 41 0.000193721 -9.99883e-05
62 47 0.00040947 0.000104212
62 48 0.000398975 -0.000143479
62 49 0.000319945 0.000166929
62 50 -0.000355982 0.000190831
62 53 8.48351e-05 -8.42626e-05
62 56 -8.97078e-05 0.000229468
62 58 3.73063e-05 2.03573e-05
63 34 0.000110237 -8.47611e-05
63 35 5.18503e-05 -9.61472e-05
63 36 0.00038379 0.000127386
63 38 0.000142073 0.000131451
63 39 0.000222455 1.5271e-05
63 40 -6.96467e-06 -1.17338e-06
63 41 0.000394763 0.000217912
63 42 0.0006395 0.000482795
63 43 0.000104079 -7.42663e-06
63 44 9.02482e-05 0.000299794
63 45 0.000570585 -0.000643545
63 48 -0.000244317 1.80465e-05
63 49 0.000463829 -0.000309841
63 51 -5.35888e-05 -7.02136e-05
63 52 -3.76678e-05 0.000130149
63 55 0.000295339 0.000135531
64 35 0.000118639 -0.000397799
64 38 0.000521838 9.71248e-05
64 39 3.57291e-05 6.78854e-05
64 40 0.000417486 -0.000127627
64 42 0.000262168 1.53948e-05
64 44 0.000118988 3.6803e-05
64 45 0.000275862 1.15262e-05
64 46 0.000167366 0.000111541
64 48 0.000289658 5.3686e-05
64 50 -0.000293687 -0.000177597
64 53 5.51096e-05 7.70012e-05
64 55 0.000337314 -0.000209139
64 56 0.000254757 9.59269e-05
64 64 0.000311858 0.000151177
65 35 0.000286928 -0.000127384
65 36 0.00040209 -0.000139744
65 37 -6.53939e-05 -0.000111295
65 38 0.000269806 1.91414e-05
65 39 -0.000369278 -6.38518e-05
65 40 0.000791098 -0.000356359
65 41 0.000101819 0.000193808
65 42 -0.000146547 -0.000196598
65 44 -0.000446006 -7.64854e-05
65 47 0.000218765 -0.000239781
65 49 0.000488391 -6.04709e-05
65 56 0.000189541 4.69479e-05
65 62 0.000143942 0.000109285
66 34 0.000397283 8.04274e-05
66 35 0.000241544 -7.63548e-05
66 38 0.000157475 6.72192e-05
66 39 4.12508e-05 -2.60762e-05
66 41 1.04423e-05 5.11759e-05
66 42 -7.30878e-05 0.000223871
66 45 5.2506e-05 6.09447e-05
66 47 -0.000460352 0.000170293
66 49 9.2348e-05 0.00013536
66 55 0.000191005 0.000381616
