0 34 0.000120068 -5.3804e-05
0 42 -0.000187091 2.49614e-05
0 45 3.72885e-05 -3.77805e-05
1 36 -4.67606e-05 1.01353e-07
1 37 -0.000489032 -4.82394e-05
1 38 -4.87941e-06 0.00017521
1 40 0.000331138 -0.000354346
1 43 -0.000339658 -0.000217987
1 47 1.2222e-05 2.21409e-05
1 48 -5.40658e-05 0.000407706
1 50 -0.000254559 0.000139004
1 52 -0.000160208 -2.33642e-05
2 34 3.66403e-05 -3.46818e-05
2 35 3.69128e-05 9.04363e-05
2 36 -0.000150277 9.08564e-05
2 37 -0.000103036 3.16593e-05
2 38 0.000124344 0.000180949
2 39 -0.000206933 0.000138748
2 41 0.000135434 -4.42534e-05
2 42 0.000342104 8.2522e-05
2 43 -0.000122875 0.000543285
2 44 0.000287129 -0.000158296
2 45 0.000138093 0.000452243
2 47 -0.000147463 0.000122688
2 49 0.000334248 -0.000272551
2 50 -0.000338154 5.33744e-06
2 63 3.65771e-07 5.78647e-06
2 65 7.60346e-05 -9.23634e-05
3 34 6.30017e-05 9.04298e-05
3 35 -0.000201572 -2.41364e-05
3 36 -5.29675e-05 6.4855e-05
3 37 0.000286128 0.000286965
3 39 -0.000291425 -7.16911e-05
3 40 0.000239126 -8.8996e-05
3 41 -0.000477757 0.000365701
3 42 4.82356e-05 -0.000119751
3 43 0.00010642 2.32614e-05
3 44 -0.000811019 0.00031741
3 45 0.000265466 9.78866e-05
3 47 0.000879996 0.000617435
3 48 0.00024035 0.000178495
3 49 0.000154119 -6.05641e-05
3 50 0.000180467 1.60026e-05
3 54 0.000384251 0.000146927
3 55 0.000359015 2.29438e-05
4 35 -0.000154926 -0.000372326
4 36 0.000134054 -6.711e-06
4 37 3.85835e-05 -9.76923e-05
4 38 0.000534837 0.000175463
4 39 0.000603332 0.000311501
4 40 -0.000140586 -0.000230958
4 41 0.000110985 -0.000148091
4 42 0.00062394 -0.000675933
4 43 3.71187e-05 4.82186e-05
4 44 1.16425e-05 6.27613e-06
4 45 0.000225529 -5.27929e-05
4 46 -0.000358641 0.000268759
4 47 0.000142949 3.0561e-05
4 48 0.000350319 -0.000208493
4 49 0.000322067 -0.000139387
4 51 -0.000440896 -0.000279041
4 52 -1.76738e-05 0.000468976
4 53 -0.000275281 0.000136177
4 56 0.000264313 9.97088e-05
4 57 0.000460661 -0.00017285
4 58 -0.000164906 -0.000280496
4 59 -7.63411e-05 3.26368e-05
4 61 -0.000450081 4.43409e-05
5 34 0.000143648 0.000343288
5 35 -0.00036977 -0.000247913
5 36 0.000322862 0.00012575
5 37 -1.89083e-05 1.71222e-05
5 38 8.96237e-05 -2.97339e-06
5 39 -0.000388882 -0.000171234
5 41 0.000207099 -2.73521e-05
5 42 0.000186764 -0.000168447
5 43 -0.000122845 0.000188179
5 44 -3.65874e-05 0.000108591
5 45 -7.90158e-05 0.000259303
5 46 0.000325794 0.000211736
5 47 -9.25813e-05 -0.000376844
5 50 0.000304547 0.000176951
5 51 0.000107392 5.60372e-05
5 52 0.00069218 0.000138773
5 53 -0.000474914 -0.000276384
5 54 0.00025742 -0.000138966
6 34 4.34739e-05 0.000398112
6 35 -0.000520709 0.000324234
6 36 0.000371843 0.000363549
6 37 0.00041946 0.000432696
6 38 0.000584705 -4.11866e-05
6 39 0.00046114 0.000127311
6 40 0.000300117 -0.000326178
6 41 8.1576e-05 3.53617e-05
6 42 0.00104909 -0.00046632
6 43 -3.07955e-05 0.000325833
6 47 -0.000426453 -0.00016576
6 48 0.00013396 -6.9851e-05
6 49 -0.000551352 0.000285805
6 51 -0.00019479 8.22523e-05
6 52 0.00010506 -3.76012e-05
6 54 0.000130845 0.000142751
6 55 4.20245e-06 -7.78457e-06
6 56 -6.46064e-05 -1.59352e-05
6 59 -6.55448e-05 0.000436854
6 60 4.28766e-05 0.0002041
7 33 6.74791e-05 -2.91219e-05
7 34 0.000796626 3.86147e-05
7 35 -0.000232259 0.000262611
7 36 0.000134227 0.000267453
7 37 -0.000333157 0.000176904
7 38 -0.000207492 0.000215958
7 39 0.000203535 9.88712e-05
7 40 -0.000102851 0.000483973
7 41 -0.000624509 0.000232802
7 42 2.80442e-05 -0.000377193
7 43 -6.85302e-05 -1.47401e-05
7 44 -0.000200926 0.000736162
7 45 0.000360298 0.000342321
7 46 -0.000470191 0.00031315
7 47 0.000473037 -5.06823e-05
7 48 0.000448014 0.000136941
7 49 8.66528e-05 0.00011319
7 50 -0.000190564 -9.56531e-05
7 51 0.000157037 8.9528e-05
7 53 0.000397614 0.000153808
7 54 0.000134134 0.000104787
7 58 -1.5726e-05 0.000241444
8 33 -0.000616939 2.13127e-05
8 34 0.00068192 -0.000278658
8 35 -0.000279235 -0.000281174
8 36 0.00066461 -6.68465e-05
8 37 -1.53603e-05 -4.00738e-06
8 38 8.96711e-05 0.000758929
8 39 0.000429533 0.000390407
8 40 0.000569181 -0.000107626
8 41 -6.54243e-05 -6.68581e-06
8 42 -7.24076e-05 -0.000108576
8 43 0.000407462 0.000223012
8 44 -0.000280804 -0.000505361
8 45 -0.000238346 -0.00010755
8 46 0.000357224 -1.3523e-06
8 47 -0.000199123 -0.0003562
8 48 -0.000367149 -7.43022e-05
8 49 -0.000746781 4.01546e-06
8 50 7.00033e-05 -0.000290581
8 51 0.000578528 2.10543e-05
8 52 0.000123209 0.00015464
8 53 -3.97805e-05 0.000328871
8 54 -0.000219776 -0.000147361
8 55 0.000179534 -4.68371e-05
8 59 -0.000132733 0.000340584
8 60 -7.27662e-05 0.000268682
8 62 0.000259756 -9.82846e-05
9 33 0.000156633 4.32612e-05
9 34 1.19598e-05 -0.000161566
9 35 6.21146e-05 9.11509e-05
9 36 0.000304841 -0.000159423
9 37 0.000528817 -0.000178125
9 38 0.000195922 -0.000388105
9 39 -1.99341e-06 0.000155072
9 40 -0.000476241 0.000161527
9 41 0.000484042 -2.68808e-05
9 42 -0.00103048 0.000202728
9 43 0.00104973 0.000652366
9 44 -6.06623e-05 0.000166973
9 45 0.000480962 0.00030109
9 46 -5.67306e-07 0.000324457
9 47 -0.000131161 -0.00020562
9 48 0.000220157 -0.000196282
9 49 0.000302766 0.000102314
9 50 7.25037e-05 -4.04559e-05
9 51 -0.00032957 0.000519566
9 52 0.000131419 0.000204236
9 53 0.00058193 0.000100166
9 54 9.34187e-05 0.00020906
9 55 0.000257875 -0.000354934
9 56 0.000146828 -0.000242778
9 57 -0.00060548 0.000163287
9 63 5.28458e-05 3.44768e-05
10 34 0.000398087 -6.28202e-05
10 36 8.34047e-05 3.83774e-05
10 37 -0.000195831 -0.000207242
10 38 8.98698e-05 8.04915e-05
10 39 -0.000312562 -7.84646e-05
10 40 6.41789e-05 1.6578e-05
10 41 0.000465141 1.50843e-05
10 42 0.000283482 -0.000203296
10 43 0.000255522 0.000161121
10 44 -0.00028845 3.66292e-05
10 45 0.000431708 -0.00011673
10 46 1.00213e-05 2.45551e-05
10 47 -0.000663097 0.000133619
10 48 0.0001257 -6.92871e-05
10 49 0.000807067 -0.000116364
10 51 -0.0001008 0.000241742
10 52 0.000210467 0.0002675
10 53 0.000384781 -2.20298e-05
10 54 -6.34475e-05 5.0312e-06
10 56 0.000490845 0.000143288
11 33 0.000205919 -1.03347e-06
11 34 0.000131112 9.73947e-05
11 35 -0.000380495 -0.000516593
11 36 0.000309669 0.000363121
11 37 6.82972e-05 -0.000104972
11 38 0.00023585 0.000412654
11 39 0.000253443 0.000114756
11 40 0.000173707 -0.000359741
11 41 0.000638737 -0.000257226
11 42 1.74893e-06 2.30659e-06
11 43 -0.000193519 7.83732e-05
11 44 0.000484595 -0.000167647
11 46 -0.000350854 0.000195195
11 47 9.46063e-05 0.00055747
11 48 0.000553788 -0.000295838
11 49 -8.43559e-05 2.6464e-05
11 50 -0.000199099 0.00010312
11 52 0.00106766 0.000192817
11 53 0.000378448 0.00080328
11 54 -5.49496e-05 2.14149e-05
11 57 7.62483e-05 0.000132739
11 60 4.58988e-05 -0.000404433
11 62 -0.000169821 1.37822e-05
12 34 0.00019034 -0.000289739
12 35 -0.000268494 -0.00030691
12 36 0.000291857 0.000188433
12 37 9.68907e-05 -0.000192558
12 38 0.000122509 -0.000553671
12 39 0.000124361 0.000649423
12 40 2.33909e-06 7.965e-06
12 41 -1.62267e-05 4.27432e-05
12 42 0.000196218 -0.000369315
12 43 -0.000163095 -0.000397715
12 44 0.000132102 1.08927e-05
12 45 -6.23523e-05 0.000606047
12 46 0.00013718 -0.000151008
12 47 0.000306064 -0.000269141
12 48 0.000470602 -8.25019e-05
12 49 0.000572157 0.000420253
12 50 0.000205133 9.99625e-05
12 51 -0.000473282 -0.000150974
12 52 0.000422107 7.18029e-05
12 53 0.000142668 3.08614e-05
12 54 -8.19856e-05 -0.000363227
12 56 -5.52637e-05 -0.00013867
12 57 0.000178254 -0.000106563
12 58 -0.000210068 0.000441393
12 59 0.000165032 1.05323e-05
12 60 0.000247094 -5.58596e-05
12 61 1.49547e-06 4.92487e-06
12 62 -0.000435368 -2.40393e-05
12 65 0.000112375 0.000100265
13 34 0.000289945 6.505e-05
13 35 -0.000481738 -9.47243e-05
13 36 0.000271818 -3.93397e-06
13 37 0.000854579 -9.58136e-05
13 38 8.89245e-06 7.27845e-05
13 40 0.000448537 -0.000325733
13 41 0.000211084 0.000170592
13 42 0.000613912 7.36306e-05
13 43 0.000540867 -0.000637665
13 44 0.000365919 0.000103385
13 45 -6.8639e-05 -0.000168422
13 46 0.000101854 -0.000126094
13 47 -0.000240974 0.000227404
13 48 0.000307607 -1.33236e-05
13 49 -0.000437292 0.00015685
13 50 0.000236819 6.36622e-05
13 51 -0.000261675 0.000318232
13 52 9.55253e-05 1.07141e-05
13 53 -0.000443725 -0.000134201
13 54 -7.11321e-05 9.62303e-05
13 55 0.000421221 9.91599e-05
13 56 0.000274953 0.000397951
13 59 -0.000242176 0.000538571
13 62 2.52427e-05 3.44798e-06
14 33 -0.000150319 -0.000317934
14 34 9.84503e-05 -7.13158e-05
14 35 0.000306545 -0.000263278
14 36 0.000103961 -2.51427e-05
14 37 -0.000435768 -0.000253367
14 38 -7.31842e-05 -0.000110371
14 39 -0.000210415 -6.28484e-06
14 40 0.000411261 -0.000979537
14 41 2.91124e-05 -0.000304777
14 42 0.000215519 -0.000134028
14 43 0.000175547 0.000593051
14 44 -8.02407e-05 0.000933834
14 45 0.00014017 0.000584438
14 46 0.000103287 2.59032e-05
14 47 0.00046259 0.000244503
14 48 0.000751441 -0.000625206
14 49 -6.0806e-05 -0.000152872
14 50 0.00113807 0.00011927
14 51 -0.000170074 -1.72696e-05
14 52 0.000242422 0.000129493
14 53 0.000261691 -0.000199128
14 54 0.00012695 0.000105453
14 55 -5.07142e-05 -0.000289201
14 56 -0.000356893 -0.000254733
14 57 -0.000274459 -3.80388e-05
14 58 0.000621632 0.000281391
14 59 0.000417428 -0.000123445
14 65 -4.99184e-05 3.2193e-05
15 33 0.000329024 2.53103e-05
15 34 0.000596605 -0.000150676
15 35 0.000165901 -0.000102129
15 37 0.000113513 -5.7916e-05
15 38 -0.000780381 0.000288026
15 39 0.000686796 3.23298e-05
15 40 0.000113518 0.000727127
15 41 3.7702e-05 1.63221e-05
15 42 0.000596396 -1.61339e-05
15 43 -0.000144335 -0.000276298
15 44 -0.000431027 -9.96074e-05
15 46 -0.000387379 0.000322174
15 47 0.000130865 3.69194e-05
15 48 -0.000168317 4.91323e-05
15 49 0.000429418 0.000145382
15 51 3.22223e-05 -2.91931e-05
15 52 -6.62832e-05 0.000457549
15 53 9.59161e-05 -1.76438e-06
15 54 0.000520951 3.51661e-05
15 55 -0.000115367 -5.97246e-05
15 56 -7.18993e-05 0.000164939
15 63 5.15025e-05 -7.74772e-05
16 33 0.000218079 -0.000143985
16 35 -4.39091e-06 6.82888e-05
16 36 -0.000400216 -0.000175941
16 37 -0.000404483 -0.000807369
16 39 0.000123352 -0.000191768
16 40 0.00054589 1.66641e-05
16 41 0.000952206 0.000137755
16 43 0.000297006 -0.000105258
16 44 -0.000343466 -0.000194453
16 45 -5.5909e-05 0.000525987
16 46 0.000558097 0.000130395
16 47 0.00014875 -2.40077e-05
16 48 0.000127872 -0.000273853
16 49 0.00022223 -0.000254778
16 50 0.000390292 -0.000192825
16 52 0.000420581 -0.000118031
16 53 -0.000321146 7.02841e-05
16 54 -0.00029197 -7.27624e-05
16 55 -0.000231935 0.00032941
16 56 0.000350934 -5.70117e-05
16 57 -0.000175793 -0.000431972
16 58 -6.00699e-05 5.69305e-05
16 60 0.000212462 -4.72567e-05
16 61 0.00052779 0.000314269
17 33 0.000326443 -1.59137e-05
17 34 0.000667374 -0.000375123
17 35 0.000101531 7.84242e-05
17 36 0.000302472 0.000223407
17 37 0.000261427 0.000429456
17 38 0.000176939 -0.000467151
17 39 -5.62798e-05 -0.000240865
17 40 -0.000220103 0.00015353
17 41 6.04633e-05 0.000131239
17 42 -0.000921884 3.03859e-05
17 43 0.000479041 0.000128052
17 44 0.000191961 0.000862492
17 45 -0.000804414 -0.000296277
17 46 3.82185e-05 0.000286
17 47 -9.16424e-05 0.000290527
17 48 -0.000185544 -0.000437568
17 49 0.000337317 0.000987872
17 50 0.000497464 8.10929e-06
17 51 0.000407903 3.98759e-05
17 52 0.000249046 0.000157884
17 53 6.75558e-05 0.00012175
17 55 -0.000383721 -0.000102377
17 58 0.000195481 0.00025574
18 33 0.000130194 -4.20164e-05
18 35 0.000206219 -0.000336735
18 36 0.000405834 3.9438e-05
18 37 0.000467774 0.000560814
18 38 0.000112695 -9.21722e-05
18 39 -4.12986e-06 0.000137138
18 40 -0.000392978 -0.000234584
18 41 0.00152474 -0.000487228
18 42 1.43123e-05 -1.56025e-05
18 43 0.000633605 0.000525285
18 44 0.000246475 -6.42128e-05
18 45 0.000179496 -5.68359e-05
18 46 -8.10547e-05 0.000201161
18 47 0.000190846 -0.000220367
18 48 -0.000186509 7.214e-06
18 49 0.000185665 -7.32509e-05
18 50 -8.88637e-05 7.83599e-05
18 51 -0.000212167 0.000395085
18 52 -0.00013425 2.20234e-05
18 53 0.00036611 0.000447882
18 54 -0.000689991 0.000113959
18 55 -0.000304766 0.000202451
18 56 -0.00031257 0.000197795
18 61 -0.000330011 -2.97202e-05
19 33 0.000302999 -5.99637e-05
19 37 0.000326185 0.000463595
19 38 0.000184988 0.000613011
19 39 0.000300569 0.000313357
19 40 0.000432201 -9.58478e-05
19 41 -0.000275815 -0.000128138
19 42 0.000922471 -0.000406742
19 43 -5.53188e-05 -4.71761e-05
19 44 -0.000626762 -0.00078112
19 45 0.00020797 0.000232937
19 46 0.000643132 0.000247211
19 47 0.000212314 -0.000266607
19 48 0.000529029 -0.000189032
19 49 6.75476e-06 0.000244651
19 50 0.00086382 -8.61532e-06
19 51 0.000154608 -0.000132122
19 52 0.000337024 -0.000260115
19 53 0.000280647 -0.000142774
19 54 -0.000226241 -9.78584e-05
19 56 -0.000428159 0.000490418
19 57 0.000367462 -1.94618e-05
19 58 0.000492885 1.64181e-05
19 63 4.68502e-05 8.2375e-05
20 33 0.000233106 -2.94546e-05
20 36 0.000373773 -0.000174261
20 38 -0.000117083 5.73635e-05
20 39 0.00116439 0.00045679
20 40 0.000419751 -0.000140711
20 41 0.000206887 1.47414e-05
20 42 0.000606325 0.00074401
20 43 -0.00058095 0.000328643
20 44 -3.42351e-06 -0.00020606
20 45 0.000300207 -1.21139e-05
20 47 0.000223735 0.000569884
20 48 0.000305915 0.000356753
20 49 0.000173522 9.84594e-05
20 51 0.000372167 0.000281029
20 52 0.000322417 -0.000307498
20 53 0.000322963 -0.000226268
20 54 0.000768511 0.000328158
20 55 -0.000381382 -0.000178258
20 57 0.00017445 9.2075e-05
20 58 -0.000272355 -7.70879e-05
20 60 -5.18405e-05 -3.98211e-05
21 33 0.000646448 -0.000255338
21 35 9.78518e-05 4.78142e-05
21 36 0.000138169 -0.000125028
21 37 0.000130642 0.00011792
21 38 0.000587889 -0.000114344
21 39 3.53534e-05 -0.000637776
21 40 0.000208628 -0.000294728
21 42 0.0002057 7.49069e-05
21 43 0.000242288 -0.000450767
21 44 -4.72817e-05 0.000273202
21 45 -0.000672258 -0.000282539
21 46 0.001087 -0.000197812
21 47 0.000536307 -5.89463e-05
21 48 0.000132577 0.000550187
21 49 -0.000374549 -0.000324026
21 50 -6.51404e-05 1.68908e-05
21 51 0.000551898 0.000303516
21 52 -0.000371064 -0.000247618
21 53 0.000123726 0.000165427
21 54 -0.000254623 2.39523e-05
21 55 0.000188168 -0.000227986
21 56 -0.000205676 0.000283475
21 57 0.000369971 5.56189e-05
21 59 0.000314337 1.78284e-05
21 60 0.000338544 0.000329971
21 62 0.000120571 0.000167787
21 65 -2.27904e-05 4.83272e-05
22 33 0.000238605 -5.64571e-05
22 34 0.000126905 8.84992e-05
22 36 0.000654674 -0.000312051
22 37 2.98738e-05 -0.000116979
22 38 0.000665951 0.000192766
22 39 0.00012395 -0.000289383
22 40 0.00125608 -0.000101185
22 41 0.000558181 0.000330374
22 42 0.000724552 -0.00023422
22 43 0.000353224 -0.000246949
22 44 -5.67525e-05 -0.00033253
22 45 -0.000230077 0.000175916
22 46 -1.79912e-05 0.000542778
22 47 0.000144151 0.000143263
22 48 0.00116273 -0.000130429
22 49 -0.000423541 -0.000170927
22 50 0.000164019 -0.000307724
22 51 0.000383554 0.00101588
22 52 0.000126291 6.75338e-05
22 53 0.000414061 0.00048483
22 54 0.000457259 3.3109e-05
22 56 -0.000378438 0.000266867
22 57 -0.000349636 0.000612634
22 58 -0.000103211 8.69937e-06
22 59 -0.000318604 0.000258315
22 60 0.00015493 0.000133036
22 61 4.90235e-05 2.34997e-05
22 62 4.03567e-05 -0.000161537
23 33 0.000106245 -6.03305e-05
23 35 0.00111794 0.00049653
23 36 0.000422993 1.14157e-05
23 37 0.000276115 -0.000287431
23 38 4.86006e-06 4.04636e-05
23 39 0.000988678 0.000208139
23 40 8.14037e-05 -2.2586e-05
23 41 6.06572e-05 0.000791636
23 42 0.000110728 7.00793e-05
23 43 0.000458551 -0.000175422
23 44 0.000138423 -0.000233023
23 45 0.000786516 -0.00023598
23 46 0.000944349 0.000390757
23 47 0.000118273 0.00038391
23 48 -0.000340362 2.93537e-05
23 49 0.00051665 -0.000243844
23 51 -0.000543977 0.000592864
23 52 -0.00011481 0.000195901
23 53 0.000297644 -0.000133736
23 54 -0.000583881 0.000407863
23 55 -0.000502525 -0.000116845
23 56 -9.73795e-05 7.94522e-05
23 57 0.00014489 -4.5107e-05
23 62 0.000167315 0.000297736
23 65 0.000257349 0.000227021
23 66 6.64673e-06 5.51336e-05
24 33 -0.000128593 -0.000117674
24 35 -0.000193108 -0.000302823
24 36 -0.000263591 0.000187401
24 37 0.000333493 -0.000274799
24 38 0.000473808 -0.000236044
24 39 -1.06253e-05 -0.0001128
24 40 0.000199066 0.00010166
24 41 0.00100109 0.000198744
24 42 0.000335987 0.000272388
24 43 0.000528916 0.000168841
24 44 0.000651467 0.000644771
24 45 0.000117481 0.000301665
24 46 0.00057499 8.00656e-05
24 47 0.000179771 0.000324733
24 48 0.000638528 -5.39213e-05
24 49 0.00134043 0.00045487
24 50 0.00066168 -0.000141725
24 51 0.000556309 -0.000372922
24 52 0.000308626 0.00031363
24 53 -0.000685647 0.000170448
24 54 9.74389e-05 0.000482922
24 55 0.000263671 -1.04675e-05
24 56 0.00039755 0.000245954
24 57 0.000274033 -0.000314037
24 58 0.000149289 -6.45743e-05
24 64 0.000165847 0.000285411
25 33 6.61921e-05 -0.000111999
25 34 -0.000240901 -5.28952e-05
25 35 0.000729661 -0.000445502
25 36 0.000761257 4.49278e-05
25 37 -0.00041577 -0.000152895
25 38 0.000188444 0.000232357
25 39 0.000335662 0.000391848
25 40 1.38258e-05 -4.99703e-06
25 41 0.000106778 -0.000136058
25 42 0.000925563 -0.00026969
25 43 0.00103235 0.000476923
25 44 0.000508081 0.000176181
25 45 0.000292137 -1.67006e-05
25 46 0.000483068 0.000267849
25 47 6.51236e-05 -0.000181158
25 48 0.000372512 -0.00026436
25 49 0.000334391 -0.000224051
25 50 0.000334669 0.000164987
25 51 -6.61551e-05 -0.000231403
25 52 0.000228541 0.00038758
25 53 -0.00035258 -2.75203e-05
25 54 0.000924918 0.000153791
25 56 -0.000388896 -8.69829e-05
25 57 2.46504e-05 -1.46284e-05
25 59 4.48542e-05 -0.000221345
25 65 0.000217714 0.000130518
26 34 0.000350019 -0.000195964
26 35 0.000208384 -4.91162e-05
26 36 0.000172463 0.000218821
26 37 6.64161e-05 0.000279293
26 38 0.000444277 -0.000145762
26 39 -0.000154854 -9.58398e-05
26 40 -4.10554e-05 -0.000317958
26 41 0.000352698 0.000436327
26 42 0.000199783 -0.000197444
26 43 0.000676155 8.91007e-05
26 44 0.000422407 -0.000194555
26 45 0.000519083 -5.36908e-05
26 46 0.000938255 2.23659e-05
26 47 0.000585113 0.000193357
26 48 0.00029443 -1.55562e-05
26 49 -0.000148113 8.79626e-05
26 50 -0.000142141 -9.23022e-05
26 51 0.000273956 0.000317629
26 52 0.00048303 5.76764e-06
26 53 -0.000158241 6.38841e-05
26 54 -0.000512495 -8.57076e-05
26 55 3.48794e-05 -0.000224284
26 56 -0.000128991 -3.18689e-05
26 59 4.83493e-05 6.71112e-05
26 60 -0.000173598 9.89887e-05
26 62 -0.000108044 1.27296e-05
26 63 -0.000421179 -0.000205914
26 65 6.36009e-05 0.000219894
27 34 -0.00012926 -6.60292e-05
27 35 -0.000480686 -2.50855e-05
27 36 0.000415316 0.000142317
27 37 0.000805187 0.000113188
27 38 -0.000233201 -0.000147599
27 39 -0.000401342 -0.000509131
27 40 0.000749918 -0.000367805
27 41 -9.61327e-05 -0.000484885
27 42 -7.80654e-05 0.000215391
27 43 0.000311586 0.000441252
27 44 0.000117727 -0.000141539
27 45 -7.40968e-05 0.000540741
27 46 0.000228914 -0.000507343
27 47 0.000647694 0.000114022
27 48 1.34636e-05 5.62757e-05
27 49 -0.000214869 0.000134673
27 50 8.17673e-05 2.45779e-05
27 51 8.4967e-05 0.000162781
27 52 0.000217378 -0.000150786
27 53 1.79593e-06 -1.59005e-07
27 54 0.000401781 9.19388e-05
27 55 -0.000161855 -0.000100862
27 56 -0.000254571 0.00028389
27 57 -5.91007e-05 0.000519259
27 59 -0.000561685 -0.000360808
27 65 8.57133e-05 0.000401566
28 35 0.000600094 -0.000143854
28 36 0.000633823 -0.000269984
28 37 0.000476016 -5.40966e-05
28 38 -9.33637e-05 -6.86417e-05
28 39 0.000375641 0.000144462
28 40 0.000783632 0.000206748
28 41 0.000798463 -0.000646206
28 42 -0.00028104 -1.26208e-05
28 43 0.000719787 -0.000228957
28 44 0.000159615 -5.47311e-05
28 45 0.00100432 -0.000322238
28 46 0.000798592 -2.13944e-05
28 47 -5.79576e-05 0.000105001
28 48 0.00076358 -0.000220307
28 49 0.000858928 0.000298138
28 50 0.000654058 -4.52513e-05
28 51 -0.000307875 -0.000307329
28 52 -0.000140428 0.000221407
28 53 0.000575148 -0.000291872
28 54 0.000299518 -0.000164611
28 55 0.00011889 0.000137309
28 57 3.45422e-05 -2.7747e-06
28 59 0.000144696 -9.09303e-05
28 61 4.24305e-05 -4.11741e-05
29 33 0.000104458 -0.00033594
29 34 6.11264e-06 0.00010772
29 35 0.000119732 0.000162783
29 36 0.00034792 5.91255e-05
29 37 -0.000263258 0.00010734
29 38 -0.000496809 -9.30056e-05
29 39 0.000109038 0.000301314
29 40 0.000414005 0.000295634
29 41 -0.000354615 0.000171811
29 42 -0.00016697 9.75871e-05
29 43 0.000543354 0.000178283
29 44 -0.000454361 2.63206e-05
29 45 -0.000291365 2.59498e-05
29 46 0.000527072 -0.000280343
29 47 0.000380194 -0.000309928
29 49 0.000629754 -0.000255944
29 50 0.00102395 0.000239552
29 51 -2.71653e-05 2.86701e-05
29 52 -0.000374941 0.000557147
29 53 -0.000184011 0.000416157
29 54 0.000448799 -4.41878e-06
29 55 0.00035252 -0.000216596
29 56 0.000124582 -5.25213e-05
29 59 4.10416e-05 1.31315e-05
29 60 -0.000470507 -0.000127681
29 61 -0.000226464 -0.000352778
29 63 -0.000242621 0.000110264
29 64 0.000302419 0.000160824
30 33 0.000435493 -0.000168091
30 35 8.10881e-05 4.77755e-05
30 36 -0.000362664 -0.000379299
30 37 -0.000594247 -1.07674e-05
30 38 -8.19948e-05 -0.000574546
30 39 0.000185085 -0.000330283
30 40 0.000324003 -0.000149098
30 41 0.000504336 0.000151422
30 42 0.000308851 0.000165938
30 43 0.000980045 0.000483197
30 44 0.000359927 -0.000487292
30 45 -0.000673824 -0.000150577
30 46 0.000235007 1.29725e-05
30 47 -0.000226204 0.000119308
30 48 -0.000278599 -0.000359572
30 49 0.000116048 -0.000320837
30 50 0.000885637 0.000913193
30 51 -0.000231183 8.87059e-06
30 52 8.29756e-05 -0.000361267
30 53 0.00096344 0.000415401
30 54 0.000462477 -0.000250051
30 55 9.12473e-05 -4.79188e-06
30 56 0.000380994 7.78679e-06
30 57 -0.000139896 0.000161306
30 59 -0.000156666 0.000351061
30 60 5.23714e-05 6.46297e-05
30 61 0.00026781 0.000434952
30 62 5.43445e-05 1.63038e-05
30 64 0.00012036 0.000274584
31 33 -0.000101169 5.13667e-05
31 34 0.00037221 -0.000200506
31 35 -0.000301547 0.000139462
31 36 0.000225612 -0.000339029
31 37 -8.72633e-05 0.000850752
31 38 0.000192273 -3.82451e-05
31 39 0.000841552 -0.000126824
31 40 0.000646789 0.000304862
31 41 0.000962057 -0.000807469
31 42 0.00018908 -0.000140591
31 43 0.00014016 2.94512e-05
31 44 0.000414753 0.000482317
31 45 -0.000249242 -0.000244468
31 46 0.00054451 0.000314884
31 47 0.000473676 0.000222868
31 48 0.000437591 -3.81716e-05
31 49 0.000438087 -0.000108917
31 50 0.00126666 -0.000320997
31 51 -0.000495925 -0.000325471
31 52 9.63878e-05 4.3856e-05
31 53 0.000277603 0.000557212
31 54 8.13046e-05 -0.000187108
31 55 -0.000248199 2.71087e-05
31 56 8.15348e-05 4.82512e-05
31 57 0.000350509 0.000240691
31 58 0.000391286 0.000213953
31 60 9.5966e-05 1.64031e-05
31 61 0.000393805 0.00014543
31 62 0.000124454 5.17757e-05
32 33 0.000593829 0.00017413
32 35 0.000537832 -0.000248663
32 36 -0.000274594 -0.000162881
32 37 0.000128004 -0.000160044
32 38 0.000191859 -3.30091e-07
32 39 -0.000186575 0.000255344
32 40 -0.000397524 0.0001085
32 41 -0.000106586 -0.000185362
32 42 0.00027813 0.000199632
32 43 9.51919e-05 0.000148846
32 44 0.000448737 -0.000409635
32 45 -0.00029673 0.000154313
32 46 0.000111873 -1.68857e-05
32 47 -0.000756775 3.72589e-05
32 48 6.27244e-05 0.000161524
32 49 -6.39696e-05 5.89057e-05
32 50 0.000172915 -0.000115556
32 51 0.000213782 -6.17528e-05
32 52 -0.000200321 9.80071e-05
32 53 0.000899185 0.000286207
32 55 0.000582843 0.000183143
32 57 0.000314798 -0.000152155
32 58 0.000202964 0.000496161
32 59 5.05027e-05 0.000101397
32 60 0.000470422 8.13852e-05
32 61 -3.30384e-05 0.000120821
32 62 -0.000204014 2.08243e-05
32 63 -0.000383822 0.000279666
32 64 1.34765e-05 2.24157e-05
33 33 0.000163851 -0.000218644
33 34 0.000517675 -0.000379225
33 35 -5.35508e-05 -4.80256e-06
33 36 -0.000371437 -8.20823e-05
33 37 0.000498958 -0.000394141
33 38 0.000547627 -0.000183511
33 39 0.00046499 0.000214615
33 40 -0.000103915 -0.000282147
33 41 0.000715813 0.000135057
33 42 0.000235582 6.13092e-05
33 43 0.000897819 0.000277409
33 44 0.000118257 -6.33871e-05
33 45 0.00079804 0.0001778
33 46 0.000456473 -0.000117469
33 47 -0.000130935 -0.000267199
33 48 0.000507298 6.53216e-06
33 49 0.000110886 -4.36244e-05
33 50 -2.33232e-05 9.33014e-06
33 51 -7.01435e-05 -0.000347448
33 52 -0.000195895 0.000271194
33 53 -5.01959e-05 0.000433206
33 54 0.000701585 -0.000440746
33 55 -0.000225639 0.000347748
33 56 0.000209153 0.000233177
33 58 -0.000240557 0.000366949
33 61 -0.000138607 6.96015e-05
33 62 0.00037745 -0.000109062
33 63 8.6336e-05 -3.7502e-05
34 33 1.59654e-05 -4.79791e-05
34 34 9.12796e-05 -0.000593881
34 35 0.000718461 2.23977e-05
34 36 -0.000400175 0.000428654
34 38 7.62903e-05 0.000199196
34 39 -0.000117307 0.000455402
34 40 -0.00020512 0.000189587
34 41 0.000304423 -0.000120345
34 42 -0.000141148 6.45308e-05
34 43 0.000626097 -5.78091e-05
34 44 0.000121685 0.000305009
34 45 -3.51131e-05 -0.000157198
34 46 -0.000523688 -8.71671e-06
34 47 2.523e-05 9.98698e-05
34 48 0.00028231 -0.000516997
34 49 0.000477977 2.09764e-05
34 51 0.000129567 0.00020722
34 52 0.000356789 5.49181e-05
34 53 0.000319133 -1.23151e-05
34 54 0.000287109 0.000392102
34 55 1.26687e-05 2.37597e-05
34 57 -0.000316278 1.52573e-05
34 60 0.000419276 -0.00014112
34 63 -5.42093e-05 2.39661e-05
34 66 0.000381369 -4.18273e-05
35 33 0.000142752 -5.11813e-05
35 36 -0.00045209 -0.000147816
35 37 7.41858e-05 -1.06594e-06
35 38 0.000259941 -0.00034346
35 39 0.000550231 -0.000458561
35 40 2.68072e-05 -1.87915e-05
35 41 0.000485713 -1.49539e-05
35 42 -0.000430244 4.17709e-05
35 43 -0.000840228 -9.77342e-06
35 44 0.000129142 0.000304646
35 45 0.000286653 -0.000359238
35 46 -4.00028e-05 0.000770931
35 48 0.000297688 -0.000119985
35 49 -0.000494029 3.97726e-05
35 50 0.000443594 0.000105637
35 51 0.000413264 0.000169634
35 52 0.00018081 -0.000110132
35 53 0.000315388 0.000148922
35 54 0.000233666 -0.000136935
35 55 0.000337255 -0.000171287
35 56 0.000130284 -0.000452627
35 57 -1.32453e-05 3.86443e-05
35 59 -0.00028554 -9.10201e-05
35 62 0.000286457 -0.000117504
35 63 -9.64149e-05 -0.000271314
35 64 -0.000126859 -0.000157987
36 33 -0.000614221 -0.000241019
36 34 -0.000253873 0.000348569
36 35 0.000614205 -0.000187685
36 36 -0.000131375 -0.000657454
36 37 8.97318e-05 5.76223e-05
36 38 -0.000318147 -0.000188342
36 39 0.000406039 0.000409222
36 40 0.000423167 -0.000197891
36 41 -7.41479e-05 0.000203493
36 42 0.000271808 -0.000549811
36 43 0.000122375 -0.000371295
36 44 4.6935e-05 -1.01347e-05
36 45 0.000270055 0.000337555
36 46 0.000197936 -0.000131954
36 47 5.14693e-05 -0.000123132
36 48 -0.000203537 0.000452654
36 49 -0.000200693 7.08489e-05
36 50 -0.000181872 -1.43601e-05
36 51 3.8069e-05 3.85988e-07
36 52 0.000551838 -6.93156e-05
36 53 -4.45086e-06 0.000254562
36 54 5.6631e-05 1.17173e-05
36 55 -0.000146722 -4.60554e-05
36 56 -0.000322085 -0.000425003
36 58 0.000130065 6.06141e-05
36 60 0.000205329 0.000105769
37 33 5.90967e-05 -8.52899e-06
37 34 0.000300429 3.3587e-05
37 35 -0.0002063 -0.000156612
37 36 -0.000461998 -0.000356629
37 37 0.000176368 -0.000150663
37 38 4.47981e-05 7.07282e-05
37 39 -0.000149078 0.000271546
37 40 -0.000249512 -0.000313676
37 41 0.000148795 -0.000356481
37 42 6.32197e-05 -0.000134012
37 43 0.0010953 0.000314502
37 44 2.86266e-05 0.000125313
37 45 -0.000225077 7.1478e-05
37 47 0.000188358 0.000391675
37 48 -0.000363274 0.000155095
37 49 0.00114883 0.00015023
37 50 0.000440815 0.000938205
37 51 -2.45182e-05 9.68328e-05
37 52 0.000347521 0.00039313
37 55 0.000241333 0.00011559
37 57 2.06916e-05 0.000777629
37 59 -6.4128e-05 -9.87485e-05
37 60 8.68412e-05 0.000106507
37 61 -0.000169322 -0.000194976
37 62 0.000521587 0.000173256
37 63 3.70772e-06 -2.13908e-06
37 64 0.000230775 -0.000234249
38 33 0.000523541 -0.000207775
38 34 -9.29597e-05 -0.000123956
38 35 -3.08685e-05 3.24075e-06
38 36 7.87167e-05 -1.07652e-05
38 38 -0.000238918 5.25929e-05
38 39 0.000837815 2.29932e-05
38 40 0.000149375 -6.13129e-06
38 41 0.00022623 -0.000113685
38 42 0.000813241 -2.43698e-05
38 43 0.00133268 -6.61038e-05
38 44 0.00058925 0.00010554
38 45 -0.000593987 -0.000211442
38 46 -8.37281e-05 -0.00106646
38 47 0.000333748 0.000251171
38 48 -0.000272423 -0.000188448
38 49 0.000513081 0.000229757
38 50 -0.000256583 -8.3301e-05
38 51 0.00104598 -0.000137826
38 52 0.000357079 -0.000221553
38 53 0.000181138 0.000538863
38 55 0.000250272 0.000162985
38 56 -0.000211003 0.000587409
38 57 0.000219447 0.000345446
38 58 0.000290634 0.000115819
38 59 2.87723e-05 -0.000366892
38 60 -0.000129336 0.000122224
39 33 0.000385473 0.000553647
39 34 0.000232772 -5.20208e-05
39 35 -0.000150398 0.000135055
39 36 -3.46952e-05 -4.78045e-07
39 37 0.000519833 -0.000322104
39 38 0.000326867 0.00028709
39 39 6.46389e-05 -8.31011e-05
39 40 9.17822e-05 0.000189908
39 41 0.000193343 -6.01308e-05
39 42 0.000282883 0.000100627
39 43 0.000166719 0.000469491
39 44 -0.000718226 -0.000142694
39 45 0.000114585 3.42308e-05
39 46 7.15431e-05 6.60299e-05
39 47 0.000477572 0.000133541
39 48 7.89756e-05 0.000694307
39 49 0.000758175 -0.000130187
39 50 0.000311652 0.000237236
39 51 0.000438657 -0.000408809
39 52 0.000305092 -0.000129938
39 53 0.000537416 0.000480555
39 54 0.000108125 0.000198253
39 55 0.000381743 0.000143461
39 58 0.000322287 0.000422289
39 60 3.94676e-05 -0.000458515
39 61 -0.000391742 -0.000267478
40 34 0.000740779 -0.000210858
40 35 0.000298902 -0.000203108
40 36 -0.000199171 0.000382887
40 37 0.000509506 4.44994e-06
40 38 -0.000140394 3.54256e-05
40 39 0.000159358 3.40086e-05
40 40 0.00085188 -0.000214239
40 41 -0.000578708 -9.7732e-05
40 42 0.000435748 0.000185109
40 43 -0.000160148 7.03756e-05
40 44 0.000346101 0.000311336
40 45 -6.63495e-05 -6.20805e-05
40 47 -0.000194888 -0.000167683
40 48 -0.000628439 2.57818e-06
40 49 0.000429238 0.000180759
40 50 -0.000230705 -0.000346123
40 52 -0.000263195 -9.66684e-05
40 53 0.000441023 0.000211573
40 57 0.000261233 -7.70667e-05
40 58 -0.000299544 0.000216205
40 59 -0.000383201 -0.000251879
40 60 -0.000113285 0.000304698
40 61 -2.96141e-05 -0.000108227
40 63 -6.11142e-05 2.00909e-05
40 64 2.7541e-05 8.69779e-05
40 65 1.22393e-05 0.000179377
41 34 0.000488663 9.57877e-05
41 35 0.000571082 0.000283177
41 36 5.72507e-05 1.4237e-05
41 37 0.000315201 3.02785e-05
41 38 0.000598141 -9.30045e-05
41 40 -0.000278544 0.000339064
41 41 -0.000185667 0.000291108
41 42 0.000158214 -0.000299157
41 43 -0.000712935 2.55978e-05
41 44 0.000475564 0.000103197
41 45 -0.000271552 -0.000422423
41 47 -1.47365e-05 -0.000245281
41 48 0.000236972 2.39898e-05
41 49 0.000196978 -0.000179968
41 50 0.000168601 0.000127789
41 51 0.000819955 -0.000215313
41 52 4.94168e-05 -0.00024135
41 53 0.000497008 0.000574457
41 54 -0.000328319 0.000258615
41 55 6.05317e-05 2.74618e-05
41 58 0.000239207 0.000414011
41 61 0.000249189 -0.000363695
41 65 0.000187858 -0.000233197
42 34 -6.13941e-06 -1.96924e-05
42 36 -0.000186787 0.000156843
42 37 6.23313e-05 6.44772e-05
42 38 0.000353421 -5.90175e-05
42 39 0.000843023 -0.000275802
42 40 -0.000512116 -0.000720904
42 41 0.000152654 0.000253197
42 42 0.000569163 0.00013167
42 43 -0.000277232 0.000243826
42 44 0.00039899 0.000365027
42 45 0.000110371 -0.000115579
42 46 0.000576203 -0.000454082
42 47 -1.01151e-05 0.000208308
42 48 -0.000449579 0.000291162
42 49 -0.000200108 0.000160325
42 50 -0.000260718 -0.000198539
42 51 0.000131713 0.000372807
42 52 -5.11728e-05 0.000163006
42 53 -0.000368526 0.000346076
42 54 4.7239e-05 -7.06538e-05
42 55 0.0014464 -5.4598e-05
42 57 0.000205635 7.49933e-06
42 60 0.000169405 0.000450696
42 66 7.7557e-05 0.000140304
43 34 -0.000259423 9.02898e-05
43 35 0.000294883 -0.000134761
43 36 0.000246472 0.000296055
43 37 0.000408636 3.09256e-05
43 38 0.00035198 -0.000116149
43 39 -0.000280233 -0.000492486
43 40 0.000385526 0.000190311
43 41 -3.62382e-05 4.37443e-06
43 42 0.000834141 0.000245568
43 43 4.75301e-05 -6.83176e-05
43 44 0.000133419 -0.000111795
43 45 0.000416332 0.00028725
43 46 0.00121288 -2.89836e-05
43 47 -0.000260648 0.000230013
43 48 5.46748e-06 7.97425e-05
43 49 2.91276e-05 -0.000162224
43 50 0.000457037 -0.000394226
43 52 0.000229367 0.000395087
43 53 9.61646e-05 3.01027e-05
43 54 0.000652035 6.73642e-05
43 55 0.000613981 0.000191161
43 56 0.000196948 0.000302664
43 57 0.000150755 0.000109578
43 58 0.00016823 7.19905e-05
43 59 -0.000202791 0.000335246
43 60 -0.000529553 1.52471e-07
43 61 -8.84098e-05 0.000208851
43 62 0.00047676 -4.07671e-05
43 63 3.30891e-05 0.000124656
43 65 6.1102e-06 1.53915e-06
44 33 -7.01833e-06 0.000284653
44 34 0.000586678 -0.000106227
44 35 0.000149396 -0.000771532
44 36 -0.000168608 4.73289e-05
44 37 -8.04632e-05 -0.000152804
44 38 0.000348119 -3.55134e-06
44 39 -0.000319168 -0.000301051
44 40 0.000787541 -0.000340998
44 41 0.000142891 -0.000114194
44 42 0.00101502 -0.000762804
44 43 0.000909211 0.000163018
44 44 5.13948e-05 0.000127757
44 45 0.000287425 8.4747e-05
44 46 2.70063e-05 2.27928e-06
44 47 -0.000339074 -5.42119e-05
44 48 -0.000150132 0.000510113
44 49 8.37971e-05 9.76575e-05
44 51 0.000126954 0.000333876
44 52 -0.000349464 0.000317412
44 53 -0.000317118 0.000213804
44 54 -0.000126101 -0.000149517
44 55 -0.000142163 -9.02879e-05
44 56 -0.000155266 -6.42334e-05
44 57 -1.44458e-06 3.42469e-06
44 59 -7.73769e-05 5.12447e-05
44 61 0.000103007 7.64094e-05
44 62 -0.000134032 -6.08071e-05
44 64 -0.000533158 -1.36313e-05
44 65 -0.00019299 0.000377638
44 66 0.000139191 9.4387e-05
45 33 -6.26015e-06 -7.1396e-06
45 34 0.000703055 -4.94776e-05
45 35 0.000308871 0.00013548
45 36 -0.000147302 2.71994e-05
45 37 0.000318933 -0.000189069
45 39 0.000587495 0.000278577
45 40 0.00151732 -6.12091e-05
45 41 0.000712144 0.00011193
45 43 0.000681357 -0.000378345
45 44 2.2242e-05 0.000573684
45 45 0.000107469 -1.11946e-05
45 46 7.34242e-05 4.23026e-05
45 47 0.000378033 -0.00020293
45 48 0.000191054 -6.61619e-05
45 49 -0.000155217 -0.000140232
45 50 0.00103535 0.00082311
45 51 -0.000437328 -0.000376142
45 53 -0.000615281 0.000248824
45 54 0.000720308 -0.000179295
45 56 3.55556e-06 -8.63717e-05
45 57 0.000155521 4.84787e-05
45 58 0.000267569 0.00028168
45 59 -0.000402442 0.000421857
45 60 0.000390304 0.000259309
45 61 -0.000382861 -0.000285123
45 62 0.000248386 0.000252737
45 63 -0.000134513 -9.89726e-05
45 64 2.74914e-05 0.000145228
45 65 0.000350989 0.000317683
46 34 -0.000492037 2.1069e-05
46 35 0.000119398 -0.000228726
46 36 -0.000366968 -0.000240186
46 37 0.000503778 -0.000205468
46 38 0.000430586 -3.49984e-05
46 39 0.000322717 0.000195899
46 40 -9.95552e-05 -8.61455e-05
46 41 -0.000178289 0.000442012
46 42 0.000474143 -1.61458e-05
46 43 -0.000423204 -5.46298e-05
46 44 5.3092e-05 -0.000227146
46 45 0.000123922 -0.000218756
46 46 -0.000170604 4.82093e-06
46 47 -7.47118e-05 5.9349e-05
46 48 0.000221336 6.85681e-05
46 49 1.31803e-05 0.000351255
46 50 -0.000193252 -0.000315884
46 51 -0.000934329 0.000254857
46 52 0.000303017 0.000189222
46 54 -8.03856e-06 0.000226827
46 55 -0.000378485 0.000140889
46 56 -0.000404424 2.97025e-05
46 57 0.000367113 -0.000224582
46 58 -0.00038606 8.05638e-05
46 60 0.000138873 -2.98247e-05
46 63 -0.000203368 -0.000212464
47 33 6.63674e-05 -7.83487e-05
47 34 -4.03469e-05 -9.52105e-06
47 35 0.000403365 -4.93939e-06
47 36 0.000504296 0.000428468
47 37 0.000407995 -7.69224e-05
47 38 -0.000591496 0.000249142
47 40 -0.000185151 -0.000169859
47 41 0.000429477 -0.000192477
47 42 7.48814e-05 -2.17163e-05
47 43 0.000196684 0.000322133
47 44 0.00019591 -0.000545729
47 45 0.000943252 0.000137336
47 46 0.00147762 0.000107872
47 47 0.00184517 0.00062313
47 48 0.000409213 -0.000432167
47 49 0.000258645 -0.000299766
47 50 -5.84347e-05 0.000281593
47 51 0.000366709 0.000127125
47 52 0.000588314 0.000433261
47 53 0.000501616 -8.56771e-05
47 54 0.000218456 -3.69362e-05
47 55 -0.000708478 0.000104761
47 56 -7.72129e-05 8.18818e-05
47 57 -0.000353032 0.000150222
47 58 -0.000220723 0.000215699
47 59 6.22011e-05 8.51435e-05
47 60 0.000189902 -0.000120284
47 62 0.000338903 0.000363372
47 64 0.000143153 0.000420466
48 34 -0.000260079 0.000253519
48 35 0.000276682 -0.000323553
48 36 9.40775e-05 -1.18866e-05
48 37 0.0001732 -0.000435714
48 38 -0.00015987 0.000191445
48 39 -5.04235e-05 0.000142626
48 40 0.000312453 0.000281994
48 41 0.000990961 -2.72192e-05
48 42 0.000446457 -3.63718e-05
48 43 0.000332823 0.000344573
48 44 0.000235404 0.000274802
48 45 -0.000192206 1.35814e-05
48 46 0.0002973 -0.000215867
48 47 0.0010212 0.00113783
48 48 0.00123898 0.000388023
48 49 -9.15361e-06 -0.000167774
48 50 0.000646986 0.000455712
48 52 0.00058592 8.41668e-05
48 53 -0.000471464 6.01519e-05
48 56 0.000132109 1.19533e-05
48 57 8.81055e-05 0.000124738
48 58 -0.000135553 6.37409e-05
48 59 0.000395071 -9.1195e-05
48 61 2.76494e-05 1.80565e-05
48 64 -3.02929e-05 0.000132703
49 33 0.000388136 3.10166e-05
49 34 0.000200776 -0.000144136
49 35 -0.000302441 -0.000198012
49 36 -0.000355029 -0.000130855
49 37 0.000512196 0.000146746
49 38 0.00015318 -0.000201445
49 39 3.01814e-05 0.000273599
49 40 0.000491723 -6.07211e-05
49 41 1.37633e-05 -2.99313e-06
49 42 0.000195345 -5.54958e-05
49 43 0.000385588 -0.00044927
49 44 -0.00150366 -0.000525335
49 45 -0.000234113 0.000742024
49 46 -0.000336525 -4.89087e-05
49 47 -9.21635e-05 -0.000489385
49 48 0.00012368 6.32709e-05
49 49 0.00108059 0.000590456
49 50 -0.00043163 -0.000728742
49 51 -0.000581838 -0.000199586
49 52 0.000431116 0.000121588
49 53 0.000502975 -0.000426245
49 55 -0.000289181 -0.000183827
49 56 -7.49639e-05 2.13824e-05
49 57 0.000291026 0.00023072
49 59 -3.51694e-05 0.000664806
49 61 -0.00016359 0.000370074
49 62 -0.000447442 -5.95999e-05
49 63 -1.12792e-05 -7.17833e-06
49 65 -9.43844e-05 4.85345e-05
50 34 0.000798717 -0.000350844
50 35 3.68918e-05 -0.000357519
50 36 0.000803848 -0.000391155
50 37 0.000661871 4.45434e-05
50 38 -6.77315e-05 2.69202e-05
50 39 0.000167425 -3.41838e-05
50 40 0.000106178 -3.1035e-05
50 41 0.000238396 -3.31235e-05
50 42 -0.000527915 -0.000200739
50 43 0.000461423 -0.000304108
50 44 0.000370008 0.000127722
50 45 -0.000150786 -0.000406784
50 46 0.000437659 -0.000643287
50 47 0.00015261 -0.000186103
50 48 0.000547232 -0.000141375
50 49 0.000179629 8.76514e-05
50 50 0.00048625 0.000154682
50 51 -1.97269e-05 2.76734e-05
50 52 0.000151829 0.000117616
50 53 -0.000203172 -4.27483e-05
50 54 0.000559496 -6.11249e-05
50 55 -0.000120201 0.000388942
50 56 -5.29352e-05 0.00040392
50 57 -4.98568e-05 -2.613e-07
51 34 0.000316872 -0.000242432
51 35 -0.000100047 2.89971e-05
51 36 0.000263058 0.000299629
51 37 0.000150228 0.000256396
51 38 0.000285522 0.000153952
51 39 0.000665172 -0.000486702
51 40 -0.000326153 -0.000321986
51 41 0.000141097 -0.000459289
51 42 0.000627455 6.51155e-06
51 43 0.000194907 4.11651e-05
51 44 -3.73211e-06 -2.70221e-06
51 45 -6.88039e-06 0.000203319
51 47 0.000723806 -0.000455682
51 48 2.708e-05 0.00023918
51 49 0.000166702 -5.3982e-05
51 50 -0.00016734 0.000185448
51 51 0.000188908 -3.29668e-05
51 52 -0.00075401 0.000333861
51 53 3.70499e-05 0.000426039
51 54 0.00035066 0.000187696
51 56 2.11634e-05 2.90868e-05
51 57 0.000213341 0.000100315
51 58 0.000145845 0.00018108
51 60 -3.46273e-05 -0.000109274
51 61 0.000133865 0.000248546
51 62 0.000190523 -0.000122417
52 33 0.000217265 -0.000447757
52 35 8.90847e-05 -1.92195e-05
52 36 0.000213922 0.000107992
52 37 0.00039592 -0.000429963
52 38 0.000934684 0.000403229
52 40 0.000464334 0.000218228
52 41 0.000400293 1.27132e-05
52 42 0.000787177 -0.00025253
52 43 0.000266939 4.28203e-05
52 44 -0.000434139 0.000507575
52 45 -0.000106318 -6.17096e-05
52 46 0.000173157 4.18506e-05
52 47 -0.000295337 -0.000102002
52 48 0.000333024 0.000256784
52 49 0.000205583 6.46298e-05
52 50 0.000294974 -0.000216403
52 51 -0.000792269 0.000332224
52 52 0.00039589 -0.000110564
52 54 0.000745647 0.000509164
52 55 0.000322494 -0.000272412
52 56 0.000372162 -0.000521008
52 58 -0.000232209 2.05942e-05
52 59 -0.000294413 -0.000359305
52 61 -0.00102554 -0.00029706
52 62 0.000279113 0.000449701
52 63 8.37036e-05 0.000172639
53 35 -1.06098e-05 -3.91032e-05
53 36 0.000761796 -0.000389422
53 37 0.000145865 -2.37998e-05
53 39 0.000147719 2.68844e-05
53 40 0.000246145 5.11009e-05
53 41 0.000145304 0.000314912
53 42 0.000433901 0.000155315
53 43 0.000676001 0.000225151
53 44 -0.00019395 -0.000436953
53 45 0.000495502 4.853e-05
53 46 0.000793772 0.000173723
53 47 -0.000153653 7.56407e-05
53 48 0.000675547 1.83071e-05
53 49 -0.00023591 5.16245e-05
53 50 0.00127797 -0.00075512
53 51 0.000419796 1.83157e-05
53 52 0.000370606 0.000600062
53 53 0.000127996 -0.000193026
53 55 -9.42816e-05 0.000394604
53 56 -0.00060888 0.000220894
53 57 0.000120296 0.000492933
53 59 0.00036502 0.000200267
53 61 -0.000393937 -0.000104134
53 62 0.000260077 0.000155761
53 66 -0.00014977 7.36388e-05
54 33 0.000203362 -0.000217279
54 34 0.000399283 -0.000220394
54 35 -0.000284134 -0.000126297
54 36 -0.000494202 -0.000614803
54 37 0.000781272 -0.000354021
54 38 0.000667249 -0.00036357
54 39 6.92474e-06 -2.86939e-05
54 40 0.000130134 -0.000107167
54 41 0.000330169 -0.000248444
54 42 -0.000145469 0.000360245
54 43 -5.40267e-05 0.000673315
54 44 0.000223852 0.000266971
54 45 -0.000108863 0.00012391
54 46 0.000321264 -0.00061368
54 47 0.000169715 0.000233303
54 48 -0.000187876 -0.00015585
54 49 8.71329e-06 -9.22081e-07
54 50 0.000244496 -0.000296686
54 51 -4.17253e-05 0.000291243
54 52 5.68264e-05 8.50642e-05
54 53 -0.000181597 -0.000399047
54 55 -0.000213609 0.000209624
54 56 -0.000221697 -0.000395094
54 57 0.000429746 3.13099e-05
54 58 0.000294004 -2.64714e-05
54 60 0.000192701 0.000352575
54 62 0.000252356 4.44972e-05
54 64 0.000148998 -0.000310387
54 65 -0.000381391 0.000269889
55 33 -1.34193e-05 -2.1111e-05
55 34 0.000209299 -8.684e-05
55 35 9.24676e-05 1.36649e-05
55 36 0.000417112 -0.000255994
55 37 0.00016089 0.000119868
55 38 0.000261823 0.000123782
55 39 -1.05599e-05 -3.65202e-05
55 40 0.000392935 -0.000297218
55 41 0.000597534 -5.39782e-06
55 42 0.000250043 -9.25242e-06
55 43 0.000400801 0.00016893
55 44 0.00108834 -3.3864e-05
55 45 -0.000338126 0.000424133
55 46 -0.000667476 0.000176918
55 47 0.00046494 0.000333097
55 48 4.75237e-05 -7.1915e-06
55 49 0.000124093 5.04635e-05
55 50 -0.000108784 0.000277945
55 51 0.000101423 -0.000112085
55 52 -7.63745e-05 0.000291565
55 53 -2.00644e-05 1.17466e-05
55 54 0.000564825 -0.00025272
55 55 8.3975e-05 -0.000203387
55 56 0.000289942 -4.56378e-05
55 57 0.000224215 -4.70058e-05
55 60 0.000275048 -0.000262585
55 61 0.000197266 7.29014e-05
56 34 0.00010618 -0.000120167
56 35 0.00012951 0.000123111
56 36 0.000225199 -0.000717193
56 37 0.00140957 -0.000455695
56 38 0.000267866 -0.000199048
56 39 0.000266 9.16151e-05
56 40 0.000426141 2.3855e-05
56 41 0.000231032 0.000351269
56 42 0.000107446 0.00054935
56 43 -2.29208e-05 4.48626e-05
56 44 0.000364887 -6.99728e-05
56 47 0.000363604 -8.74997e-05
56 48 0.000265854 -0.000257894
56 49 0.000100364 -1.50761e-05
56 50 0.000270276 0.000205934
56 51 -3.02106e-05 2.92068e-05
56 52 0.000502407 -0.000124193
56 53 -0.000155561 0.00032011
56 54 0.000248499 0.000149536
56 55 0.000135881 0.000381475
56 56 -0.000167368 -8.17682e-06
56 58 1.13907e-05 0.000116244
56 60 3.33761e-06 3.5139e-05
56 61 0.000245212 0.000260281
56 62 -0.000187181 -0.000424493
57 33 0.000360195 -0.000296723
57 34 0.000289275 -3.46037e-05
57 36 5.55805e-05 -9.30673e-06
57 37 -0.000274732 2.417e-05
57 38 0.000235762 -0.00015082
57 39 0.00121696 -0.000272687
57 41 0.00038589 0.000100185
57 42 0.000697445 0.000459316
57 43 0.000271536 -0.000123701
57 44 0.000298794 0.000347771
57 45 0.000725658 0.0001059
57 46 8.69091e-05 -0.000125487
57 47 0.000415061 7.68939e-06
57 48 -1.91027e-05 6.00616e-05
57 49 0.000479515 -0.000518098
57 50 6.96679e-05 -9.55228e-05
57 51 -0.000477135 -7.18849e-05
57 52 1.51619e-05 -8.02559e-07
57 53 0.000197418 0.000105344
57 54 -0.000168234 0.000101615
57 55 -4.76171e-05 0.000209727
57 57 0.000462763 -0.000398595
57 58 9.02299e-05 7.60863e-05
57 59 -0.000261784 1.0172e-05
57 62 8.10867e-05 0.000103355
57 63 0.00027389 -0.000114748
57 65 1.18132e-05 1.25117e-05
58 35 0.000143531 -0.000673116
58 36 9.21309e-05 -0.00028241
58 37 0.000414777 -0.000275188
58 38 -0.000437658 -2.09619e-05
58 40 -0.000362114 5.21116e-06
58 41 0.000670892 0.000281814
58 43 8.08249e-05 4.99796e-05
58 44 0.000983396 0.000206547
58 45 0.00076689 0.00019614
58 46 0.000199476 -0.000168367
58 47 0.000416405 -0.000110394
58 48 -0.000410524 -0.00025053
58 49 1.54781e-05 0.000208253
58 50 0.000155968 0.00025468
58 51 0.000241423 6.80388e-05
58 52 0.000639083 -0.000257366
58 53 0.000301885 -4.32664e-05
58 54 0.000256706 -0.000361096
58 55 5.55927e-05 6.01238e-05
58 56 0.000715436 0.000225221
58 57 -7.77002e-05 -3.23357e-06
58 58 0.000342128 8.67967e-05
58 59 0.000488507 -0.000178309
58 60 0.000320442 -8.9871e-05
58 61 0.000564 -5.49755e-05
58 63 0.000364328 9.06013e-05
58 65 -0.000212593 0.000148355
58 66 0.000282115 4.9072e-05
59 33 0.000106244 -0.000144276
59 34 0.000151592 -0.000443383
59 35 5.49668e-05 -0.000313011
59 36 6.34029e-05 7.65986e-06
59 37 0.000240205 -7.19816e-05
59 39 0.000681983 -0.000243298
59 42 0.000625705 2.03276e-05
59 43 0.000442941 -0.00039642
59 44 0.000149646 3.56663e-05
59 45 0.000105079 2.14213e-05
59 46 0.00029482 -0.000215432
59 47 5.17988e-05 6.44365e-05
59 48 2.16222e-05 -1.6842e-05
59 49 -0.000220137 -0.000416378
59 50 0.00027697 8.50287e-05
59 52 0.00021756 -0.000184917
59 53 -0.000553727 0.000177284
59 54 7.78679e-05 0.000249321
59 55 0.000349632 0.000515325
59 56 0.000140849 -0.000451349
59 58 3.07276e-05 0.000115099
59 60 -0.000757272 -0.000125292
59 65 3.0875e-05 4.56162e-05
60 33 6.4163e-05 -3.39412e-05
60 34 0.000262708 -0.000327365
60 35 0.000187572 -7.40178e-05
60 36 -0.000112254 7.12212e-05
60 37 0.00079962 -0.000854012
60 38 0.000753818 1.153e-06
60 39 -0.00011118 7.85715e-05
60 41 -3.35971e-05 2.59915e-05
60 42 0.000994892 -0.000219236
60 43 0.000523293 0.000312524
60 44 -7.21921e-05 -0.000243047
60 45 5.07477e-05 -0.000106839
60 46 0.000168796 -0.000236134
60 47 0.000721271 0.000190184
60 48 3.83497e-05 4.24532e-06
60 49 0.000164049 0.000368029
60 50 0.000298098 0.000423386
60 51 4.66218e-08 2.83888e-08
60 52 0.000168766 0.000123911
60 53 -0.000371252 1.72088e-05
60 55 0.000300873 0.000114101
60 56 4.78186e-05 0.000174934
60 57 -0.000151019 0.000121868
60 58 -4.71244e-05 -0.000358468
60 61 -0.000423751 -8.85548e-05
60 62 -0.000391929 -7.41284e-05
61 33 -0.000142274 -0.000143384
61 34 -0.000109095 -0.000155716
61 36 0.000262469 6.31177e-05
61 37 -0.000691586 -0.000127374
61 39 6.76056e-05 0.000132234
61 40 0.000229332 -6.80953e-05
61 41 4.45436e-05 1.97348e-06
61 42 0.000265031 0.000167418
61 43 0.000900072 0.000219531
61 44 0.000378705 0.000220239
61 47 -0.00012027 0.000432546
61 48 2.89201e-05 3.71265e-05
61 50 8.84114e-05 6.90893e-05
61 51 0.000118928 0.000109149
61 53 0.000142011 -9.40211e-05
61 54 0.000590887 -0.000120727
61 55 9.09576e-05 0.000363568
61 57 -0.000131156 -5.13991e-05
61 59 8.22631e-05 6.78583e-05
61 62 0.000147927 0.000120082
62 33 0.000233807 0.000136325
62 35 0.000221896 3.30868e-06
62 36 0.000211777 -0.000401567
62 37 0.00057975 -0.000221894
62 40 0.000193184 2.90793e-06
62 41 0.000159077 -3.35432e-05
62 42 3.69772e-05 -0.000480801
62 43 0.000292363 -0.000106369
62 44 0.000387993 4.39223e-05
62 45 -0.000131556 -0.000103548
62 46 5.00202e-05 3.33577e-06
62 47 0.000707281 0.000584127
62 48 0.000539366 -0.000148468
62 49 2.07516e-05 2.87699e-05
62 51 1.4096e-05 9.08381e-05
62 52 3.55494e-05 3.2427e-05
62 54 0.000247292 -0.000480097
62 57 0.000308087 -0.000280705
62 61 0.000624539 0.000101653
62 62 0.000163947 -7.08214e-05
63 37 0.000112154 -0.000109818
63 39 0.000187796 0.000297535
63 40 0.000475957 -0.000117582
63 41 1.48806e-05 -3.91597e-06
63 42 -0.000549485 9.9993e-05
63 43 0.00141044 0.000148738
63 45 0.000628131 1.81435e-05
63 46 0.000168 -5.54172e-05
63 47 0.000504789 -0.000119109
63 48 0.000536344 0.000249206
63 49 9.72652e-05 0.00013317
63 50 6.05099e-05 0.000310133
63 52 -6.49024e-06 1.08961e-05
63 53 0.000225553 0.000315744
63 54 0.000385382 0.000189543
63 56 6.80382e-05 -0.000164404
63 57 0.000731588 0.00065116
63 58 0.000312535 2.58439e-05
63 59 -0.000126167 0.000671073
63 62 5.85128e-05 -2.9021e-06
63 63 -0.000223486 0.000193192
63 65 6.80936e-05 0.000152386
63 66 0.000240472 1.84097e-05
64 34 0.000154983 3.99935e-06
64 35 0.000442495 -9.43842e-05
64 36 -0.000423499 -5.39042e-06
64 38 0.000751371 0.000255717
64 39 0.000546645 0.000241447
64 40 -6.47608e-05 1.94332e-05
64 42 0.00082064 -0.000168043
64 43 0.00011994 -2.84935e-05
64 44 0.000268934 7.30394e-05
64 45 6.97993e-05 5.9834e-05
64 46 0.000100944 0.000117179
64 48 7.3205e-05 3.95379e-05
64 49 3.85286e-06 -8.47497e-06
64 50 0.000460298 0.000188341
64 51 9.13365e-05 0.00015465
64 52 0.000204918 0.000262486
64 53 0.000578147 -8.17601e-05
64 54 -0.000120139 3.70875e-05
64 55 0.000380643 -0.000249214
64 56 -0.000215619 2.56162e-05
64 57 0.000270681 6.64307e-05
64 58 4.15292e-06 1.43364e-06
64 61 -0.000178719 0.000641386
64 62 0.00058749 -0.000306132
64 64 7.41176e-06 2.07306e-05
65 33 0.000389366 -8.35788e-05
65 34 0.000261146 -1.94907e-05
65 35 -0.0007248 0.000410419
65 37 0.000238593 0.000145566
65 39 0.000282663 -0.000138741
65 40 -0.000222472 -0.000691204
65 41 0.000548591 -0.000261732
65 42 -0.000252895 6.1462e-05
65 43 -0.000305965 -0.000235944
65 44 -6.90087e-05 -0.000114564
65 45 1.9302e-05 -1.02694e-05
65 47 0.000236373 0.000318643
65 48 0.000669914 0.000141995
65 49 0.000293654 -8.41189e-05
65 52 0.000352058 0.000514689
65 53 0.000147224 0.000285972
65 54 -0.000157077 -0.000351147
65 55 -0.000237783 0.000343352
65 56 5.69875e-05 6.03016e-05
65 57 0.000406579 0.000328788
65 59 -8.25984e-05 -1.59494e-05
65 60 4.55865e-06 2.00683e-05
66 35 -0.000120785 -0.000153962
66 36 2.01154e-05 -7.50181e-06
66 38 -0.000154209 -0.000135802
66 40 7.52813e-05 -0.000290101
66 42 -0.00031938 0.000301388
66 43 0.000408716 -2.34259e-05
66 44 0.000184467 0.000150477
66 45 0.000814087 0.000340802
66 46 0.000400853 -0.000377306
66 47 0.000283712 0.00019448
66 48 0.000474767 0.000202008
66 49 4.96467e-05 -1.39105e-05
66 50 0.000110525 -0.000134691
66 51 0.000140465 -0.000212054
66 52 8.18085e-05 1.02878e-05
66 55 0.000364618 -1.60919e-05
66 56 -0.000446726 -0.000224147
66 61 0.000323058 -0.0003169
66 62 -0.000227737 -8.24986e-05
66 64 0.000403525 -9.1833e-05
