0 33 3.30416 5589.5
0 34 19.4971 9701.32
0 35 31.8529 9936.39
0 36 41.6572 9915.44
0 37 74.9828 10107.6
0 38 101.233 9989.84
0 39 12.0546 10027.6
0 40 9.95701 10158.7
0 41 9.60148 9913.65
0 42 60.9202 9643.65
0 43 48.5538 9555.42
0 44 53.5961 9031.56
0 45 49.2112 8938.32
0 46 23.2052 9043.29
0 47 53.3778 8999.68
0 48 72.7755 8830.29
0 49 79.6454 8608.8
0 50 -4.34799 8220.6
0 51 146.26 8302.98
0 52 68.3082 8774.72
0 53 111.733 11699.3
0 54 89.7693 10024.8
0 55 6.98361 14.5165
1 33 124.752 16950.5
1 34 224.931 29623.7
1 35 137.147 30178.6
1 36 102.283 30139
1 37 1.65243 30518.4
1 38 246.636 29892.4
1 39 116.715 29167.4
1 40 302.419 28741.9
1 41 400.215 28425.6
1 42 315.772 28126.5
1 43 276.294 27520.9
1 44 303.95 28050.2
1 45 225.454 27736.2
1 46 155.441 27134.5
1 47 305.976 25674.7
1 48 409.448 25210.1
1 49 504.639 24819.4
1 50 254.214 24867.5
1 51 437.67 25229.6
1 52 358.967 26704.6
1 53 758.334 32473.9
1 54 532.076 29680.3
1 55 -21.0899 118.4
1 63 2.38992 -3.28598
2 33 297.854 26752.8
2 34 502.948 46503.1
2 35 477.038 47201.2
2 36 484.288 47131.4
2 37 457.067 47141
2 38 780.117 47139.5
2 39 671.504 47212.1
2 40 659.804 47155.5
2 41 674.284 46778.7
2 42 737.746 45861.2
2 43 888.773 44654.1
2 44 793.351 44046.8
2 45 785.632 42408.3
2 46 759.507 41475.9
2 47 978.131 40425.6
2 48 907.897 40011.6
2 49 1007.76 39928.3
2 50 1101.19 39058.1
2 51 1124.02 39513.7
2 52 1169.74 41879.7
2 53 1887.64 52693.8
2 54 1448.86 48395.4
2 55 9.49633 211.203
2 57 5.41148 1.16339
2 63 1.97094 14.1768
3 33 198.276 34143.8
3 34 625.241 60168.9
3 35 965.112 60433.4
3 36 816.522 60360.4
3 37 1193.71 60530.7
3 38 1206.55 60290.4
3 39 1344.21 59802.9
3 40 1502.01 59109.4
3 41 914.02 59282.3
3 42 1439.81 59176.5
3 43 1617.28 57695.5
3 44 1226.06 55968.4
3 45 1473.43 55536.2
3 46 1626.81 54137.5
3 47 2025.55 53416.3
3 48 1679.72 52042
3 49 1991.15 51536.1
3 50 2125.71 51338.7
3 51 2080.4 52235.5
3 52 2377.49 55828
3 53 2492.6 71679.6
3 54 2515.58 65836.4
3 55 2.54208 206.838
3 57 -3.19574 6.80648
3 62 -3.45475 5.34531
3 63 8.54777 20.789
3 66 7.93971 5.75311
4 33 441.716 38415.5
4 34 1016.91 67450.6
4 35 1405.99 68302.8
4 36 1305.62 68358.9
4 37 1579.19 68997.6
4 38 1666.48 69064.7
4 39 1648.26 69468.8
4 40 1971.22 69534.5
4 41 1769.13 68052.6
4 42 2269.3 66645.5
4 43 2106.31 65556
4 44 2251.97 65557
4 45 2396.96 64527.6
4 46 2656.55 63343.9
4 47 2586.73 61950.8
4 48 2412.44 60786
4 49 2733.95 59717.8
4 50 3193.72 61198.4
4 51 3033.05 62863
4 52 3367.59 68175.8
4 53 4330.95 86550.8
4 54 3838.04 80205.6
4 55 24.1436 268.321
4 57 21.0456 11.5389
4 58 -5.95606 1.7804
4 60 -0.884772 -4.50337
4 61 -6.86134 -0.410002
4 62 -3.17979 5.47529
5 33 507.997 39843.6
5 34 1737.07 69818.2
5 35 1995.55 71435.7
5 36 2261.45 72570.7
5 37 2112.61 71806.1
5 38 2216.12 72038.7
5 39 2377.1 71547.4
5 40 2707.54 71248.8
5 41 2612.03 71214.6
5 42 3091.32 70534.9
5 43 3000.16 69593.5
5 44 2930.28 69235.3
5 45 3241.55 67972.6
5 46 3053.27 67301.5
5 47 3361.85 66176.4
5 48 3262.62 65634.2
5 49 3843.38 67140.6
5 50 3887.11 66843.2
5 51 3930.61 69353.4
5 52 4431.26 74454.1
5 53 6475.2 96470.5
5 54 5590.1 86451.6
5 55 27.9516 338.329
5 57 -6.69052 8.23911
5 59 -5.56269 -2.09974
5 62 -3.22189 5.63877
5 64 4.23727 -1.97703
6 33 561.134 38221.5
6 34 2022.75 66963.4
6 35 2227.25 67399.6
6 36 2329.81 67851.9
6 37 3115.63 67835
6 38 2686.87 67525.6
6 39 2657.2 68638.3
6 40 2807.68 68574.2
6 41 3159.62 68514.2
6 42 3663.94 69589.7
6 43 3499.31 69855.1
6 44 3828.11 70691.2
6 45 3911.25 70244.4
6 46 3947.51 69174.3
6 47 4293.42 69182
6 48 4201.65 69176.2
6 49 4865.07 69698.6
6 50 5249.03 72597.4
6 51 5454.18 75820.2
6 52 6224 82594.2
6 53 8200.6 105133
6 54 6679.97 94057.2
6 55 -15.0051 315.534
6 61 -1.05475 1.87673
6 62 -1.75595 3.01643
7 33 626.085 34430.4
7 34 1999.93 60857.7
7 35 2889.03 62229.6
7 36 2777.47 63127.5
7 37 3437.06 63874.9
7 38 3300.12 64785.1
7 39 3219.09 64474.2
7 40 3299.48 64600.1
7 41 3910.59 64657.5
7 42 3638.92 65584.1
7 43 3669.77 65800.8
7 44 4101.2 65916.5
7 45 4916.86 67478.2
7 46 4902.98 67873.7
7 47 4833.58 67821.9
7 48 5012.76 69221.7
7 49 5332.01 70960.2
7 50 5965.29 73498.3
7 51 6312.92 77840.2
7 52 7543.18 86020
7 53 9891.27 113743
7 54 8810.08 102684
7 55 18.069 285.038
7 57 -4.10371 3.13494
7 59 -5.45853 -0.156908
7 60 1.19526 3.71142
7 61 -2.64327 4.78835
7 65 -4.73003 3.14065
8 33 693.326 30516.5
8 34 2139.53 53356.1
8 35 2970.52 54473.2
8 36 2980.38 55436.5
8 37 3432.6 56058.9
8 38 3721.28 56204.1
8 39 3631.28 57149.4
8 40 3996.83 58142.3
8 41 4124.12 58749.8
8 42 4072.79 58253.1
8 43 4058.46 58878.2
8 44 4385.5 60705
8 45 5063.26 61936.9
8 46 5136.8 63463.3
8 47 5500.89 64427.4
8 48 5275.45 65368
8 49 5921.74 68011.8
8 50 6318.45 70453
8 51 7081.72 75671.7
8 52 8342.43 85686.1
8 53 12021.7 115958
8 54 9788.56 103527
8 55 21.0249 262.702
8 56 4.30613 1.5389
8 57 4.83945 7.1919
8 60 3.25851 8.68462
8 61 7.83182 7.4545
9 33 712.15 24206.7
9 34 1913.51 42675.2
9 35 3005.67 44346.7
9 36 3024.34 44887.9
9 37 3289.93 46188.1
9 38 3694.38 47206.4
9 39 3648.59 47739.9
9 40 4070.12 48902
9 41 4204.41 49466.3
9 42 4393.91 50254.6
9 43 4549.72 51910.5
9 44 4247.53 53443.9
9 45 5173.4 54444.5
9 46 5244.77 56944.7
9 47 5786.25 59045.5
9 48 6059.41 60828.4
9 49 6136.74 63253.2
9 50 6635.13 67475
9 51 7244.16 73082
9 52 9100.98 83068.5
9 53 12931.8 112834
9 54 11640.9 104311
9 55 39.4487 262.528
9 57 2.4142 7.11174
9 60 0.774755 5.00103
9 61 -1.32085 2.36621
9 63 4.81163 -0.506392
9 64 0.579531 1.03944
9 65 -10.1945 2.35346
10 33 653.317 19009.1
10 34 2081.62 33983.1
10 35 3103.76 35072.5
10 36 3151.48 35891.7
10 37 3279.88 36071
10 38 3806.53 37154.8
10 39 3626.23 38213.2
10 40 3715.35 39009.5
10 41 4091.97 39549.4
10 42 3985.88 40764.5
10 43 4255.99 43186.2
10 44 4790.47 44902.4
10 45 5063.32 47487.8
10 46 4938.66 48889.5
10 47 5886.2 51609.2
10 48 5937.34 55297
10 49 6616.18 59535.6
10 50 7034.35 62508.8
10 51 7563.9 68225.9
10 52 9120.44 78813.3
10 53 13654.6 109328
10 54 11515.4 100736
10 55 13.8939 356.036
10 59 5.06079 2.97362
10 60 -10.4379 2.30987
10 61 0.263004 0.861788
10 64 5.98598 -7.48712
10 65 5.14443 -4.73075
11 33 656.895 14879.5
11 34 1967.51 26234.1
11 35 3045.14 27373.4
11 36 3206.33 28347.3
11 37 3071.25 28567.7
11 38 3485.42 29829.5
11 39 3558.98 30067.2
11 40 3513.11 30862.5
11 41 4048.39 32573.7
11 42 3925.59 33901.2
11 43 4124.11 35423.9
11 44 4544.03 36940.3
11 45 4873.47 38588.1
11 46 4803.43 40882.7
11 47 5649.52 43966.7
11 48 5584.12 46978.1
11 49 6464.29 51491.2
11 50 7401.31 57253.3
11 51 8187.21 63358.6
11 52 9214.76 72300.7
11 53 13657.3 102122
11 54 11913 93016.5
11 55 10.7682 362.106
11 56 0.0513969 -5.39145
11 60 -1.74036 3.47686
11 61 12.329 24.0489
11 62 4.11304 2.72529
11 64 0.815403 1.47511
11 65 0.601952 1.06505
12 33 552.957 10720.6
12 34 1676.82 19368.9
12 35 2787.94 20751.4
12 36 3209.92 21338.7
12 37 3228.68 21845.8
12 38 3312.7 22419.6
12 39 3571.37 22761.4
12 40 3672.01 23579.9
12 41 3468.76 24344.2
12 42 3868.11 25519
12 43 3747.98 26635.4
12 44 3967.75 28885.5
12 45 4585.95 31624.9
12 46 4819.05 34345.6
12 47 5258.22 36174.8
12 48 5356.77 39052.8
12 49 5859.75 43459.9
12 50 6969.1 49311.7
12 51 7953.25 57132.3
12 52 9469.36 67929.1
12 53 13664.7 94812.3
12 54 11891.6 86509.3
12 55 23.4066 241.543
12 56 0.456723 1.80886
12 57 0.780408 2.91304
12 59 -0.173712 0.343144
12 60 -0.64393 1.25961
12 62 4.17324 -1.38191
12 63 5.39203 -0.492242
12 65 1.4913 2.66446
13 33 556.425 7545.43
13 34 1480.37 13497.3
13 35 2388.13 14544.8
13 36 2810.91 15534.9
13 37 2899.93 15829.5
13 38 3120.58 16352.2
13 39 3474.56 17438.2
13 40 3657.79 18186.4
13 41 3491.15 18808.7
13 42 3437.69 20232.1
13 43 3737.62 21331.3
13 44 3651.3 22322.8
13 45 4199.73 25129.7
13 46 4571.68 27619.9
13 47 4979.42 30102.3
13 48 5024.57 33141.6
13 49 5722.01 37323.2
13 50 6411.48 42019.6
13 51 7248.14 49732.8
13 52 9193.63 61860.3
13 53 13926.1 89035.4
13 54 11146.6 75939
13 55 42.2377 280.546
13 57 2.23603 11.4269
13 58 5.27823 1.92009
13 65 1.4953 2.84948
14 33 435.239 4677.23
14 34 1126.67 8461.52
14 35 2180.44 9687.25
14 36 2680.88 10319.4
14 37 2887.19 11049.4
14 38 2806.63 11667
14 39 3217.11 12575.1
14 40 3295.62 13135.5
14 41 3276.84 13793.7
14 42 3214.66 14842.6
14 43 3431.7 16200.9
14 44 3368.22 17692.1
14 45 3761.8 19739.8
14 46 4139.74 22110.4
14 47 4416.3 25081.1
14 48 4785.56 27987.2
14 49 5280.87 31574.6
14 50 5913.65 36563.5
14 51 6882.9 42954.5
14 52 8438.31 52820.2
14 53 14128.5 80795.5
14 54 11121.6 70539.2
14 55 12.5808 199.231
14 56 -3.19913 -1.96149
14 57 -11.9959 -1.70749
14 58 6.29631 20.1879
14 63 1.8623 7.579
14 65 -11.707 22.9388
14 66 -2.1487 3.33054
15 33 448.875 3181.97
15 34 1131.57 5866.37
15 35 1967.6 6697.86
15 36 2467.56 7526.01
15 37 2470.11 8096.18
15 38 2462.92 8194.91
15 39 2810.64 8992.56
15 40 2970.98 9790.37
15 41 3066.23 10442
15 42 2815.49 10983.3
15 43 3060.59 11914.1
15 44 3124.89 12944.5
15 45 3334.74 14845.1
15 46 3647.81 16859.4
15 47 3866.97 19185
15 48 4354.52 22020.5
15 49 4755.96 25729.3
15 50 5151.98 30268
15 51 6319.93 36675.7
15 52 7830.31 46536.7
15 53 12838.1 70932
15 54 10591.7 62708.8
15 55 9.71595 135.12
15 56 -17.5679 23.2075
15 57 -2.33071 -1.08326
15 59 0.380372 30.5562
15 60 11.0291 2.39939
15 61 28.653 -0.57182
15 63 8.5425 -0.406366
15 64 -1.47424 12.9057
15 65 -10.3514 12.8623
15 66 -3.0418 5.90042
16 33 340.527 1903.21
16 34 804.149 3681.12
16 35 1588.09 4303.24
16 36 2239.71 5131.82
16 37 2378.76 5597.56
16 38 2264.72 5707.11
16 39 2639.53 6433.46
16 40 2596.38 6962.58
16 41 2791.84 7729.4
16 42 2634.12 8317.59
16 43 2653.02 9003.4
16 44 2747.28 9959.92
16 45 2897.59 11553.3
16 46 3249.17 12954.5
16 47 3602.98 15072.3
16 48 3740.41 17579.6
16 49 4124.54 21152.6
16 50 4528.11 24781.6
16 51 5543.18 30656.7
16 52 7089.9 39010.6
16 53 12276.7 62428.2
16 54 9838.12 52288.5
16 55 9.42884 60.9154
16 57 -9.6957 0.362252
16 58 5.41092 -0.635477
16 59 9.00238 -2.69229
16 60 9.98482 26.0724
16 64 14.1283 15.4404
16 65 -5.19011 6.46326
16 66 -0.932471 6.6223
17 33 175.489 1055.51
17 34 857.656 2076.69
17 35 1252.12 2590.37
17 36 1940.51 3378.35
17 37 2132.58 4126.9
17 38 2097.45 4115.2
17 39 2375.39 4653.29
17 40 2383.73 5342.77
17 41 2697.36 6109.58
17 42 2510.89 6257.17
17 43 2609.54 7216.94
17 44 2610.28 7731.82
17 45 2692.73 8597.98
17 46 2890.95 10255.9
17 47 3243.83 11621.3
17 48 3333.67 13502.9
17 49 3525.09 16272
17 50 4084.05 20221
17 51 4898.96 25082.2
17 52 6468.3 32745.7
17 53 11124.3 54482.5
17 54 8890.12 45956.4
17 55 8.25039 45.6946
17 57 8.00586 6.76231
17 61 5.68772 1.66563
17 62 5.21759 13.4004
17 63 -7.76979 8.17676
17 64 4.73174 1.63493
17 65 18.3046 11.2771
17 66 -3.03196 4.74641
18 33 142.797 762.81
18 34 724.533 1486.45
18 35 1074.57 1831.45
18 36 1748.06 2501.29
18 37 1804.95 2864.45
18 38 2121.33 3407.95
18 39 2235.93 3618.79
18 40 2145.2 3903.63
18 41 2307.2 4430.81
18 42 2250.85 4659.84
18 43 2401.31 5211.91
18 44 2258.95 5735.27
18 45 2376.4 6437.9
18 46 2509.84 7927.97
18 47 2880.3 9122.57
18 48 2972.36 10739.4
18 49 3116.34 12829.2
18 50 3669.58 16408.4
18 51 4213.88 20131.2
18 52 5763.29 27426
18 53 9713.26 44109.1
18 54 7416.06 36462.8
18 55 10.3249 74.2132
18 56 1.32036 3.44901
18 57 10.0985 8.33595
18 58 0.85916 0.243046
18 59 4.68499 3.4892
18 60 -5.69345 -3.38241
18 61 1.66307 6.64529
18 63 -12.7327 12.9151
18 64 -5.11023 2.43684
18 65 0.548968 7.82671
18 66 -0.658337 0.638576
19 33 80.1386 361.317
19 34 651.249 825.604
19 35 848.461 1135.6
19 36 1585.32 1719.67
19 37 1777.88 2179.78
19 38 1839.8 2523.42
19 39 2021.83 2973.15
19 40 1912.83 3047.12
19 41 2231.16 3653.24
19 42 2183.41 3873.46
19 43 1992.98 3991.62
19 44 2094.71 4659.47
19 45 2080.51 5058.24
19 46 2121.96 5864.96
19 47 2483.05 7564.66
19 48 2586.73 8719.81
19 49 2635.07 9949.83
19 50 3125.2 12613.1
19 51 3885.73 16712.4
19 52 4997.24 22253.4
19 53 8650.38 38644.6
19 54 6315.87 31150.6
19 55 16.8584 65.8625
19 56 8.95178 10.5913
19 57 8.72062 -7.22525
19 58 2.45584 0.774084
19 60 -3.01643 -1.84869
19 61 -6.53824 0.75038
19 62 -4.96777 2.23955
19 63 -6.81625 6.4989
19 65 -2.98147 2.81304
20 33 117.703 220.835
20 34 521.312 510.525
20 35 751.577 775.55
20 36 1377.01 1306.23
20 37 1599.34 1810.44
20 38 1817.25 2145.52
20 39 2022.83 2515.57
20 40 1779.82 2427.69
20 41 2023.07 3048.59
20 42 1992.35 3260.76
20 43 1957.7 3536.96
20 44 1938.86 3705.19
20 45 1932.18 4207.3
20 46 1895.3 4521.39
20 47 2079.21 5606.17
20 48 2288.59 6876.18
20 49 2508.25 8320.59
20 50 2745.09 10226.9
20 51 3226.66 13026.3
20 52 4282.62 18147.4
20 53 7680.51 31437.5
20 54 5421.36 24954.8
20 55 11.6561 41.7769
20 56 -4.65945 15.2641
20 57 2.11151 5.17327
20 58 4.6825 1.78636
20 59 -7.21948 5.7686
20 60 0.538465 18.019
20 61 3.58997 3.94622
20 62 -2.15434 9.64322
20 63 -5.3799 5.15521
20 64 -5.55286 7.95131
20 65 -2.03077 1.96207
20 66 2.71199 6.42493
21 33 94.4651 80.5903
21 34 402.003 232.29
21 35 659.929 438.535
21 36 1051.57 877.817
21 37 1402.89 1398.88
21 38 1774.18 1859.76
21 39 1851.79 2098.05
21 40 1744.49 2116.14
21 41 1790.79 2538.87
21 42 1975.93 2949.65
21 43 1765.96 2937.77
21 44 1800.72 3094.09
21 45 1791.61 3544.06
21 46 1765.41 3963.5
21 47 1756.52 4413.05
21 48 2195.59 5751.29
21 49 2225.89 6597.88
21 50 2256.83 8191.07
21 51 2776.93 10758.9
21 52 3775.56 15078.9
21 53 6347.53 25229.9
21 54 4696.32 19866.7
21 55 -0.120678 7.43365
21 56 -3.12186 6.23105
21 57 5.3863 16.1074
21 58 4.42859 1.95618
21 59 1.40384 2.98612
21 60 7.92375 0.263478
21 62 1.93474 15.5939
21 63 -4.19761 6.31567
21 64 -9.62702 -3.04773
21 65 -3.53639 3.49592
21 66 0.650856 1.53881
22 33 110.733 44.7175
22 34 334.784 168.373
22 35 621.253 355.165
22 36 871.748 635.274
22 37 1320 1145.12
22 38 1593.65 1532.18
22 39 1629.9 1729.39
22 40 1685.21 2009.93
22 41 1718.98 2114.19
22 42 1635.16 2480.12
22 43 1741.38 2731.4
22 44 1794.47 2903.88
22 45 1669.39 3017.39
22 46 1628.89 3166.74
22 47 1548.08 3631.24
22 48 2025.52 4583.94
22 49 1898.33 5302.32
22 50 1950.38 6302.96
22 51 2370.98 8417.93
22 52 3106.72 12282.7
22 53 5660.55 21582.7
22 54 3699.4 14869.5
22 55 17.1225 18.8452
22 56 1.5239 2.63326
22 57 -0.310164 9.14805
22 58 6.47437 13.9674
22 59 11.2493 24.1051
22 60 4.78672 26.9077
22 62 2.23978 6.45893
22 63 4.05574 20.9499
22 64 2.91937 5.25645
22 65 1.99052 15.0518
22 66 -9.85558 15.8882
23 33 87.6718 31.8581
23 34 250.154 77.1584
23 35 540.091 291.552
23 36 877.125 571.298
23 37 1212.45 1017.47
23 38 1470.32 1354.84
23 39 1553.43 1606.16
23 40 1433.59 1714.17
23 41 1672.69 1955.44
23 42 1521.36 2040.89
23 43 1601.91 2475.98
23 44 1748.09 2673.65
23 45 1513.48 2575.73
23 46 1446.02 2886.42
23 47 1536.23 3222.09
23 48 1721.36 3680.15
23 49 1766.17 4432.76
23 50 1598.15 4905.2
23 51 1986.89 6577.44
23 52 2576.3 9395.68
23 53 5081.48 18485.1
23 54 2895.15 11689.1
23 55 -10.0188 11.4536
23 56 -1.68032 5.8485
23 57 11.4037 9.9473
23 58 3.45615 7.81366
23 59 0.723523 4.02085
23 60 8.36636 11.592
23 62 4.32366 4.91962
23 63 9.86507 13.9314
23 64 5.14448 3.57862
23 65 4.2835 0.53149
24 33 45.3508 7.96644
24 34 239.454 75.1957
24 35 369.1 144.553
24 36 768.971 475.894
24 37 1084.67 887.914
24 38 1337.22 1151.38
24 39 1442.03 1427.63
24 40 1405.78 1607.01
24 41 1420.91 1702.34
24 42 1529.24 1931.97
24 43 1525.78 2292.78
24 44 1631.49 2447.35
24 45 1538.41 2501.68
24 46 1335.18 2338.68
24 47 1464.18 2802.42
24 48 1450.27 3031.88
24 49 1626.24 3597.02
24 50 1499.25 4155.68
24 51 1702.09 5354.97
24 52 2230.21 7951.38
24 53 4417.07 14773.5
24 54 2315.79 8794.99
24 55 -10.7021 10.8427
24 56 24.2587 3.39775
24 57 -5.34126 4.78568
24 58 6.47195 9.60399
24 59 11.4376 6.94321
24 60 4.17662 12.1601
24 61 -8.29213 6.15757
24 62 7.62989 3.03197
24 63 7.53573 16.9514
24 64 -6.96445 22.7501
24 65 -2.23686 2.27968
25 33 30.035 -7.20516
25 34 216.786 -1.04286
25 35 410.552 139.012
25 36 654.615 376.202
25 37 980.256 712.576
25 38 1191.84 1030.36
25 39 1253.3 1274.92
25 40 1372.51 1479.91
25 41 1413.08 1670.27
25 42 1425.17 1746.68
25 43 1396.11 1922.33
25 44 1461.02 2110.71
25 45 1321.13 2072.34
25 46 1275.26 2222.5
25 47 1241.96 2320.9
25 48 1308.77 2683.65
25 49 1385.34 3135.52
25 50 1487.6 3711.02
25 51 1420.41 4144.59
25 52 2014.83 6382.73
25 53 3596.19 11794.7
25 54 2046.64 7664.93
25 55 9.04364 28.2754
25 56 -14.6446 9.61553
25 57 -1.04048 7.50405
25 58 -14.2493 28.1712
25 59 18.8573 17.1181
25 60 -14.354 15.5559
25 63 7.50355 16.7116
25 64 9.24501 5.95615
26 33 32.342 2.45429
26 34 168.36 28.554
26 35 303.229 97.2548
26 36 666.132 389.492
26 37 883.577 654.207
26 38 1005.08 861.348
26 39 1244.05 1224.4
26 40 1267.99 1329.71
26 41 1313.14 1518.36
26 42 1395.21 1694.22
26 43 1231.34 1697.74
26 44 1308.31 1951.87
26 45 1242 2051.2
26 46 1210.57 2112.67
26 47 1133.04 2137.84
26 48 1152.41 2347.36
26 49 1122.11 2247.63
26 50 1384.74 3187.09
26 51 1213.98 3468.99
26 52 1535.33 4584.92
26 53 3076.9 9770.55
26 54 1544.32 5766.34
26 55 4.10526 59.9926
26 56 1.16597 6.95233
26 57 9.27523 -8.28716
26 58 -11.7223 6.02974
26 59 -5.26364 2.59715
26 60 3.68957 16.333
26 61 -2.12843 10.2577
26 62 -11.6773 1.95538
26 63 1.01928 1.41092
26 64 12.7719 10.0984
27 33 34.1838 -4.57043
27 34 145.867 11.505
27 35 238.145 61.7811
27 36 544.752 307.743
27 37 735.47 531.001
27 38 900.713 745.278
27 39 1105.8 990.62
27 40 1166.3 1202.05
27 41 1108.84 1285.46
27 42 1266.22 1608.67
27 43 1188.69 1562.63
27 44 1208.88 1684.97
27 45 1190.72 1838.54
27 46 1052.38 1748.79
27 47 1042.42 1939.42
27 48 951.84 1722.53
27 49 1119.53 2281.27
27 50 1190.57 2402.86
27 51 1214.2 3218.09
27 52 1354.01 3841.2
27 53 2465.59 7336.81
27 54 1275.3 4319.69
27 55 6.11535 16.5958
27 56 4.43222 39.6007
27 57 -2.41653 30.0078
27 59 1.47199 1.65678
27 60 -11.0944 10.3724
27 61 5.90918 15.4924
27 64 26.5114 7.70912
28 33 14.7529 3.08643
28 34 116.04 28.6799
28 35 242.477 68.205
28 36 486.916 249.04
28 37 632.255 410.379
28 38 772.636 669.785
28 39 1028.23 945.322
28 40 1249.02 1206.79
28 41 1103.63 1170.79
28 42 1189.94 1425.18
28 43 1112.21 1565.18
28 44 1115.75 1593.2
28 45 1202.5 1801.85
28 46 1000.99 1571.22
28 47 1085.97 1944.77
28 48 987.151 1801.26
28 49 936.211 1848.8
28 50 933.175 2056.08
28 51 1047.32 2531.82
28 52 1211.67 3371.58
28 53 1947.38 5833.22
28 54 782.08 2681.7
28 55 10.3792 -6.91913
28 56 19.535 15.4114
28 57 1.81356 6.83444
28 58 16.0914 4.60898
28 59 -4.76109 4.26055
28 60 7.20703 1.31543
28 61 13.2734 15.7959
28 62 0.425206 0.94223
28 63 -3.5693 15.2141
28 64 15.34 2.01204
28 65 11.7811 16.2778
29 33 7.6148 -0.848182
29 34 92.0058 14.3993
29 35 205.539 70.3481
29 36 314.413 166.097
29 37 633.213 397.833
29 38 654.969 561.812
29 39 959.916 861.544
29 40 1137.23 1093.43
29 41 1010.3 1060.58
29 42 1063.07 1208.93
29 43 987.066 1275.48
29 44 977.211 1351.46
29 45 1117.76 1640.59
29 46 936.097 1487.23
29 47 928.884 1591.15
29 48 952.015 1685.32
29 49 887.068 1667.07
29 50 856.299 1857.56
29 51 903.671 2059.85
29 52 939.51 2491.84
29 53 1674.59 4827.53
29 54 553.559 1901.59
29 55 -1.67751 25.0197
29 57 0.960666 1.73993
29 58 2.43564 8.88792
29 59 7.04644 11.8241
29 60 17.3489 2.73765
29 61 7.79146 12.5712
29 62 -15.1129 50.3028
29 63 -4.55997 21.9868
29 64 25.099 -2.73985
29 65 -10.0965 -0.292808
30 33 17.6239 -2.66633
30 34 55.269 -4.51236
30 35 165.213 47.2854
30 36 370.562 166.92
30 37 539.564 356.99
30 38 677.764 533.907
30 39 840.292 779.621
30 40 1036.81 1012.3
30 41 913.71 985.566
30 42 1012.65 1148.21
30 43 875.644 1153.35
30 44 921.056 1260.82
30 45 1088.8 1510.84
30 46 983.028 1477.68
30 47 791.848 1405.7
30 48 879.656 1584.77
30 49 822.285 1527.51
30 50 769.836 1683.07
30 51 829.96 1842.66
30 52 925.139 2370.38
30 53 1137.36 3263.12
30 54 439.769 1420.01
30 55 7.86145 7.22659
30 56 -4.86283 30.7003
30 57 -10.6408 0.404084
30 58 1.33189 2.43161
30 59 6.04245 14.3516
30 60 10.6209 10.1082
30 61 14.0014 12.031
30 62 0.580778 23.7177
30 63 -5.32346 0.549613
30 64 2.10475 3.02963
30 65 -8.17373 -0.0815433
30 66 1.5733 7.03431
31 33 17.0321 -1.93796
31 34 61.8223 -6.76593
31 35 101.289 21.9591
31 36 256.249 120.538
31 37 515.863 323.021
31 38 588.775 493.649
31 39 736.961 630.364
31 40 888.39 858.046
31 41 794.793 909.499
31 42 965.395 1076.81
31 43 821.918 1074.63
31 44 977.584 1251.62
31 45 972.241 1267.87
31 46 979.5 1456.17
31 47 738.323 1248.04
31 48 704.869 1257.55
31 49 768.261 1448.47
31 50 659.425 1313.92
31 51 734.18 1590.36
31 52 805.304 1925.26
31 53 1064.2 3069.24
31 54 331.459 1028.77
31 55 -0.827923 -4.08101
31 56 1.00249 6.3493
31 57 10.8749 15.8682
31 58 12.9398 5.60882
31 59 13.5404 4.5406
31 60 8.59058 17.6027
31 61 -6.02811 -2.08953
31 62 -2.00067 6.29119
31 63 -1.30208 34.9998
31 64 -0.858731 0.843933
31 65 8.57334 2.9363
32 33 5.77784 -0.980916
32 34 56.9102 7.32999
32 35 104.253 28.2209
32 36 289.468 116.677
32 37 486.857 269.455
32 38 551.267 428.399
32 39 709.609 571.02
32 40 837.074 823.138
32 41 878.781 955.737
32 42 879.017 958.519
32 43 807.745 992.433
32 44 852.379 1151.16
32 45 847.572 1153.44
32 46 830.033 1253.31
32 47 664.769 1098.23
32 48 617.395 1192.76
32 49 655.007 1264.68
32 50 624.389 1199.34
32 51 665.417 1491.21
32 52 841.57 1811.93
32 53 964.329 2786.37
32 54 293.734 1001.29
32 55 -0.157927 9.18825
32 56 18.872 1.33915
32 57 5.52677 11.243
32 58 6.11235 25.3181
32 59 7.49113 -0.561322
32 60 -2.459 0.467791
32 61 6.96929 24.1735
32 62 -1.15855 -3.21015
32 63 5.16501 13.9282
32 64 -2.02199 6.49296
32 65 9.29005 -0.508618
33 33 -3.63241 -7.50462
33 34 45.1921 13.5365
33 35 96.2161 40.463
33 36 194.782 85.5438
33 37 391.678 234.473
33 38 505.191 376.908
33 39 645.193 524.01
33 40 818.117 763.357
33 41 802.544 823.336
33 42 794.645 858.889
33 43 706.141 920.232
33 44 807.789 1086.25
33 45 855.01 1058.95
33 46 786.325 1054.86
33 47 658.409 1040.41
33 48 627.168 1148.05
33 49 575.612 1093.31
33 50 530.579 1157.29
33 51 567.248 1303.75
33 52 695.336 1559.69
33 53 814.629 2023.82
33 54 173.853 513.339
33 55 8.49746 5.31157
33 56 13.402 3.2209
33 57 34.3457 6.45827
33 58 15.2213 22.2966
33 59 8.76969 23.9147
33 60 -0.770887 -3.07862
33 61 3.83889 9.68672
33 62 -0.172355 1.58058
33 63 -1.64583 10.3586
33 64 -10.7721 9.53996
33 65 10.4534 -1.42906
34 33 8.09233 -0.873021
34 34 33.089 2.81488
34 35 85.2605 33.4132
34 36 158.001 67.0241
34 37 318.631 185.955
34 38 450.966 347.796
34 39 516.649 415.961
34 40 685.791 626.552
34 41 757.13 827.894
34 42 759.347 850.62
34 43 664.076 849.005
34 44 777.888 954.188
34 45 801.767 1016.37
34 46 751.108 1137.34
34 47 662.367 964.867
34 48 563.426 951.32
34 49 535.318 941.175
34 50 497.052 1028.75
34 51 511.094 1136.6
34 52 618.449 1402.3
34 53 665.916 1771
34 54 156.448 432.765
34 55 0.4097 -0.652236
34 56 0.05287 6.81469
34 57 26.0888 19.9613
34 58 12.0558 7.06223
34 59 23.305 21.9578
34 60 3.76391 6.27854
34 61 -0.732561 0.337684
34 62 -4.58927 3.17559
34 63 -4.84434 4.84706
34 64 -11.7728 -4.86922
34 65 -12.9704 15.7323
34 66 -4.47573 3.1199
35 33 11.3773 -0.78567
35 34 16.796 2.15632
35 35 95.1969 35.1717
35 36 121.577 69.1343
35 37 271.115 151.069
35 38 396.878 270.841
35 39 469.429 389.111
35 40 598.207 520.961
35 41 722.684 733.627
35 42 696.876 775.605
35 43 668.651 828.952
35 44 722.306 953.288
35 45 736.373 932.298
35 46 769.495 1092.14
35 47 610.506 951.827
35 48 455.945 797.504
35 49 513.236 889.5
35 50 424.231 764.449
35 51 464.162 944.573
35 52 503.936 1154.52
35 53 582.682 1457.35
35 54 70.1715 228.621
35 55 5.07006 1.99928
35 56 6.44835 -0.433622
35 57 2.38581 2.32931
35 58 13.7893 11.5605
35 59 14.4934 13.6491
35 60 -16.1286 -5.08773
35 61 6.7194 12.4367
35 62 -2.51702 1.7457
35 63 -1.52035 1.60846
35 65 -1.31792 6.60302
36 33 9.75733 -0.808219
36 34 20.6487 2.37068
36 35 92.2095 27.0389
36 36 140.23 74.0634
36 37 276.366 164.355
36 38 333.369 234.24
36 39 476.173 388.243
36 40 487.495 436.746
36 41 637.671 633.163
36 42 672.199 729.361
36 43 637.377 731.281
36 44 675.197 852.511
36 45 741.741 992.733
36 46 636.493 914.683
36 47 562.776 812.665
36 48 425.579 700.805
36 49 462.809 824.426
36 50 447.825 845.355
36 51 338.407 656.737
36 52 461.155 1039.57
36 53 596.986 1464.93
36 54 85.3448 252.033
36 55 3.91026 14.7192
36 56 11.0416 8.97373
36 57 5.0226 36.8267
36 58 10.8966 9.64582
36 60 -1.45118 7.78986
36 61 -0.715748 21.415
36 62 2.46233 10.9702
36 63 2.48869 7.96121
36 65 17.5665 10.1931
36 66 3.94713 2.45385
37 33 14.3922 -0.747258
37 34 22.8484 0.0688381
37 35 78.6008 27.1404
37 36 134.34 52.5401
37 37 250.336 138.538
37 38 353.058 248.96
37 39 457.106 350.862
37 40 500.826 444.806
37 41 541.331 498.728
37 42 628.955 671.044
37 43 624.625 723.877
37 44 642.437 834.116
37 45 682.765 883.058
37 46 531.99 776.999
37 47 532.402 772.612
37 48 411.057 668.545
37 49 355.164 598.592
37 50 429.084 796.376
37 51 305.369 617.708
37 52 368.769 817.575
37 53 538.888 1368.54
37 54 116.348 330.482
37 55 33.0792 23.4287
37 56 -1.70871 11.358
37 57 7.7883 6.48975
37 58 27.0338 26.7315
37 59 -13.6132 5.30031
37 60 0.551991 12.2165
37 61 -2.26941 23.6345
37 62 17.6668 25.3879
37 63 2.91703 3.92336
37 64 -5.18168 0.0212268
37 65 2.07192 8.63823
38 33 22.2517 -2.80234
38 34 30.2447 2.55955
38 35 73.6415 26.2523
38 36 94.8392 43.2383
38 37 195.87 116.713
38 38 322.382 217.677
38 39 365.364 267.017
38 40 409.101 365.432
38 41 541.979 492.337
38 42 508.635 547.332
38 43 601.599 700.62
38 44 502.186 661.764
38 45 734.056 954.536
38 46 554.498 780.491
38 47 532.332 769.725
38 48 419.581 627.867
38 49 354.039 549.37
38 50 342.805 629.677
38 51 377.419 618.413
38 52 336.098 704.409
38 53 390.502 927.421
38 54 70.4138 133.28
38 55 12.0046 9.84679
38 56 7.02763 10.9898
38 57 11.4009 19.5806
38 58 6.58933 7.7066
38 59 -11.2056 18.9123
38 60 24.5794 19.2978
38 61 1.74188 1.72297
38 62 2.16483 7.74037
38 63 17.3121 19.0756
38 64 4.3456 5.17884
38 65 0.470653 2.00413
38 66 1.64965 7.1768
39 33 4.0901 -1.71964
39 34 14.1167 -3.70827
39 35 63.411 25.8234
39 36 99.3953 40.4044
39 37 193.794 87.5925
39 38 281.871 194.178
39 39 365.083 252.488
39 40 393.999 320.576
39 41 493.066 466.388
39 42 494.139 504.384
39 43 526.097 637.377
39 44 504.718 688.46
39 45 614.413 775.371
39 46 525.228 713.213
39 47 455.727 685.987
39 48 446.483 686.593
39 49 307.691 544.007
39 50 298.202 520.549
39 51 262.924 526.283
39 52 261.23 509.059
39 53 277.746 646.405
39 54 44.0417 78.5248
39 55 3.87972 5.53651
39 56 24.3579 29.0648
39 57 10.2454 6.25764
39 59 0.44906 1.90345
39 60 7.96502 7.05924
39 61 -1.64368 3.6371
39 62 6.59283 1.49343
39 64 5.26906 16.0861
39 65 0.413661 0.558995
39 66 2.44485 5.48163
40 33 1.8794 4.19195
40 34 29.3696 -6.34888
40 35 55.9183 14.716
40 36 102.964 35.2167
40 37 162.834 82.6839
40 38 248.563 152.971
40 39 313.63 242.638
40 40 363.902 299.458
40 41 391.278 362.543
40 42 450.365 451.326
40 43 525.59 607.947
40 44 449.905 543.536
40 45 577.094 751.945
40 46 493.517 719.644
40 47 455.768 686.233
40 48 416.581 556.682
40 49 257.98 512.867
40 50 287.996 494.576
40 51 201.283 416.812
40 52 191.207 446.231
40 53 255.966 589.585
40 54 25.322 98.696
40 55 2.41322 8.61625
40 56 23.6171 44.3153
40 57 25.8783 18.5216
40 58 -9.70985 -1.43145
40 59 -9.10828 7.17955
40 60 4.60983 1.7576
40 61 6.78951 3.32067
40 62 -1.18306 1.16159
40 63 5.53706 2.35363
40 65 -0.28891 6.7691
40 66 5.70319 8.17244
41 33 3.90159 2.04948
41 34 24.5645 -0.210673
41 35 60.7794 1.47983
41 36 77.4792 37.3858
41 37 119.586 57.4728
41 38 270.687 177.267
41 39 245.291 166.243
41 40 339.913 276.929
41 41 406.879 395.856
41 42 400.468 403.175
41 43 518.555 610.801
41 44 456.061 535.394
41 45 472.239 623.261
41 46 486.149 646.362
41 47 393.814 589.279
41 48 413.44 603.912
41 49 296.399 528.539
41 50 224.667 375.972
41 51 227.67 361.082
41 52 180.809 352.338
41 53 166.593 345.992
41 54 -0.891807 28.7919
41 55 -12.5982 19.1956
41 56 17.2116 13.9513
41 57 6.9835 5.42868
41 58 -7.10195 6.34537
41 59 -1.27915 5.93551
41 60 15.3704 5.1823
41 61 18.9073 -5.56485
41 62 -0.814021 2.00438
41 65 3.28002 9.85501
42 33 -4.75334 11.2264
42 34 24.9843 -10.1786
42 35 31.4746 14.0594
42 36 51.0686 19.271
42 37 108.149 47.4785
42 38 202.334 115.789
42 39 229.943 156.857
42 40 307.032 239.482
42 41 471.66 371.382
42 42 441.085 444.83
42 43 393.677 475.849
42 44 484.054 547.279
42 45 374.433 493.128
42 46 471.909 684.039
42 47 397.294 502.582
42 48 382.491 591.62
42 49 253.75 437.259
42 50 225.292 379.521
42 51 200.469 322.555
42 52 181.105 357.641
42 53 95.773 294.539
42 54 8.69928 7.8726
42 55 -9.90114 -1.03015
42 56 15.7781 5.94955
42 57 3.61317 -0.362838
42 61 14.5079 3.31597
42 62 -3.69202 28.1234
42 63 15.4647 2.33999
42 64 -1.16335 5.45654
42 65 4.25776 4.99977
43 33 2.7719 -0.35159
43 34 7.02628 8.45405
43 35 16.4544 10.2796
43 36 45.0227 16.7829
43 37 112.615 56.874
43 38 172.96 85.4482
43 39 187.328 126.008
43 40 303.159 244.787
43 41 325.408 259.01
43 42 365.709 289.35
43 43 333.617 401.241
43 44 469.764 522.053
43 45 370.171 470.543
43 46 438.541 641.594
43 47 331.729 454.987
43 48 365.715 498.48
43 49 248.897 433.631
43 50 205.894 367.895
43 51 162.827 292.631
43 52 100.519 221.623
43 53 56.8751 207.362
43 54 3.79186 21.1558
43 55 6.71227 14.1913
43 57 3.77732 -0.461305
43 58 -17.9824 0.338019
43 59 3.80778 -3.76964
43 60 -4.51333 15.1367
43 61 -1.61271 1.88868
43 62 -4.86387 14.7025
43 64 4.58793 6.05731
44 33 2.07808 -0.230934
44 34 8.96151 -0.125623
44 35 28.5161 5.35996
44 36 47.9716 16.7231
44 37 91.1523 49.5459
44 38 138.593 70.9034
44 39 199.542 128.14
44 40 256.505 197.753
44 41 297.428 240.613
44 42 332.164 298.693
44 43 337.097 381.703
44 44 485.842 547.577
44 45 368.812 435.818
44 46 434.441 532.558
44 47 298.758 390.069
44 48 333.961 426.888
44 49 228.869 386.63
44 50 164.239 309.149
44 51 139.525 243.813
44 52 92.7148 156.44
44 53 61.489 121.962
44 54 3.14812 15.9541
44 55 -0.0573001 4.89588
44 56 -4.34212 3.66988
44 57 -10.6525 44.2057
44 58 13.341 2.7957
44 59 18.6764 2.73721
44 60 -9.30275 20.8469
44 61 -4.00326 4.26193
44 62 1.58442 1.65038
44 64 -10.8664 -1.29064
44 65 -3.84533 19.8898
45 33 2.42974 -0.248207
45 34 16.3174 0.148027
45 35 15.1126 4.52419
45 36 22.5674 6.4386
45 37 92.8791 47.3047
45 38 120.733 65.7351
45 39 224.758 140.266
45 40 234.739 165.127
45 41 221.58 196.885
45 42 255.315 227.242
45 43 319.516 333.988
45 44 403.065 447.248
45 45 360.837 441.599
45 46 271.472 384.396
45 47 343.651 476.97
45 48 275.187 343.131
45 49 245.269 359.517
45 50 145.659 279.898
45 51 103.582 178.357
45 52 111.433 224.028
45 53 48.852 96.1266
45 54 10.9016 12.9892
45 55 7.047 5.69446
45 56 -4.50325 9.7296
45 57 -2.0445 17.9294
45 59 5.3347 28.0945
45 60 -5.19108 6.46106
45 61 -1.14143 1.03553
45 62 0.772828 0.813057
45 63 3.71475 2.43449
45 65 19.5417 13.79
46 33 2.10449 -0.255287
46 34 7.50993 -1.55757
46 35 15.6404 6.80815
46 36 25.2988 7.84705
46 37 85.2243 35.2181
46 38 115.821 48.3029
46 39 170.459 144.031
46 40 211.279 154.366
46 41 284.574 233.944
46 42 251.408 235.362
46 43 274.733 306.288
46 44 339.357 361.202
46 45 321.982 431.561
46 46 354.132 440.647
46 47 295.698 393.491
46 48 219.049 291.96
46 49 238.308 332.245
46 50 102.329 200.676
46 51 107.557 176.102
46 52 122.219 215.072
46 53 42.8866 146.561
46 54 -10.0161 8.74726
46 55 9.72489 5.96085
46 56 -11.6492 10.7261
46 57 1.77539 12.7272
46 58 -3.14248 7.21656
46 59 6.68673 8.64429
46 60 4.12918 2.53053
46 61 -10.2359 1.23533
46 62 2.76428 -0.650441
46 63 -5.14675 3.03897
46 65 2.66024 2.88587
47 33 -18.4618 -2.60185
47 34 15.2833 -5.52919
47 35 16.2626 6.80072
47 36 26.1885 6.16837
47 37 62.1999 36.7744
47 38 93.5904 52.2444
47 39 126.659 89.3876
47 40 225.184 151.171
47 41 187.747 152.121
47 42 235.753 226.153
47 43 240.09 219.436
47 44 328.849 380.711
47 45 253.714 257.101
47 46 296.197 367.869
47 47 244.693 326.928
47 48 239.123 370.961
47 49 196.693 326.311
47 50 87.0365 177.314
47 51 87.5647 176.391
47 52 98.3745 203.259
47 53 58.5675 117.767
47 54 -3.56524 4.43348
47 55 13.9304 10.4487
47 56 -7.88167 7.1095
47 57 21.1106 6.59009
47 58 -12.0627 15.4041
47 61 -14.1857 8.07786
47 62 16.9596 2.92389
47 63 -4.60493 5.63944
47 64 11.8786 7.79923
47 65 2.94174 3.40273
48 33 -1.82918 -2.52286
48 34 17.4057 -5.11431
48 35 12.2069 1.79522
48 36 37.8474 10.2026
48 37 93.1422 60.0583
48 38 133.944 63.9952
48 39 134.666 77.2005
48 40 231.053 179.364
48 41 269.366 184.611
48 42 236.302 180.252
48 43 180.209 198.821
48 44 201.136 247.023
48 45 236.681 265.54
48 46 257.729 342.959
48 47 240.731 272.494
48 48 208.314 276.525
48 49 164.42 272.69
48 50 92.8998 153.069
48 51 72.9924 144.056
48 52 118.468 216.118
48 53 49.9729 86.3167
48 54 5.61737 -0.789943
48 55 4.92513 15.677
48 56 4.86836 4.7113
48 57 6.36169 14.3623
48 58 2.79852 -15.0948
48 59 -0.183928 12.9994
48 60 -10.7542 -1.68731
48 61 2.7666 3.59403
48 62 4.21017 -4.02811
48 64 3.31316 4.33088
48 65 3.1276 3.72302
48 66 3.32495 4.52594
49 33 1.35168 1.47786
49 34 12.9737 -9.37045
49 35 21.1427 5.08425
49 36 19.7507 7.14661
49 37 63.7897 33.9614
49 38 58.1035 51.8792
49 39 115.635 61.9569
49 40 171.813 145.105
49 41 217.064 172.469
49 42 191.483 168.593
49 43 191.811 168.77
49 44 134.885 145.895
49 45 220.648 274.781
49 46 244.232 264.763
49 47 199.646 298.055
49 48 231.962 308.059
49 49 151.312 252.013
49 50 118.669 170.229
49 51 48.302 67.5437
49 52 83.6682 152.754
49 53 29.3815 47.8162
49 55 10.7659 7.79479
49 56 -9.37222 13.1942
49 57 7.9319 -5.75054
49 59 -5.34515 9.08478
49 60 -1.53118 -0.911794
49 61 1.4293 0.438668
49 62 -10.4646 -1.01195
49 63 -1.31782 6.7388
49 65 3.27482 4.13172
50 33 1.01707 1.0925
50 34 11.0973 -19.191
50 35 4.41858 -0.267052
50 36 15.3835 7.24861
50 37 89.9571 27.2282
50 38 74.6161 41.5772
50 39 147.232 77.2201
50 40 165.418 111.348
50 41 195.64 160.268
50 42 184.877 168.455
50 43 195.218 176.717
50 44 135.589 152.329
50 45 203.255 269.368
50 46 213.194 258.36
50 47 178.627 251.396
50 48 145.07 190.581
50 49 123.077 188.522
50 50 141.711 177.464
50 51 48.0505 65.0617
50 52 71.4154 137.463
50 53 32.0887 55.684
50 55 -1.41387 2.0875
50 56 5.74892 10.6487
50 58 4.71679 -3.57606
50 59 -4.95285 -0.998609
50 60 7.12898 1.76986
50 61 2.27858 0.2367
50 62 22.6813 5.74859
50 64 -5.37312 -2.9759
50 65 7.01501 29.681
50 66 3.89061 4.88534
51 33 1.08372 1.18033
51 35 12.153 0.0482608
51 36 18.045 3.68624
51 37 45.2999 8.61162
51 38 28.4929 17.2398
51 39 126.108 58.5153
51 40 158.032 117.789
51 41 199.237 167.343
51 42 165.761 135.425
51 43 161.389 149.487
51 44 88.2681 92.6177
51 45 149.912 217.917
51 46 165.319 202.692
51 47 179.959 223.205
51 48 136.119 141.284
51 49 152.593 202.064
51 50 76.3696 116.03
51 51 85.867 97.8871
51 52 40.0392 53.701
51 53 18.5957 34.7041
51 54 7.7498 2.63668
51 55 10.7795 17.0714
51 56 8.75093 12.0956
51 57 16.2759 -0.338082
51 58 13.9716 4.13286
51 59 2.72057 4.09916
51 60 -8.83738 -2.29478
51 61 4.13258 -4.84173
51 62 5.26455 7.83033
51 63 4.20732 5.9477
51 64 13.5621 1.47792
51 65 7.38988 33.1801
51 66 3.71098 5.21286
52 34 2.20787 2.43409
52 35 8.27187 -0.244806
52 36 20.832 4.45712
52 37 41.015 22.6179
52 38 42.0498 16.8184
52 39 86.2289 54.4098
52 40 178.772 123.282
52 41 170.346 152.505
52 42 172.08 126.512
52 43 139.314 126.964
52 44 104.333 93.021
52 45 191.709 204.001
52 46 141.555 172.263
52 47 133.241 184.512
52 48 152.215 193.154
52 49 128.948 158.813
52 50 82.989 114.75
52 51 119.067 144.948
52 52 42.7679 59.287
52 53 29.0303 28.6777
52 55 -7.6767 13.6692
52 56 9.6383 7.82995
52 57 3.92991 11.7523
52 61 3.77161 0.38051
52 62 5.81013 7.89717
52 63 13.7395 11.7928
52 65 -0.154981 9.8286
52 66 19.3373 15.0049
53 34 0.193478 0.2152
53 35 23.2182 3.40231
53 36 11.2586 6.37089
53 37 29.6593 16.0864
53 38 19.0704 8.88718
53 39 78.5974 50.7215
53 40 149.498 69.2415
53 41 128.066 115.762
53 42 150.396 130.86
53 43 173.665 154.447
53 44 120.463 121.095
53 45 151.348 187.696
53 46 179.638 183.542
53 47 106.227 138.543
53 48 105.807 128.411
53 49 94.108 134.536
53 50 61.7768 72.7921
53 51 75.6769 103.73
53 52 49.4629 72.1634
53 53 4.44666 -0.0617398
53 54 5.55169 9.63338
53 55 -2.62435 7.09258
53 56 2.91073 3.32488
53 57 8.34812 3.66523
53 58 -9.02586 -2.23138
53 59 -9.56994 -8.97775
53 61 1.40844 0.156485
53 62 12.9577 17.7391
53 63 -2.93665 1.3573
53 65 -3.17136 -9.60845
53 66 4.32696 6.74145
54 33 4.90942 3.64701
54 34 5.48485 6.32937
54 35 10.9462 -0.683028
54 36 18.1697 3.95077
54 37 8.05109 3.53787
54 38 39.9239 22.706
54 39 75.4011 43.5893
54 40 124.277 51.0176
54 41 127.341 87.0666
54 42 172.319 138.948
54 43 172.127 148.256
54 44 101.993 108.618
54 45 117.996 142.867
54 46 140.009 152.1
54 47 98.4089 124.184
54 48 74.4309 86.4235
54 49 107.845 147.739
54 50 48.0413 73.8455
54 51 67.9057 81.0034
54 52 41.7367 39.747
54 53 14.1134 16.0699
54 54 11.478 5.73803
54 55 -11.9181 7.14182
54 56 -1.64682 2.4278
54 57 20.8312 4.85561
54 59 1.49607 2.98689
54 60 1.39191 2.91203
54 61 4.02098 0.610179
54 63 -13.9488 7.17334
54 65 5.26691 0.431302
55 33 3.34835 -3.43824
55 34 5.5305 -1.47622
55 35 9.89261 1.35581
55 36 21.7078 2.11024
55 37 13.3896 5.99312
55 38 39.7517 22.7548
55 39 80.2158 43.6416
55 40 62.5098 40.3721
55 41 71.2034 57.8676
55 42 151.025 129.032
55 43 119.535 86.6693
55 44 141.296 105.819
55 45 107.231 148.617
55 46 149.629 154.805
55 47 84.2802 100.314
55 48 98.1116 107.328
55 49 146.142 183.675
55 50 33.2813 40.0407
55 51 47.6699 41.3708
55 52 62.875 40.2774
55 53 11.2872 -3.75886
55 54 -0.782779 -1.65228
55 55 -0.0151295 0.0208448
55 56 3.89501 4.05178
55 57 11.1945 12.7309
55 58 11.9966 0.0593126
55 59 9.52934 -7.26056
55 60 14.2113 11.1324
55 61 7.84523 -3.79062
55 62 3.71459 2.89741
55 63 -4.92577 2.22183
55 66 -9.69131 5.84956
56 33 8.03013 -7.90887
56 34 2.11154 2.12579
56 35 16.1254 -1.32029
56 36 28.8778 9.51835
56 37 2.31148 -1.72265
56 38 23.2255 12.1752
56 39 50.3425 36.2885
56 40 38.8681 25.9591
56 41 104.843 75.8855
56 42 118.878 88.3621
56 43 85.6608 62.5986
56 44 127.371 123.244
56 45 95.6268 128.517
56 46 137.608 148.415
56 47 99.9806 110.81
56 48 86.4321 111.015
56 49 93.963 127.178
56 50 82.4471 93.3664
56 51 47.8793 43.4467
56 52 32.3715 33.3432
56 53 6.87567 -0.561928
56 54 3.13071 2.63384
56 56 1.07234 1.01313
56 57 15.8432 14.1649
56 58 2.21993 5.7313
56 59 -8.37637 -7.75126
56 60 4.39538 10.4789
56 61 0.0625298 -3.05603
56 63 -4.60576 1.90797
56 66 -4.96458 0.551835
57 33 14.735 -2.49979
57 34 -3.19089 0.825673
57 35 19.8171 -4.05937
57 36 14.1567 2.28484
57 37 22.7646 17.8022
57 38 11.031 6.30118
57 39 55.799 38.2592
57 40 33.8669 22.0387
57 41 84.355 56.1059
57 42 77.3044 79.8805
57 43 98.3633 88.7436
57 44 114.47 96.5402
57 45 96.2234 90.8068
57 46 157.056 144.601
57 47 91.9338 157.524
57 48 94.9204 122.632
57 49 38.762 50.8442
57 50 76.6029 101.118
57 51 59.198 53.396
57 52 28.1617 36.4603
57 53 10.2746 -0.120113
57 54 16.6074 12.3503
57 56 -6.68671 -6.84854
57 57 10.7477 7.2046
57 58 -1.15665 11.2238
57 59 -5.08072 -3.07502
57 60 9.03554 8.75408
57 61 14.2222 7.11225
57 62 -11.4856 -2.35491
57 63 0.367484 0.709315
57 65 -7.86424 10.616
57 66 -2.72454 17.8045
58 33 4.28994 -4.1033
58 35 12.5781 1.31301
58 36 16.743 2.94343
58 37 27.656 19.1523
58 38 14.5547 0.606109
58 39 28.7512 28.4365
58 40 38.3483 25.2826
58 41 85.8848 64.4989
58 42 107.974 80.3553
58 43 77.0804 77.9024
58 44 57.3271 73.8408
58 45 96.3667 80.3648
58 46 115.004 113.099
58 47 120.243 151.392
58 48 70.9448 89.2186
58 49 56.1791 51.3581
58 50 72.3217 121.324
58 51 46.7883 51.2175
58 52 20.5244 24.1971
58 53 16.0687 10.6523
58 56 6.72344 -8.41444
58 57 8.3653 5.48703
58 58 16.5191 -2.33281
58 59 12.62 27.1346
58 61 17.7218 1.21093
58 62 -4.47214 -9.37698
58 63 -18.3105 16.6541
58 64 -3.20634 16.8569
58 65 -5.59135 6.88695
58 66 -3.44819 -4.32054
59 35 8.78068 2.04829
59 36 19.7538 3.04818
59 37 27.3995 7.38669
59 38 13.8405 7.86045
59 39 36.0193 15.6458
59 40 34.4217 21.8807
59 41 48.4819 40.5627
59 42 111.038 90.3697
59 43 93.5658 76.9007
59 44 53.4046 47.6465
59 45 88.5025 113.67
59 46 97.3894 84.6099
59 47 100.944 129.276
59 48 41.1135 43.8647
59 49 65.7473 55.159
59 50 20.7624 34.0998
59 51 29.3105 37.0985
59 52 19.5326 27.6268
59 53 33.5261 2.76454
59 54 18.3626 -7.16889
59 55 -1.8956 4.77718
59 56 -7.63887 6.83968
59 57 26.454 21.089
59 59 -0.108418 6.69982
59 61 1.99158 17.6217
59 62 -9.12669 18.4343
59 63 -10.8179 5.8033
59 64 2.7129 22.4863
60 35 8.33423 2.72353
60 36 8.27475 2.01819
60 37 29.0604 4.36696
60 38 14.7541 8.18575
60 39 33.1706 17.7413
60 40 48.6685 37.9264
60 41 46.2854 25.6639
60 42 70.296 55.4452
60 43 55.302 64.1814
60 44 38.1703 55.7793
60 45 78.0008 94.8153
60 46 58.7435 66.0639
60 47 62.4052 63.6272
60 48 36.6361 45.4749
60 49 43.3552 27.669
60 50 25.3232 39.5207
60 51 48.3875 63.3822
60 52 30.075 24.7435
60 53 0.713109 3.36503
60 54 3.65355 2.71841
60 55 3.01105 2.35547
60 56 5.23942 6.66805
60 57 2.75134 22.59
60 58 5.51228 7.62865
60 59 12.0237 6.06054
60 60 -7.79762 5.54467
60 61 5.71482 5.82557
60 62 2.65125 0.137906
60 63 -4.85471 0.44776
60 64 4.81571 0.787437
60 66 2.64611 -4.62067
61 35 18.6331 2.85271
61 36 21.6919 6.72281
61 37 13.0917 6.91427
61 38 18.7563 9.37404
61 39 9.91829 5.26758
61 40 46.655 42.4388
61 41 52.6203 28.7764
61 42 81.0091 58.6902
61 43 46.3327 52.2632
61 44 58.3019 45.1796
61 45 91.0361 90.9892
61 46 31.9001 49.1254
61 47 70.6808 75.7545
61 48 41.7586 44.336
61 49 50.8187 44.4795
61 50 36.0749 18.9193
61 51 55.9862 54.4054
61 52 11.8344 25.4603
61 53 7.2205 3.04081
61 54 -1.58353 4.41996
61 55 1.21053 1.39672
61 56 23.6632 46.4928
61 57 5.65651 2.71425
61 58 13.9783 17.9945
61 59 -3.0104 5.62356
61 60 -2.59201 15.005
61 61 23.4514 1.56234
61 62 10.0259 -1.87816
61 63 -9.10984 5.44441
61 64 3.83704 0.486009
61 66 -1.6821 -1.0447
62 35 0.200212 3.0874
62 36 22.0006 -0.166906
62 37 25.2744 4.57753
62 38 20.8422 7.93527
62 39 29.614 8.09246
62 40 37.1503 26.1209
62 41 56.9311 30.2767
62 42 54.0712 46.6782
62 43 37.3378 19.5469
62 44 63.5816 55.4633
62 45 65.7982 59.0913
62 46 40.4191 53.1009
62 47 36.8692 25.2375
62 48 43.5662 42.8194
62 49 48.25 95.5573
62 50 21.2048 21.1176
62 51 36.7824 38.2356
62 52 -7.84669 21.1303
62 53 4.52255 0.376769
62 54 8.50775 7.51615
62 55 -3.34165 17.9916
62 56 18.5659 0.121808
62 57 4.19483 3.3192
62 58 2.41464 9.84896
62 59 -12.58 31.6176
62 60 7.41789 18.8378
62 61 4.43974 0.680366
62 62 4.43953 0.259709
62 63 9.04601 -1.58466
62 64 2.86739 4.72925
62 66 -12.4758 -0.158878
63 35 2.8889 1.87797
63 36 13.8259 3.40918
63 37 23.376 8.05744
63 38 7.83378 4.77383
63 39 15.6598 7.88177
63 40 35.1616 24.2875
63 41 63.5885 26.3814
63 42 67.0762 44.6181
63 43 44.5981 33.6898
63 44 66.2637 49.6386
63 45 51.8016 36.6722
63 46 50.5906 67.9291
63 47 20.1035 20.7087
63 48 22.1281 29.3519
63 49 34.9495 49.3166
63 50 28.979 36.6619
63 51 25.7945 5.4584
63 52 -10.7108 9.12959
63 53 -9.91604 10.3525
63 54 -2.14896 -0.815218
63 55 3.95955 3.13838
63 56 20.8084 0.81839
63 57 3.11292 4.54378
63 58 7.48587 2.92736
63 59 4.59167 2.48296
63 60 15.2316 28.8012
63 61 3.92021 0.381417
63 62 1.73546 0.109383
63 63 10.9371 6.72908
63 64 15.089 2.34591
63 66 -7.17268 -0.167828
64 33 5.57168 0.782752
64 35 7.80371 0.485891
64 36 22.8 11.4243
64 37 8.08674 -1.79943
64 38 16.9348 10.989
64 39 6.72929 3.55588
64 40 32.6335 13.3715
64 41 25.1316 13.2577
64 42 54.0692 40.5183
64 43 61.3139 37.4081
64 44 40.6519 33.7137
64 45 44.5477 45.7188
64 46 68.9629 97.1227
64 47 45.5159 39.6082
64 48 34.7636 29.8128
64 49 -1.91318 10.6373
64 50 29.7898 26.1082
64 51 15.0424 30.3003
64 52 -21.3615 9.81566
64 53 9.40412 2.436
64 54 12.0762 1.91371
64 55 -1.08801 -9.80245
64 56 1.24104 1.51351
64 57 -5.26769 -0.70524
64 58 8.21736 7.64024
64 59 -13.6311 31.4909
64 60 -4.94506 1.93063
64 61 -3.34438 4.04005
64 62 7.71519 -4.92606
64 63 6.07826 5.41421
64 64 14.4865 8.89081
64 66 -8.89111 3.86829
65 36 15.5268 5.03634
65 37 7.24201 2.89058
65 38 10.0571 8.21525
65 39 25.6592 8.50466
65 40 32.3754 19.8723
65 41 32.621 13.2684
65 42 40.2163 43.1784
65 43 34.1102 30.1709
65 44 34.0597 29.3139
65 45 29.7877 30.4652
65 46 50.1505 53.2851
65 47 42.1308 37.1496
65 48 27.5207 15.4241
65 49 14.1047 21.777
65 50 10.7895 16.4257
65 51 46.381 13.5755
65 52 4.27496 11.453
65 53 20.7506 4.30108
65 54 9.83648 5.11719
65 55 9.17452 14.1689
65 56 8.53368 3.57173
65 57 -5.40495 1.33102
65 58 5.88176 5.64789
65 59 1.33652 5.85905
65 60 -4.00911 1.57438
65 61 9.53556 3.74621
65 62 9.72703 0.304383
65 63 4.33524 5.61146
65 66 -20.7406 8.50516
66 36 24.614 8.1395
66 37 0.177987 2.22918
66 38 19.4758 9.50087
66 39 13.6468 7.34412
66 40 19.8419 15.2501
66 41 33.2253 11.8312
66 42 23.6466 13.8004
66 43 34.8508 37.0405
66 44 34.3571 29.1688
66 45 31.8569 33.2753
66 46 20.951 27.2765
66 47 22.5708 30.3545
66 48 17.9865 23.6316
66 49 7.75374 7.69272
66 50 11.8685 11.6819
66 51 25.4719 5.41683
66 52 2.85557 9.35101
66 53 6.856 2.80676
66 54 11.6512 2.39058
66 55 4.56085 5.6882
66 56 5.10927 1.81032
66 58 -0.133516 2.21209
66 60 7.35652 -11.6052
66 61 -10.4926 -2.00369
66 62 11.6683 0.139776
66 63 3.08068 3.79545
66 65 3.03237 0.310034
